8.030698554667769713e+02	3.204120281973850126e-01	2.062666020635373909e-01	2.061112436164925232e-01	1.246587846876208855e-01	6.072743503789611308e-02	2.370289755113793098e-02	5.812314262368230289e-02
8.079076256804323748e+02	3.193328819478218894e-01	2.055724283018220411e-01	2.068851729514972204e-01	1.251223959297023958e-01	6.089821286534324168e-02	2.381239848853183155e-02	5.837864329303351502e-02
8.127453958940876646e+02	3.182598377408616952e-01	2.048821466702651362e-01	2.076547396439432369e-01	1.255831387997024262e-01	6.106806935660574059e-02	2.392140223491925899e-02	5.863279933145468942e-02
8.175831661077428407e+02	3.171928609249730080e-01	2.041957353215350379e-01	2.084199681997969400e-01	1.260410308971368909e-01	6.123701124979601118e-02	2.402990802388155211e-02	5.888561916063282664e-02
8.224209363213982442e+02	3.161319170516235788e-01	2.035131725309522466e-01	2.091808829873128828e-01	1.264960897257229600e-01	6.140504514377886219e-02	2.413791525867633320e-02	5.913711107968537550e-02
8.272587065350534203e+02	3.150769718737877478e-01	2.028344366958007017e-01	2.099375082378100998e-01	1.269483326932510092e-01	6.157217750432793235e-02	2.424542350302021435e-02	5.938728326975451638e-02
8.320964767487085965e+02	3.140279913444792848e-01	2.021595063346428855e-01	2.106898680464435181e-01	1.273977771114954138e-01	6.173841466996737165e-02	2.435243247234014294e-02	5.963614379838362567e-02
8.369342469623640000e+02	3.129849416153094310e-01	2.014883600866388402e-01	2.114379863729712039e-01	1.278444401961612298e-01	6.190376285751528207e-02	2.445894202546967933e-02	5.988370062368651020e-02
8.417720171760191761e+02	3.119477890350694782e-01	2.008209767108690147e-01	2.121818870425170311e-01	1.282883390668652090e-01	6.206822816734441223e-02	2.456495215676771093e-02	6.012996159831932724e-02
8.466097873896745796e+02	3.109165001483353841e-01	2.001573350856608868e-01	2.129215937463291575e-01	1.287294907471487893e-01	6.223181658837490665e-02	2.467046298863828993e-02	6.037493447326477275e-02
8.514475576033297557e+02	3.098910416940954815e-01	1.994974142079193880e-01	2.136571300425338937e-01	1.291679121645215034e-01	6.239453400281298745e-02	2.477547476443132946e-02	6.061862690143760002e-02
8.562853278169851592e+02	3.088713806043989485e-01	1.988411931924610743e-01	2.143885193568855485e-01	1.296036201505327279e-01	6.255638619064890493e-02	2.487998784170487865e-02	6.086104644112007994e-02
8.611230980306403353e+02	3.078574840030249837e-01	1.981886512713520454e-01	2.151157849835116653e-01	1.300366314408705204e-01	6.271737883392659862e-02	2.498400268583074110e-02	6.110220055923561849e-02
8.659608682442956251e+02	3.068493192041714113e-01	1.975397677932495821e-01	2.158389500856541243e-01	1.304669626754855760e-01	6.287751752079692724e-02	2.508751986392605132e-02	6.134209663446846955e-02
8.707986384579510286e+02	3.058468537111624919e-01	1.968945222227475311e-01	2.165580376964060805e-01	1.308946303987389703e-01	6.303680774936590292e-02	2.519054003909436054e-02	6.158074196023681501e-02
8.756364086716062047e+02	3.048500552151747756e-01	1.962528941397252147e-01	2.172730707194445998e-01	1.313196510595722732e-01	6.319525493134828253e-02	2.529306396496059164e-02	6.181814374752645641e-02
8.804741788852616082e+02	3.038588915939804957e-01	1.956148632387002262e-01	2.179840719297591045e-01	1.317420410116986185e-01	6.335286439553693139e-02	2.539509248048498272e-02	6.205430912759186263e-02
8.853119490989170117e+02	3.028733309107081717e-01	1.949804093281846951e-01	2.186910639743757101e-01	1.321618165138135348e-01	6.350964139109736839e-02	2.549662650504192288e-02	6.228924515453087424e-02
8.901497193125721878e+02	3.018933414126192538e-01	1.943495123300451044e-01	2.193940693730774272e-01	1.325789937298242904e-01	6.366559109069649947e-02	2.559766703375032648e-02	6.252295880773939274e-02
8.949874895262273640e+02	3.009188915299007006e-01	1.937221522788660777e-01	2.200931105191201165e-01	1.329935887290965846e-01	6.382071859347440701e-02	2.569821513304277119e-02	6.275545699425166823e-02
8.998252597398827675e+02	2.999499498744726544e-01	1.930983093213171908e-01	2.207882096799445582e-01	1.334056174867176703e-01	6.397502892786698092e-02	2.579827193646137481e-02	6.298674655097190322e-02
9.046630299535379436e+02	2.989864852388108840e-01	1.924779637155238088e-01	2.214793889978844965e-01	1.338150958837744375e-01	6.412852705428741251e-02	2.589783864066891664e-02	6.321683424680241137e-02
9.095008001671932334e+02	2.980284665947834366e-01	1.918610958304411696e-01	2.221666704908703271e-01	1.342220397076461236e-01	6.428121786767374002e-02	2.599691650166434734e-02	6.344572678467320925e-02
9.143385703808486369e+02	2.970758630925009469e-01	1.912476861452321597e-01	2.228500760531291480e-01	1.346264646523102904e-01	6.443310619990937071e-02	2.609550683119230691e-02	6.367343080347809270e-02
9.191763405945038130e+02	2.961286440591803792e-01	1.906377152486484761e-01	2.235296274558806473e-01	1.350283863186612365e-01	6.458419682212319934e-02	2.619361099333688755e-02	6.389995287992147888e-02
9.240141108081592165e+02	2.951867789980214818e-01	1.900311638384153401e-01	2.242053463480291053e-01	1.354278202148401500e-01	6.473449444687551235e-02	2.629123040129029490e-02	6.412529953028055230e-02
9.288518810218145063e+02	2.942502375870955644e-01	1.894280127206195707e-01	2.248772542568513166e-01	1.358247817565761406e-01	6.488400373023561762e-02	2.638836651428756383e-02	6.434947721208669758e-02
9.336896512354697961e+02	2.933189896782468775e-01	1.888282428091011822e-01	2.255453725886809313e-01	1.362192862675375149e-01	6.503272927375676471e-02	2.648502083469894686e-02	6.457249232573022968e-02
9.385274214491247449e+02	2.923930052960052595e-01	1.882318351248483679e-01	2.262097226295885777e-01	1.366113489796924874e-01	6.518067562635375400e-02	2.658119490527194317e-02	6.479435121599207148e-02
9.433651916627801484e+02	2.914722546365101641e-01	1.876387707953959261e-01	2.268703255460581825e-01	1.370009850336786350e-01	6.532784728608802272e-02	2.667689030651548138e-02	6.501506017350602851e-02
9.482029618764355519e+02	2.905567080664458457e-01	1.870490310542269330e-01	2.275272023856597381e-01	1.373882094791805952e-01	6.547424870186530077e-02	2.677210865421899080e-02	6.523462543615497766e-02
9.530407320900908417e+02	2.896463361219873134e-01	1.864625972401779408e-01	2.281803740777179346e-01	1.377730372753153132e-01	6.561988427505008326e-02	2.686685159709956139e-02	6.545305319040414793e-02
9.578785023037459041e+02	2.887411095077565548e-01	1.858794507968474508e-01	2.288298614339770998e-01	1.381554832910243391e-01	6.576475836100141581e-02	2.696112081457073192e-02	6.567034957257467109e-02
9.627162725174014213e+02	2.878409990957888631e-01	1.852995732720076616e-01	2.294756851492624483e-01	1.385355623054727037e-01	6.590887527053378159e-02	2.705491801462669640e-02	6.588652067006013635e-02
9.675540427310568248e+02	2.869459759245090447e-01	1.847229463170194930e-01	2.301178658021375834e-01	1.389132890084535943e-01	6.605223927130729478e-02	2.714824493183614143e-02	6.610157252248916038e-02
9.723918129447120009e+02	2.860560111977174524e-01	1.841495516862511062e-01	2.307564238555581126e-01	1.392886780007986658e-01	6.619485458915046194e-02	2.724110332544011151e-02	6.631551112283633198e-02
9.772295831583674044e+02	2.851710762835851787e-01	1.835793712364995056e-01	2.313913796575217674e-01	1.396617437947935414e-01	6.633672540931929984e-02	2.733349497754870155e-02	6.652834241848426533e-02
9.820673533720223531e+02	2.842911427136580738e-01	1.830123869264153047e-01	2.320227534417147741e-01	1.400325008145976713e-01	6.647785587769597382e-02	2.742542169143149036e-02	6.674007231223896830e-02
9.869051235856777566e+02	2.834161821818701466e-01	1.824485808159310440e-01	2.326505653281545349e-01	1.404009633966686321e-01	6.661825010192985730e-02	2.751688528989704521e-02	6.695070666330096842e-02
9.917428937993331601e+02	2.825461665435654579e-01	1.818879350656923688e-01	2.332748353238286443e-01	1.407671457901903400e-01	6.675791215252437072e-02	2.760788761375691791e-02	6.716025128819412549e-02
9.965806640129884499e+02	2.816810678145281188e-01	1.813304319364926476e-01	2.338955833233305193e-01	1.411310621575045943e-01	6.689684606387201471e-02	2.769843052036990647e-02	6.736871196165450382e-02
