8.030698554667769713e+02	3.198176334037795554e-01	2.071425446219778699e-01	2.064999406122517422e-01	1.243928673959994041e-01	6.103340883078035156e-02	2.337756635391000787e-02	5.773738510702045718e-02
8.079076256804323748e+02	3.187149601805602805e-01	2.064799001913217025e-01	2.072895206193654249e-01	1.248450737174867792e-01	6.122372626322745287e-02	2.347552596048996590e-02	5.797263939326776500e-02
8.127453958940876646e+02	3.176186206960642799e-01	2.058208358806897786e-01	2.080747531161372399e-01	1.252945290126526723e-01	6.141306584753340736e-02	2.357309787653148747e-02	5.820644389611047409e-02
8.175831661077428407e+02	3.165285786949563751e-01	2.051653322654356237e-01	2.088556618939022003e-01	1.257412559074683189e-01	6.160142631868107538e-02	2.367027860484571464e-02	5.843881264043003509e-02
8.224209363213982442e+02	3.154447981258931555e-01	2.045133700265091559e-01	2.096322706136427849e-01	1.261852765321096748e-01	6.178880679071127591e-02	2.376706488241632498e-02	5.866975935443695389e-02
8.272587065350534203e+02	3.143672431405928336e-01	2.038649299498812850e-01	2.104046028067026730e-01	1.266266125435231149e-01	6.197520673450988837e-02	2.386345367101489617e-02	5.889929747949462779e-02
8.320964767487085965e+02	3.132958780928952192e-01	2.032199929259722593e-01	2.111726818754965651e-01	1.270652851467990174e-01	6.216062595680222486e-02	2.395944214817214910e-02	5.912744017958190823e-02
8.369342469623640000e+02	3.122306675378142549e-01	2.025785399490826755e-01	2.119365310942162295e-01	1.275013151154169855e-01	6.234506458028969689e-02	2.405502769849166694e-02	5.935420035040781667e-02
8.417720171760191761e+02	3.111715762305830579e-01	2.019405521168278483e-01	2.126961736095328293e-01	1.279347228104237566e-01	6.252852302486711089e-02	2.415020790529325001e-02	5.957959062819150053e-02
8.466097873896745796e+02	3.101185691256919674e-01	2.013060106295752050e-01	2.134516324412954746e-01	1.283655281986010588e-01	6.271100198986227781e-02	2.424498054257347504e-02	5.980362339811993305e-02
8.514475576033297557e+02	3.090716113759215955e-01	2.006748967898846214e-01	2.142029304832259173e-01	1.287937508696775091e-01	6.289250243724275879e-02	2.433934356727152776e-02	6.002631080249538897e-02
8.562853278169851592e+02	3.080306683313703275e-01	2.000471920019520622e-01	2.149500905036097476e-01	1.292194100526362910e-01	6.307302557573768453e-02	2.443329511182883163e-02	6.024766474858434667e-02
8.611230980306403353e+02	3.069957055384772149e-01	1.994228777710560507e-01	2.156931351459836499e-01	1.296425246311668777e-01	6.325257284582509743e-02	2.452683347703141573e-02	6.046769691617895348e-02
8.659608682442956251e+02	3.059666887390413703e-01	1.988019357030071377e-01	2.164320869298191341e-01	1.300631131583071531e-01	6.343114590553829146e-02	2.461995712512436360e-02	6.068641876488178183e-02
8.707986384579510286e+02	3.049435838692380885e-01	1.981843475036005331e-01	2.171669682512024357e-01	1.304811938703188956e-01	6.360874661704681021e-02	2.471266467318814983e-02	6.090384154112428450e-02
8.756364086716062047e+02	3.039263570586320795e-01	1.975700949780716531e-01	2.178978013835108363e-01	1.308967846998384810e-01	6.378537703397038627e-02	2.480495488676695559e-02	6.111997628492885776e-02
8.804741788852616082e+02	3.029149746291884271e-01	1.969591600305545809e-01	2.186246084780853471e-01	1.313099032883411066e-01	6.396103938938621503e-02	2.489682667373950553e-02	6.133483383642410192e-02
8.853119490989170117e+02	3.019094030942821583e-01	1.963515246635436085e-01	2.193474115648996747e-01	1.317205669979558125e-01	6.413573608449223140e-02	2.498827907842331164e-02	6.154842484212250803e-02
8.901497193125721878e+02	3.009096091577062038e-01	1.957471709773574153e-01	2.200662325532257713e-01	1.321287929226660773e-01	6.430946967789079316e-02	2.507931127590350834e-02	6.176075976096951498e-02
8.949874895262273640e+02	2.999155597126786921e-01	1.951460811696066611e-01	2.207810932322954167e-01	1.325345978989288243e-01	6.448224287545949174e-02	2.516992256657784796e-02	6.197184887017230526e-02
8.998252597398827675e+02	2.989272218408497994e-01	1.945482375346640480e-01	2.214920152719585256e-01	1.329379985157431165e-01	6.465405852077726889e-02	2.526011237090970349e-02	6.218170227081681184e-02
9.046630299535379436e+02	2.979445628113079891e-01	1.939536224631374650e-01	2.221990202233377620e-01	1.333390111241982423e-01	6.482491958607587701e-02	2.534988022438125835e-02	6.239032989328063133e-02
9.095008001671932334e+02	2.969675500795873613e-01	1.933622184413459899e-01	2.229021295194797414e-01	1.337376518465288044e-01	6.499482916368838625e-02	2.543922577263934767e-02	6.259774150244960811e-02
9.143385703808486369e+02	2.959961512866749467e-01	1.927740080507986953e-01	2.236013644760023455e-01	1.341339365847036558e-01	6.516379045796769076e-02	2.552814876682667211e-02	6.280394670274530577e-02
9.191763405945038130e+02	2.950303342580188337e-01	1.921889739676762854e-01	2.242967462917389299e-01	1.345278810285731874e-01	6.533180677764996447e-02	2.561664905909144876e-02	6.300895494297058252e-02
9.240141108081592165e+02	2.940700670025380714e-01	1.916070989623157583e-01	2.249882960493788386e-01	1.349195006635990901e-01	6.549888152863875268e-02	2.570472659826873382e-02	6.321277552097989694e-02
9.288518810218145063e+02	2.931153177116332387e-01	1.910283658986976218e-01	2.256760347161044233e-01	1.353088107781888760e-01	6.566501820718702309e-02	2.579238142572697068e-02	6.341541758818097785e-02
9.336896512354697961e+02	2.921660547581991785e-01	1.904527577339360511e-01	2.263599831442244248e-01	1.356958264706559780e-01	6.583022039345581833e-02	2.587961367137355320e-02	6.361689015387413104e-02
9.385274214491247449e+02	2.912222466956393419e-01	1.898802575177717389e-01	2.270401620718043856e-01	1.360805626558259651e-01	6.599449174542902641e-02	2.596642354981338469e-02	6.381720208943526818e-02
9.433651916627801484e+02	2.902838622568826299e-01	1.893108483920676044e-01	2.277165921232930934e-01	1.364630340713076095e-01	6.615783599316506225e-02	2.605281135665470094e-02	6.401636213234843109e-02
9.482029618764355519e+02	2.893508703534020676e-01	1.887445135903072224e-01	2.283892938101459158e-01	1.368432552834465965e-01	6.632025693336725258e-02	2.613877746495657517e-02	6.421437889009344591e-02
9.530407320900908417e+02	2.884232400742364200e-01	1.881812364370959167e-01	2.290582875314447209e-01	1.372212406929792516e-01	6.648175842425574356e-02	2.622432232181278952e-02	6.441126084389416084e-02
9.578785023037459041e+02	2.875009406850143057e-01	1.876210003476647403e-01	2.297235935745142454e-01	1.375970045404018849e-01	6.664234438072448585e-02	2.630944644506693839e-02	6.460701635233240259e-02
9.627162725174014213e+02	2.865839416269810314e-01	1.870637888273769533e-01	2.303852321155352434e-01	1.379705609110713216e-01	6.680201876976810116e-02	2.639415042015379187e-02	6.480165365483264717e-02
9.675540427310568248e+02	2.856722125160285342e-01	1.865095854712371937e-01	2.310432232201542757e-01	1.383419237400507207e-01	6.696078560616386399e-02	2.647843489706218356e-02	6.499518087502230423e-02
9.723918129447120009e+02	2.847657231417287660e-01	1.859583739634037836e-01	2.316975868440899755e-01	1.387111068167145578e-01	6.711864894839500439e-02	2.656230058741481867e-02	6.518760602397215276e-02
9.772295831583674044e+02	2.838644434663699645e-01	1.854101380767029794e-01	2.323483428337363155e-01	1.390781237891252908e-01	6.727561289480241125e-02	2.664574826166063795e-02	6.537893700332145230e-02
9.820673533720223531e+02	2.829683436239963101e-01	1.848648616721463855e-01	2.329955109267623781e-01	1.394429881681943095e-01	6.743168157995227396e-02	2.672877874637543533e-02	6.556918160829201814e-02
9.869051235856777566e+02	2.820773939194512470e-01	1.843225286984507549e-01	2.336391107527088784e-01	1.398057133316382983e-01	6.758685917120789421e-02	2.681139292166668381e-02	6.575834753059536797e-02
9.917428937993331601e+02	2.811915648274245227e-01	1.837831231915606489e-01	2.342791618335813009e-01	1.401663125277421984e-01	6.774114986549484296e-02	2.689359171867864579e-02	6.594644236123693715e-02
9.965806640129884499e+02	2.803108269915028372e-01	1.832466292741734004e-01	2.349156835844400104e-01	1.405247988789389002e-01	6.789455788624881860e-02	2.697537611719394782e-02	6.613347359322117869e-02
