8.030698554667769713e+02	3.187094177983106902e-01	2.074693876803054005e-01	2.070899932833650814e-01	1.250162355740922215e-01	6.093267839651854423e-02	2.319964200036523511e-02	5.758251760935696739e-02
8.079076256804323748e+02	3.175130707914246564e-01	2.068629894974872430e-01	2.078725126271726564e-01	1.255217173923157126e-01	6.115636635742344868e-02	2.324948160040909984e-02	5.782373407608127486e-02
8.127453958940876646e+02	3.163309477195725417e-01	2.062538389674086758e-01	2.086467649929310553e-01	1.260254213706590853e-01	6.137959240082999091e-02	2.329905765251770802e-02	5.806424923839503816e-02
8.175831661077428407e+02	3.151625962776483658e-01	2.056422618753216691e-01	2.094132359790688569e-01	1.265271891249094560e-01	6.160215906971290567e-02	2.334837307577059679e-02	5.830405693988221366e-02
8.224209363213982442e+02	3.140075856018904599e-01	2.050285666403076634e-01	2.101723475126597851e-01	1.270268849089525864e-01	6.182390503124925163e-02	2.339743070021844604e-02	5.854315194703586800e-02
8.272587065350534203e+02	3.128655051524262265e-01	2.044130451946482852e-01	2.109244671817936956e-01	1.275243925384534904e-01	6.204469919712756604e-02	2.344623327106534413e-02	5.878152980679945960e-02
8.320964767487085965e+02	3.117359636600579020e-01	2.037959738181830960e-01	2.116699161604446988e-01	1.280196127536801787e-01	6.226443577115668704e-02	2.349478345263396328e-02	5.901918672615747569e-02
8.369342469623640000e+02	3.106185881327848675e-01	2.031776139300701667e-01	2.124089759406443678e-01	1.285124609564956555e-01	6.248303007980403334e-02	2.354308383212603759e-02	5.925611947038891131e-02
8.417720171760191761e+02	3.095130229179826609e-01	2.025582128402189930e-01	2.131418940538097051e-01	1.290028652663538777e-01	6.270041506364235073e-02	2.359113692318964492e-02	5.949232527711679347e-02
8.466097873896745796e+02	3.084189288165309906e-01	2.019380044625302406e-01	2.138688889351900158e-01	1.294907648484495133e-01	6.291653832658222756e-02	2.363894516930406531e-02	5.972780178372695536e-02
8.514475576033297557e+02	3.073359822455082879e-01	2.013172099919514346e-01	2.145901540617951297e-01	1.299761084742181161e-01	6.313135965574721842e-02	2.368651094699225287e-02	5.996254696610158613e-02
8.562853278169851592e+02	3.062638744463614948e-01	2.006960385472420227e-01	2.153058614741963639e-01	1.304588532803558631e-01	6.334484893835978792e-02	2.373383656887034787e-02	6.019655908692823215e-02
8.611230980306403353e+02	3.052023107357152987e-01	2.000746877812330793e-01	2.160161647756884129e-01	1.309389636975936411e-01	6.355698441342917671e-02	2.378092428654296139e-02	6.042983665211162231e-02
8.659608682442956251e+02	3.041510097962129566e-01	1.994533444602668293e-01	2.167212016879946357e-01	1.314164105247550007e-01	6.376775120569068422e-02	2.382777629335260106e-02	6.066237837404152289e-02
8.707986384579510286e+02	3.031097030049839103e-01	1.988321850144071645e-01	2.174210962305900274e-01	1.318911701272712511e-01	6.397714009741006791e-02	2.387439472699090515e-02	6.089418314066098736e-02
8.756364086716062047e+02	3.020781337975153580e-01	1.982113760599253094e-01	2.181159605804672275e-01	1.323632237424177405e-01	6.418514650056869608e-02	2.392078167197907515e-02	6.112524998944093846e-02
8.804741788852616082e+02	3.010560570648692647e-01	1.975910748954819995e-01	2.188058966604948252e-01	1.328325568761603015e-01	6.439176959777939691e-02	2.396693916202429636e-02	6.135557808550431980e-02
8.853119490989170117e+02	3.000432385823314507e-01	1.969714299733519303e-01	2.194909974971732403e-01	1.332991587787270005e-01	6.459701162521340467e-02	2.401286918225867956e-02	6.158516670325869802e-02
8.901497193125721878e+02	2.990394544677151822e-01	1.963525813469629011e-01	2.201713483823747042e-01	1.337630219879133164e-01	6.480087727498690109e-02	2.405857367136684036e-02	6.181401521099460367e-02
8.949874895262273640e+02	2.980444906676592565e-01	1.957346610959553590e-01	2.208470278683902221e-01	1.342241419307351746e-01	6.500337319797676316e-02	2.410405452360782699e-02	6.204212305798986055e-02
8.998252597398827675e+02	2.970581424703738760e-01	1.951177937299037879e-01	2.215181086211470973e-01	1.346825165754106934e-01	6.520450759101152627e-02	2.414931359073689554e-02	6.226948976373066630e-02
9.046630299535379436e+02	2.960802140433843044e-01	1.945020965717811912e-01	2.221846581526869258e-01	1.351381461268127693e-01	6.540428985489726843e-02	2.419435268383227783e-02	6.249611490891976429e-02
9.095008001671932334e+02	2.951105179949170543e-01	1.938876801221926238e-01	2.228467394507951671e-01	1.355910327595227227e-01	6.560273031186274195e-02	2.423917357503174025e-02	6.272199812799247876e-02
9.143385703808486369e+02	2.941488749576546824e-01	1.932746484053483038e-01	2.235044115209660898e-01	1.360411803834559452e-01	6.579983997280161589e-02	2.428377799918362417e-02	6.294713910290425374e-02
9.191763405945038130e+02	2.931951131936657573e-01	1.926630992976986756e-01	2.241577298535920859e-01	1.364885944377465798e-01	6.599563034620523072e-02	2.432816765541668050e-02	6.317153755798944614e-02
9.240141108081592165e+02	2.922490682193852329e-01	1.920531248401047830e-01	2.248067468273228509e-01	1.369332817091884480e-01	6.619011328195852084e-02	2.437234420863281306e-02	6.339519325572180730e-02
9.288518810218145063e+02	2.913105824495883511e-01	1.914448115343728996e-01	2.254515120578917120e-01	1.373752501720494346e-01	6.638330084425214661e-02	2.441630929092665839e-02	6.361810599323323989e-02
9.336896512354697961e+02	2.903795048593621475e-01	1.908382406249398699e-01	2.260920727003115360e-01	1.378145088465205781e-01	6.657520520877534265e-02	2.446006450293570708e-02	6.384027559946922614e-02
9.385274214491247449e+02	2.894556906631350901e-01	1.902334883664554277e-01	2.267284737111579518e-01	1.382510676734396149e-01	6.676583858012379025e-02	2.450361141512445023e-02	6.406170193287807901e-02
9.433651916627801484e+02	2.885390010098788371e-01	1.896306262779695329e-01	2.273607580766546787e-01	1.386849374032528281e-01	6.695521312600558050e-02	2.454695156900588149e-02	6.428238487954707203e-02
9.482029618764355519e+02	2.876293026936453945e-01	1.890297213843968316e-01	2.279889670114248479e-01	1.391161294974558316e-01	6.714334092537629917e-02	2.459008647830354319e-02	6.450232435171164569e-02
9.530407320900908417e+02	2.867264678786495824e-01	1.884308364458963658e-01	2.286131401320495304e-01	1.395446560409907555e-01	6.733023392809570074e-02	2.463301763005704484e-02	6.472152028657546241e-02
9.578785023037459041e+02	2.858303738381484660e-01	1.878340301757720487e-01	2.292333156089628732e-01	1.399705296642805852e-01	6.751590392408776675e-02	2.467574648567395085e-02	6.493997264538878267e-02
9.627162725174014213e+02	2.849409027064124245e-01	1.872393574474690292e-01	2.298495302996928225e-01	1.403937634737552620e-01	6.770036252031373658e-02	2.471827448193067434e-02	6.515768141274048963e-02
9.675540427310568248e+02	2.840579412431181727e-01	1.866468694912118143e-01	2.304618198660153827e-01	1.408143709898737328e-01	6.788362112414414451e-02	2.476060303192497564e-02	6.537464659602619521e-02
9.723918129447120009e+02	2.831813806095303532e-01	1.860566140808026792e-01	2.310702188772145171e-01	1.412323660917753076e-01	6.806569093194829445e-02	2.480273352598246633e-02	6.559086822506075831e-02
9.772295831583674044e+02	2.823111161558733984e-01	1.854686357110724437e-01	2.316747609013223852e-01	1.416477629678029038e-01	6.824658292191540521e-02	2.484466733251939827e-02	6.580634635180845904e-02
9.820673533720223531e+02	2.814470472193242867e-01	1.848829757664513795e-01	2.322754785859429683e-01	1.420605760712375099e-01	6.842630785028605556e-02	2.488640579886397877e-02	6.602108105020819406e-02
9.869051235856777566e+02	2.805890769320892875e-01	1.842996726811039765e-01	2.328724037300320127e-01	1.424708200806647229e-01	6.860487625031123915e-02	2.492795025203821402e-02	6.623507241607487495e-02
9.917428937993331601e+02	2.797371120390538812e-01	1.837187620910495089e-01	2.334655673478102100e-01	1.428785098644653195e-01	6.878229843337223259e-02	2.496930199950229620e-02	6.644832056706090340e-02
9.965806640129884499e+02	2.788910627245223539e-01	1.831402769786685536e-01	2.340549997258200288e-01	1.432836604489835242e-01	6.895858449179204097e-02	2.501046232986339421e-02	6.666082564266447019e-02
