8.030698554667769713e+02	3.187317913132160507e-01	2.074916192988172370e-01	2.070789142992214282e-01	1.250639183978828894e-01	6.094660829841472283e-02	2.309827750545314848e-02	5.758849135277229608e-02
8.079076256804323748e+02	3.175430304664568215e-01	2.068898716957832118e-01	2.078558787753355119e-01	1.255786801886306647e-01	6.117782127227617411e-02	2.311807009806531379e-02	5.783626796923007490e-02
8.127453958940876646e+02	3.163684502210575289e-01	2.062853877762365895e-01	2.086259579881733217e-01	1.260898318099598903e-01	6.140748047287563488e-02	2.313776549345188463e-02	5.808474670402301310e-02
8.175831661077428407e+02	3.152076012661360060e-01	2.056784895240003908e-01	2.093894844938058164e-01	1.265973622267408394e-01	6.163545890085767032e-02	2.315736480880817988e-02	5.833385924542901224e-02
8.224209363213982442e+02	3.140600554510779019e-01	2.050694818570505396e-01	2.101466982131682815e-01	1.271012811060136805e-01	6.186169566036653356e-02	2.317686912664695606e-02	5.858353905145395613e-02
8.272587065350534203e+02	3.129254046013377200e-01	2.044586534854692661e-01	2.108977822860519102e-01	1.276016107541921296e-01	6.208616831198238151e-02	2.319627949641988804e-02	5.883372153032451896e-02
8.320964767487085965e+02	3.118032594506269239e-01	2.038462777247197766e-01	2.116428844947602361e-01	1.280983811791969185e-01	6.230887655229891409e-02	2.321559693605054070e-02	5.908434412812456349e-02
8.369342469623640000e+02	3.106932486604606636e-01	2.032326132672990782e-01	2.123821301074693968e-01	1.285916270367635783e-01	6.252983260047663416e-02	2.323482243338674536e-02	5.933534635992175621e-02
8.417720171760191761e+02	3.095950179088903242e-01	2.026179049153358780e-01	2.131156296146260454e-01	1.290813857195224623e-01	6.274905555345886010e-02	2.325395694757849407e-02	5.958666980636575378e-02
8.466097873896745796e+02	3.085082290367449631e-01	2.020023842763709887e-01	2.138434834213844560e-01	1.295676961445876296e-01	6.296656808716444287e-02	2.327300141038630629e-02	5.983825808913903477e-02
8.514475576033297557e+02	3.074325592436086829e-01	2.013862704243278567e-01	2.145657847220676095e-01	1.300505979724231875e-01	6.318239454245176689e-02	2.329195672742429002e-02	6.009005683347446586e-02
8.562853278169851592e+02	3.063677003281242150e-01	2.007697705275081068e-01	2.152826212857659738e-01	1.305301310954095628e-01	6.339655982679361090e-02	2.331082377934156138e-02	6.034201362283483222e-02
8.611230980306403353e+02	3.053133579686587717e-01	2.001530804453138523e-01	2.159940765871448676e-01	1.310063352977363926e-01	6.360908879502330526e-02	2.332960342294538789e-02	6.059407794895527860e-02
8.659608682442956251e+02	3.042692510412662865e-01	1.995363852952881656e-01	2.167002305412596974e-01	1.314792500261807162e-01	6.382000591022450597e-02	2.334829649226906681e-02	6.084620115928935508e-02
8.707986384579510286e+02	3.032351109724533700e-01	1.989198599919697330e-01	2.174011599969960518e-01	1.319489142341950527e-01	6.402933506739509617e-02	2.336690379958742889e-02	6.109833640318104026e-02
8.756364086716062047e+02	3.022106811246294544e-01	1.983036697589753150e-01	2.180969390817720510e-01	1.324153662755946925e-01	6.423709951078897251e-02	2.338542613638261436e-02	6.135043857763462088e-02
8.804741788852616082e+02	3.011957162123794496e-01	1.976879706156467742e-01	2.187876394532269897e-01	1.328786438326096109e-01	6.444332180438569480e-02	2.340386427426256397e-02	6.160246427326672436e-02
8.853119490989170117e+02	3.001899817478796972e-01	1.970729098395297696e-01	2.194733304915986727e-01	1.333387838682986992e-01	6.464802383179846235e-02	2.342221896583468119e-02	6.185437172083781826e-02
8.901497193125721878e+02	2.991932535139186222e-01	1.964586264058861831e-01	2.201540794533272394e-01	1.337958225966008330e-01	6.485122681187199811e-02	2.344049094553683765e-02	6.210612073863615301e-02
8.949874895262273640e+02	2.982053170630915018e-01	1.958452514053815041e-01	2.208299515985246431e-01	1.342497954653809333e-01	6.505295132206909137e-02	2.345868093042786234e-02	6.235767268090233739e-02
8.998252597398827675e+02	2.972259672418329779e-01	1.952329084410305837e-01	2.215010103001969766e-01	1.347007371491831529e-01	6.525321732517111450e-02	2.347678962093953381e-02	6.260899038742359646e-02
9.046630299535379436e+02	2.962550077380298741e-01	1.946217140054307959e-01	2.221673171402226699e-01	1.351486815493017635e-01	6.545204419681627250e-02	2.349481770159195931e-02	6.286003813438460763e-02
9.095008001671932334e+02	2.952922506510274325e-01	1.940117778392608794e-01	2.228289319953339342e-01	1.355936617993944437e-01	6.564945075255620988e-02	2.351276584167417277e-02	6.311078158653085635e-02
9.143385703808486369e+02	2.943375160829068138e-01	1.934032032719741057e-01	2.234859131152618916e-01	1.360357102752916825e-01	6.584545527377415330e-02	2.353063469589166540e-02	6.336118775067767217e-02
9.191763405945038130e+02	2.933906317499712091e-01	1.927960875455686784e-01	2.241383171945291741e-01	1.364748586079649606e-01	6.604007553218081694e-02	2.354842490498250743e-02	6.361122493058062044e-02
9.240141108081592165e+02	2.924514326134333153e-01	1.921905221222743043e-01	2.247861994389417084e-01	1.369111376988455808e-01	6.623332881280928619e-02	2.356613709630356324e-02	6.386086268317021919e-02
9.288518810218145063e+02	2.915197605283477711e-01	1.915865929769523246e-01	2.254296136275512064e-01	1.373445777368567378e-01	6.642523193553814820e-02	2.358377188438831248e-02	6.411007177614344577e-02
9.336896512354697961e+02	2.905954639098818904e-01	1.909843808749669691e-01	2.260686121706742269e-01	1.377752082166553982e-01	6.661580127522451211e-02	2.360132987147769978e-02	6.435882414689725328e-02
9.385274214491247449e+02	2.896783974160634378e-01	1.903839616362477116e-01	2.267032461644247487e-01	1.382030579576835894e-01	6.680505278055023921e-02	2.361881164802528618e-02	6.460709286278297492e-02
9.433651916627801484e+02	2.887684216461873787e-01	1.897854063862274010e-01	2.273335654421279883e-01	1.386281551237106002e-01	6.699300199168978232e-02	2.363621779317802429e-02	6.485485208265676094e-02
9.482029618764355519e+02	2.878654028541056675e-01	1.891887817943062600e-01	2.279596186229171928e-01	1.390505272426136585e-01	6.717966405690407872e-02	2.365354887523383673e-02	6.510207701969715488e-02
9.530407320900908417e+02	2.869692126756612782e-01	1.885941503004602282e-01	2.285814531577659570e-01	1.394702012261970214e-01	6.736505374815722480e-02	2.367080545207712883e-02	6.534874390545908351e-02
9.578785023037459041e+02	2.860797278695659251e-01	1.880015703305809027e-01	2.291991153731710584e-01	1.398872033898918288e-01	6.754918547584326527e-02	2.368798807159336328e-02	6.559482995513161996e-02
9.627162725174014213e+02	2.851968300710560067e-01	1.874110965011059893e-01	2.298126505126709962e-01	1.403015594722143156e-01	6.773207330270104853e-02	2.370509727206369238e-02	6.584031333396586638e-02
9.675540427310568248e+02	2.843204055576935008e-01	1.868227798134705908e-01	2.304221027763611040e-01	1.407132946538872109e-01	6.791373095698625961e-02	2.372213358254065055e-02	6.608517312483863648e-02
9.723918129447120009e+02	2.834503450267104596e-01	1.862366678388838181e-01	2.310275153585469587e-01	1.411224335765521309e-01	6.809417184496142916e-02	2.373909752320582656e-02	6.632938929691734042e-02
9.772295831583674044e+02	2.825865433833263940e-01	1.856528048939105890e-01	2.316289304836617602e-01	1.415290003610195357e-01	6.827340906275766730e-02	2.375598960571041751e-02	6.657294267539155819e-02
9.820673533720223531e+02	2.817288995394949258e-01	1.850712322073142513e-01	2.322263894405589835e-01	1.419330186250175319e-01	6.845145540765572301e-02	2.377281033349951112e-02	6.681581491223706482e-02
9.869051235856777566e+02	2.808773162225640108e-01	1.844919880785925448e-01	2.328199326152813053e-01	1.423345115004126527e-01	6.862832338882826622e-02	2.378956020212086298e-02	6.705798845797833474e-02
9.917428937993331601e+02	2.800316997933595120e-01	1.839151080286198781e-01	2.334095995223962883e-01	1.427335016498859632e-01	6.880402523758095967e-02	2.380623969951899468e-02	6.729944653441637115e-02
9.965806640129884499e+02	2.791919600732260531e-01	1.833406249427858015e-01	2.339954288349808120e-01	1.431300112830553306e-01	6.897857291712553018e-02	2.382284930631526840e-02	6.754017310828916432e-02
