0.000000000000000000e+00	1.028112642172986035e+00	4.587568549519187558e-33	6.454236711341319036e-31	1.324792537848112784e-30	7.729965859452220196e-35	4.791739695996596514e-32	4.904078104257685922e-31
4.837770213655283591e+00	9.518542794265126838e-01	6.895196956372255659e-02	6.018880331295913769e-04	9.241944860275254445e-04	1.675981780663951017e-03	3.085858407500679385e-03	1.018470475429000908e-03
9.675540427310567182e+00	8.891496191194112608e-01	1.248954088049987615e-01	1.928337701441259697e-03	1.822499630120183456e-03	3.263246189049503945e-03	5.140006204187315408e-03	1.913524523777663383e-03
1.451331064096584811e+01	8.375004384936024504e-01	1.702285164266092166e-01	3.696706732622229066e-03	2.709900777668703201e-03	4.755061435272468773e-03	6.513093557816412166e-03	2.708924749394375255e-03
1.935108085462113081e+01	7.948703367619971427e-01	2.069074511815758854e-01	5.722797390059742272e-03	3.594998475564091002e-03	6.152035842744602544e-03	7.440631291998407726e-03	3.424391229045877904e-03
2.418885106827641707e+01	7.595991014344889436e-01	2.365278839119173970e-01	7.888106127704685999e-03	4.482411222670429352e-03	7.458911413802554215e-03	8.080071567221182652e-03	4.076156495180528576e-03
2.902662128193169622e+01	7.303330339384165315e-01	2.603914799946175918e-01	1.011770421303553012e-02	5.374333567448855500e-03	8.682525928062191298e-03	8.536073998885455177e-03	4.677490532519514889e-03
3.386439149558698603e+01	7.059682351275526901e-01	2.795601043689935894e-01	1.236534579109493243e-02	6.271534250357202467e-03	9.830547218264108419e-03	8.877698874724690090e-03	5.239176541998406128e-03
3.870216170924226162e+01	6.856044227771485033e-01	2.949000216120775675e-01	1.460348090097785163e-02	7.173985628282861411e-03	1.091071312096456199e-02	9.150088237591232077e-03	5.769929895943041141e-03
4.353993192289755143e+01	6.685073133753459684e-01	3.071179412901870465e-01	1.681659020910926394e-02	8.081252333733411272e-03	1.193039868362010848e-02	9.382386661301556421e-03	6.276759619688247575e-03
4.837770213655283413e+01	6.540779718427195411e-01	3.167904155370112607e-01	1.899676346111723105e-02	8.992724370982014756e-03	1.289639182505448317e-02	9.593099543085655337e-03	6.765275593015297739e-03
5.321547235020811684e+01	6.418278329169181395e-01	3.243878165678226178e-01	2.114078871816656158e-02	9.907751053725419310e-03	1.381479888208736809e-02	9.793707435111206200e-03	7.239946599154097572e-03
5.805324256386339954e+01	6.313583408376313155e-01	3.302938945815688254e-01	2.324825491967037402e-02	1.082571285600591147e-02	1.469102853844216246e-02	9.991095338041341631e-03	7.704315101625472569e-03
6.289101277751868224e+01	6.223443508061492491e-01	3.348217314760187913e-01	2.532033084771609377e-02	1.174605532268615561e-02	1.552982075839880703e-02	1.018917827966171752e-02	8.161174682354518581e-03
6.772878299117397205e+01	6.145205953754030448e-01	3.382267551067145717e-01	2.735899288097299112e-02	1.266830058730054193e-02	1.633529942412939584e-02	1.038998306066574520e-02	8.612715737799141180e-03
7.256655320482924765e+01	6.076706485807267244e-01	3.407173560525478262e-01	2.936654825409722516e-02	1.359204636022291572e-02	1.711103536783217458e-02	1.059436305924720857e-02	9.060644498311414344e-03
7.740432341848452324e+01	6.016179259751207598e-01	3.424635488098144442e-01	3.134535099197820196e-02	1.451695852016887146e-02	1.786011173386979969e-02	1.080246631269043446e-02	9.506279829342996479e-03
8.224209363213981305e+01	5.962183443952860928e-01	3.436040377987077399e-01	3.329764186397986964e-02	1.544276101828058120e-02	1.858518700883974098e-02	1.101403842564138702e-02	9.950631662250047915e-03
8.707986384579510286e+01	5.913543349744577737e-01	3.442519820977320011e-01	3.522546679441370537e-02	1.636922524839215520e-02	1.928855323278950290e-02	1.122861549841131824e-02	1.039446432678896998e-02
9.191763405945040688e+01	5.869299596395204377e-01	3.444996986295474350e-01	3.713064371870060387e-02	1.729616005470192147e-02	1.997218826721149781e-02	1.144564432671565414e-02	1.083834753658787300e-02
9.675540427310566827e+01	5.828669275142381867e-01	3.444224993334792928e-01	3.901475831072143824e-02	1.822340294124423152e-02	2.063780182404486088e-02	1.166455492880304028e-02	1.128269732045437262e-02
1.015931744867609581e+02	5.791013452675106699e-01	3.440818218249795946e-01	4.087917597620941562e-02	1.915081268422419089e-02	2.128687544171656981e-02	1.188480218166240721e-02	1.172780879668260112e-02
1.064309447004162337e+02	5.755810660931119926e-01	3.435277836537840579e-01	4.272506213374416967e-02	2.007826334077067107e-02	2.192069685401510162e-02	1.210588774665837496e-02	1.217388235090101703e-02
1.112687149140715235e+02	5.722635269825095961e-01	3.428012663027292239e-01	4.455340585341169279e-02	2.100563953813514712e-02	2.254038931797024137e-02	1.232736968341115180e-02	1.262104449481839773e-02
1.161064851277267991e+02	5.691139843089773054e-01	3.419356155178590040e-01	4.636504391250582252e-02	2.193283287798191913e-02	2.314693650224527305e-02	1.254886460633461431e-02	1.306936444708155926e-02
1.209442553413820747e+02	5.661040743361541727e-01	3.409580286122661508e-01	4.816068360942132170e-02	2.285973927669472314e-02	2.374120352316731394e-02	1.277004553335256073e-02	1.351886728192923208e-02
1.257820255550373645e+02	5.632106387944566528e-01	3.398906863764853403e-01	4.994092348879757004e-02	2.378625706894180875e-02	2.432395467408557735e-02	1.299063743985614215e-02	1.396954433036244961e-02
1.306197957686926259e+02	5.604147667016047274e-01	3.387516766153489400e-01	5.170627163316154906e-02	2.471228571831048104e-02	2.489586833950876640e-02	1.321041177837044452e-02	1.442136138668067939e-02
1.354575659823479441e+02	5.577010126008327129e-01	3.375557476732243822e-01	5.345716147629504811e-02	2.563772499967184593e-02	2.545754952715440986e-02	1.342918073017021138e-02	1.487426516563692368e-02
1.402953361960032339e+02	5.550567587282816406e-01	3.363149232461969396e-01	5.519396526314700180e-02	2.656247453955912913e-02	2.600954039376849811e-02	1.364679163404933573e-02	1.532818836798290410e-02
1.451331064096584669e+02	5.524716946060838074e-01	3.350390040172125938e-01	5.691700536804846638e-02	2.748643362129948864e-02	2.655232908715536924e-02	1.386312183192118901e-02	1.578305364126454322e-02
1.499708766233137851e+02	5.499373924394725943e-01	3.337359769488112415e-01	5.862656371873498778e-02	2.840950117996850904e-02	2.708635717865064130e-02	1.407807404194307520e-02	1.623877666540448142e-02
1.548086468369690749e+02	5.474469606784325704e-01	3.324123492323845519e-01	6.032288957879591851e-02	2.933157592807193390e-02	2.761202591773505993e-02	1.429157229118393352e-02	1.669526854638161625e-02
1.596464170506243647e+02	5.449947613528624002e-01	3.310734207634485893e-01	6.200620592891848554e-02	3.025255656617916941e-02	2.812970150355801821e-02	1.450355839389687491e-02	1.715243766412205897e-02
1.644841872642796261e+02	5.425761794402513827e-01	3.297235064591517162e-01	6.367671466609298170e-02	3.117234204370475728e-02	2.863971953645762583e-02	1.471398893647834355e-02	1.761019109084875633e-02
1.693219574779349159e+02	5.401874346867633347e-01	3.283661176510549451e-01	6.533460081501479833e-02	3.209083184391423038e-02	2.914238878562826207e-02	1.492283271840921278e-02	1.806843567220081659e-02
1.741597276915902057e+02	5.378254280663474773e-01	3.270041100865512251e-01	6.698003592038911935e-02	3.300792627430805537e-02	2.963799438634406869e-02	1.513006859475959053e-02	1.852707884428613644e-02
1.789974979052454671e+02	5.354876165014144096e-01	3.256398046855256689e-01	6.861318076449500480e-02	3.392352674909619031e-02	3.012680056104765497e-02	1.533568366686489416e-02	1.898602924454180843e-02
1.838352681189008138e+02	5.331719106425593102e-01	3.242750860673892510e-01	7.023418753212010146e-02	3.483753605478036308e-02	3.060905294264142443e-02	1.553967177140518595e-02	1.944519716208995691e-02
1.886730383325560467e+02	5.308765914625988014e-01	3.229114829404360898e-01	7.184320152522610803e-02	3.574985859314474407e-02	3.108498056500569665e-02	1.574203222299401517e-02	1.990449486358002520e-02
1.935108085462113081e+02	5.286002422016240487e-01	3.215502336922391735e-01	7.344036251251812031e-02	3.666040059841949028e-02	3.155479757469899921e-02	1.594276877067887094e-02	2.036383682280677732e-02
1.983485787598666263e+02	5.263416928373282344e-01	3.201923399052215014e-01	7.502580578435652514e-02	3.756907032719587064e-02	3.201870470861124113e-02	1.614188873398475499e-02	2.082313987628738733e-02
2.031863489735219162e+02	5.240999747750524351e-01	3.188386100200925610e-01	7.659966297096065801e-02	3.847577822097542760e-02	3.247689057473013979e-02	1.633940228902518860e-02	2.128232332214907707e-02
2.080241191871772060e+02	5.218742838764055536e-01	3.174896949606991758e-01	7.816206267136061037e-02	3.938043704214561069e-02	3.292953276688245778e-02	1.653532187962930902e-02	2.174130897586280461e-02
2.128618894008324673e+02	5.196639502915957332e-01	3.161461172000134545e-01	7.971313093180076859e-02	4.028296198478091561e-02	3.337679883910153744e-02	1.672966173234216591e-02	2.220002119335087731e-02
2.176996596144877287e+02	5.174684138431479008e-01	3.148082944746019574e-01	8.125299160504004248e-02	4.118327076204788412e-02	3.381884716096541371e-02	1.692243745755141887e-02	2.265838686963088724e-02
2.225374298281430470e+02	5.152872039392006887e-01	3.134765591326813539e-01	8.278176661600289421e-02	4.208128367220120153e-02	3.425582767168899173e-02	1.711366572190788082e-02	2.311633541930250071e-02
2.273752000417983652e+02	5.131199231826691909e-01	3.121511739195325652e-01	8.429957615431354911e-02	4.297692364524364345e-02	3.468788254781009911e-02	1.730336397968545298e-02	2.357379874373094833e-02
2.322129702554535982e+02	5.109662339960180377e-01	3.108323448560953994e-01	8.580653881021309271e-02	4.387011627231943156e-02	3.511514679687478130e-02	1.749155025281758091e-02	2.403071118864701095e-02
2.370507404691088880e+02	5.088258477066087693e-01	3.095202317458430885e-01	8.730277166707030301e-02	4.476078981984649846e-02	3.553774878751281285e-02	1.767824295110314442e-02	2.448700949500063132e-02
2.418885106827641494e+02	5.066985156397466605e-01	3.082149567465413686e-01	8.878839036101952853e-02	4.564887523028886979e-02	3.595581072462655098e-02	1.786346072554184650e-02	2.494263274522037777e-02
2.467262808964194392e+02	5.045840218499151320e-01	3.069166113631269788e-01	9.026350911608627126e-02	4.653430611134094091e-02	3.636944907703377333e-02	1.804722234898088404e-02	2.539752230650126411e-02
2.515640511100747290e+02	5.024821771886970323e-01	3.056252621523681268e-01	9.172824076140380367e-02	4.741701871515338618e-02	3.677877496375824007e-02	1.822954661926922890e-02	2.585162177233542302e-02
2.564018213237300188e+02	5.003928144633804642e-01	3.043409553764651054e-01	9.318269673570499234e-02	4.829695190908246671e-02	3.718389450420884340e-02	1.841045228095623126e-02	2.630487690318705080e-02
2.612395915373852517e+02	4.983157844855252150e-01	3.030637207990935500e-01	9.462698708313233009e-02	4.917404713929833526e-02	3.758490913669529365e-02	1.858995796226653452e-02	2.675723556697393035e-02
2.660773617510405415e+02	4.962509528457108576e-01	3.017935747817741543e-01	9.606122044349282851e-02	5.004824838844617457e-02	3.798191590906761783e-02	1.876808212465724476e-02	2.720864767983632165e-02
2.709151319646958882e+02	4.941981972808346391e-01	3.005305228093895220e-01	9.748550403935232755e-02	5.091950212841999529e-02	3.837500774471500065e-02	1.894484302273703041e-02	2.765906514753671552e-02
2.757529021783511780e+02	4.921574055249212654e-01	2.992745615499545764e-01	9.889994366177914942e-02	5.178775726918391498e-02	3.876427368669799894e-02	1.912025867271714002e-02	2.810844180773113682e-02
2.805906723920064678e+02	4.901284735544765847e-01	2.980256805344003168e-01	1.003046436560843246e-01	5.265296510446101225e-02	3.914979912240096338e-02	1.929434682788598934e-02	2.855673337327600814e-02
2.854284426056617008e+02	4.881113041557921250e-01	2.967838635263412295e-01	1.016997069085386479e-01	5.351507925500513518e-02	3.953166599076624044e-02	1.946712495986378452e-02	2.900389737667806445e-02
2.902662128193169337e+02	4.861058057549672018e-01	2.955490896389193489e-01	1.030852348347593150e-01	5.437405561007656318e-02	3.990995297389753060e-02	1.963861024461169627e-02	2.944989311575359203e-02
2.951039830329722804e+02	4.841118914623187552e-01	2.943213342453042669e-01	1.044613273702336698e-01	5.522985226765769057e-02	4.028473567458789456e-02	1.980881955234957068e-02	2.989468160053343482e-02
2.999417532466276270e+02	4.821294782917421862e-01	2.931005697208555194e-01	1.058280829632733816e-01	5.608242947386949534e-02	4.065608678113175056e-02	1.997776944068386726e-02	3.033822550142910301e-02
3.047795234602828600e+02	4.801584865228450960e-01	2.918867660479567694e-01	1.071855985705581493e-01	5.693174956198257530e-02	4.102407622061279846e-02	2.014547615036920564e-02	3.078048909866073352e-02
3.096172936739380930e+02	4.781988391795982674e-01	2.906798913088208258e-01	1.085339696553264122e-01	5.777777689135762257e-02	4.138877130171769031e-02	2.031195560322705124e-02	3.122143823293749287e-02
3.144550638875934396e+02	4.762504616040786343e-01	2.894799120869087639e-01	1.098732901881943613e-01	5.862047778659833230e-02	4.175023684800303198e-02	2.047722340182760864e-02	3.166104025737461608e-02
3.192928341012487294e+02	4.743132811078233368e-01	2.882867937938041747e-01	1.112036526505286865e-01	5.945982047715436813e-02	4.210853532243860609e-02	2.064129483060893333e-02	3.209926399062718733e-02
3.241306043149040192e+02	4.723872266865296599e-01	2.871005009352831094e-01	1.125251480402585380e-01	6.029577503757257290e-02	4.246372694395950803e-02	2.080418485816348459e-02	3.253607967121839584e-02
3.289683745285592522e+02	4.704722287864608332e-01	2.859209973277905825e-01	1.138378658799848453e-01	6.112831332856011324e-02	4.281586979668151882e-02	2.096590814046850673e-02	3.297145891303885495e-02
3.338061447422145420e+02	4.685682191130594032e-01	2.847482462744701515e-01	1.151418942272275786e-01	6.195740893899365220e-02	4.316501993236621093e-02	2.112647902487490084e-02	3.340537466199333672e-02
3.386439149558698318e+02	4.666751304740180406e-01	2.835822107082076049e-01	1.164373196866412830e-01	6.278303712898283817e-02	4.351123146666323327e-02	2.128591155470084192e-02	3.383780115377132969e-02
3.434816851695251216e+02	4.647928966504822346e-01	2.824228533077775549e-01	1.177242274240250935e-01	6.360517477407419407e-02	4.385455666960529075e-02	2.144421947430243461e-02	3.426871387271832048e-02
3.483194553831804114e+02	4.629214522912240559e-01	2.812701365920584062e-01	1.190027011819531355e-01	6.442380031066274881e-02	4.419504605078591886e-02	2.160141623451546783e-02	3.469808951178543488e-02
3.531572255968357013e+02	4.610607328255750259e-01	2.801240229963677386e-01	1.202728232968545002e-01	6.523889368266218292e-02	4.453274843960994267e-02	2.175751499838012720e-02	3.512590593353560886e-02
3.579949958104909342e+02	4.592106743916810063e-01	2.789844749342236807e-01	1.215346747173778330e-01	6.605043628947061818e-02	4.486771106097131590e-02	2.191252864707547710e-02	3.555214213218522989e-02
3.628327660241463377e+02	4.573712137772732444e-01	2.778514548472275081e-01	1.227883350238823112e-01	6.685841093525718426e-02	4.519997960668126896e-02	2.206646978600286177e-02	3.597677819666081356e-02
3.676705362378016275e+02	4.555422883706677362e-01	2.767249252452674280e-01	1.240338824489051750e-01	6.766280177958459985e-02	4.552959830294175253e-02	2.221935075096762024e-02	3.639979527465087711e-02
3.725083064514568036e+02	4.537238361201222925e-01	2.756048487388381152e-01	1.252713938984651998e-01	6.846359428937467961e-02	4.585660997413420342e-02	2.237118361441716233e-02	3.682117553763356033e-02
3.773460766651120935e+02	4.519157955000281390e-01	2.744911880649376634e-01	1.265009449740704672e-01	6.926077519221618406e-02	4.618105610317112947e-02	2.252198019170050317e-02	3.724090214686109207e-02
3.821838468787673833e+02	4.501181054826901007e-01	2.733839061077371069e-01	1.277226099953083227e-01	7.005433243100904483e-02	4.650297688863774120e-02	2.267175204732038013e-02	3.765895922028245080e-02
3.870216170924226162e+02	4.483307055146795728e-01	2.722829659149946790e-01	1.289364620229047353e-01	7.084425511993353020e-02	4.682241129893292830e-02	2.282051050115402324e-02	3.807533180038581017e-02
3.918593873060780197e+02	4.465535354969303872e-01	2.711883307110087293e-01	1.301425728821493377e-01	7.163053350172911282e-02	4.713939712360216278e-02	2.296826663462289003e-02	3.849000582294268696e-02
3.966971575197332527e+02	4.447865357679012255e-01	2.700999639067569458e-01	1.313410131865914432e-01	7.241315890626458251e-02	4.745397102204017975e-02	2.311503129679514171e-02	3.890296808663580574e-02
4.015349277333884856e+02	4.430296470892502447e-01	2.690178291077491846e-01	1.325318523619199995e-01	7.319212371037778220e-02	4.776616856972782516e-02	2.326081511040762467e-02	3.931420622355270844e-02
4.063726979470438323e+02	4.412828106335709988e-01	2.679418901200238401e-01	1.337151586699497630e-01	7.396742129896174966e-02	4.807602430215497658e-02	2.340562847779653968e-02	3.972370867052752580e-02
4.112104681606991221e+02	4.395459679738211722e-01	2.668721109546388637e-01	1.348909992326418061e-01	7.473904602727184099e-02	4.838357175657043152e-02	2.354948158672816316e-02	4.013146464131301522e-02
4.160482383743544119e+02	4.378190610741420907e-01	2.658084558309432022e-01	1.360594400560951600e-01	7.550699318442737062e-02	4.868884351168934616e-02	2.369238441612268875e-02	4.053746409956542757e-02
4.208860085880095880e+02	4.361020322818229267e-01	2.647508891788607488e-01	1.372205460544517197e-01	7.627125895808033185e-02	4.899187122547939144e-02	2.383434674166576978e-02	4.094169773262446022e-02
4.257237788016648778e+02	4.343948243202089277e-01	2.636993756403773759e-01	1.383743810736634550e-01	7.703184040022270640e-02	4.929268567113832822e-02	2.397537814130364445e-02	4.134415692607094905e-02
4.305615490153201677e+02	4.326973802823891879e-01	2.626538800703848708e-01	1.395210079150761562e-01	7.778873539410403881e-02	4.959131677136777161e-02	2.411548800061867961e-02	4.174483373904470246e-02
4.353993192289755143e+02	4.310096436255282937e-01	2.616143675370082855e-01	1.406604883587896648e-01	7.854194262223006262e-02	4.988779363104065695e-02	2.425468551808323756e-02	4.214372088030517854e-02
4.402370894426308041e+02	4.293315581657337066e-01	2.605808033215177288e-01	1.417928831867590334e-01	7.929146153541342945e-02	5.018214456835336235e-02	2.439297971019042249e-02	4.254081168501769317e-02
4.450748596562860939e+02	4.276630680733674028e-01	2.595531529179092023e-01	1.429182522056051952e-01	8.003729232284746697e-02	5.047439714454723253e-02	2.453037941646094705e-02	4.293610009224792939e-02
4.499126298699413837e+02	4.260041178687284380e-01	2.585313820322215905e-01	1.440366542691088603e-01	8.077943588317432200e-02	5.076457819227860047e-02	2.466689330432592434e-02	4.332958062314766490e-02
4.547504000835967304e+02	4.243546524180464297e-01	2.575154565816444863e-01	1.451481473003639611e-01	8.151789379651870615e-02	5.105271384271121982e-02	2.480252987388585281e-02	4.372124835981473084e-02
4.595881702972519065e+02	4.227146169297360534e-01	2.565053426934622016e-01	1.462527883135709139e-01	8.225266829745918329e-02	5.133882955140026128e-02	2.493729746254641846e-02	4.411109892481038242e-02
4.644259405109071963e+02	4.210839569508719182e-01	2.555010067038693822e-01	1.473506334354529879e-01	8.298376224890911812e-02	5.162295012303244612e-02	2.507120424953218629e-02	4.449912846131737904e-02
4.692637107245624861e+02	4.194626183638506256e-01	2.545024151566885884e-01	1.484417379262816805e-01	8.371117911688003010e-02	5.190509973508283109e-02	2.520425826027936078e-02	4.488533361392231524e-02
4.741014809382177759e+02	4.178505473832125339e-01	2.535095348020123263e-01	1.495261562005002209e-01	8.443492294610038806e-02	5.218530196044492836e-02	2.533646737070920779e-02	4.526971151000579868e-02
4.789392511518730657e+02	4.162476905526006909e-01	2.525223325947900110e-01	1.506039418469354019e-01	8.515499833646374139e-02	5.246357978908734732e-02	2.546783931138378240e-02	4.565225974172442552e-02
4.837770213655284124e+02	4.146539947418378946e-01	2.515407756933744632e-01	1.516751476485914962e-01	8.587141042028025029e-02	5.273995564878677239e-02	2.559838167154587785e-02	4.603297634856867715e-02
4.886147915791837022e+02	4.130694071441070592e-01	2.505648314580405933e-01	1.527398256020207623e-01	8.658416484030680149e-02	5.301445142498411450e-02	2.572810190304516964e-02	4.641185980048093129e-02
4.934525617928388783e+02	4.114938752732219540e-01	2.495944674494868232e-01	1.537980269362670960e-01	8.729326772853078509e-02	5.328708847980779401e-02	2.585700732415269210e-02	4.678890898151832900e-02
4.982903320064942250e+02	4.099273469609773790e-01	2.486296514273264036e-01	1.548498021313812201e-01	8.799872568568394005e-02	5.355788767030548320e-02	2.598510512326582603e-02	4.716412317404515553e-02
5.031281022201495148e+02	4.083697703545710600e-01	2.476703513485756236e-01	1.558952009365066338e-01	8.870054576146282899e-02	5.382686936592324944e-02	2.611240236250608054e-02	4.753750204343992064e-02
5.079658724338048046e+02	4.068210939140881055e-01	2.467165353661438798e-01	1.569342723875371548e-01	8.939873543543326584e-02	5.409405346526858366e-02	2.623890598121198306e-02	4.790904562330241395e-02
5.128036426474600376e+02	4.052812664100437501e-01	2.457681718273295457e-01	1.579670648243477193e-01	9.009330259859661683e-02	5.435945941219190447e-02	2.636462279932941591e-02	4.827875430114642041e-02
5.176414128611153274e+02	4.037502369209783337e-01	2.448252292723244739e-01	1.589936259076012159e-01	9.078425553559660299e-02	5.462310621121898441e-02	2.648955952070181086e-02	4.864662880456394056e-02
5.224791830747705035e+02	4.022279548311001873e-01	2.438876764327303492e-01	1.600140026351347666e-01	9.147160290754552392e-02	5.488501244236487081e-02	2.661372273626259194e-02	4.901267018784709328e-02
5.273169532884259070e+02	4.007143698279725941e-01	2.429554822300879213e-01	1.610282413579300076e-01	9.215535373544996023e-02	5.514519627535834773e-02	2.673711892713222932e-02	4.937687981905426737e-02
5.321547235020811968e+02	3.992094319002424396e-01	2.420286157744210576e-01	1.620363877956721155e-01	9.283551738421609578e-02	5.540367548330410452e-02	2.685975446762235708e-02	4.973925936750717841e-02
5.369924937157364866e+02	3.977130913354067210e-01	2.411070463627963401e-01	1.630384870519029084e-01	9.351210354721560536e-02	5.566046745580849331e-02	2.698163562814929681e-02	5.009981079170597318e-02
5.418302639293917764e+02	3.962252987176159147e-01	2.401907434778990935e-01	1.640345836287744608e-01	9.418512223139353934e-02	5.591558921159320295e-02	2.710276857805939826e-02	5.045853632764975283e-02
5.466680341430470662e+02	3.947460049255106518e-01	2.392796767866265939e-01	1.650247214414091723e-01	9.485458374290044181e-02	5.616905741061996304e-02	2.722315938836848692e-02	5.081543847755010807e-02
5.515058043567023560e+02	3.932751611300915329e-01	2.383738161386980692e-01	1.660089438318732291e-01	9.552049867323109122e-02	5.642088836574803840e-02	2.734281403441780889e-02	5.117051999892566205e-02
5.563435745703576458e+02	3.918127187926192523e-01	2.374731315652824082e-01	1.669872935827706739e-01	9.618287788585311304e-02	5.667109805394527494e-02	2.746173839844871789e-02	5.152378389406594289e-02
5.611813447840129356e+02	3.903586296625444763e-01	2.365775932776432722e-01	1.679598129304649967e-01	9.684173250330910254e-02	5.691970212707219562e-02	2.757993827209840113e-02	5.187523339985299076e-02
5.660191149976681118e+02	3.889128457754655876e-01	2.356871716658013594e-01	1.689265435779359059e-01	9.749707389477629826e-02	5.716671592225779780e-02	2.769741935881880543e-02	5.222487197792969466e-02
5.708568852113234016e+02	3.874753194511141308e-01	2.348018372972140444e-01	1.698875267072790241e-01	9.814891366406872097e-02	5.741215447188461468e-02	2.781418727622105708e-02	5.257270330520387447e-02
5.756946554249786914e+02	3.860460032913657913e-01	2.339215609154722264e-01	1.708428029918559743e-01	9.879726363806663747e-02	5.765603251319978417e-02	2.793024755834740136e-02	5.291873126467762367e-02
5.805324256386339812e+02	3.846248501782769669e-01	2.330463134390136637e-01	1.717924126081031844e-01	9.944213585555920776e-02	5.789836449756801534e-02	2.804560565787284770e-02	5.326295993659153211e-02
5.853701958522892710e+02	3.832118132721456516e-01	2.321760659598531285e-01	1.727363952470064856e-01	1.000835425564861880e-01	5.813916459938153064e-02	2.816026694823856730e-02	5.360539358987386621e-02
5.902079660659445608e+02	3.818068460095959682e-01	2.313107897423285486e-01	1.736747901252502224e-01	1.007214961715654084e-01	5.837844672464130580e-02	2.827423672571902080e-02	5.394603667388488122e-02
5.950457362795999643e+02	3.804099021016855708e-01	2.304504562218634978e-01	1.746076359960483937e-01	1.013560093122928413e-01	5.861622451922332555e-02	2.838752021142485968e-02	5.428489381044684925e-02
5.998835064932552541e+02	3.790209355320353080e-01	2.295950370037449506e-01	1.755349711596656259e-01	1.019870947613027157e-01	5.885251137684271300e-02	2.850012255324346072e-02	5.462196978615062315e-02
6.047212767069104302e+02	3.776399005549806454e-01	2.287445038619165261e-01	1.764568334736358046e-01	1.026147654630753941e-01	5.908732044672825728e-02	2.861204882771903324e-02	5.495726954492977101e-02
6.095590469205657200e+02	3.762667516937440171e-01	2.278988287377866628e-01	1.773732603626868576e-01	1.032390345149812871e-01	5.932066464101894837e-02	2.872330404187406830e-02	5.529079818089359388e-02
6.143968171342210098e+02	3.749014437386279930e-01	2.270579837390514499e-01	1.782842888283780458e-01	1.038599151586493408e-01	5.955255664189389175e-02	2.883389313497402781e-02	5.562256093141063756e-02
6.192345873478761860e+02	3.735439317452279306e-01	2.262219411385319456e-01	1.791899554584588661e-01	1.044774207716490239e-01	5.978300890844614329e-02	2.894382098023690411e-02	5.595256317043451749e-02
6.240723575615315895e+02	3.721941710326646668e-01	2.253906733730251521e-01	1.800902964359558656e-01	1.050915648594751978e-01	6.001203368331088639e-02	2.905309238648944026e-02	5.628081040206409785e-02
6.289101277751868793e+02	3.708521171818357498e-01	2.245641530421691456e-01	1.809853475479956397e-01	1.057023610478253772e-01	6.023964299905741615e-02	2.916171209977162088e-02	5.660730825433038516e-02
6.337478979888421691e+02	3.695177260336856562e-01	2.237423529073211126e-01	1.818751441943708413e-01	1.063098230751596263e-01	6.046584868435449928e-02	2.926968480489105726e-02	5.693206247320258678e-02
6.385856682024975726e+02	3.681909536874939937e-01	2.229252458904487644e-01	1.827597213958566114e-01	1.069139647855331665e-01	6.069066236991776248e-02	2.937701512692886263e-02	5.725507891680618744e-02
6.434234384161527487e+02	3.668717564991816338e-01	2.221128050730344361e-01	1.836391138022843983e-01	1.075148001216926219e-01	6.091409549424780384e-02	2.948370763269847483e-02	5.757636354984597971e-02
6.482612086298080385e+02	3.655600910796336644e-01	2.213050036949917310e-01	1.845133557003801605e-01	1.081123431184265737e-01	6.113615930916693059e-02	2.958976683215902570e-02	5.789592243822726247e-02
6.530989788434633283e+02	3.642559142930402172e-01	2.205018151535940718e-01	1.853824810213735574e-01	1.087066078961619053e-01	6.135686488516249593e-02	2.969519717978455486e-02	5.821376174386859448e-02
6.579367490571185044e+02	3.629591832552526709e-01	2.197032130024156593e-01	1.862465233483851235e-01	1.092976086547975123e-01	6.157622311654399605e-02	2.980000307589059788e-02	5.852988771969978160e-02
6.627745192707737942e+02	3.616698553321576193e-01	2.189091709502836158e-01	1.871055159235975318e-01	1.098853596677670241e-01	6.179424472642131710e-02	2.990418886791942898e-02	5.884430670483882519e-02
6.676122894844290840e+02	3.603878881380651600e-01	2.181196628602418697e-01	1.879594916552175810e-01	1.104698752763228625e-01	6.201094027151068944e-02	3.000775885168530110e-02	5.915702511994190560e-02
6.724500596980843738e+02	3.591132395341141703e-01	2.173346627485258920e-01	1.888084831242348993e-01	1.110511698840338235e-01	6.222632014677498269e-02	3.011071727258099809e-02	5.946804946272058606e-02
6.772878299117396637e+02	3.578458676266918492e-01	2.165541447835485633e-01	1.896525225909838075e-01	1.116292579514890360e-01	6.244039458990455205e-02	3.021306832674686138e-02	5.977738630362060962e-02
6.821256001253949535e+02	3.565857307658689135e-01	2.157780832848965047e-01	1.904916420015137779e-01	1.122041539912009972e-01	6.265317368564458922e-02	3.031481616220359221e-02	6.008504228165685579e-02
6.869633703390502433e+02	3.553327875438489492e-01	2.150064527223369271e-01	1.913258729937746538e-01	1.127758725627008574e-01	6.286466736997471660e-02	3.041596487994994644e-02	6.039102410039919044e-02
6.918011405527055331e+02	3.540869967934323070e-01	2.142392277148347512e-01	1.921552469036219568e-01	1.133444282678193332e-01	6.307488543414632720e-02	3.051651853502643924e-02	6.069533852410409491e-02
6.966389107663608229e+02	3.528483175864944310e-01	2.134763830295795528e-01	1.929797947706480277e-01	1.139098357461468258e-01	6.328383752858293687e-02	3.061648113754622536e-02	6.099799237398721014e-02
7.014766809800161127e+02	3.516167092324775645e-01	2.127178935810223603e-01	1.937995473438441918e-01	1.144721096706664831e-01	6.349153316664854496e-02	3.071585665369415408e-02	6.129899252463191089e-02
7.063144511936714025e+02	3.503921312768962237e-01	2.119637344299220294e-01	1.946145350870991109e-01	1.150312647435543789e-01	6.369798172828894378e-02	3.081464900669506415e-02	6.159834590052943454e-02
7.111522214073266923e+02	3.491745434998561604e-01	2.112138807824009423e-01	1.954247881845385115e-01	1.155873156921406741e-01	6.390319246355061211e-02	3.091286207775233857e-02	6.189605947274594289e-02
7.159899916209819821e+02	3.479639059145859803e-01	2.104683079890099784e-01	1.962303365457111759e-01	1.161402772650265980e-01	6.410717449598150874e-02	3.101049970695762825e-02	6.219214025571230542e-02
7.208277618346371582e+02	3.467601787659823076e-01	2.097269915438023657e-01	1.970312098106256071e-01	1.166901642283514756e-01	6.430993682591831795e-02	3.110756569417274728e-02	6.248659530413241958e-02
7.256655320482924481e+02	3.455633225291666055e-01	2.089899070834164985e-01	1.978274373546427267e-01	1.172369913622047927e-01	6.451148833366404656e-02	3.120406379988461751e-02	6.277943171000592570e-02
7.305033022619478515e+02	3.443732979080555423e-01	2.082570303861672190e-01	1.986190482932286283e-01	1.177807734571781617e-01	6.471183778256003882e-02	3.129999774603416107e-02	6.307065659976153482e-02
7.353410724756030277e+02	3.431900658339422927e-01	2.075283373711456492e-01	1.994060714865717454e-01	1.183215253110523196e-01	6.491099382195622547e-02	3.139537121681994225e-02	6.336027713149713914e-02
7.401788426892584312e+02	3.420135874640910512e-01	2.068038040973274039e-01	2.001885355440687353e-01	1.188592617256145206e-01	6.510896499008318739e-02	3.149018785947749893e-02	6.364830049232293729e-02
7.450166129029136073e+02	3.408438241803423141e-01	2.060834067626889088e-01	2.009664688286835754e-01	1.193939975036016621e-01	6.530575971682961445e-02	3.158445128503500204e-02	6.393473389580425770e-02
7.498543831165690108e+02	3.396807375877303192e-01	2.053671217033316843e-01	2.017398994611833696e-01	1.199257474457648687e-01	6.550138632642851788e-02	3.167816506904616580e-02	6.421958457950045773e-02
7.546921533302243006e+02	3.385242895131116425e-01	2.046549253926144563e-01	2.025088553242548883e-01	1.204545263480510942e-01	6.569585304005547133e-02	3.177133275230108189e-02	6.450285980259673480e-02
7.595299235438793630e+02	3.373744420038051195e-01	2.039467944402930943e-01	2.032733640665060071e-01	1.209803489988979519e-01	6.588916797834196148e-02	3.186395784151569571e-02	6.478456684362560170e-02
7.643676937575347665e+02	3.362311573262424802e-01	2.032427055916680159e-01	2.040334531063549006e-01	1.215032301766375833e-01	6.608133916380695694e-02	3.195604381000068106e-02	6.506471299827482069e-02
7.692054639711900563e+02	3.350943979646301973e-01	2.025426357267390842e-01	2.047891496358117125e-01	1.220231846470056641e-01	6.627237452320940136e-02	3.204759409831031691e-02	6.534330557727906219e-02
7.740432341848452324e+02	3.339641266196219371e-01	2.018465618593676125e-01	2.055404806241546978e-01	1.225402271607521909e-01	6.646228188982467033e-02	3.213861211487208103e-02	6.562035190439219345e-02
7.788810043985006359e+02	3.328403062070012797e-01	2.011544611364459723e-01	2.062874728215053910e-01	1.230543724513501191e-01	6.665106900564744807e-02	3.222910123659759180e-02	6.589585931443753264e-02
7.837187746121558121e+02	3.317228998563749309e-01	2.004663108370737801e-01	2.070301527623054638e-01	1.235656352327986623e-01	6.683874352352378589e-02	3.231906480947546040e-02	6.616983515143319561e-02
7.885565448258112156e+02	3.306118709098762598e-01	1.997820883717412455e-01	2.077685467686984644e-01	1.240740301975177123e-01	6.702531300921470148e-02	3.240850614914674022e-02	6.644228676679017620e-02
7.933943150394665054e+02	3.295071829208784941e-01	1.991017712815192631e-01	2.085026809538194914e-01	1.245795720143304253e-01	6.721078494339374765e-02	3.249742854146341065e-02	6.671322151758046770e-02
7.982320852531219089e+02	3.284087996527181863e-01	1.984253372372563051e-01	2.092325812249957451e-01	1.250822753265306009e-01	6.739516672358092375e-02	3.258583524303061696e-02	6.698264676487288016e-02
8.030698554667769713e+02	3.273166850774282821e-01	1.977527640387818364e-01	2.099582732868608970e-01	1.255821547500320934e-01	6.757846566601505289e-02	3.267372948173304786e-02	6.725056987213408333e-02
8.079076256804323748e+02	3.262308033744807934e-01	1.970840296141160575e-01	2.106797826443856658e-01	1.260792248715970898e-01	6.776068900746684553e-02	3.276111445724610299e-02	6.751699820369279348e-02
8.127453958940876646e+02	3.251511189295386295e-01	1.964191120186863093e-01	2.113971346058280132e-01	1.265735002471407855e-01	6.794184390699467557e-02	3.284799334153222505e-02	6.778193912326468951e-02
8.175831661077428407e+02	3.240775963332176435e-01	1.957579894345495009e-01	2.121103542856045687e-01	1.270649954001094872e-01	6.812193744764501180e-02	3.293436927932300723e-02	6.804539999253618465e-02
8.224209363213982442e+02	3.230102003798565602e-01	1.951006401696209480e-01	2.128194666070865049e-01	1.275537248199296592e-01	6.830097663809955866e-02	3.302024538858744362e-02	6.830738816980475026e-02
8.272587065350534203e+02	3.219488960662972299e-01	1.944470426569090415e-01	2.135244963053220812e-01	1.280397029605254422e-01	6.847896841427073000e-02	3.310562476098685009e-02	6.856791100867398736e-02
8.320964767487085965e+02	3.208936485906732639e-01	1.937971754537560765e-01	2.142254679296880515e-01	1.285229442389020926e-01	6.865591964084753751e-02	3.319051046231683011e-02	6.882697585680151720e-02
8.369342469623640000e+02	3.198444233512071078e-01	1.931510172410849657e-01	2.149224058464725695e-01	1.290034630337929533e-01	6.883183711279326766e-02	3.327490553293676462e-02	6.908459005469771985e-02
8.417720171760191761e+02	3.188011859450168295e-01	1.925085468226516161e-01	2.156153342413910379e-01	1.294812736843680145e-01	6.900672755679689019e-02	3.335881298818722113e-02	6.934076093457366974e-02
8.466097873896745796e+02	3.177639021669306785e-01	1.918697431243032714e-01	2.163042771220381189e-01	1.299563904890014554e-01	6.918059763267955797e-02	3.344223581879565699e-02	6.959549581923657469e-02
8.514475576033297557e+02	3.167325380083103603e-01	1.912345851932422403e-01	2.169892583202768233e-01	1.304288277040962785e-01	6.935345393475797482e-02	3.352517699127081224e-02	6.984880202103078972e-02
8.562853278169851592e+02	3.157070596558829156e-01	1.906030521972953973e-01	2.176703014945675918e-01	1.308985995429640947e-01	6.952530299316592166e-02	3.360763944828617372e-02	7.010068684082319812e-02
8.611230980306403353e+02	3.146874334905805370e-01	1.899751234241890963e-01	2.183474301322385625e-01	1.313657201747578107e-01	6.969615127513537067e-02	3.368962610905285038e-02	7.035115756703105849e-02
8.659608682442956251e+02	3.136736260863888237e-01	1.893507782808293849e-01	2.190206675516996049e-01	1.318302037234554691e-01	6.986600518623874156e-02	3.377113986968224152e-02	7.060022147469095788e-02
8.707986384579510286e+02	3.126656042092031407e-01	1.887299962925877150e-01	2.196900369046011492e-01	1.322920642668935776e-01	7.003487107159346581e-02	3.385218360353876160e-02	7.084788582456751083e-02
8.756364086716062047e+02	3.116633348156924721e-01	1.881127571025917600e-01	2.203555611779400569e-01	1.327513158358477607e-01	7.020275521703013555e-02	3.393276016158304487e-02	7.109415786230015299e-02
8.804741788852616082e+02	3.106667850521718233e-01	1.874990404710215608e-01	2.210172631961141998e-01	1.332079724131593201e-01	7.036966385022566661e-02	3.401287237270582409e-02	7.133904481758700233e-02
8.853119490989170117e+02	3.096759222534820610e-01	1.868888262744106965e-01	2.216751656229271061e-01	1.336620479329060640e-01	7.053560314180234991e-02	3.409252304405289286e-02	7.158255390340420576e-02
8.901497193125721878e+02	3.086907139418774704e-01	1.862820945049525057e-01	2.223292909635445069e-01	1.341135562796154923e-01	7.070057920639431781e-02	3.417171496134140118e-02	7.182469231525966114e-02
8.949874895262273640e+02	3.077111278259211380e-01	1.856788252698112762e-01	2.229796615664040582e-01	1.345625112875192542e-01	7.086459810368216095e-02	3.425045088916772729e-02	7.206546723047980996e-02
8.998252597398827675e+02	3.067371317993869972e-01	1.850789987904385980e-01	2.236262996250799884e-01	1.350089267398470183e-01	7.102766583939705558e-02	3.432873357130726555e-02	7.230488580752844618e-02
9.046630299535379436e+02	3.057686939401709769e-01	1.844825954018941283e-01	2.242692271801038917e-01	1.354528163681585351e-01	7.118978836629526186e-02	3.440656573100634580e-02	7.254295518535619491e-02
9.095008001671932334e+02	3.048057825092077566e-01	1.838895955521715753e-01	2.249084661207431113e-01	1.358941938517123083e-01	7.135097158510413096e-02	3.448395007126658224e-02	7.277968248277991159e-02
9.143385703808486369e+02	3.038483659493957378e-01	1.832999798015291504e-01	2.255440381867379052e-01	1.363330728168697659e-01	7.151122134544043996e-02	3.456088927512181858e-02	7.301507479789048904e-02
9.191763405945038130e+02	3.028964128845292869e-01	1.827137288218248223e-01	2.261759649699991714e-01	1.367694668365334876e-01	7.167054344670205357e-02	3.463738600590801631e-02	7.324913920748844787e-02
9.240141108081592165e+02	3.019498921182373619e-01	1.821308233958562617e-01	2.268042679162671493e-01	1.372033894296183221e-01	7.182894363893387035e-02	3.471344290752624573e-02	7.348188276654607498e-02
9.288518810218145063e+02	3.010087726329301328e-01	1.815512444167051431e-01	2.274289683267329831e-01	1.376348540605540072e-01	7.198642762366871950e-02	3.478906260469896705e-02	7.371331250769530552e-02
9.336896512354697961e+02	3.000730235887517638e-01	1.809749728870861663e-01	2.280500873596243150e-01	1.380638741388184598e-01	7.214300105474429070e-02	3.486424770321994160e-02	7.394343544074037655e-02
9.385274214491247449e+02	2.991426143225404677e-01	1.804019899187004339e-01	2.286676460317552673e-01	1.384904630185002372e-01	7.229866953909681870e-02	3.493900079019783556e-02	7.417225855219425346e-02
9.433651916627801484e+02	2.982175143467953871e-01	1.798322767315933268e-01	2.292816652200430072e-01	1.389146339978895028e-01	7.245343863753206382e-02	3.501332443429382851e-02	7.439978880483816281e-02
9.482029618764355519e+02	2.972976933486501383e-01	1.792658146535165975e-01	2.298921656629910604e-01	1.393364003190960265e-01	7.260731386547480959e-02	3.508722118595335865e-02	7.462603313730327426e-02
9.530407320900908417e+02	2.963831211888530714e-01	1.787025851192949044e-01	2.304991679621406220e-01	1.397557751676933857e-01	7.276030069369718301e-02	3.516069357763219189e-02	7.485099846367376797e-02
9.578785023037459041e+02	2.954737679007541917e-01	1.781425696701966765e-01	2.311026925834913093e-01	1.401727716723887018e-01	7.291240454902661594e-02	3.523374412401705791e-02	7.507469167311055236e-02
9.627162725174014213e+02	2.945696036892985759e-01	1.775857499533089190e-01	2.317027598588914661e-01	1.405874029047161355e-01	7.306363081503426671e-02	3.530637532224092934e-02	7.529711962949475756e-02
9.675540427310568248e+02	2.936705989300261721e-01	1.770321077209165428e-01	2.322993899873997681e-01	1.409996818787545014e-01	7.321398483270441515e-02	3.537858965209319390e-02	7.551828917109043582e-02
9.723918129447120009e+02	2.927767241680783172e-01	1.764816248298855250e-01	2.328926030366184896e-01	1.414096215508667265e-01	7.336347190108541416e-02	3.545038957622487219e-02	7.573820711022570540e-02
9.772295831583674044e+02	2.918879501172103597e-01	1.759342832410502877e-01	2.334824189439993758e-01	1.418172348194614296e-01	7.351209727792296089e-02	3.552177754034897134e-02	7.595688023299169978e-02
9.820673533720223531e+02	2.910042476588106664e-01	1.753900650186052401e-01	2.340688575181231745e-01	1.422225345247750961e-01	7.365986618027621502e-02	3.559275597343622421e-02	7.617431529895854481e-02
9.869051235856777566e+02	2.901255878409260136e-01	1.748489523294999848e-01	2.346519384399533004e-01	1.426255334486745130e-01	7.380678378511719429e-02	3.566332728790627682e-02	7.639051904090793377e-02
9.917428937993331601e+02	2.892519418772929729e-01	1.743109274428388533e-01	2.352316812640647958e-01	1.430262443144783291e-01	7.395285522991419669e-02	3.573349387981453879e-02	7.660549816458155081e-02
9.965806640129884499e+02	2.883832811463752921e-01	1.737759727292842449e-01	2.358081054198489512e-01	1.434246797867974044e-01	7.409808561319972120e-02	3.580325812903476651e-02	7.681925934844488491e-02
