0.000000000000000000e+00	1.023043895240475232e+00	8.779143113436221393e-30	4.425562915790768271e-28	1.028789592529966990e-26	1.326208047389909617e-29	4.213024597528737329e-29	1.373488780308946727e-26
4.837770213655283591e+00	9.478144836700576059e-01	6.813969885151896499e-02	6.592516288416282047e-04	8.542056910459129007e-04	1.817290090386440788e-03	3.055017431198918301e-03	7.039478774257801590e-04
9.675540427310567182e+00	8.858678854735576591e-01	1.235220644316732952e-01	2.158375841198872415e-03	1.691093017738336257e-03	3.457273588310281857e-03	4.988808321957806727e-03	1.358394566039037871e-03
1.451331064096584811e+01	8.347723257601606939e-01	1.684820046000599925e-01	4.124923826383263860e-03	2.526185006343629417e-03	4.948230044686094745e-03	6.218242145010187578e-03	1.971983857831505118e-03
1.935108085462113081e+01	7.925429001142612062e-01	2.049271022287259825e-01	6.330166631185586354e-03	3.368689181119448230e-03	6.313573499350155251e-03	7.009685508470068008e-03	2.551778077362914458e-03
2.418885106827641707e+01	7.575590421443142430e-01	2.344159198721043058e-01	8.636389879688920190e-03	4.223783314473556622e-03	7.572690380704611042e-03	7.532521122830612356e-03	3.103548526359072458e-03
2.902662128193169622e+01	7.284973770021745398e-01	2.582219207979390974e-01	1.096307098890177828e-02	5.094093256008347392e-03	8.741638996910503293e-03	7.893781854049344154e-03	3.632012344491730715e-03
3.386439149558698603e+01	7.042770430428775263e-01	2.773856606390837087e-01	1.326525096949198249e-02	5.980646662709121139e-03	9.833730962989688587e-03	8.160537207910824667e-03	4.141025755412383255e-03
3.870216170924226162e+01	6.840151341291353937e-01	2.927574098937282265e-01	1.551976795664516268e-02	6.883486953434788010e-03	1.086001290978686265e-02	8.374341614260587263e-03	4.633741783484265561e-03
4.353993192289755143e+01	6.669903682087172658e-01	3.050319668897260583e-01	1.771654784339422861e-02	7.802067162203846044e-03	1.182966458658577143e-02	8.560541540972223251e-03	5.112739008875836523e-03
4.837770213655283413e+01	6.526134496692955755e-01	3.147770954675073729e-01	1.985313862722864683e-02	8.735501365036315094e-03	1.275032725261042617e-02	8.734256156473144475e-03	5.580126702323687411e-03
5.321547235020811684e+01	6.404028832327521847e-01	3.224567570602765443e-01	2.193131765024082871e-02	9.682724073770639095e-03	1.362837418713801034e-02	8.904208348528218700e-03	6.037630687768782457e-03
5.805324256386339954e+01	6.299652307974061838e-01	3.284500914875567723e-01	2.395501715719360047e-02	1.064259027291676943e-02	1.446913329475058192e-02	9.075168755256657338e-03	6.486663475394501693e-03
6.289101277751868224e+01	6.209789912656773492e-01	3.330669253335138413e-01	2.592908298419192153e-02	1.161393727229346161e-02	1.527707016031855901e-02	9.249506671461932283e-03	6.928381553017895315e-03
6.772878299117397205e+01	6.131814360445088097e-01	3.365604437638365365e-01	2.785855533329915229e-02	1.259562208185594119e-02	1.605593851292561741e-02	9.428167312706021985e-03	7.363732191342869070e-03
7.256655320482924765e+01	6.063578566790084334e-01	3.391375449908223816e-01	2.974827299470417588e-02	1.358654317099382627e-02	1.680890387212058412e-02	9.611281847747982221e-03	7.793491685077592358e-03
7.740432341848452324e+01	6.003327815962613556e-01	3.409673014230912291e-01	3.160267479799917095e-02	1.458565233337385039e-02	1.753864515119047535e-02	9.798543339862181636e-03	8.218296598696706728e-03
8.224209363213981305e+01	5.949628006691578541e-01	3.421878738563319811e-01	3.342571861978403669e-02	1.559196034282935364e-02	1.824743815670996222e-02	9.989434298013147306e-03	8.638669297648728443e-03
8.707986384579510286e+01	5.901307028369523477e-01	3.429121616427677766e-01	3.522086809794557072e-02	1.660453876783541532e-02	1.893722422831133415e-02	1.018336085575637096e-02	9.055038810906182109e-03
9.191763405945040688e+01	5.857406862132311653e-01	3.432324199905563700e-01	3.699111623492067069e-02	1.762251945972014705e-02	1.960966668619024827e-02	1.037972877678298815e-02	9.467757879073612770e-03
9.675540427310566827e+01	5.817144442880916033e-01	3.432240332495043456e-01	3.873902715421373433e-02	1.864509267927618591e-02	2.026619727742871510e-02	1.057798370615437196e-02	9.877116885806202715e-03
1.015931744867609581e+02	5.779879678602160009e-01	3.429485984920385699e-01	4.046678489150265512e-02	1.967150447158986723e-02	2.090805441935010209e-02	1.077762986323157340e-02	1.028335524254641795e-02
1.064309447004162337e+02	5.745089317309375332e-01	3.424564454762196175e-01	4.217624285959552938e-02	2.070105367073191843e-02	2.153631471475154005e-02	1.097823609597236433e-02	1.068667069226663692e-02
1.112687149140715235e+02	5.712345591852898696e-01	3.417886960206829583e-01	4.386897056120537403e-02	2.173308876971002251e-02	2.215191894806902914e-02	1.117943484281468114e-02	1.108722691270316169e-02
1.161064851277267991e+02	5.681298768728211268e-01	3.409789469831348563e-01	4.554629590192648542e-02	2.276700479775812733e-02	2.275569355330737259e-02	1.138091740155794743e-02	1.148515972996915109e-02
1.209442553413820747e+02	5.651662886958105370e-01	3.400546456417280483e-01	4.720934250618094574e-02	2.380224028783048049e-02	2.334836836555087211e-02	1.158242754679656220e-02	1.188058219657755002e-02
1.257820255550373645e+02	5.623204103756784811e-01	3.390382137014193442e-01	4.885906203533167680e-02	2.483827437990809156e-02	2.393059132111390735e-02	1.178375468556999706e-02	1.227358874145353246e-02
1.306197957686926259e+02	5.595731170386186726e-01	3.379479658700705325e-01	5.049626182426372734e-02	2.587462408254004656e-02	2.450294065114065264e-02	1.198472721227851652e-02	1.266425856156296395e-02
1.354575659823479441e+02	5.569087648780656208e-01	3.367988605508202560e-01	5.212162830115775469e-02	2.691084170084717328e-02	2.506593501496945722e-02	1.218520640084240839e-02	1.305265839377242609e-02
1.402953361960032339e+02	5.543145550728512116e-01	3.356031133343964079e-01	5.373574670448484636e-02	2.794651243073332375e-02	2.562004193892622114e-02	1.238508097886635920e-02	1.343884478021665357e-02
1.451331064096584669e+02	5.517800139581739982e-01	3.343706983667726895e-01	5.533911760473666369e-02	2.898125211417124439e-02	2.616568486018260378e-02	1.258426241669478342e-02	1.382286591974308219e-02
1.499708766233137851e+02	5.492965682004745664e-01	3.331097580844756267e-01	5.693217070264082469e-02	3.001470514780335899e-02	2.670324902126477301e-02	1.278268090273308386e-02	1.420476318108276903e-02
1.548086468369690749e+02	5.468571976118224987e-01	3.318269380644933708e-01	5.851527632658658218e-02	3.104654253585863513e-02	2.723308641655624099e-02	1.298028194558770686e-02	1.458457233956986059e-02
1.596464170506243647e+02	5.444561514136027069e-01	3.305276606749587565e-01	6.008875499904210021e-02	3.207646007798578558e-02	2.775551995592464086e-02	1.317702353102844295e-02	1.496232458793239108e-02
1.644841872642796261e+02	5.420887163531042940e-01	3.292163487114421194e-01	6.165288539009627228e-02	3.310417668269377556e-02	2.827084698095946175e-02	1.337287375973573132e-02	1.533804736244321482e-02
1.693219574779349159e+02	5.397510271962244754e-01	3.278966081595212634e-01	6.320791092859250060e-02	3.412943279745532521e-02	2.877934224504094529e-02	1.356780889546659735e-02	1.571176501817374629e-02
1.741597276915902057e+02	5.374399118516262064e-01	3.265713775537391617e-01	6.475404529881333138e-02	3.515198894703489008e-02	2.928126044859277743e-02	1.376181175974219156e-02	1.608349938092630202e-02
1.789974979052454671e+02	5.351527647971850987e-01	3.252430500378218903e-01	6.629147701361726153e-02	3.617162437216660947e-02	2.977683840460211562e-02	1.395487041670065605e-02	1.645327019838118895e-02
1.838352681189008138e+02	5.328874436363267852e-01	3.239135731153068298e-01	6.782037322313032301e-02	3.718813576128332521e-02	3.026629689616569183e-02	1.414697709938589690e-02	1.682109550887592869e-02
1.886730383325560467e+02	5.306421845571805962e-01	3.225845301679204913e-01	6.934088289111774162e-02	3.820133606855690561e-02	3.074984227690448838e-02	1.433812733592626336e-02	1.718699194286829601e-02
1.935108085462113081e+02	5.284155332400239935e-01	3.212572070738753394e-01	7.085313944846445555e-02	3.921105341203835054e-02	3.122766785614376067e-02	1.452831924054485101e-02	1.755097496938399712e-02
1.983485787598666263e+02	5.262062883898371846e-01	3.199326466492745102e-01	7.235726301421661899e-02	4.021713004617748916e-02	3.169995510342171058e-02	1.471755294004522228e-02	1.791305909750188358e-02
2.031863489735219162e+02	5.240134555867452804e-01	3.186116931381265394e-01	7.385336225884486794e-02	4.121942140345402628e-02	3.216687470087599421e-02	1.490583011133563007e-02	1.827325804109241822e-02
2.080241191871772060e+02	5.218362095687829605e-01	3.172950285697427319e-01	7.534153597129487900e-02	4.221779520026536919e-02	3.262858746712245239e-02	1.509315360974271790e-02	1.863158485352367846e-02
2.128618894008324673e+02	5.196738634060152906e-01	3.159832024698945308e-01	7.682187438056270468e-02	4.321213060259378874e-02	3.308524517218967842e-02	1.527952717139649183e-02	1.898805203782227488e-02
2.176996596144877287e+02	5.175258433066618480e-01	3.146766561404565343e-01	7.829446027359469873e-02	4.420231744731920737e-02	3.353699125974521356e-02	1.546495517592358197e-02	1.934267163677360485e-02
2.225374298281430470e+02	5.153916680260235417e-01	3.133757425002601793e-01	7.975936994394802748e-02	4.518825551535687185e-02	3.398396149011395639e-02	1.564944245814553492e-02	1.969545530662653726e-02
2.273752000417983652e+02	5.132709320370976158e-01	3.120807422984517299e-01	8.121667399958645839e-02	4.616985385308469692e-02	3.442628451533897432e-02	1.583299415951741965e-02	2.004641437739777474e-02
2.322129702554535982e+02	5.111632917754822536e-01	3.107918773633744913e-01	8.266643805320056382e-02	4.714703013878551036e-02	3.486408239568204032e-02	1.601561561172597237e-02	2.039555990222377199e-02
2.370507404691088880e+02	5.090684543967922693e-01	3.095093214288217043e-01	8.410872331434438021e-02	4.811971009106762176e-02	3.529747106543408564e-02	1.619731224625371724e-02	2.074290269776084966e-02
2.418885106827641494e+02	5.069861685874706980e-01	3.082332089804762365e-01	8.554358709931253468e-02	4.908782691644553164e-02	3.572656075464531594e-02	1.637808952485582045e-02	2.108845337726852551e-02
2.467262808964194392e+02	5.049162170537860872e-01	3.069636424844222611e-01	8.697108327191557797e-02	5.005132079346251428e-02	3.615145637234364745e-02	1.655795288683235833e-02	2.143222237771228930e-02
2.515640511100747290e+02	5.028584103823695584e-01	3.057006982934744599e-01	8.839126262603777540e-02	5.101013839092118779e-02	3.657225785594839240e-02	1.673690770974549727e-02	2.177421998197792696e-02
2.564018213237300188e+02	5.008125820216865476e-01	3.044444314730171408e-01	8.980417321899303307e-02	5.196423241795732756e-02	3.698906049087203468e-02	1.691495928085876357e-02	2.211445633708994732e-02
2.612395915373852517e+02	4.987785841796325004e-01	3.031948797438720478e-01	9.120986066315886487e-02	5.291356120384882455e-02	3.740195520371022292e-02	1.709211277708875751e-02	2.245294146916353845e-02
2.660773617510405415e+02	4.967562844698701907e-01	3.019520667036126871e-01	9.260836838210445565e-02	5.385808830559572075e-02	3.781102883192661440e-02	1.726837325167875428e-02	2.278968529568628151e-02
2.709151319646958882e+02	4.947455631701124790e-01	3.007160044582404823e-01	9.399973783638956859e-02	5.479778214144123694e-02	3.821636437252823315e-02	1.744374562614581237e-02	2.312469763561681227e-02
2.757529021783511780e+02	4.927463109805538255e-01	2.994866957720262457e-01	9.538400872335392466e-02	5.573261564862698469e-02	3.861804121188310707e-02	1.761823468633179346e-02	2.345798821769874004e-02
2.805906723920064678e+02	4.907584271910807594e-01	2.982641358236166051e-01	9.676121915451127431e-02	5.666256596379066340e-02	3.901613533854403348e-02	1.779184508161599232e-02	2.378956668731525836e-02
2.854284426056617008e+02	4.887818181825892561e-01	2.970483136404026281e-01	9.813140581357934766e-02	5.758761412452069461e-02	3.941071954070015509e-02	1.796458132653204476e-02	2.411944261215047403e-02
2.902662128193169337e+02	4.868163962013807855e-01	2.958392132699856902e-01	9.949460409769571301e-02	5.850774479068136108e-02	3.980186358967400390e-02	1.813644780418215835e-02	2.444762548687492987e-02
2.951039830329722804e+02	4.848620783567605397e-01	2.946368147368229051e-01	1.008508482439711418e-01	5.942294598421403451e-02	4.018963441070914910e-02	1.830744877096388695e-02	2.477412473703296744e-02
2.999417532466276270e+02	4.829187858010744461e-01	2.934410948233444616e-01	1.022001714432024394e-01	6.033320884620545915e-02	4.057409624214662613e-02	1.847758836222391371e-02	2.509894972227727505e-02
3.047795234602828600e+02	4.809864430588696171e-01	2.922520277076513517e-01	1.035426059422926981e-01	6.123852741009412626e-02	4.095531078396397184e-02	1.864687059853357975e-02	2.542210973906927629e-02
3.096172936739380930e+02	4.790649774779503489e-01	2.910695854840338881e-01	1.048781831366989298e-01	6.213889838995963200e-02	4.133333733654328407e-02	1.881529939234602433e-02	2.574361402294246537e-02
3.144550638875934396e+02	4.771543187800756369e-01	2.898937385877530248e-01	1.062069336540378828e-01	6.303432098290950858e-02	4.170823293044320645e-02	1.898287855484728781e-02	2.606347175040799741e-02
3.192928341012487294e+02	4.752543986931104802e-01	2.887244561416060784e-01	1.075288874298216679e-01	6.392479668464232101e-02	4.208005244787039328e-02	1.914961180285618472e-02	2.638169204056737757e-02
3.241306043149040192e+02	4.733651506497654760e-01	2.875617062385956157e-01	1.088440737761629390e-01	6.481032911732619028e-02	4.244884873647716134e-02	1.931550276566182389e-02	2.669828395648531777e-02
3.289683745285592522e+02	4.714865095407751450e-01	2.864054561724009296e-01	1.101525214441767681e-01	6.569092386898815750e-02	4.281467271605243763e-02	1.948055499171504751e-02	2.701325650636601794e-02
3.338061447422145420e+02	4.696184115125841552e-01	2.852556726252135633e-01	1.114542586807138330e-01	6.656658834366206701e-02	4.317757347862045264e-02	1.964477195511198440e-02	2.732661864456837827e-02
3.386439149558698318e+02	4.677607938014252120e-01	2.841123218207478041e-01	1.127493132799790437e-01	6.743733162159201711e-02	4.353759838241585273e-02	1.980815706182535371e-02	2.763837927248907755e-02
3.434816851695251216e+02	4.659135945971540904e-01	2.829753696488096493e-01	1.140377126305233552e-01	6.830316432883379307e-02	4.389479314016316025e-02	1.997071365565304679e-02	2.794854723933722432e-02
3.483194553831804114e+02	4.640767529314184792e-01	2.818447817666406285e-01	1.153194837580385629e-01	6.916409851563977418e-02	4.424920190205244158e-02	2.013244502386445783e-02	2.825713134281994734e-02
3.531572255968357013e+02	4.622502085857295717e-01	2.807205236812959637e-01	1.165946533643366229e-01	7.002014754305274646e-02	4.460086733377099238e-02	2.029335440253363793e-02	2.856414032975474609e-02
3.579949958104909342e+02	4.604339020158116913e-01	2.796025608165400578e-01	1.178632478628527241e-01	7.087132597717107907e-02	4.494983068992203928e-02	2.045344498155500859e-02	2.886958289662162891e-02
3.628327660241463377e+02	4.586277742892684306e-01	2.784908585671035941e-01	1.191252934109750111e-01	7.171764949058320737e-02	4.529613188313581784e-02	2.061271990934257850e-02	2.917346769006553056e-02
3.676705362378016275e+02	4.568317670341446313e-01	2.773853823426249976e-01	1.203808159394731403e-01	7.255913477050125737e-02	4.563980954915494714e-02	2.077118229721743731e-02	2.947580330735777993e-02
3.725083064514568036e+02	4.550458223964038429e-01	2.762860976031752402e-01	1.216298411792701983e-01	7.339579943315481525e-02	4.598090110815503118e-02	2.092883522349134329e-02	2.977659829682367809e-02
3.773460766651120935e+02	4.532698830047042771e-01	2.751929698879163610e-01	1.228723946857788740e-01	7.422766194403410123e-02	4.631944282254239764e-02	2.108568173725621983e-02	3.007586115824196007e-02
3.821838468787673833e+02	4.515038919411479279e-01	2.741059648381604097e-01	1.241085018610022656e-01	7.505474154359827177e-02	4.665546985145331560e-02	2.124172486189107936e-02	3.037360034322096961e-02
3.870216170924226162e+02	4.497477927169237222e-01	2.730250482158625980e-01	1.253381879735807058e-01	7.587705817808983177e-02	4.698901630216329589e-02	2.139696759829866693e-02	3.066982425555535990e-02
3.918593873060780197e+02	4.480015292519581860e-01	2.719501859183939829e-01	1.265614781769507369e-01	7.669463243511942530e-02	4.732011527860035399e-02	2.155141292788492757e-02	3.096454125156657133e-02
3.966971575197332527e+02	4.462650458578502621e-01	2.708813439902830744e-01	1.277783975257668070e-01	7.750748548370667290e-02	4.764879892714295184e-02	2.170506381529464790e-02	3.125775964042967064e-02
4.015349277333884856e+02	4.445382872234998617e-01	2.698184886324897502e-01	1.289889709907246218e-01	7.831563901848374865e-02	4.797509847987081050e-02	2.185792321091661536e-02	3.154948768448869595e-02
4.063726979470438323e+02	4.428211984029442605e-01	2.687615862096709995e-01	1.301932234719123394e-01	7.911911520778695806e-02	4.829904429542559302e-02	2.200999405317165952e-02	3.183973359956225602e-02
4.112104681606991221e+02	4.411137248050085446e-01	2.677106032558138615e-01	1.313911798108064743e-01	7.991793664537968911e-02	4.862066589762797930e-02	2.216127927059658581e-02	3.212850555524087576e-02
4.160482383743544119e+02	4.394158121844442544e-01	2.666655064785419804e-01	1.325828648010195232e-01	8.071212630556648393e-02	4.893999201198789145e-02	2.231178178373671370e-02	3.241581167517717382e-02
4.208860085880095880e+02	4.377274066342924375e-01	2.656262627623448003e-01	1.337683031978977033e-01	8.150170750147411880e-02	4.925705060023571197e-02	2.246150450685927696e-02	3.270166003736997562e-02
4.257237788016648778e+02	4.360484545792535083e-01	2.645928391709344019e-01	1.349475197270600668e-01	8.228670384628955503e-02	4.957186889299397548e-02	2.261045034949947519e-02	3.298605867444301398e-02
4.305615490153201677e+02	4.343789027698865546e-01	2.635652029488951276e-01	1.361205390919627833e-01	8.306713921725879246e-02	4.988447342070131962e-02	2.275862221785043479e-02	3.326901557391904324e-02
4.353993192289755143e+02	4.327186982774924306e-01	2.625433215227617745e-01	1.372873859805659735e-01	8.384303772226298079e-02	5.019489004289325734e-02	2.290602301600785928e-02	3.355053867848973442e-02
4.402370894426308041e+02	4.310677884895617318e-01	2.615271625016371004e-01	1.384480850711754252e-01	8.461442366880055077e-02	5.050314397593767823e-02	2.305265564707951673e-02	3.383063588628193452e-02
4.450748596562860939e+02	4.294261211056900618e-01	2.605166936774378494e-01	1.396026610375246946e-01	8.538132153521475753e-02	5.080925981931671415e-02	2.319852301416925472e-02	3.410931505112062279e-02
4.499126298699413837e+02	4.277936441338798801e-01	2.595118830248430153e-01	1.407511385531597381e-01	8.614375594401704750e-02	5.111326158054077529e-02	2.334362802124467090e-02	3.438658398278882783e-02
4.547504000835967304e+02	4.261703058871645911e-01	2.585126987010036848e-01	1.418935422951825009e-01	8.690175163716597206e-02	5.141517269877532437e-02	2.348797357389704674e-02	3.466245044728481078e-02
4.595881702972519065e+02	4.245560549804997530e-01	2.575191090450628661e-01	1.430298969474065873e-01	8.765533345317075287e-02	5.171501606725559946e-02	2.363156258000158674e-02	3.493692216707674353e-02
4.644259405109071963e+02	4.229508403278779971e-01	2.565310825775248271e-01	1.441602272029733345e-01	8.840452630589711036e-02	5.201281405456007617e-02	2.377439795028563410e-02	3.521000682135494442e-02
4.692637107245624861e+02	4.213546111396310190e-01	2.555485879995051390e-01	1.452845577664741150e-01	8.914935516496082235e-02	5.230858852480880367e-02	2.391648259881198196e-02	3.548171204628200459e-02
4.741014809382177759e+02	4.197673169198891663e-01	2.545715941918885727e-01	1.464029133556202511e-01	8.988984503760226452e-02	5.260236085684891205e-02	2.405781944338393485e-02	3.575204543524075629e-02
4.789392511518730657e+02	4.181889074641730319e-01	2.536000702144145524e-01	1.475153187025003421e-01	9.062602095194180474e-02	5.289415196248540424e-02	2.419841140587840680e-02	3.602101453908026357e-02
4.837770213655284124e+02	4.166193328570984566e-01	2.526339853047077644e-01	1.486217985544598386e-01	9.135790794152276462e-02	5.318398230381203573e-02	2.433826141251289876e-02	3.628862686635998119e-02
4.886147915791837022e+02	4.150585434701767884e-01	2.516733088772674098e-01	1.497223776746375024e-01	9.208553103105461546e-02	5.347187190969351217e-02	2.447737239405182313e-02	3.655488988359201219e-02
4.934525617928388783e+02	4.135064899596972987e-01	2.507180105224263156e-01	1.508170808421889775e-01	9.280891522327483489e-02	5.375784039144726467e-02	2.461574728595724779e-02	3.681981101548168628e-02
4.982903320064942250e+02	4.119631232646803753e-01	2.497680600052882283e-01	1.519059328522264773e-01	9.352808548685327683e-02	5.404190695776992653e-02	2.475338902848888203e-02	3.708339764516639658e-02
5.031281022201495148e+02	4.104283946048919440e-01	2.488234272646509537e-01	1.529889585155013443e-01	9.424306674526775063e-02	5.432409042895103984e-02	2.489030056675763797e-02	3.734565711445281960e-02
5.079658724338048046e+02	4.089022554789113473e-01	2.478840824119207531e-01	1.540661826578537397e-01	9.495388386658429325e-02	5.460440925041382815e-02	2.502648485073697901e-02	3.760659672405251841e-02
5.128036426474600376e+02	4.073846576622458526e-01	2.469499957300223814e-01	1.551376301194527518e-01	9.566056165408008682e-02	5.488288150562047746e-02	2.516194483523583394e-02	3.786622373381594298e-02
5.176414128611153274e+02	4.058755532054872384e-01	2.460211376723085708e-01	1.562033257538477937e-01	9.636312483765088754e-02	5.515952492837712662e-02	2.529668347983669852e-02	3.812454536296499413e-02
5.224791830747705035e+02	4.043748944325045169e-01	2.450974788614715960e-01	1.572632944268507749e-01	9.706159806594860662e-02	5.543435691457165859e-02	2.543070374880217893e-02	3.838156879032395691e-02
5.273169532884259070e+02	4.028826339386707422e-01	2.441789900884588915e-01	1.583175610152674773e-01	9.775600589919866690e-02	5.570739453337529568e-02	2.556400861095309979e-02	3.863730115454905994e-02
5.321547235020811968e+02	4.013987245891191824e-01	2.432656423113949973e-01	1.593661504054947053e-01	9.844637280264952051e-02	5.597865453793725993e-02	2.569660103952101440e-02	3.889174955435652226e-02
5.369924937157364866e+02	3.999231195170270259e-01	2.423574066545104710e-01	1.604090874919984200e-01	9.913272314061041812e-02	5.624815337559992134e-02	2.582848401197779947e-02	3.914492104874918443e-02
5.418302639293917764e+02	3.984557721219241233e-01	2.414542544070789887e-01	1.614463971756874561e-01	9.981508117103594924e-02	5.651590719766029502e-02	2.595966050984469323e-02	3.939682265724171739e-02
5.466680341430470662e+02	3.969966360680247663e-01	2.405561570223635759e-01	1.624781043621960075e-01	1.004934710406189952e-01	5.678193186870216652e-02	2.609013351848320575e-02	3.964746136008446414e-02
5.515058043567023560e+02	3.955456652825810604e-01	2.396630861165719717e-01	1.635042339600867589e-01	1.011679167803560681e-01	5.704624297552162576e-02	2.621990602686980962e-02	3.989684409848587993e-02
5.563435745703576458e+02	3.941028139542561148e-01	2.387750134678218172e-01	1.645248108789861829e-01	1.018384423015513546e-01	5.730885583566759645e-02	2.634898102735656195e-02	4.014497777483357066e-02
5.611813447840129356e+02	3.926680365315159404e-01	2.378919110151158089e-01	1.655398600276620780e-01	1.025050713922283918e-01	5.756978550561756003e-02	2.647736151541927457e-02	4.039186925291410324e-02
5.660191149976681118e+02	3.912412877210398321e-01	2.370137508573265939e-01	1.665494063120529777e-01	1.031678277139198990e-01	5.782904678860747993e-02	2.660505048939500183e-02	4.063752535813136557e-02
5.708568852113234016e+02	3.898225224861465721e-01	2.361405052521921288e-01	1.675534746332580094e-01	1.038267347988085509e-01	5.808665424213391854e-02	2.673205095021033428e-02	4.088195287772364295e-02
5.756946554249786914e+02	3.884116960452374534e-01	2.352721466153205876e-01	1.685520898854954985e-01	1.044818160471931295e-01	5.834262218514517373e-02	2.685836590110191394e-02	4.112515856097941763e-02
5.805324256386339812e+02	3.870087638702541244e-01	2.344086475192055097e-01	1.695452769540373439e-01	1.051330947252565595e-01	5.859696470493740150e-02	2.698399834733047203e-02	4.136714911945184314e-02
5.853701958522892710e+02	3.856136816851513660e-01	2.335499806922503585e-01	1.705330607131259613e-01	1.057805939631134007e-01	5.884969566377064309e-02	2.710895129588956551e-02	4.160793122717196951e-02
5.902079660659445608e+02	3.842264054643839688e-01	2.326961190178031824e-01	1.715154660238802642e-01	1.064243367531161055e-01	5.910082870521892601e-02	2.723322775521012235e-02	4.184751152086064324e-02
5.950457362795999643e+02	3.828468914314073213e-01	2.318470355332001298e-01	1.724925177321958991e-01	1.070643459484010435e-01	5.935037726026773375e-02	2.735683073486181588e-02	4.208589660013919986e-02
5.998835064932552541e+02	3.814750960571910432e-01	2.310027034288186509e-01	1.734642406666449810e-01	1.077006442616560145e-01	5.959835455317140374e-02	2.747976324525217007e-02	4.232309302773890058e-02
6.047212767069104302e+02	3.801109760587451092e-01	2.301630960471396092e-01	1.744306596363802975e-01	1.083332542640925988e-01	5.984477360708225641e-02	2.760202829732423535e-02	4.255910732970907134e-02
6.095590469205657200e+02	3.787544883976589061e-01	2.293281868818182190e-01	1.753917994290477012e-01	1.089621983846078279e-01	6.008964724946271735e-02	2.772362890225360185e-02	4.279394599562413859e-02
6.143968171342210098e+02	3.774055902786522809e-01	2.284979495767637814e-01	1.763476848087110194e-01	1.095874989091204371e-01	6.033298811729079919e-02	2.784456807114547849e-02	4.302761547878928422e-02
6.192345873478761860e+02	3.760642391481376912e-01	2.276723579252277474e-01	1.772983405137927571e-01	1.102091779800681987e-01	6.057480866206906706e-02	2.796484881473249376e-02	4.326012219644504581e-02
6.240723575615315895e+02	3.747303926927946782e-01	2.268513858689000795e-01	1.782437912550337289e-01	1.108272575960538020e-01	6.081512115464638574e-02	2.808447414307370035e-02	4.349147252997059843e-02
6.289101277751868793e+02	3.734040088381547773e-01	2.260350074970138567e-01	1.791840617134743963e-01	1.114417596116273057e-01	6.105393768986128872e-02	2.820344706525543949e-02	4.372167282508594016e-02
6.337478979888421691e+02	3.720850457471976958e-01	2.252231970454575127e-01	1.801191765384607679e-01	1.120527057371943358e-01	6.129127019101543450e-02	2.832177058909447070e-02	4.395072939205280083e-02
6.385856682024975726e+02	3.707734618189584275e-01	2.244159288958949006e-01	1.810491603456765297e-01	1.126601175390398862e-01	6.152713041418501894e-02	2.843944772084379402e-02	4.417864850587447517e-02
6.434234384161527487e+02	3.694692156871442479e-01	2.236131775748931294e-01	1.819740377152041788e-01	1.132640164394579513e-01	6.176152995237754739e-02	2.855648146490157718e-02	4.440543640649441404e-02
6.482612086298080385e+02	3.681722662187625339e-01	2.228149177530573677e-01	1.828938331896162450e-01	1.138644237169784412e-01	6.199448023954123171e-02	2.867287482352355241e-02	4.463109929899369832e-02
6.530989788434633283e+02	3.668825725127582427e-01	2.220211242441730848e-01	1.838085712720987086e-01	1.144613605066830547e-01	6.222599255443352073e-02	2.878863079653912194e-02	4.485564335378736806e-02
6.579367490571185044e+02	3.656000938986616600e-01	2.212317720043552594e-01	1.847182764246075581e-01	1.150548478006023223e-01	6.245607802435514111e-02	2.890375238107153674e-02	4.507907470681959267e-02
6.627745192707737942e+02	3.643247899352456409e-01	2.204468361312046654e-01	1.856229730660599875e-01	1.156449064481869793e-01	6.268474762875575479e-02	2.901824257126231835e-02	4.530139945975771715e-02
6.676122894844290840e+02	3.630566204091923432e-01	2.196662918629705696e-01	1.865226855705612585e-01	1.162315571568467293e-01	6.291201220271674943e-02	2.913210435800020481e-02	4.552262368018518413e-02
6.724500596980843738e+02	3.617955453337696192e-01	2.188901145777204515e-01	1.874174382656676741e-01	1.168148204925505973e-01	6.313788244031659502e-02	2.924534072865473538e-02	4.574275340179334570e-02
6.772878299117396637e+02	3.605415249475164563e-01	2.181182797925157180e-01	1.883072554306870761e-01	1.173947168804828495e-01	6.336236889788393611e-02	2.935795466681472357e-02	4.596179462457217896e-02
6.821256001253949535e+02	3.592945197129376877e-01	2.173507631625943015e-01	1.891921612950168696e-01	1.179712666057494697e-01	6.358548199714310345e-02	2.946994915203166032e-02	4.617975331499986347e-02
6.869633703390502433e+02	3.580544903152074188e-01	2.165875404805590876e-01	1.900721800365202385e-01	1.185444898141299469e-01	6.380723202825670792e-02	2.958132715956825892e-02	4.639663540623128329e-02
6.918011405527055331e+02	3.568213976608815563e-01	2.158285876755725863e-01	1.909473357799412185e-01	1.191144065128702106e-01	6.402762915276964673e-02	2.969209166015216589e-02	4.661244679828547427e-02
6.966389107663608229e+02	3.555952028766191653e-01	2.150738808125577384e-01	1.918176525953581846e-01	1.196810365715121061e-01	6.424668340645868503e-02	2.980224561973498359e-02	4.682719335823194023e-02
7.014766809800161127e+02	3.543758673079120403e-01	2.143233960914043557e-01	1.926831544966768339e-01	1.202443997227557043e-01	6.446440470209136020e-02	2.991179199925658727e-02	4.704088092037593538e-02
7.063144511936714025e+02	3.531633525178228816e-01	2.135771098461815287e-01	1.935438654401619440e-01	1.208045155633507700e-01	6.468080283209808046e-02	3.002073375441490638e-02	4.725351528644266413e-02
7.111522214073266923e+02	3.519576202857321312e-01	2.128349985443557801e-01	1.943998093230084045e-01	1.213614035550139858e-01	6.489588747116094292e-02	3.012907383544107670e-02	4.746510222576043325e-02
7.159899916209819821e+02	3.507586326060929682e-01	2.120970387860146023e-01	1.952510099819510792e-01	1.219150830253688395e-01	6.510966817872244905e-02	3.023681518688004985e-02	4.767564747544274922e-02
7.208277618346371582e+02	3.495663516871942433e-01	2.113632073030956848e-01	1.960974911919139696e-01	1.224655731689053145e-01	6.532215440141751761e-02	3.034396074737668453e-02	4.788515674056935401e-02
7.256655320482924481e+02	3.483807399499315172e-01	2.106334809586215551e-01	1.969392766646977377e-01	1.230128930479566923e-01	6.553335547543169548e-02	3.045051344946729174e-02	4.809363569436627545e-02
7.305033022619478515e+02	3.472017600265867032e-01	2.099078367459394079e-01	1.977763900477058079e-01	1.235570615936909949e-01	6.574328062878841139e-02	3.055647621937661318e-02	4.830108997838478135e-02
7.353410724756030277e+02	3.460293747596147051e-01	2.091862517879663763e-01	1.986088549227089661e-01	1.240980976071148351e-01	6.595193898356820073e-02	3.066185197682025354e-02	4.850752520267934825e-02
7.401788426892584312e+02	3.448635472004382696e-01	2.084687033364400199e-01	1.994366948046474297e-01	1.246360197600875491e-01	6.615933955806226063e-02	3.076664363481252523e-02	4.871294694598461011e-02
7.450166129029136073e+02	3.437042406082507218e-01	2.077551687711735873e-01	2.002599331404706084e-01	1.251708465963437267e-01	6.636549126886304162e-02	3.087085409947963599e-02	4.891736075589127319e-02
7.498543831165690108e+02	3.425514184488261948e-01	2.070456255993167460e-01	2.010785933080138921e-01	1.257025965325222761e-01	6.657040293289413768e-02	3.097448626987824721e-02	4.912077214902108024e-02
7.546921533302243006e+02	3.414050443933370205e-01	2.063400514546209763e-01	2.018926986149123803e-01	1.262312878592005139e-01	6.677408326938172323e-02	3.107754303781927116e-02	4.932318661120069919e-02
7.595299235438793630e+02	3.402650823171793903e-01	2.056384240967099597e-01	2.027022722975504454e-01	1.267569387419315574e-01	6.697654090176966002e-02	3.118002728769694171e-02	4.952460959763466813e-02
7.643676937575347665e+02	3.391314962988055126e-01	2.049407214103549646e-01	2.035073375200470991e-01	1.272795672222840069e-01	6.717778435958060568e-02	3.128194189632305805e-02	4.972504653307738276e-02
7.692054639711900563e+02	3.380042506185639284e-01	2.042469214047547832e-01	2.043079173732767484e-01	1.277991912188822521e-01	6.737782208022456698e-02	3.138328973276634237e-02	4.992450281200400825e-02
7.740432341848452324e+02	3.368833097575464341e-01	2.035570022128205259e-01	2.051040348739245622e-01	1.283158285284464184e-01	6.757666241075739599e-02	3.148407365819683168e-02	5.012298379878050991e-02
7.788810043985006359e+02	3.357686383964424981e-01	2.028709420904650229e-01	2.058957129635757555e-01	1.288294968268310636e-01	6.777431360959033924e-02	3.158429652573527258e-02	5.032049482783269856e-02
7.837187746121558121e+02	3.346602014144007819e-01	2.021887194158968615e-01	2.066829745078388736e-01	1.293402136700613769e-01	6.797078384815302687e-02	3.168396118030745306e-02	5.051704120381424190e-02
7.885565448258112156e+02	3.335579638878974906e-01	2.015103126889190022e-01	2.074658422955016901e-01	1.298479964953661303e-01	6.816608121251106767e-02	3.178307045850332913e-02	5.071262820177382252e-02
7.933943150394665054e+02	3.324618910896121604e-01	2.008357005302318921e-01	2.082443390377197168e-01	1.303528626222066056e-01	6.836021370493994276e-02	3.188162718844095994e-02	5.090726106732128275e-02
7.982320852531219089e+02	3.313719484873096088e-01	2.001648616807408798e-01	2.090184873672366606e-01	1.308548292533006085e-01	6.855318924545678039e-02	3.197963418963509913e-02	5.110094501679284668e-02
8.030698554667769713e+02	3.302881017427297672e-01	1.994977750008684603e-01	2.097883098376359667e-01	1.313539134756412652e-01	6.874501567331135765e-02	3.207709427287043502e-02	5.129368523741536373e-02
8.079076256804323748e+02	3.292103167104829531e-01	1.988344194698703216e-01	2.105538289226230597e-01	1.318501322615095728e-01	6.893570074843771711e-02	3.217401024007932042e-02	5.148548688746969887e-02
8.127453958940876646e+02	3.281385594369533032e-01	1.981747741851561384e-01	2.113150670153378374e-01	1.323435024694805118e-01	6.912525215286773050e-02	3.227038488422397794e-02	5.167635509645313041e-02
8.175831661077428407e+02	3.270727961592080346e-01	1.975188183616144733e-01	2.120720464276964756e-01	1.328340408454219412e-01	6.931367749210778917e-02	3.236622098918309071e-02	5.186629496524081118e-02
8.224209363213982442e+02	3.260129933039134231e-01	1.968665313309419240e-01	2.128247893897620147e-01	1.333217640234861945e-01	6.950098429648007836e-02	3.246152132964261888e-02	5.205531156624641775e-02
8.272587065350534203e+02	3.249591174862574428e-01	1.962178925409763519e-01	2.135733180491433680e-01	1.338066885270936535e-01	6.968718002242919873e-02	3.255628867099088358e-02	5.224340994358173118e-02
8.320964767487085965e+02	3.239111355088791222e-01	1.955728815550345223e-01	2.143176544704220032e-01	1.342888307699082462e-01	6.987227205379555051e-02	3.265052576921771699e-02	5.243059511321546823e-02
8.369342469623640000e+02	3.228690143608037855e-01	1.949314780512536316e-01	2.150578206346055454e-01	1.347682070568042290e-01	7.005626770305654893e-02	3.274423537081772029e-02	5.261687206313111348e-02
8.417720171760191761e+02	3.218327212163854534e-01	1.942936618219368583e-01	2.157938384386080544e-01	1.352448335848244754e-01	7.023917421253644822e-02	3.283742021269736577e-02	5.280224575348388405e-02
8.466097873896745796e+02	3.208022234342549073e-01	1.936594127729032444e-01	2.165257296947560584e-01	1.357187264441294394e-01	7.042099875558603672e-02	3.293008302208608185e-02	5.298672111675682694e-02
8.514475576033297557e+02	3.197774885562743030e-01	1.930287109228411568e-01	2.172535161303198459e-01	1.361899016189372369e-01	7.060174843773296682e-02	3.302222651645105728e-02	5.317030305791597272e-02
8.562853278169851592e+02	3.187584843064985574e-01	1.924015364026661068e-01	2.179772193870696539e-01	1.366583749884540955e-01	7.078143029780369078e-02	3.311385340341574390e-02	5.335299645456469814e-02
8.611230980306403353e+02	3.177451785901417858e-01	1.917778694548822049e-01	2.186968610208558372e-01	1.371241623277955346e-01	7.096005130901796021e-02	3.320496638068206469e-02	5.353480615709713814e-02
8.659608682442956251e+02	3.167375394925511789e-01	1.911576904329476689e-01	2.194124625012126573e-01	1.375872793088976920e-01	7.113761838005649984e-02	3.329556813595604958e-02	5.371573698885075826e-02
8.707986384579510286e+02	3.157355352781859859e-01	1.905409798006441613e-01	2.201240452109851919e-01	1.380477415014190745e-01	7.131413835610300733e-02	3.338566134687701720e-02	5.389579374625808744e-02
8.756364086716062047e+02	3.147391343896029925e-01	1.899277181314497631e-01	2.208316304459785329e-01	1.385055643736326225e-01	7.148961801986089548e-02	3.347524868095011485e-02	5.407498119899755568e-02
8.804741788852616082e+02	3.137483054464483279e-01	1.893178861079161668e-01	2.215352394146290482e-01	1.389607632933075876e-01	7.166406409254573451e-02	3.356433279548214077e-02	5.425330409014347821e-02
8.853119490989170117e+02	3.127630172444545442e-01	1.887114645210490604e-01	2.222348932376968789e-01	1.394133535285819181e-01	7.183748323485426857e-02	3.365291633752062750e-02	5.443076713631522789e-02
8.901497193125721878e+02	3.117832387544440809e-01	1.881084342696927036e-01	2.229306129479794174e-01	1.398633502488245695e-01	7.200988204791020086e-02	3.374100194379605483e-02	5.460737502782553321e-02
8.949874895262273640e+02	3.108089391213385011e-01	1.875087763599180002e-01	2.236224194900449935e-01	1.403107685254879611e-01	7.218126707418802412e-02	3.382859224066712966e-02	5.478313242882795753e-02
8.998252597398827675e+02	3.098400876631736689e-01	1.869124719044144012e-01	2.243103337199863767e-01	1.407556233329504414e-01	7.235164479841510454e-02	3.391568984406909126e-02	5.495804397746352488e-02
9.046630299535379436e+02	3.088766538701205322e-01	1.863195021218851111e-01	2.249943764051935968e-01	1.411979295493490938e-01	7.252102164845282417e-02	3.400229735946490306e-02	5.513211428600652692e-02
9.095008001671932334e+02	3.079186074035120124e-01	1.857298483364461794e-01	2.256745682241455830e-01	1.416377019574025231e-01	7.268940399615742010e-02	3.408841738179933800e-02	5.530534794100951806e-02
9.143385703808486369e+02	3.069659180948750010e-01	1.851434919770292842e-01	2.263509297662200104e-01	1.420749552452240383e-01	7.285679815822100613e-02	3.417405249545578394e-02	5.547774950344746409e-02
9.191763405945038130e+02	3.060185559449686843e-01	1.845604145767876791e-01	2.270234815315210208e-01	1.425097040071248711e-01	7.302321039699334604e-02	3.425920527421583844e-02	5.564932350886112045e-02
9.240141108081592165e+02	3.050764911228281973e-01	1.839805977725060271e-01	2.276922439307242640e-01	1.429419627444079577e-01	7.318864692128498883e-02	3.434387828122149183e-02	5.582007446749955026e-02
9.288518810218145063e+02	3.041396939648139397e-01	1.834040233040135637e-01	2.283572372849388965e-01	1.433717458661520061e-01	7.335311388715233527e-02	3.442807406893989147e-02	5.599000686446187897e-02
9.336896512354697961e+02	3.032081349736662212e-01	1.828306730136007585e-01	2.290184818255858179e-01	1.437990676899859877e-01	7.351661739866488521e-02	3.451179517913061101e-02	5.615912515983821629e-02
9.385274214491247449e+02	3.022817848175657907e-01	1.822605288454395012e-01	2.296759976942920889e-01	1.442239424428543859e-01	7.367916350865552633e-02	3.459504414281537599e-02	5.632743378884983582e-02
9.433651916627801484e+02	3.013606143291998052e-01	1.816935728450066179e-01	2.303298049428006977e-01	1.446463842617727591e-01	7.384075821945403073e-02	3.467782348025013478e-02	5.649493716198847326e-02
9.482029618764355519e+02	3.004445945048329625e-01	1.811297871585107744e-01	2.309799235328956479e-01	1.450664071945743649e-01	7.400140748360438392e-02	3.476013570089948879e-02	5.666163966515494477e-02
9.530407320900908417e+02	2.995336965033841836e-01	1.805691540323229316e-01	2.316263733363414790e-01	1.454840252006474322e-01	7.416111720456634859e-02	3.484198330341333610e-02	5.682754565979690475e-02
9.578785023037459041e+02	2.986278916455087917e-01	1.800116558124098820e-01	2.322691741348372474e-01	1.458992521516634666e-01	7.431989323740163800e-02	3.492336877560569403e-02	5.699265948304586132e-02
9.627162725174014213e+02	2.977271514126859642e-01	1.794572749437714221e-01	2.329083456199842472e-01	1.463121018322965095e-01	7.447774138944526778e-02	3.500429459443570035e-02	5.715698544785342144e-02
9.675540427310568248e+02	2.968314474463113473e-01	1.789059939698805224e-01	2.335439073932673859e-01	1.467225879409335687e-01	7.463466742096226680e-02	3.508476322599066166e-02	5.732052784312674509e-02
9.723918129447120009e+02	2.959407515467952221e-01	1.783577955321269393e-01	2.341758789660492446e-01	1.471307240903763358e-01	7.479067704579035747e-02	3.516477712547108614e-02	5.748329093386327776e-02
9.772295831583674044e+02	2.950550356726654444e-01	1.778126623692641850e-01	2.348042797595774056e-01	1.475365238085341313e-01	7.494577593196882770e-02	3.524433873717774252e-02	5.764527896128466417e-02
9.820673533720223531e+02	2.941742719396761574e-01	1.772705773168595511e-01	2.354291291050036594e-01	1.479400005391085238e-01	7.509996970235406633e-02	3.532345049450053703e-02	5.780649614296995420e-02
9.869051235856777566e+02	2.932984326199211123e-01	1.767315233067472680e-01	2.360504462434152850e-01	1.483411676422694281e-01	7.525326393522194235e-02	3.540211481990934717e-02	5.796694667298805254e-02
9.917428937993331601e+02	2.924274901409525396e-01	1.761954833664851339e-01	2.366682503258781822e-01	1.487400383953228489e-01	7.540566416485772194e-02	3.548033412494654149e-02	5.812663472202941883e-02
9.965806640129884499e+02	2.915614170849049613e-01	1.756624406188142251e-01	2.372825604134908839e-01	1.491366259933705474e-01	7.555717588213339830e-02	3.555811081022133141e-02	5.828556443753700467e-02
