0.000000000000000000e+00	1.016803490516149822e+00	2.488823966580177965e-20	4.856812184777255210e-19	9.183150117284509005e-19	2.363229520501685746e-21	1.300882280334870775e-19	6.123593787362716234e-20
4.837770213655283591e+00	9.427234963856674366e-01	6.724948765957007579e-02	7.417673262207984770e-04	5.805448951741848905e-04	2.024566013909038197e-03	2.802603850615464215e-03	6.810243849927755241e-04
9.675540427310567182e+00	8.816341340091461420e-01	1.220083555351850202e-01	2.418141206125635611e-03	1.331350489101382033e-03	3.793607129222478259e-03	4.300371282834272377e-03	1.317530864534940949e-03
1.451331064096584811e+01	8.311732232957590449e-01	1.665455047958753210e-01	4.517370167178469571e-03	2.176181806948449156e-03	5.362161277702106807e-03	5.112861958392718280e-03	1.916187214293737021e-03
1.935108085462113081e+01	7.894107660607024846e-01	2.027176463726420297e-01	6.776403189246720145e-03	3.073999594162869515e-03	6.769596404850157859e-03	5.572131341945941313e-03	2.482947552599658412e-03
2.418885106827641707e+01	7.547688709589778222e-01	2.320443323870639840e-01	9.064479792235976760e-03	4.002726373575175856e-03	8.045163094763069928e-03	5.854961038960763108e-03	3.022956870572988518e-03
2.902662128193169622e+01	7.259569686046152270e-01	2.557692605857656010e-01	1.132044328608884307e-02	4.950466987617493583e-03	9.211292629366834087e-03	6.054482773758923173e-03	3.540575648936874521e-03
3.386439149558698603e+01	7.019191940526620099e-01	2.749103945753388900e-01	1.351912024352206962e-02	5.910768736167599374e-03	1.028562046623042459e-02	6.218936656499929501e-03	4.039455785729006987e-03
3.870216170924226162e+01	6.817915399022713707e-01	2.903009573639755980e-01	1.565340130124598383e-02	6.880068971166669253e-03	1.128227617680910636e-02	6.372613775697502821e-03	4.522633024983617467e-03
4.353993192289755143e+01	6.648669046770107061e-01	3.026229694311493579e-01	1.772478351660839585e-02	7.856325898297746024e-03	1.221274101015652064e-02	6.527146929672481522e-03	4.992619053254597136e-03
4.837770213655283413e+01	6.505665483508925595e-01	3.124346922909980728e-01	1.973845613618801023e-02	8.838288314362157533e-03	1.308644270299712427e-02	6.687576907384819823e-03	5.451485813327092145e-03
5.321547235020811684e+01	6.384167623659101620e-01	3.201930877748360715e-01	2.170081227862612552e-02	9.825109502098527958e-03	1.391118465118978270e-02	6.855594572851318909e-03	5.900939370637712372e-03
5.805324256386339954e+01	6.280297916977243267e-01	3.262721997597463619e-01	2.361824461736944034e-02	1.081614579337985931e-02	1.469346629373390230e-02	7.031259339016882048e-03	6.342383015178866025e-03
6.289101277751868224e+01	6.190882286437882076e-01	3.309781994415902928e-01	2.549661127294932869e-02	1.181085364335052526e-02	1.543872895981985086e-02	7.213898203922649438e-03	6.776970350728841151e-03
6.772878299117397205e+01	6.113322436516180902e-01	3.345617001868089191e-01	2.734104365629919098e-02	1.280873878204124086e-02	1.615154855022524205e-02	7.402566153351858302e-03	7.205649535805261872e-03
7.256655320482924765e+01	6.045491358617802735e-01	3.372278377170217500e-01	2.915592207999466098e-02	1.380933250858549198e-02	1.683578893208154473e-02	7.596273489262460148e-03	7.629199927423609834e-03
7.740432341848452324e+01	5.985647810945432523e-01	3.391445212593127145e-01	3.094492784961252671e-02	1.481218181175531987e-02	1.749472544823016049e-02	7.794090739224891415e-03	8.048262313470909424e-03
8.224209363213981305e+01	5.932366322697072425e-01	3.404491876064058564e-01	3.271112494488584432e-02	1.581684626614895950e-02	1.813114517505091602e-02	7.995190461807025889e-03	8.463363792143996020e-03
8.707986384579510286e+01	5.884479901950638858e-01	3.412543297557575350e-01	3.445704801248648808e-02	1.682289802116736926e-02	1.874742878460216797e-02	8.198857534547562831e-03	8.874938212524769235e-03
9.191763405945040688e+01	5.841033140234542786e-01	3.416520224809556083e-01	3.618478581201745037e-02	1.782992300100409017e-02	1.934561767572551619e-02	8.404484572586582575e-03	9.283342950406236332e-03
9.675540427310566827e+01	5.801243826365324319e-01	3.417176268333060873e-01	3.789605567420743087e-02	1.883752238954803856e-02	1.992746920698716673e-02	8.611561108470307604e-03	9.688872667098254524e-03
1.015931744867609581e+02	5.764471525117487172e-01	3.415128225445184795e-01	3.959226774893932765e-02	1.984531397493384877e-02	2.049450226110307444e-02	8.819660885834659098e-03	1.009177058907170972e-02
1.064309447004162337e+02	5.730191856791494454e-01	3.410880902701343143e-01	4.127457935142735818e-02	2.085293318571416338e-02	2.104803491874544449e-02	9.028429358098319368e-03	1.049223775288079391e-02
1.112687149140715235e+02	5.697975443217531133e-01	3.404847434882591339e-01	4.294394036876952869e-02	2.186003377832747632e-02	2.158921567255394844e-02	9.237572305044764939e-03	1.089044058144194964e-02
1.161064851277267991e+02	5.667470673496947109e-01	3.397365917581948169e-01	4.460113089933136210e-02	2.286628819511034305e-02	2.211904934030925127e-02	9.446845880932804723e-03	1.128651709257666273e-02
1.209442553413820747e+02	5.638389596441795160e-01	3.388713022197795133e-01	4.624679229315834667e-02	2.387138763649046883e-02	2.263841862024670859e-02	9.656048115475733551e-03	1.168058198681969258e-02
1.257820255550373645e+02	5.610496372431891254e-01	3.379115140801528527e-01	4.788145266247224169e-02	2.487504189774965985e-02	2.314810205818015540e-02	9.865011757341099474e-03	1.207273081706485875e-02
1.306197957686926259e+02	5.583597820340275852e-01	3.368757509021521601e-01	4.950554779827889829e-02	2.587697901912364498e-02	2.364878905606566245e-02	1.007359830041591915e-02	1.246304340608624106e-02
1.354575659823479441e+02	5.557535679428740050e-01	3.357791673781126973e-01	5.111943829210631451e-02	2.687694479281848084e-02	2.414109243793031642e-02	1.028169302433208469e-02	1.285158664797618130e-02
1.402953361960032339e+02	5.532180275077415166e-01	3.346341606175057271e-01	5.272342353451142660e-02	2.787470216420307942e-02	2.462555899646194993e-02	1.048920089078894148e-02	1.323841680493742859e-02
1.451331064096584669e+02	5.507425333661443156e-01	3.334508705289682129e-01	5.431775314948605188e-02	2.887003055815849650e-02	2.510267836792206414e-02	1.069604315477210889e-02	1.362358139069892726e-02
1.499708766233137851e+02	5.483183738094715709e-01	3.322375894177800881e-01	5.590263632734848720e-02	2.986272515584513856e-02	2.557289052118704581e-02	1.090215456921744298e-02	1.400712071530047648e-02
1.548086468369690749e+02	5.459384053384059854e-01	3.310010972694094611e-01	5.747824943728553626e-02	3.085259614217196814e-02	2.603659209607349020e-02	1.110748108034763718e-02	1.438906915245614232e-02
1.596464170506243647e+02	5.435967682498362707e-01	3.297469362015845173e-01	5.904474223277855760e-02	3.183946794003660735e-02	2.649414178459429114e-02	1.131197792769867566e-02	1.476945617962137705e-02
1.644841872642796261e+02	5.412886538201028275e-01	3.284796351213147836e-01	6.060224290686085091e-02	3.282317844389660150e-02	2.694586491474938381e-02	1.151560807741419667e-02	1.514830723181161652e-02
1.693219574779349159e+02	5.390101137240083107e-01	3.272028936210146788e-01	6.215086220772347847e-02	3.380357826234604152e-02	2.739205736851899053e-02	1.171834092975108758e-02	1.552564440278761740e-02
1.741597276915902057e+02	5.367579040272310031e-01	3.259197325088677988e-01	6.369069678699978976e-02	3.478052997701878285e-02	2.783298894278933219e-02	1.192015125210640208e-02	1.590148702113709095e-02
1.789974979052454671e+02	5.345293574798937186e-01	3.246326170269164257e-01	6.522183192171200627e-02	3.575390742323486526e-02	2.826890624309700770e-02	1.212101829749664614e-02	1.627585212379944329e-02
1.838352681189008138e+02	5.323222789769586072e-01	3.233435577121086535e-01	6.674434372516555025e-02	3.672359499627456808e-02	2.870003518458907193e-02	1.232092507555283822e-02	1.664875484550067120e-02
1.886730383325560467e+02	5.301348599825890240e-01	3.220541929565344796e-01	6.825830094102866563e-02	3.768948698593996977e-02	2.912658316185691432e-02	1.251985774897592871e-02	1.702020873922499913e-02
1.935108085462113081e+02	5.279656084781039205e-01	3.207658565871797096e-01	6.976376639760574483e-02	3.865148694109135641e-02	2.954874093881828048e-02	1.271780513323613609e-02	1.739022604011477777e-02
1.983485787598666263e+02	5.258132916173042792e-01	3.194796331831352143e-01	7.126079818521631470e-02	3.960950706507921498e-02	2.996668430118828302e-02	1.291475828127611539e-02	1.775881788295050404e-02
2.031863489735219162e+02	5.236768887838659792e-01	3.181964033550927495e-01	7.274945060806149721e-02	4.056346764239361635e-02	3.038057550696493525e-02	1.311071013824214974e-02	1.812599448152899667e-02
2.080241191871772060e+02	5.215555531637217079e-01	3.169168808083183131e-01	7.422977495253189895e-02	4.151329649638992730e-02	3.079056456448582210e-02	1.330565525394626809e-02	1.849176527675603851e-02
2.128618894008324673e+02	5.194485802877070180e-01	3.156416426798768771e-01	7.570182010620282731e-02	4.245892847759655947e-02	3.119679036276724535e-02	1.349958954295947880e-02	1.885613905903995788e-02
2.176996596144877287e+02	5.173553822799844548e-01	3.143711543704189593e-01	7.716563305546314533e-02	4.340030498184645896e-02	3.159938167483285903e-02	1.369251008403859354e-02	1.921912406956549982e-02
2.225374298281430470e+02	5.152754667771624053e-01	3.131057898694366570e-01	7.862125928457512625e-02	4.433737349728042454e-02	3.199845805142561422e-02	1.388441495206725954e-02	1.958072808420241104e-02
2.273752000417983652e+02	5.132084196708064372e-01	3.118458483916685675e-01	8.006874309475618678e-02	4.527008717913445085e-02	3.239413061975237457e-02	1.407530307690439339e-02	1.994095848312752925e-02
2.322129702554535982e+02	5.111538909797554986e-01	3.105915679939786345e-01	8.150812785843672414e-02	4.619840445113214400e-02	3.278650279963346570e-02	1.426517412452768356e-02	2.029982230868575613e-02
2.370507404691088880e+02	5.091115832844842481e-01	3.093431367206001537e-01	8.293945622104156867e-02	4.712228863224811326e-02	3.317567094753801071e-02	1.445402839667605209e-02	2.065732631356174964e-02
2.418885106827641494e+02	5.070812422587509527e-01	3.081007017252285762e-01	8.436277026035049476e-02	4.804170758758124354e-02	3.356172493741127472e-02	1.464186674586454018e-02	2.101347700096285742e-02
2.467262808964194392e+02	5.050626489180864986e-01	3.068643767370777820e-01	8.577811161162202103e-02	4.895663340207170866e-02	3.394474868588770455e-02	1.482869050319492524e-02	2.136828065820926478e-02
2.515640511100747290e+02	5.030556132736971886e-01	3.056342481714061643e-01	8.718552156513793838e-02	4.986704207580719417e-02	3.432482062838689008e-02	1.501450141683667756e-02	2.172174338487798187e-02
2.564018213237300188e+02	5.010599691368489150e-01	3.044103801304963719e-01	8.858504114157897402e-02	5.077291323968843861e-02	3.470201415167097070e-02	1.519930159942372780e-02	2.207387111644269762e-02
2.612395915373852517e+02	4.990755698650511385e-01	3.031928184964410855e-01	8.997671114962679795e-02	5.167422989025800134e-02	3.507639798767193950e-02	1.538309348291709740e-02	2.242466964418405109e-02
2.660773617510405415e+02	4.971022848792123749e-01	3.019815942805533227e-01	9.136057222935757560e-02	5.257097814253722939e-02	3.544803657274844116e-02	1.556587977973396611e-02	2.277414463200721703e-02
2.709151319646958882e+02	4.951399968119303274e-01	3.007767263643146838e-01	9.273666488431744903e-02	5.346314699976181806e-02	3.581699037598488206e-02	1.574766344914971250e-02	2.312230163069120201e-02
2.757529021783511780e+02	4.931885991724472840e-01	2.995782237422947025e-01	9.410502950461990812e-02	5.435072813895516081e-02	3.618331619968250673e-02	1.592844766814896507e-02	2.346914609000154417e-02
2.805906723920064678e+02	4.912479944345644611e-01	2.983860873574371020e-01	9.546570638295630296e-02	5.523371571132909552e-02	3.654706745479929103e-02	1.610823580604138841e-02	2.381468336902240260e-02
2.854284426056617008e+02	4.893180924708098178e-01	2.972003116027054914e-01	9.681873572504666459e-02	5.611210615655287670e-02	3.690829441376085318e-02	1.628703140227274679e-02	2.415891874500156883e-02
2.902662128193169337e+02	4.873988092700664576e-01	2.960208855496543334e-01	9.816415765576061436e-02	5.698589802998229453e-02	3.726704444277854217e-02	1.646483814695688663e-02	2.450185742095092531e-02
2.951039830329722804e+02	4.854900658872592922e-01	2.948477939535005810e-01	9.950201222189780648e-02	5.785509184199141841e-02	3.762336221556585730e-02	1.664165986373235956e-02	2.484350453220269053e-02
2.999417532466276270e+02	4.835917875830222368e-01	2.936810180752756905e-01	1.008323393924207001e-01	5.871968990859869481e-02	3.797728991013307742e-02	1.681750049461217325e-02	2.518386515208743959e-02
3.047795234602828600e+02	4.817039031188996012e-01	2.925205363542717762e-01	1.021551790567740425e-01	5.957969621262688281e-02	3.832886739015785998e-02	1.699236408654863223e-02	2.552294429687124513e-02
3.096172936739380930e+02	4.798263441798841233e-01	2.913663249579698244e-01	1.034705710217966312e-01	6.043511627468266950e-02	3.867813237227122475e-02	1.716625477947947287e-02	2.586074693006615299e-02
3.144550638875934396e+02	4.779590449012075526e-01	2.902183582317025001e-01	1.047785550076264088e-01	6.128595703328574423e-02	3.902512058046088417e-02	1.733917679565826972e-02	2.619727796620881233e-02
3.192928341012487294e+02	4.761019414804875671e-01	2.890766090662649779e-01	1.060791706429159431e-01	6.213222673351959102e-02	3.936986588867345122e-02	1.751113443010247211e-02	2.653254227418622505e-02
3.241306043149040192e+02	4.742549718597609543e-01	2.879410491983823150e-01	1.073724574596068848e-01	6.297393482361628159e-02	3.971240045259143148e-02	1.768213204201787500e-02	2.686654468017460329e-02
3.289683745285592522e+02	4.724180754647387404e-01	2.868116494562344410e-01	1.086584548874577616e-01	6.381109185892565316e-02	4.005275483146802928e-02	1.785217404707937355e-02	2.719928997024641248e-02
3.338061447422145420e+02	4.705911929909163960e-01	2.856883799600259954e-01	1.099372022484746414e-01	6.464370941275544846e-02	4.039095810082064114e-02	1.802126491046545514e-02	2.753078289269184770e-02
3.386439149558698318e+02	4.687742662280508510e-01	2.845712102857742010e-01	1.112087387513595316e-01	6.547179999360286384e-02	4.072703795671080845e-02	1.818940914055864472e-02	2.786102816009352473e-02
3.434816851695251216e+02	4.669672379160562103e-01	2.834601095990042507e-01	1.124731034860624729e-01	6.629537696833014138e-02	4.106102081227372413e-02	1.835661128323647778e-02	2.819003045118717576e-02
3.483194553831804114e+02	4.651700516266291663e-01	2.823550467638272776e-01	1.137303354185013049e-01	6.711445449086689274e-02	4.139293188710210097e-02	1.852287591668785177e-02	2.851779441253589689e-02
3.531572255968357013e+02	4.633826516659470540e-01	2.812559904318812087e-01	1.149804733854945804e-01	6.792904743605016060e-02	4.172279529003755649e-02	1.868820764669845702e-02	2.884432466004152248e-02
3.579949958104909342e+02	4.616049829946255456e-01	2.801629091148009620e-01	1.162235560899393810e-01	6.873917133823982673e-02	4.205063409587569967e-02	1.885261110235630228e-02	2.916962578031288486e-02
3.628327660241463377e+02	4.598369911618135353e-01	2.790757712432188065e-01	1.174596220962546289e-01	6.954484233437188689e-02	4.237647041644903440e-02	1.901609093213455295e-02	2.949370233190811569e-02
3.676705362378016275e+02	4.580786222508702044e-01	2.779945452147501994e-01	1.186887098261013851e-01	7.034607711113510797e-02	4.270032546651387345e-02	1.917865180031432665e-02	2.981655884646547058e-02
3.725083064514568036e+02	4.563298228345296637e-01	2.769191994329740503e-01	1.199108575543854638e-01	7.114289285597895363e-02	4.302221962483276235e-02	1.934029838371448262e-02	3.013819982973520509e-02
3.773460766651120935e+02	4.545905399378417089e-01	2.758497023390512060e-01	1.211261034055421126e-01	7.193530721168006625e-02	4.334217249081276369e-02	1.950103536869941812e-02	3.045862976252331628e-02
3.821838468787673833e+02	4.528607210074832579e-01	2.747860224373269711e-01	1.223344853500989149e-01	7.272333823421464616e-02	4.366020293703121169e-02	1.966086744843910730e-02	3.077785310155651405e-02
3.870216170924226162e+02	4.511403138862928319e-01	2.737281283160167833e-01	1.235360412015099468e-01	7.350700435370090269e-02	4.397632915795497005e-02	1.981979932039858866e-02	3.109587428027649203e-02
3.918593873060780197e+02	4.494292667920870010e-01	2.726759886638763786e-01	1.247308086132524335e-01	7.428632433819273850e-02	4.429056871513486343e-02	1.997783568403649693e-02	3.141269770957071106e-02
3.966971575197332527e+02	4.477275282999867434e-01	2.716295722835916360e-01	1.259188250761751615e-01	7.506131726012109373e-02	4.460293857913586596e-02	2.013498123869436607e-02	3.172832777844580149e-02
4.015349277333884856e+02	4.460350473276246674e-01	2.705888481024916192e-01	1.271001279160877406e-01	7.583200246519385124e-02	4.491345516844325036e-02	2.029124068166042461e-02	3.204276885464911462e-02
4.063726979470438323e+02	4.443517731227144552e-01	2.695537851810761998e-01	1.282747542915785577e-01	7.659839954357823555e-02	4.522213438556688114e-02	2.044661870639306878e-02	3.235602528524331167e-02
4.112104681606991221e+02	4.426776552525593655e-01	2.685243527197616609e-01	1.294427411920493209e-01	7.736052830320246099e-02	4.552899165054894587e-02	2.060112000089081227e-02	3.266810139713813982e-02
4.160482383743544119e+02	4.410126435951536306e-01	2.675005200641733527e-01	1.306041254359539550e-01	7.811840874502479215e-02	4.583404193206502830e-02	2.075474924619660766e-02	3.297900149758334343e-02
4.208860085880095880e+02	4.393566883315914717e-01	2.664822567092545724e-01	1.317589436692297999e-01	7.887206104012887964e-02	4.613729977629420914e-02	2.090751111502568357e-02	3.328872987462605515e-02
4.257237788016648778e+02	4.377097399395517008e-01	2.654695323024116038e-01	1.329072323639094722e-01	7.962150550851437858e-02	4.643877933372084210e-02	2.105941027050696815e-02	3.359729079753569908e-02
4.305615490153201677e+02	4.360717491876662799e-01	2.644623166458748842e-01	1.340490278169016447e-01	8.036676259946121115e-02	4.673849438401840584e-02	2.121045136502907463e-02	3.390468851719919546e-02
4.353993192289755143e+02	4.344426671306167997e-01	2.634605796984230142e-01	1.351843661489301462e-01	8.110785287335434135e-02	4.703645835915500062e-02	2.136063903918261619e-02	3.421092726648889554e-02
4.402370894426308041e+02	4.328224451048305332e-01	2.624642915765894591e-01	1.363132833036204417e-01	8.184479698486410437e-02	4.733268436484947689e-02	2.150997792079131082e-02	3.451601126060548780e-02
4.450748596562860939e+02	4.312110347246712605e-01	2.614734225554501967e-01	1.374358150467240303e-01	8.257761566738459902e-02	4.762718520049783605e-02	2.165847262402498946e-02	3.481994469739792958e-02
4.499126298699413837e+02	4.296083878790375454e-01	2.604879430690717479e-01	1.385519969654706585e-01	8.330632971863967395e-02	4.791997337768080095e-02	2.180612774858821379e-02	3.512273175766215255e-02
4.547504000835967304e+02	4.280144567282992418e-01	2.595078237106852592e-01	1.396618644680397703e-01	8.403095998737233896e-02	4.821106113735520310e-02	2.195294787897865765e-02	3.542437660542029770e-02
4.595881702972519065e+02	4.264291937015126099e-01	2.585330352326394854e-01	1.407654527831426194e-01	8.475152736103962192e-02	4.850046046582439513e-02	2.209893758380997164e-02	3.572488338818201326e-02
4.644259405109071963e+02	4.248525514938674696e-01	2.575635485461763574e-01	1.418627969597070770e-01	8.546805275444047112e-02	4.878818310957605542e-02	2.224410141519422152e-02	3.602425623718907149e-02
4.692637107245624861e+02	4.232844830643268108e-01	2.565993347210637765e-01	1.429539318666577796e-01	8.618055709920921514e-02	4.907424058906909026e-02	2.238844390817932781e-02	3.632249926764476167e-02
4.741014809382177759e+02	4.217249416334267198e-01	2.556403649851152204e-01	1.440388921927842070e-01	8.688906133411244959e-02	4.935864421154556592e-02	2.253196958023748198e-02	3.661961657892905814e-02
4.789392511518730657e+02	4.201738806812104765e-01	2.546866107236189780e-01	1.451177124466909163e-01	8.759358639609100827e-02	4.964140508293803794e-02	2.267468293080054931e-02	3.691561225480075037e-02
4.837770213655284124e+02	4.186312539452745618e-01	2.537380434786958849e-01	1.461904269568227166e-01	8.829415321199354794e-02	4.992253411893751713e-02	2.281658844083905846e-02	3.721049036358747841e-02
4.886147915791837022e+02	4.170970154189088674e-01	2.527946349486014932e-01	1.472570698715604531e-01	8.899078269095146709e-02	5.020204205528257246e-02	2.295769057248139844e-02	3.750425495836452738e-02
4.934525617928388783e+02	4.155711193493171751e-01	2.518563569869846086e-01	1.483176751593806020e-01	8.968349571734908487e-02	5.047993945732572735e-02	2.309799376867030518e-02	3.779691007712331768e-02
4.982903320064942250e+02	4.140535202359043043e-01	2.509231816021127992e-01	1.493722766090747889e-01	9.037231314434571172e-02	5.075623672892920490e-02	2.323750245285378935e-02	3.808845974293024322e-02
5.031281022201495148e+02	4.125441728286209919e-01	2.499950809560727572e-01	1.504209078300242086e-01	9.105725578791000474e-02	5.103094412073830299e-02	2.337622102870792751e-02	3.837890796407667643e-02
5.079658724338048046e+02	4.110430321263581210e-01	2.490720273639517868e-01	1.514636022525246428e-01	9.173834442132927647e-02	5.130407173787721042e-02	2.351415387988916098e-02	3.866825873422067433e-02
5.128036426474600376e+02	4.095500533753831385e-01	2.481539932930066084e-01	1.525003931281580238e-01	9.241559977015932625e-02	5.157562954710883524e-02	2.365130536981389225e-02	3.895651603252109352e-02
5.176414128611153274e+02	4.080651920678128874e-01	2.472409513618228361e-01	1.535313135302070198e-01	9.308904250758308352e-02	5.184562738349718369e-02	2.378767984146330089e-02	3.924368382376462044e-02
5.224791830747705035e+02	4.065884039401189698e-01	2.463328743394690712e-01	1.545563963541089492e-01	9.375869325014814237e-02	5.211407495660808076e-02	2.392328161721155727e-02	3.952976605848620983e-02
5.273169532884259070e+02	4.051196449716605308e-01	2.454297351446480258e-01	1.555756743179460833e-01	9.442457255385584836e-02	5.238098185628137921e-02	2.405811499867559905e-02	3.981476667308347928e-02
5.321547235020811968e+02	4.036588713832426900e-01	2.445315068448470630e-01	1.565891799629690884e-01	9.508670091057629115e-02	5.264635755800552153e-02	2.419218426658492627e-02	4.009868958992540006e-02
5.369924937157364866e+02	4.022060396356961776e-01	2.436381626554896263e-01	1.575969456541509439e-01	9.574509874476559712e-02	5.291021142792293186e-02	2.432549368066985740e-02	4.038153871745581158e-02
5.418302639293917764e+02	4.007611064284778979e-01	2.427496759390889713e-01	1.585990035807688658e-01	9.639978641046349772e-02	5.317255272749285555e-02	2.445804747956689673e-02	4.066331795029200918e-02
5.466680341430470662e+02	3.993240286982884246e-01	2.418660202044054797e-01	1.595953857570116263e-01	9.705078418855056510e-02	5.343339061783611288e-02	2.458984988073989117e-02	4.094403116931884939e-02
5.515058043567023560e+02	3.978947636177070368e-01	2.409871691056076348e-01	1.605861240226104658e-01	9.769811228424664373e-02	5.369273416378469999e-02	2.472090508041580037e-02	4.122368224177867108e-02
5.563435745703576458e+02	3.964732685938408552e-01	2.401130964414383007e-01	1.615712500434909049e-01	9.834179082483231193e-02	5.395059233765736595e-02	2.485121725353397343e-02	4.150227502135730301e-02
5.611813447840129356e+02	3.950595012669885775e-01	2.392437761543856345e-01	1.625507953124440685e-01	9.898183985757752490e-02	5.420697402278079613e-02	2.498079055370790863e-02	4.177981334826647020e-02
5.660191149976681118e+02	3.936534195093169819e-01	2.383791823298599954e-01	1.635247911498159401e-01	9.961827934786206262e-02	5.446188801677468577e-02	2.510962911319850402e-02	4.205630104932282093e-02
5.708568852113234016e+02	3.922549814235495869e-01	2.375192891953762098e-01	1.644932687042119368e-01	1.002511291774737801e-01	5.471534303461757232e-02	2.523773704289800079e-02	4.233174193802388685e-02
5.756946554249786914e+02	3.908641453416668576e-01	2.366640711197418867e-01	1.654562589532166117e-01	1.008804091430716837e-01	5.496734771150913607e-02	2.536511843232369667e-02	4.260613981462106625e-02
5.805324256386339812e+02	3.894808698236175148e-01	2.358135026122515354e-01	1.664137927041258735e-01	1.015061389548016363e-01	5.521791060554358949e-02	2.549177734962079084e-02	4.287949846619001221e-02
5.853701958522892710e+02	3.881051136560399462e-01	2.349675583218867603e-01	1.673659005946911971e-01	1.021283382350535729e-01	5.546704020020757492e-02	2.561771784157353127e-02	4.315182166669841168e-02
5.902079660659445608e+02	3.867368358509934434e-01	2.341262130365224792e-01	1.683126130938744913e-01	1.027470265173496961e-01	5.571474490671524116e-02	2.574294393362410588e-02	4.342311317707153728e-02
5.950457362795999643e+02	3.853759956446994317e-01	2.332894416821391093e-01	1.692539605026121552e-01	1.033622232453541290e-01	5.596103306619199663e-02	2.586745962989864256e-02	4.369337674525555770e-02
5.998835064932552541e+02	3.840225524962916914e-01	2.324572193220403593e-01	1.701899729545875706e-01	1.039739477719948957e-01	5.620591295171785406e-02	2.599126891323976646e-02	4.396261610627887756e-02
6.047212767069104302e+02	3.826764660865753509e-01	2.316295211560773226e-01	1.711206804170111728e-01	1.045822193586900123e-01	5.644939277024035862e-02	2.611437574524515248e-02	4.423083498231159677e-02
6.095590469205657200e+02	3.813376963167949274e-01	2.308063225198778712e-01	1.720461126914069605e-01	1.051870571746699873e-01	5.669148066436637684e-02	2.623678406631166013e-02	4.449803708272325603e-02
6.143968171342210098e+02	3.800062033074099177e-01	2.299875988840821006e-01	1.729662994144046950e-01	1.057884802963894449e-01	5.693218471404142694e-02	2.635849779568455800e-02	4.476422610413889613e-02
6.192345873478761860e+02	3.786819473968798810e-01	2.291733258535830486e-01	1.738812700585371795e-01	1.063865077070213633e-01	5.717151293812450241e-02	2.647952083151144248e-02	4.502940573049365319e-02
6.240723575615315895e+02	3.773648891404562944e-01	2.283634791667731034e-01	1.747910539330417290e-01	1.069811582960276813e-01	5.740947329586584130e-02	2.659985705090044464e-02	4.529357963308597995e-02
6.289101277751868793e+02	3.760549893089831786e-01	2.275580346947956578e-01	1.756956801846652760e-01	1.075724508588005446e-01	5.764607368829462175e-02	2.671951030998238885e-02	4.555675147062948627e-02
6.337478979888421691e+02	3.747522088877047186e-01	2.267569684408020647e-01	1.765951777984723914e-01	1.081604040963689284e-01	5.788132195952286341e-02	2.683848444397660821e-02	4.581892488930362078e-02
6.385856682024975726e+02	3.734565090750808225e-01	2.259602565392139217e-01	1.774895755986559964e-01	1.087450366151657272e-01	5.811522589797152305e-02	2.695678326725998997e-02	4.608010352280321464e-02
6.434234384161527487e+02	3.721678512816100071e-01	2.251678752549902685e-01	1.783789022493497967e-01	1.093263669268506183e-01	5.834779323752437019e-02	2.707441057343914007e-02	4.634029099238691496e-02
6.482612086298080385e+02	3.708861971286596670e-01	2.243798009829000017e-01	1.792631862554422695e-01	1.099044134481845791e-01	5.857903165861461092e-02	2.719137013542526765e-02	4.659949090692469542e-02
6.530989788434633283e+02	3.696115084473031720e-01	2.235960102467989263e-01	1.801424559633916234e-01	1.104791945009521575e-01	5.880894878924920050e-02	2.730766570551158498e-02	4.685770686294441628e-02
6.579367490571185044e+02	3.683437472771643462e-01	2.228164796989119678e-01	1.810167395620414788e-01	1.110507283119276933e-01	5.903755220597504960e-02	2.742330101545301796e-02	4.711494244467751003e-02
6.627745192707737942e+02	3.670828758652689427e-01	2.220411861191198544e-01	1.818860650834367987e-01	1.116190330128821878e-01	5.926484943479135709e-02	2.753827977654801917e-02	4.737120122410391765e-02
6.676122894844290840e+02	3.658288566649028906e-01	2.212701064142506280e-01	1.827504604036394587e-01	1.121841266406278098e-01	5.949084795201187159e-02	2.765260567972225442e-02	4.762648676099620615e-02
6.724500596980843738e+02	3.645816523344772020e-01	2.205032176173756797e-01	1.836099532435438719e-01	1.127460271370968187e-01	5.971555518508045446e-02	2.776628239561398578e-02	4.788080260296308233e-02
6.772878299117396637e+02	3.633412257364000975e-01	2.197404968871103925e-01	1.844645711696914492e-01	1.133047523494525866e-01	5.993897851334338556e-02	2.787931357466106111e-02	4.813415228549212943e-02
6.821256001253949535e+02	3.621075399359551250e-01	2.189819215069191694e-01	1.853143415950843365e-01	1.138603200302298474e-01	6.016112526878140271e-02	2.799170284718923221e-02	4.838653933199204421e-02
6.869633703390502433e+02	3.608805582001861079e-01	2.182274688844249300e-01	1.861592917799978208e-01	1.144127478375020907e-01	6.038200273670417395e-02	2.810345382350176377e-02	4.863796725383422170e-02
6.918011405527055331e+02	3.596602439967891973e-01	2.174771165507226600e-01	1.869994488327914317e-01	1.149620533350738660e-01	6.060161815640999899e-02	2.821457009397013854e-02	4.888843955039388206e-02
6.966389107663608229e+02	3.584465609930100882e-01	2.167308421596977064e-01	1.878348397107179879e-01	1.155082539926960278e-01	6.081997872181302278e-02	2.832505522912577567e-02	4.913795970909060756e-02
7.014766809800161127e+02	3.572394730545487840e-01	2.159886234873477917e-01	1.886654912207313128e-01	1.160513671863019625e-01	6.103709158204031343e-02	2.843491277975261980e-02	4.938653120542847025e-02
7.063144511936714025e+02	3.560389442444701347e-01	2.152504384311094143e-01	1.894914300202914514e-01	1.165914101982632040e-01	6.125296384200081684e-02	2.854414627698050738e-02	4.963415750303570850e-02
7.111522214073266923e+02	3.548449388221206480e-01	2.145162650091884671e-01	1.903126826181679165e-01	1.171284002176628675e-01	6.146760256292816554e-02	2.865275923237921296e-02	4.988084205370397345e-02
7.159899916209819821e+02	3.536574212420516283e-01	2.137860813598945198e-01	1.911292753752404650e-01	1.176623543405851818e-01	6.168101476289915286e-02	2.876075513805309222e-02	5.012658829742718675e-02
7.208277618346371582e+02	3.524763561529483669e-01	2.130598657409795704e-01	1.919412345052974311e-01	1.181932895704200515e-01	6.189320741732952380e-02	2.886813746673621423e-02	5.037139966244004452e-02
7.256655320482924481e+02	3.513017083965654930e-01	2.123375965289802936e-01	1.927485860758315073e-01	1.187212228181812462e-01	6.210418745944861624e-02	2.897490967188793426e-02	5.061527956525615352e-02
7.305033022619478515e+02	3.501334430066680992e-01	2.116192522185645353e-01	1.935513560088325813e-01	1.192461709028369427e-01	6.231396178075438580e-02	2.908107518778883793e-02	5.085823141070587583e-02
7.353410724756030277e+02	3.489715252079795271e-01	2.109048114218814163e-01	1.943495700815778271e-01	1.197681505516517003e-01	6.252253723145000108e-02	2.918663742963695240e-02	5.110025859197384057e-02
7.401788426892584312e+02	3.478159204151342609e-01	2.101942528679154876e-01	1.951432539274189915e-01	1.202871784005387634e-01	6.272992062086339693e-02	2.929159979364418659e-02	5.134136449063616409e-02
7.450166129029136073e+02	3.466665942316373150e-01	2.094875554018444941e-01	1.959324330365664890e-01	1.208032709944217159e-01	6.293611871785083356e-02	2.939596565713297610e-02	5.158155247669742732e-02
7.498543831165690108e+02	3.455235124488292286e-01	2.087846979844009410e-01	1.967171327568703332e-01	1.213164447876047963e-01	6.314113825118561341e-02	2.949973837863301834e-02	5.182082590862736177e-02
7.546921533302243006e+02	3.443866410448568893e-01	2.080856596912374068e-01	1.974973782945980694e-01	1.218267161441507346e-01	6.334498590993282996e-02	2.960292129797809091e-02	5.205918813339728557e-02
7.595299235438793630e+02	3.432559461836502956e-01	2.073904197122954374e-01	1.982731947152092944e-01	1.223341013382657633e-01	6.354766834381124496e-02	2.970551773640291854e-02	5.229664248651634539e-02
7.643676937575347665e+02	3.421313942139047604e-01	2.066989573511780753e-01	1.990446069441270949e-01	1.228386165546908326e-01	6.374919216354299478e-02	2.980753099663998110e-02	5.253319229206748764e-02
7.692054639711900563e+02	3.410129516680690531e-01	2.060112520245262480e-01	1.998116397675058775e-01	1.233402778890984597e-01	6.394956394119201415e-02	2.990896436301635625e-02	5.276884086274329089e-02
7.740432341848452324e+02	3.399005852613389833e-01	2.053272832613982080e-01	2.005743178329957577e-01	1.238391013484946013e-01	6.414879021049181562e-02	3.000982110155037130e-02	5.300359149988149304e-02
7.788810043985006359e+02	3.387942618906568670e-01	2.046470307026531654e-01	2.013326656505038670e-01	1.243351028516251899e-01	6.434687746716345746e-02	3.011010446004822733e-02	5.323744749350045602e-02
7.837187746121558121e+02	3.376939486337162677e-01	2.039704741003378063e-01	2.020867075929517753e-01	1.248282982293864030e-01	6.454383216922419952e-02	3.020981766820041853e-02	5.347041212233431817e-02
7.885565448258112156e+02	3.365996127479723987e-01	2.032975933170767802e-01	2.028364678970296653e-01	1.253187032252386923e-01	6.473966073728751325e-02	3.030896393767802677e-02	5.370248865386808429e-02
7.933943150394665054e+02	3.355112216696581884e-01	2.026283683254663237e-01	2.035819706639467319e-01	1.258063334956237567e-01	6.493436955485495932e-02	3.040754646222876972e-02	5.393368034437248659e-02
7.982320852531219089e+02	3.344287430128053407e-01	2.019627792074715211e-01	2.043232398601781130e-01	1.262912046103841779e-01	6.512796496860046025e-02	3.050556841777286865e-02	5.416399043893869308e-02
8.030698554667769713e+02	3.333521445682715023e-01	2.013008061538268390e-01	2.050602993182082945e-01	1.267733320531855279e-01	6.532045328864749534e-02	3.060303296249864899e-02	5.439342217151288406e-02
8.079076256804323748e+02	3.322813943027722039e-01	2.006424294634400196e-01	2.057931727372708519e-01	1.272527312219401963e-01	6.551184078883946771e-02	3.069994323695787730e-02	5.462197876493064819e-02
8.127453958940876646e+02	3.312164603579184630e-01	1.999876295427993889e-01	2.065218836840843342e-01	1.277294174292330498e-01	6.570213370700395128e-02	3.079630236416084146e-02	5.484966343095130231e-02
8.175831661077428407e+02	3.301573110492595498e-01	1.993363869053846327e-01	2.072464555935848718e-01	1.282034059027482853e-01	6.589133824521088700e-02	3.089211344967109779e-02	5.507647937029198915e-02
8.224209363213982442e+02	3.291039148653313595e-01	1.986886821710804885e-01	2.079669117696549274e-01	1.286747117856975320e-01	6.607946057002528351e-02	3.098737958169994061e-02	5.530242977266171256e-02
8.272587065350534203e+02	3.280562404667098364e-01	1.980444960655941833e-01	2.086832753858482437e-01	1.291433501372485915e-01	6.626650681275472743e-02	3.108210383120053877e-02	5.552751781679519244e-02
8.320964767487085965e+02	3.270142566850692822e-01	1.974038094198756199e-01	2.093955694861113492e-01	1.296093359329547334e-01	6.645248306969192553e-02	3.117628925196170436e-02	5.575174667048665711e-02
8.369342469623640000e+02	3.259779325222464941e-01	1.967666031695413376e-01	2.101038169855013737e-01	1.300726840651846294e-01	6.663739540235255610e-02	3.126993888070137007e-02	5.597511949062348308e-02
8.417720171760191761e+02	3.249472371493096756e-01	1.961328583543012483e-01	2.108080406708999766e-01	1.305334093435520926e-01	6.682124983770891535e-02	3.136305573715963968e-02	5.619763942321967520e-02
8.466097873896745796e+02	3.239221399056326778e-01	1.955025561173887316e-01	2.115082632017237230e-01	1.309915264953460112e-01	6.700405236841917855e-02	3.145564282419151952e-02	5.641930960344931911e-02
8.514475576033297557e+02	3.229026102979740687e-01	1.948756777049939770e-01	2.122045071106308245e-01	1.314470501659601165e-01	6.718580895305302503e-02	3.154770312785924735e-02	5.664013315567988094e-02
8.562853278169851592e+02	3.218886179995614216e-01	1.942522044657002955e-01	2.128967948042241043e-01	1.318999949193222776e-01	6.736652551631333585e-02	3.163923961752425351e-02	5.686011319350540993e-02
8.611230980306403353e+02	3.208801328491808769e-01	1.936321178499236795e-01	2.135851485637503266e-01	1.323503752383233256e-01	6.754620794925456084e-02	3.173025524593871272e-02	5.707925281977959536e-02
8.659608682442956251e+02	3.198771248502713105e-01	1.930153994093554704e-01	2.142695905457957517e-01	1.327982055252453220e-01	6.772486210949769936e-02	3.182075294933670029e-02	5.729755512664879563e-02
8.707986384579510286e+02	3.188795641700237771e-01	1.924020307964080800e-01	2.149501427829782763e-01	1.332435001021889942e-01	6.790249382144206147e-02	3.191073564752493902e-02	5.751502319558492865e-02
8.756364086716062047e+02	3.178874211384857262e-01	1.917919937636637373e-01	2.156268271846354667e-01	1.336862732115004226e-01	6.807910887647422582e-02	3.200020624397316438e-02	5.773166009741823035e-02
8.804741788852616082e+02	3.169006662476702707e-01	1.911852701633263707e-01	2.162996655375095667e-01	1.341265390161966997e-01	6.825471303317399985e-02	3.208916762590403871e-02	5.794746889236999932e-02
8.853119490989170117e+02	3.159192701506703949e-01	1.905818419466764613e-01	2.169686795064282026e-01	1.345643116003903961e-01	6.842931201751770165e-02	3.217762266438266294e-02	5.816245263008518879e-02
8.901497193125721878e+02	3.149432036607777152e-01	1.899816911635288652e-01	2.176338906349818414e-01	1.349996049697131106e-01	6.860291152307894380e-02	3.226557421440567203e-02	5.837661434966489454e-02
8.949874895262273640e+02	3.139724377506064590e-01	1.893847999616938005e-01	2.182953203461975578e-01	1.354324330517376607e-01	6.877551721122687756e-02	3.235302511498991396e-02	5.858995707969882200e-02
8.998252597398827675e+02	3.130069435512220499e-01	1.887911505864406370e-01	2.189529899432090809e-01	1.358628096963989673e-01	6.894713471132210558e-02	3.243997818926065702e-02	5.880248383829757286e-02
9.046630299535379436e+02	3.120466923512746904e-01	1.882007253799646840e-01	2.196069206099234561e-01	1.362907486764136089e-01	6.911776962091033261e-02	3.252643624453940840e-02	5.901419763312495959e-02
9.095008001671932334e+02	3.110916555961372176e-01	1.876135067808569201e-01	2.202571334116836810e-01	1.367162636876979309e-01	6.928742750591397603e-02	3.261240207243130962e-02	5.922510146143009774e-02
9.143385703808486369e+02	3.101418048870483446e-01	1.870294773235767483e-01	2.209036492959282616e-01	1.371393683497846572e-01	6.945611390082157000e-02	3.269787844891205303e-02	5.943519831007953308e-02
9.191763405945038130e+02	3.091971119802601198e-01	1.864486196379274152e-01	2.215464890928469099e-01	1.375600762062379190e-01	6.962383430887525426e-02	3.278286813441440989e-02	5.964449115558918824e-02
9.240141108081592165e+02	3.082575487861901609e-01	1.858709164485345677e-01	2.221856735160327445e-01	1.379784007250668132e-01	6.979059420225636190e-02	3.286737387391427956e-02	5.985298296415631630e-02
9.288518810218145063e+02	3.073230873685786069e-01	1.852963505743276396e-01	2.228212231631309381e-01	1.383943552991372117e-01	6.995639902226920281e-02	3.295139839701632933e-02	6.006067669169128098e-02
9.336896512354697961e+02	3.063936999436499553e-01	1.847249049280237920e-01	2.234531585164838130e-01	1.388079532465819887e-01	7.012125417952308482e-02	3.303494441803923182e-02	6.026757528384935059e-02
9.385274214491247449e+02	3.054693588792788406e-01	1.841565625156151853e-01	2.240814999437725774e-01	1.392192078112093612e-01	7.028516505411255832e-02	3.311801463610036800e-02	6.047368167606233247e-02
9.433651916627801484e+02	3.045500366941609749e-01	1.835913064358587199e-01	2.247062676986552043e-01	1.396281321629098959e-01	7.044813699579612065e-02	3.320061173520016951e-02	6.067899879357013804e-02
9.482029618764355519e+02	3.036357060569884192e-01	1.830291198797685814e-01	2.253274819214013958e-01	1.400347393980612420e-01	7.061017532417326881e-02	3.328273838430602372e-02	6.088352955145233392e-02
9.530407320900908417e+02	3.027263397856293503e-01	1.824699861301117554e-01	2.259451626395234114e-01	1.404390425399314468e-01	7.077128532886009515e-02	3.336439723743569313e-02	6.108727685465951962e-02
9.578785023037459041e+02	3.018219108463124356e-01	1.819138885609062339e-01	2.265593297684039276e-01	1.408410545390802737e-01	7.093147226966330099e-02	3.344559093374035313e-02	6.129024359804471911e-02
9.627162725174014213e+02	3.009223923528155376e-01	1.813608106369219153e-01	2.271700031119203433e-01	1.412407882737588272e-01	7.109074137675286398e-02	3.352632209758713705e-02	6.149243266639461275e-02
9.675540427310568248e+02	3.000277575656590257e-01	1.808107359131844172e-01	2.277772023630655340e-01	1.416382565503071511e-01	7.124909785083319291e-02	3.360659333864128573e-02	6.169384693446075540e-02
9.723918129447120009e+02	2.991379798913031407e-01	1.802636480344812775e-01	2.283809471045652739e-01	1.420334721035500791e-01	7.140654686331311674e-02	3.368640725194785301e-02	6.189448926699066961e-02
9.772295831583674044e+02	2.982530328813504106e-01	1.797195307348712079e-01	2.289812568094923284e-01	1.424264475971912525e-01	7.156309355647431925e-02	3.376576641801298101e-02	6.209436251875890406e-02
9.820673533720223531e+02	2.973728902317518963e-01	1.791783678371960120e-01	2.295781508418770767e-01	1.428171956242050289e-01	7.171874304363863584e-02	3.384467340288470349e-02	6.229346953459797415e-02
9.869051235856777566e+02	2.964975257820179899e-01	1.786401432525948907e-01	2.301716484573149701e-01	1.432057287072267260e-01	7.187350040933408735e-02	3.392313075823338159e-02	6.249181314942926779e-02
9.917428937993331601e+02	2.956269135144334315e-01	1.781048409800216892e-01	2.307617688035701886e-01	1.435920592989408939e-01	7.202737070945962328e-02	3.400114102143167449e-02	6.268939618829386107e-02
9.965806640129884499e+02	2.947610275532766000e-01	1.775724451057647535e-01	2.313485309211764929e-01	1.439761997824674788e-01	7.218035897144869928e-02	3.407870671563405229e-02	6.288622146638322974e-02
