0.000000000000000000e+00	1.015301428636984138e+00	1.077140795793226648e-23	2.181209358496233110e-25	3.410535492048114783e-26	2.755697938368695176e-27	1.229764562576744612e-23	1.705934500105536773e-27
4.837770213655283591e+00	9.415769804682606603e-01	6.689458961239816426e-02	1.712763108411983343e-03	5.702517066778745557e-04	2.162276401705613086e-03	1.805178910667110462e-03	5.793884288627100098e-04
9.675540427310567182e+00	8.807195180169333781e-01	1.214089625553893131e-01	3.611179012603654617e-03	1.310932942878069787e-03	4.047855286012252453e-03	3.058174887354002652e-03	1.144805935813442838e-03
1.451331064096584811e+01	8.304039430345613315e-01	1.657831119079440918e-01	5.615693376398708803e-03	2.162227327055784437e-03	5.707291524951678234e-03	3.935102236299419486e-03	1.694059229773116695e-03
1.935108085462113081e+01	7.887259727016581179e-01	2.018519498566963555e-01	7.673463534451382614e-03	3.084025079493810193e-03	7.181079295350206032e-03	4.558273495676911681e-03	2.226664673657273354e-03
2.418885106827641707e+01	7.541259126371957500e-01	2.311185814922830928e-01	9.750023926720840714e-03	4.049725293590234268e-03	8.501778387337533341e-03	5.012244934267680481e-03	2.743161965588921357e-03
2.902662128193169622e+01	7.253262554939152729e-01	2.548143183878375240e-01	1.182346260719467981e-02	5.041924363131534970e-03	9.695665154499653535e-03	5.355142222211255708e-03	3.244660408194099087e-03
3.386439149558698603e+01	7.012805924512471867e-01	2.739478333577609059e-01	1.388036632882258363e-02	6.049428419186066858e-03	1.078402032050811490e-02	5.626643276880308360e-03	3.732544482578785058e-03
3.870216170924226162e+01	6.811317830378169624e-01	2.893454224109695549e-01	1.591300893296273763e-02	7.065193009428857862e-03	1.178413801000626100e-02	5.853595550948781021e-03	4.208287684850740146e-03
4.353993192289755143e+01	6.641777028920811121e-01	3.016839836083543558e-01	1.791741184152973246e-02	8.084910369448560993e-03	1.271011973356436266e-02	6.053960977768305281e-03	4.673339214237306159e-03
4.837770213655283413e+01	6.498431948032807881e-01	3.115180309049743745e-01	1.989201465692418125e-02	9.106047503655220754e-03	1.357350169853686721e-02	6.239580006158028727e-03	5.129059063454226297e-03
5.321547235020811684e+01	6.376570982701172952e-01	3.193018223347410256e-01	2.183677122549128671e-02	1.012719687021511675e-02	1.438375233945207547e-02	6.418102867929916487e-03	5.576684729037048767e-03
5.805324256386339954e+01	6.272334371303708300e-01	3.254074864601342321e-01	2.375254126045894809e-02	1.114764282286702379e-02	1.514866834433365936e-02	6.594334513357225092e-03	6.017318105461706007e-03
6.289101277751868224e+01	6.182560119079146821e-01	3.301398709976993695e-01	2.564068632056334951e-02	1.216707612458945917e-02	1.587469095382111270e-02	6.771167491584487337e-03	6.451924840811145041e-03
6.772878299117397205e+01	6.104657802064699101e-01	3.337487065105099737e-01	2.750280626878728873e-02	1.318540937823398096e-02	1.656715938427281987e-02	6.950225888478961389e-03	6.881341000230700895e-03
7.256655320482924765e+01	6.036505203086728333e-01	3.364385707708855144e-01	2.934057160685172444e-02	1.420266064588499716e-02	1.723051447499722097e-02	7.132307179675247827e-03	7.306283650016029939e-03
7.740432341848452324e+01	5.976363646495834736e-01	3.383770515365336351e-01	3.115562064859776076e-02	1.521888264445036068e-02	1.786846278932325074e-02	7.317683186448062892e-03	7.727363182047038148e-03
8.224209363213981305e+01	5.922808647286719186e-01	3.397014335291292930e-01	3.294950002891897101e-02	1.623412197986210878e-02	1.848410919200380725e-02	7.506303162584231428e-03	8.145096015813155579e-03
8.707986384579510286e+01	5.874673103285067421e-01	3.405241764738591859e-01	3.472363372853403546e-02	1.724839781537077649e-02	1.908006422009399586e-02	7.697929207485094266e-03	8.559916863133693737e-03
9.191763405945040688e+01	5.831000760937613547e-01	3.409374027924295114e-01	3.647931046775802766e-02	1.826169279667152340e-02	1.965853124069623370e-02	7.892225142962568107e-03	8.972190102704251033e-03
9.675540427310566827e+01	5.791008096114581560e-01	3.410165740091749553e-01	3.821768257875577529e-02	1.927395142731039637e-02	2.022137735678552345e-02	8.088813607120177301e-03	9.382220046378257280e-03
1.015931744867609581e+02	5.754053087748626227e-01	3.408235025490624626e-01	3.993977172595636338e-02	2.028508271904458718e-02	2.077019121401294313e-02	8.287311626625406408e-03	9.790260027418873010e-03
1.064309447004162337e+02	5.719609637605194141e-01	3.404088190829664407e-01	4.164647840550995267e-02	2.129496505698892303e-02	2.130633022577384239e-02	8.487351774095189608e-03	1.019652033112943175e-02
1.112687149140715235e+02	5.687246615061128940e-01	3.398139938495437495e-01	4.333859322662801661e-02	2.230345197563729856e-02	2.183095923207865191e-02	8.688593807157229607e-03	1.060117503982534702e-02
1.161064851277267991e+02	5.656610690506792549e-01	3.390729925862849270e-01	4.501680870821837821e-02	2.331037804954289028e-02	2.234508221024557664e-02	8.890730141559156224e-03	1.100436789045304044e-02
1.209442553413820747e+02	5.627412272284689765e-01	3.382136331239747329e-01	4.668173081745234654e-02	2.431556443885964092e-02	2.284956833942874271e-02	9.093487435374456029e-03	1.140621725342436110e-02
1.257820255550373645e+02	5.599413985993031417e-01	3.372586967566539307e-01	4.833388980585361094e-02	2.531882384907107805e-02	2.334517346900276055e-02	9.296625815515921487e-03	1.180682034158284099e-02
1.306197957686926259e+02	5.572421236475477713e-01	3.362268387164022432e-01	4.997375011437253656e-02	2.631996480364125895e-02	2.383255783930081709e-02	9.499936762955475331e-03	1.220625675276321154e-02
1.354575659823479441e+02	5.546274475948523852e-01	3.351333340683139705e-01	5.160171925747325528e-02	2.731879521407476474e-02	2.431230074161667629e-02	9.703240319803524069e-03	1.260459144084865278e-02
1.402953361960032339e+02	5.520842869809815534e-01	3.339906887760267229e-01	5.321815568241730632e-02	2.831512528195002931e-02	2.478491267450682808e-02	9.906382040792144003e-03	1.300187720030859286e-02
1.451331064096584669e+02	5.496019107445948571e-01	3.328091403100710832e-01	5.482337565094475701e-02	2.930876979422989206e-02	2.525084544881573898e-02	1.010922994932920982e-02	1.339815673899768383e-02
1.499708766233137851e+02	5.471715151045832837e-01	3.315970677655183940e-01	5.641765921834490660e-02	3.029954988495676266e-02	2.571050060941590387e-02	1.031167165000249249e-02	1.379346440416132774e-02
1.548086468369690749e+02	5.447858752850714970e-01	3.303613278461037805e-01	5.800125539764177524e-02	3.128729433897864398e-02	2.616423647338881470e-02	1.051361167831532141e-02	1.418782761748314629e-02
1.596464170506243647e+02	5.424390601929132139e-01	3.291075301151889509e-01	5.957438659985097446e-02	3.227184051040943996e-02	2.661237402908913849e-02	1.071496912273466919e-02	1.458126806679655059e-02
1.644841872642796261e+02	5.401261986678785876e-01	3.278402624916333941e-01	6.113725243873836118e-02	3.325303492258902677e-02	2.705520189569703832e-02	1.091567552562707454e-02	1.497380269481948974e-02
1.693219574779349159e+02	5.378432879830056246e-01	3.265632759842275190e-01	6.269003298271542957e-02	3.423073360897607720e-02	2.749298050645028468e-02	1.111567305266786265e-02	1.536544451894014847e-02
1.741597276915902057e+02	5.355870369578976664e-01	3.252796360326485337e-01	6.423289152907078747e-02	3.520480224668163377e-02	2.792594564913910421e-02	1.131491291092232530e-02	1.575620331062277391e-02
1.789974979052454671e+02	5.333547374283602593e-01	3.239918464910729878e-01	6.576597696769949375e-02	3.617511612683375899e-02	2.835431147334389543e-02	1.151335399133552977e-02	1.614608615833694472e-02
1.838352681189008138e+02	5.311441589467760238e-01	3.227019511995025680e-01	6.728942579349553310e-02	3.714155999899016597e-02	2.877827305425409432e-02	1.171096171001168897e-02	1.653509793395277483e-02
1.886730383325560467e+02	5.289534625141599777e-01	3.214116171940043509e-01	6.880336381899239406e-02	3.810402782054951587e-02	2.919800858688413603e-02	1.190770702319180266e-02	1.692324167920058325e-02
1.935108085462113081e+02	5.267811299038701600e-01	3.201222028747871540e-01	7.030790763187322323e-02	3.906242243661036534e-02	2.961368127142003509e-02	1.210356559243825833e-02	1.731051892598346742e-02
1.983485787598666263e+02	5.246259057587759900e-01	3.188348138511200025e-01	7.180316583571320910e-02	4.001665521097904493e-02	3.002544093973810724e-02	1.229851707867822379e-02	1.769692996197822291e-02
2.031863489735219162e+02	5.224867501530990888e-01	3.175503486906234296e-01	7.328924010677885514e-02	4.096664562498741197e-02	3.043342546439119223e-02	1.249254454610679820e-02	1.808247405099602800e-02
2.080241191871772060e+02	5.203627997274733463e-01	3.162695363978261232e-01	7.476622609486703597e-02	4.191232085738163388e-02	3.083776198419659748e-02	1.268563395929884347e-02	1.846714961593920803e-02
2.128618894008324673e+02	5.182533358476560936e-01	3.149929671170198509e-01	7.623421419196936555e-02	4.285361535571063918e-02	3.123856797469085067e-02	1.287777375910420519e-02	1.885095439083183180e-02
2.176996596144877287e+02	5.161577585174155214e-01	3.137211172842104268e-01	7.769329018893664229e-02	4.379047040730267570e-02	3.163595218690197497e-02	1.306895450494026563e-02	1.923388554727531799e-02
2.225374298281430470e+02	5.140755650055776060e-01	3.124543702315739635e-01	7.914353583722610885e-02	4.472283371600072055e-02	3.203001547393610760e-02	1.325916857292096067e-02	1.961593979974730201e-02
2.273752000417983652e+02	5.120063323351995432e-01	3.111930330664535171e-01	8.058502933017931691e-02	4.565065898926776861e-02	3.242085152162502149e-02	1.344840990086709764e-02	1.999711349339041225e-02
2.322129702554535982e+02	5.099497029368397216e-01	3.099373504983448102e-01	8.201784571604042728e-02	4.657390553901395724e-02	3.280854749680602728e-02	1.363667377263761554e-02	2.037740267730014931e-02
2.370507404691088880e+02	5.079053728940613466e-01	3.086875161655879829e-01	8.344205725302737686e-02	4.749253789848899288e-02	3.319318462460096875e-02	1.382395663542115849e-02	2.075680316579473980e-02
2.418885106827641494e+02	5.058730823126711407e-01	3.074436819137551513e-01	8.485773371516526498e-02	4.840652545678222202e-02	3.357483870424171624e-02	1.401025594465129219e-02	2.113531058971575283e-02
2.467262808964194392e+02	5.038526074298678159e-01	3.062059653960221284e-01	8.626494265623692315e-02	4.931584211184222855e-02	3.395358057148587655e-02	1.419557003207730025e-02	2.151292043945022756e-02
2.515640511100747290e+02	5.018437541488552922e-01	3.049744562988794261e-01	8.766374963806346232e-02	5.022046594243678719e-02	3.432947651442166959e-02	1.437989799325584475e-02	2.188962810107008411e-02
2.564018213237300188e+02	4.998463527413028462e-01	3.037492214417026326e-01	8.905421842836577784e-02	5.112037889909637478e-02	3.470258864842828972e-02	1.456323959134518849e-02	2.226542888674142018e-02
2.612395915373852517e+02	4.978602535066015133e-01	3.025303089537785262e-01	9.043641117264682172e-02	5.201556651379857232e-02	3.507297525520040871e-02	1.474559517460060851e-02	2.264031806035608774e-02
2.660773617510405415e+02	4.958853232150057244e-01	3.013177516955811153e-01	9.181038854385224768e-02	5.290601762793857576e-02	3.544069109003058354e-02	1.492696560540149667e-02	2.301429085917286801e-02
2.709151319646958882e+02	4.939214421930059329e-01	3.001115700609388037e-01	9.317620987299184143e-02	5.379172413797778801e-02	3.580578766094719145e-02	1.510735219900125569e-02	2.338734251211978254e-02
2.757529021783511780e+02	4.919685019348755128e-01	2.989117742720360238e-01	9.453393326342050818e-02	5.467268075805611915e-02	3.616831348280612202e-02	1.528675667049124096e-02	2.375946825529700462e-02
2.805906723920064678e+02	4.900264031453124280e-01	2.977183662589540369e-01	9.588361569106906845e-02	5.554888479878405255e-02	3.652831430901536114e-02	1.546518108871990441e-02	2.413066334512756900e-02
2.854284426056617008e+02	4.880950541352799266e-01	2.965313411988785841e-01	9.722531309257168020e-02	5.642033596138989332e-02	3.688583334321928614e-02	1.564262783611592572e-02	2.450092306952709326e-02
2.902662128193169337e+02	4.861743695072275329e-01	2.953506887765203204e-01	9.855908044294663106e-02	5.728703614637922770e-02	3.724091143297114659e-02	1.581909957353662757e-02	2.487024275740091356e-02
2.951039830329722804e+02	4.842642690774082714e-01	2.941763942161675915e-01	9.988497182424224685e-02	5.814898927586222704e-02	3.759358724717038608e-02	1.599459920940633426e-02	2.523861778672535292e-02
2.999417532466276270e+02	4.823646769924559430e-01	2.930084391266757349e-01	1.012030404863530908e-01	5.900620112871594880e-02	3.794389743882638222e-02	1.616912987252824147e-02	2.560604359142707939e-02
3.047795234602828600e+02	4.804755210051283032e-01	2.918468021932292822e-01	1.025133389010363383e-01	5.985867918776974217e-02	3.829187679452718263e-02	1.634269488805229625e-02	2.597251566723922725e-02
3.096172936739380930e+02	4.785967318804635884e-01	2.906914597435961700e-01	1.038159188100106628e-01	6.070643249822945536e-02	3.863755837183496106e-02	1.651529775616364729e-02	2.633802957668381420e-02
3.144550638875934396e+02	4.767282429087937867e-01	2.895423862115810709e-01	1.051108312678938755e-01	6.154947153658864301e-02	3.898097362569455382e-02	1.668694213312459443e-02	2.670258095330578160e-02
3.192928341012487294e+02	4.748699895063144827e-01	2.883995545162789664e-01	1.063981266806297843e-01	6.238780808931022187e-02	3.932215252482499507e-02	1.685763181435973729e-02	2.706616550526400738e-02
3.241306043149040192e+02	4.730219088874000888e-01	2.872629363723673279e-01	1.076778548399634772e-01	6.322145514059923643e-02	3.966112365896259928e-02	1.702737071932138371e-02	2.742877901836806090e-02
3.289683745285592522e+02	4.711839397957073294e-01	2.861325025439183656e-01	1.089500649544479505e-01	6.405042676862504614e-02	3.999791433773593891e-02	1.719616287791178241e-02	2.779041735863566759e-02
3.338061447422145420e+02	4.693560222834546325e-01	2.850082230519570548e-01	1.102148056773989970e-01	6.487473804958922285e-02	4.033255068187601572e-02	1.736401241827170011e-02	2.815107647443439859e-02
3.386439149558698318e+02	4.675380975301792197e-01	2.838900673441398514e-01	1.114721251321594692e-01	6.569440496907261173e-02	4.066505770739686776e-02	1.753092355577246311e-02	2.851075239826154559e-02
3.434816851695251216e+02	4.657301076938474838e-01	2.827780044334152199e-01	1.127220709349861100e-01	6.650944434013100759e-02	4.099545940332234573e-02	1.769690058307172437e-02	2.886944124820819968e-02
3.483194553831804114e+02	4.639319957884798784e-01	2.816720030112856432e-01	1.139646902158312908e-01	6.731987372764423883e-02	4.132377880348165472e-02	1.786194786111264601e-02	2.922713922914681184e-02
3.531572255968357013e+02	4.621437055835070917e-01	2.805720315402741583e-01	1.152000296372567012e-01	6.812571137845647995e-02	4.165003805284916982e-02	1.802606981096251115e-02	2.958384263367605516e-02
3.579949958104909342e+02	4.603651815209383047e-01	2.794780583293651199e-01	1.164281354116863537e-01	6.892697615687767843e-02	4.197425846886210926e-02	1.818927090640061472e-02	2.993954784285196222e-02
3.628327660241463377e+02	4.585963686471288825e-01	2.783900515955081700e-01	1.176490533171795222e-01	6.972368748514599923e-02	4.229646059811201231e-02	1.835155566717699971e-02	3.029425132673050844e-02
3.676705362378016275e+02	4.568372125565177133e-01	2.773079795137132209e-01	1.188628287118825566e-01	7.051586528847972324e-02	4.261666426877212810e-02	1.851292865287341299e-02	3.064794964474335318e-02
3.725083064514568036e+02	4.550876593451757546e-01	2.762318102578090184e-01	1.200695065472989487e-01	7.130352994437369474e-02	4.293488863909249165e-02	1.867339445730644906e-02	3.100063944592572340e-02
3.773460766651120935e+02	4.533476555724009760e-01	2.751615120335606512e-01	1.212691313805002724e-01	7.208670223582033798e-02	4.325115224226692284e-02	1.883295770341989611e-02	3.135231746901295802e-02
3.821838468787673833e+02	4.516171482289097483e-01	2.740970531055360038e-01	1.224617473853860800e-01	7.286540330815907685e-02	4.356547302795125282e-02	1.899162303861961706e-02	3.170298054242021851e-02
3.870216170924226162e+02	4.498960847104393479e-01	2.730384018188575235e-01	1.236473983630884399e-01	7.363965462927937744e-02	4.387786840068955141e-02	1.914939513050955069e-02	3.205262558411814400e-02
3.918593873060780197e+02	4.481844127957890778e-01	2.719855266167717223e-01	1.248261277516057172e-01	7.440947795292338074e-02	4.418835525548445858e-02	1.930627866299196999e-02	3.240124960141563953e-02
3.966971575197332527e+02	4.464820806285015875e-01	2.709383960547987469e-01	1.259979786347406039e-01	7.517489528485282735e-02	4.449695001072913325e-02	1.946227833269920104e-02	3.274884969065983836e-02
4.015349277333884856e+02	4.447890367015334134e-01	2.698969788120860747e-01	1.271629937504092367e-01	7.593592885166278172e-02	4.480366863870095112e-02	1.961739884572737819e-02	3.309542303686206083e-02
4.063726979470438323e+02	4.431052298443772797e-01	2.688612437004778144e-01	1.283212154983806585e-01	7.669260107204091403e-02	4.510852669380174818e-02	1.977164491464583618e-02	3.344096691325762483e-02
4.112104681606991221e+02	4.414306092121985658e-01	2.678311596717177223e-01	1.294726859474997771e-01	7.744493453028603036e-02	4.541153933871470982e-02	1.992502125575846411e-02	3.378547868080661321e-02
4.160482383743544119e+02	4.397651242766256741e-01	2.668066958231283814e-01	1.306174468424411150e-01	7.819295195191422465e-02	4.571272136863507862e-02	2.007753258659555548e-02	3.412895578764182924e-02
4.208860085880095880e+02	4.381087248178992533e-01	2.657878214020469865e-01	1.317555396100359433e-01	7.893667618119346030e-02	4.601208723371977283e-02	2.022918362361677755e-02	3.447139576846969949e-02
4.257237788016648778e+02	4.364613609181387521e-01	2.647745058092464965e-01	1.328870053652105032e-01	7.967613016045946295e-02	4.630965105988964214e-02	2.037997908010778098e-02	3.481279624392916855e-02
4.305615490153201677e+02	4.348229829555282366e-01	2.637667186015304477e-01	1.340118849165698178e-01	8.041133691107757442e-02	4.660542666810819912e-02	2.052992366425442777e-02	3.515315491991315155e-02
4.353993192289755143e+02	4.331935415992575478e-01	2.627644294936539171e-01	1.351302187716576231e-01	8.114231951592472403e-02	4.689942759225101954e-02	2.067902207738018389e-02	3.549246958685681186e-02
4.402370894426308041e+02	4.315729878050875157e-01	2.617676083596970349e-01	1.362420471419202861e-01	8.186910110327573487e-02	4.719166709567140794e-02	2.082727901233347167e-02	3.583073811899630673e-02
4.450748596562860939e+02	4.299612728114278193e-01	2.607762252339929088e-01	1.373474099473996624e-01	8.259170483198695345e-02	4.748215818656002785e-02	2.097469915201288088e-02	3.616795847360151223e-02
4.499126298699413837e+02	4.283583481358388956e-01	2.597902503116940043e-01	1.384463468211774295e-01	8.331015387787793491e-02	4.777091363218849418e-02	2.112128716801926070e-02	3.650412869018573869e-02
4.547504000835967304e+02	4.267641655718839022e-01	2.588096539490457593e-01	1.395388971135912981e-01	8.402447142122020096e-02	4.805794597212070113e-02	2.126704771942454844e-02	3.683924688969534428e-02
4.595881702972519065e+02	4.251786771862701708e-01	2.578344066634228882e-01	1.406250998962419452e-01	8.473468063524822180e-02	4.834326753046863656e-02	2.141198545164814393e-02	3.717331127368175142e-02
4.644259405109071963e+02	4.236018353162309125e-01	2.568644791331742283e-01	1.417049939658069357e-01	8.544080467561472603e-02	4.862689042726437566e-02	2.155610499543233680e-02	3.750632012345821165e-02
4.692637107245624861e+02	4.220335925671057642e-01	2.558998421973136539e-01	1.427786178476776191e-01	8.614286667071834047e-02	4.890882658901394425e-02	2.169941096590897664e-02	3.783827179924343503e-02
4.741014809382177759e+02	4.204739018100869252e-01	2.549404668550872555e-01	1.438460097994321285e-01	8.684088971283675240e-02	4.918908775849428067e-02	2.184190796175025651e-02	3.816916473929408971e-02
4.789392511518730657e+02	4.189227161801041821e-01	2.539863242654412101e-01	1.449072078141577236e-01	8.753489685000401255e-02	4.946768550384966073e-02	2.198360056439706972e-02	3.849899745902783665e-02
4.837770213655284124e+02	4.173799890738244533e-01	2.530373857464112697e-01	1.459622496236336886e-01	8.822491107857502457e-02	4.974463122703975948e-02	2.212449333735880264e-02	3.882776855013868322e-02
4.886147915791837022e+02	4.158456741477493113e-01	2.520936227744495772e-01	1.470111727013853065e-01	8.891095533642473514e-02	5.001993617168775524e-02	2.226459082557909197e-02	3.915547667970591117e-02
4.934525617928388783e+02	4.143197253163931615e-01	2.511550069837027443e-01	1.480540142656186775e-01	8.959305249673343852e-02	5.029361143037311410e-02	2.240389755486234952e-02	3.948212058929816137e-02
4.982903320064942250e+02	4.128020967505312555e-01	2.502215101652515150e-01	1.490908112820450715e-01	9.027122536231337036e-02	5.056566795141036186e-02	2.254241803135634964e-02	3.980769909407373686e-02
5.031281022201495148e+02	4.112927428755056014e-01	2.492931042663211749e-01	1.501216004666026671e-01	9.094549666043515168e-02	5.083611654515213935e-02	2.268015674108656010e-02	4.013221108187831065e-02
5.079658724338048046e+02	4.097916183695815007e-01	2.483697613894697565e-01	1.511464182880833951e-01	9.161588903811573870e-02	5.110496788985192940e-02	2.281711814953810147e-02	4.045565551234111407e-02
5.128036426474600376e+02	4.082986781623465511e-01	2.474514537917598400e-01	1.521653009706712134e-01	9.228242505783254557e-02	5.137223253711913767e-02	2.295330670128174766e-02	4.077803141597051428e-02
5.176414128611153274e+02	4.068138774331470642e-01	2.465381538839181153e-01	1.531782844963981705e-01	9.294512719363097475e-02	5.163792091699691278e-02	2.308872681964046353e-02	4.109933789324976550e-02
5.224791830747705035e+02	4.053371716095567900e-01	2.456298342294875592e-01	1.541854046075240570e-01	9.360401782759525391e-02	5.190204334269062081e-02	2.322338290639332919e-02	4.141957411373384246e-02
5.273169532884259070e+02	4.038685163658736199e-01	2.447264675439738135e-01	1.551866968088446708e-01	9.425911924665442143e-02	5.216461001497296746e-02	2.335727934151399926e-02	4.173873931514795327e-02
5.321547235020811968e+02	4.024078676216414352e-01	2.438280266939895080e-01	1.561821963699333016e-01	9.491045363969792537e-02	5.242563102628976929e-02	2.349042048294093521e-02	4.205683280248850853e-02
5.369924937157364866e+02	4.009551815401943275e-01	2.429344846963974180e-01	1.571719383273204040e-01	9.555804309497678561e-02	5.268511636458853009e-02	2.362281066637694077e-02	4.237385394712701175e-02
5.418302639293917764e+02	3.995104145272201923e-01	2.420458147174545938e-01	1.581559574866147067e-01	9.620190959776829531e-02	5.294307591689034753e-02	2.375445420511573813e-02	4.268980218591749559e-02
5.466680341430470662e+02	3.980735232293428627e-01	2.411619900719585985e-01	1.591342884245702527e-01	9.684207502828406922e-02	5.319951947262421127e-02	2.388535538989345480e-02	4.300467702030792011e-02
5.515058043567023560e+02	3.966444645327202867e-01	2.402829842223962453e-01	1.601069654911021767e-01	9.747856115980227387e-02	5.345445672674122017e-02	2.401551848876300882e-02	4.331847801545608140e-02
5.563435745703576458e+02	3.952231955616579140e-01	2.394087707780964969e-01	1.610740228112548800e-01	9.811138965700699766e-02	5.370789728262498341e-02	2.414494774698965757e-02	4.363120479935034268e-02
5.611813447840129356e+02	3.938096736772356832e-01	2.385393234943872509e-01	1.620354942871250759e-01	9.874058207451838487e-02	5.395985065481330445e-02	2.427364738696600327e-02	4.394285706193553492e-02
5.660191149976681118e+02	3.924038564759483316e-01	2.376746162717569000e-01	1.629914135997426183e-01	9.936615985559890674e-02	5.421032627154502570e-02	2.440162160814490430e-02	4.425343455424448486e-02
5.708568852113234016e+02	3.910057017883578068e-01	2.368146231550209424e-01	1.639418142109116405e-01	9.998814433102178045e-02	5.445933347714488476e-02	2.452887458698887677e-02	4.456293708753530231e-02
5.756946554249786914e+02	3.896151676777567241e-01	2.359593183324934507e-01	1.648867293650140842e-01	1.006065567180890880e-01	5.470688153425840722e-02	2.465541047693465063e-02	4.487136453243482925e-02
5.805324256386339812e+02	3.882322124388433715e-01	2.351086761351643684e-01	1.658261920907780629e-01	1.012214181197875901e-01	5.495297962594775792e-02	2.478123340837169036e-02	4.517871681808836859e-02
5.853701958522892710e+02	3.868567945964066501e-01	2.342626710358819142e-01	1.667602352030125301e-01	1.018327495240717723e-01	5.519763685765880640e-02	2.490634748863353176e-02	4.548499393131601176e-02
5.902079660659445608e+02	3.854888729040209516e-01	2.334212776485406204e-01	1.676888913043106111e-01	1.024405718032635471e-01	5.544086225906886406e-02	2.503075680200088707e-02	4.579019591577569021e-02
5.950457362795999643e+02	3.841284063427510276e-01	2.325844707272749778e-01	1.686121927867227088e-01	1.030449057135599256e-01	5.568266478582374612e-02	2.515446540971557829e-02	4.609432287113313098e-02
5.998835064932552541e+02	3.827753541198656850e-01	2.317522251656584931e-01	1.695301718334015495e-01	1.036457718946396933e-01	5.592305332117235295e-02	2.527747735000439311e-02	4.639737495223887620e-02
6.047212767069104302e+02	3.814296756675607525e-01	2.309245159959083804e-01	1.704428604202199160e-01	1.042431908693612491e-01	5.616203667750617468e-02	2.539979663811206545e-02	4.669935236831246339e-02
6.095590469205657200e+02	3.800913306416905946e-01	2.301013183880957214e-01	1.713502903173630409e-01	1.048371830435445434e-01	5.639962359781064416e-02	2.552142726634256190e-02	4.700025538213394027e-02
6.143968171342210098e+02	3.787602789205082865e-01	2.292826076493609533e-01	1.722524930908963525e-01	1.054277687058299273e-01	5.663582275703474972e-02	2.564237320410805293e-02	4.730008430924272089e-02
6.192345873478761860e+02	3.774364806034141151e-01	2.284683592231349647e-01	1.731495001043102111e-01	1.060149680276080558e-01	5.687064276338487517e-02	2.576263839798486471e-02	4.759883951714398431e-02
6.240723575615315895e+02	3.761198960097121846e-01	2.276585486883652143e-01	1.740413425200422193e-01	1.065988010630148225e-01	5.710409215954825174e-02	2.588222677177582157e-02	4.789652142452253958e-02
6.289101277751868793e+02	3.748104856773750160e-01	2.268531517587474011e-01	1.749280513009784654e-01	1.071792877489861628e-01	5.733617942385120514e-02	2.600114222657844837e-02	4.819313050046433733e-02
6.337478979888421691e+02	3.735082103618159732e-01	2.260521442819621307e-01	1.758096572119343393e-01	1.077564479053676194e-01	5.756691297135679147e-02	2.611938864085851589e-02	4.848866726368564889e-02
6.385856682024975726e+02	3.722130310346695725e-01	2.252555022389167438e-01	1.766861908211159460e-01	1.083303012350742278e-01	5.779630115490626274e-02	2.623696987052838783e-02	4.878313228176988509e-02
6.434234384161527487e+02	3.709249088825791740e-01	2.244632017429921689e-01	1.775576825015628968e-01	1.089008673242965047e-01	5.802435226610827557e-02	2.635388974902987125e-02	4.907652617041211723e-02
6.482612086298080385e+02	3.696438053059922790e-01	2.236752190392948259e-01	1.784241624325731690e-01	1.094681656427486244e-01	5.825107453627965948e-02	2.647015208742102207e-02	4.936884959267140438e-02
6.530989788434633283e+02	3.683696819179633763e-01	2.228915305039132488e-01	1.792856606011105636e-01	1.100322155439552307e-01	5.847647613734110322e-02	2.658576067446665955e-02	4.966010325823075333e-02
6.579367490571185044e+02	3.671025005429638388e-01	2.221121126431797876e-01	1.801422068031957313e-01	1.105930362655734439e-01	5.870056518267104811e-02	2.670071927673212803e-02	4.995028792266491963e-02
6.627745192707737942e+02	3.658422232156991472e-01	2.213369420929369169e-01	1.809938306452810175e-01	1.111506469297471739e-01	5.892334972792058478e-02	2.681503163868008063e-02	5.023940438671588987e-02
6.676122894844290840e+02	3.645888121799332748e-01	2.205659956178083470e-01	1.818405615456100688e-01	1.117050665434907442e-01	5.914483777179226770e-02	2.692870148276995182e-02	5.052745349557608706e-02
6.724500596980843738e+02	3.633422298873200673e-01	2.197992501104745755e-01	1.826824287355623133e-01	1.122563139990993553e-01	5.936503725678522053e-02	2.704173250955985153e-02	5.081443613817934052e-02
6.772878299117396637e+02	3.621024389962415602e-01	2.190366825909533521e-01	1.835194612609829246e-01	1.128044080745838201e-01	5.958395606990889853e-02	2.715412839781063126e-02	5.110035324649950250e-02
6.821256001253949535e+02	3.608694023706535137e-01	2.182782702058843616e-01	1.843516879834989353e-01	1.133493674341274488e-01	5.980160204336775615e-02	2.726589280459191036e-02	5.138520579485678086e-02
6.869633703390502433e+02	3.596430830789373312e-01	2.175239902278184867e-01	1.851791375818216678e-01	1.138912106285629999e-01	6.001798295521876964e-02	2.737702936538979892e-02	5.166899479923164201e-02
6.918011405527055331e+02	3.584234443927591385e-01	2.167738200545115401e-01	1.860018385530360086e-01	1.144299560958677853e-01	6.023310653000359116e-02	2.748754169421619570e-02	5.195172131658641612e-02
6.966389107663608229e+02	3.572104497859353023e-01	2.160277372082223812e-01	1.868198192138768310e-01	1.149656221616751212e-01	6.044698043935719384e-02	2.759743338371941149e-02	5.223338644419441013e-02
7.014766809800161127e+02	3.560040629333048323e-01	2.152857193350151410e-01	1.876331077019929294e-01	1.154982270398006300e-01	6.065961230259449277e-02	2.770670800529600325e-02	5.251399131897657030e-02
7.063144511936714025e+02	3.548042477096082781e-01	2.145477442040659433e-01	1.884417319771988786e-01	1.160277888327817808e-01	6.087100968727643391e-02	2.781536910920361441e-02	5.279353711684566658e-02
7.111522214073266923e+02	3.536109681883731204e-01	2.138137897069737337e-01	1.892457198227148196e-01	1.165543255324292954e-01	6.108118010975698703e-02	2.792342022467473109e-02	5.307202505205788068e-02
7.159899916209819821e+02	3.524241886408057134e-01	2.130838338570752444e-01	1.900450988463950885e-01	1.170778550203892543e-01	6.129013103571216703e-02	2.803086486003119118e-02	5.334945637657181883e-02
7.208277618346371582e+02	3.512438735346899432e-01	2.123578547887642054e-01	1.908398964819451593e-01	1.175983950687145840e-01	6.149786988065238102e-02	2.813770650279932145e-02	5.362583237941488667e-02
7.256655320482924481e+02	3.500699875332915489e-01	2.116358307568145525e-01	1.916301399901277902e-01	1.181159633404449127e-01	6.170440401041908662e-02	2.824394861982562621e-02	5.390115438605695003e-02
7.305033022619478515e+02	3.489024954942696599e-01	2.109177401357076875e-01	1.924158564599582066e-01	1.186305773901938504e-01	6.190974074166685770e-02	2.834959465739289586e-02	5.417542375779128144e-02
7.353410724756030277e+02	3.477413624685939952e-01	2.102035614189637358e-01	1.931970728098890144e-01	1.191422546647426389e-01	6.211388734233171116e-02	2.845464804133663109e-02	5.444864189112263997e-02
7.401788426892584312e+02	3.465865536994686691e-01	2.094932732184770219e-01	1.939738157889844272e-01	1.196510125036394784e-01	6.231685103208655513e-02	2.855911217716174816e-02	5.472081021716253962e-02
7.450166129029136073e+02	3.454380346212618802e-01	2.087868542638549041e-01	1.947461119780844740e-01	1.201568681398035299e-01	6.251863898278461895e-02	2.866299045015941252e-02	5.499193020103160245e-02
7.498543831165690108e+02	3.442957708584422627e-01	2.080842834017611609e-01	1.955139877909594093e-01	1.206598387001331651e-01	6.271925831889153813e-02	2.876628622552400774e-02	5.526200334126893376e-02
7.546921533302243006e+02	3.431597282245206215e-01	2.073855395952628744e-01	1.962774694754541027e-01	1.211599412061174635e-01	6.291871611790680885e-02	2.886900284847009404e-02	5.553103116924845012e-02
7.595299235438793630e+02	3.420298727209985512e-01	2.066906019231812275e-01	1.970365831146229652e-01	1.216571925744508037e-01	6.311701941077528522e-02	2.897114364434935294e-02	5.579901524860215317e-02
7.643676937575347665e+02	3.409061705363226058e-01	2.059994495794460756e-01	1.977913546278554646e-01	1.221516096176493288e-01	6.331417518228914243e-02	2.907271191876744168e-02	5.606595717465021056e-02
7.692054639711900563e+02	3.397885880448444085e-01	2.053120618724543489e-01	1.985418097719923169e-01	1.226432090446694517e-01	6.351019037148115942e-02	2.917371095770070893e-02	5.633185857383786466e-02
7.740432341848452324e+02	3.386770918057868118e-01	2.046284182244321181e-01	1.992879741424325446e-01	1.231320074615275401e-01	6.370507187200946664e-02	2.927414402761268838e-02	5.659672110317906513e-02
7.788810043985006359e+02	3.375716485622162200e-01	2.039484981708005185e-01	2.000298731742315705e-01	1.236180213719202670e-01	6.389882653253449452e-02	2.937401437557040154e-02	5.686054644970676281e-02
7.837187746121558121e+02	3.364722252400204616e-01	2.032722813595451428e-01	2.007675321431904303e-01	1.241012671778456283e-01	6.409146115708842795e-02	2.947332522936035523e-02	5.712333632992981636e-02
7.885565448258112156e+02	3.353787889468925476e-01	2.025997475505891821e-01	2.015009761669364075e-01	1.245817611802237934e-01	6.428298250543765247e-02	2.957207979760424765e-02	5.738509248929644230e-02
7.933943150394665054e+02	3.342913069713204788e-01	2.019308766151702850e-01	2.022302302059947321e-01	1.250595195795178305e-01	6.447339729343842807e-02	2.967028126987431361e-02	5.764581670166416677e-02
7.982320852531219089e+02	3.332097467815823832e-01	2.012656485352209146e-01	2.029553190648523131e-01	1.255345584763536970e-01	6.466271219338637355e-02	2.976793281680830544e-02	5.790551076877617498e-02
8.030698554667769713e+02	3.321340760247477042e-01	2.006040434027523689e-01	2.036762673930126166e-01	1.260068938721394527e-01	6.485093383435981684e-02	2.986503759022408194e-02	5.816417651974404440e-02
8.079076256804323748e+02	3.310642625256841054e-01	1.999460414192421043e-01	2.043930996860426619e-01	1.264765416696831679e-01	6.503806880255748324e-02	2.996159872323374274e-02	5.842181581053677852e-02
8.127453958940876646e+02	3.300002742860695948e-01	1.992916228950248336e-01	2.051058402866116626e-01	1.269435176738097082e-01	6.522412364163075738e-02	3.005761933035734634e-02	5.867843052347605781e-02
8.175831661077428407e+02	3.289420794834108097e-01	1.986407682486872051e-01	2.058145133855216746e-01	1.274078375919756867e-01	6.540910485301076882e-02	3.015310250763613559e-02	5.893402256673768713e-02
8.224209363213982442e+02	3.278896464700664648e-01	1.979934580064655059e-01	2.065191430227302782e-01	1.278695170348826682e-01	6.559301889623056492e-02	3.024805133274525298e-02	5.918859387385915632e-02
8.272587065350534203e+02	3.268429437722766839e-01	1.973496728016474466e-01	2.072197530883655159e-01	1.283285715170884023e-01	6.577587218924253742e-02	3.034246886510601551e-02	5.944214640325325844e-02
8.320964767487085965e+02	3.258019400891975503e-01	1.967093933739767209e-01	2.079163673237329202e-01	1.287850164576160306e-01	6.595767110873139438e-02	3.043635814599759959e-02	5.969468213772766846e-02
8.369342469623640000e+02	3.247666042919411522e-01	1.960726005690613949e-01	2.086090093223150754e-01	1.292388671805607125e-01	6.613842199042280212e-02	3.052972219866821602e-02	5.994620308401051728e-02
8.417720171760191761e+02	3.237369054226213461e-01	1.954392753377856007e-01	2.092977025307633798e-01	1.296901389156940587e-01	6.631813112938790555e-02	3.062256402844575412e-02	6.019671127228176655e-02
8.466097873896745796e+02	3.227128126934047936e-01	1.948093987357245038e-01	2.099824702498823692e-01	1.301388467990659825e-01	6.649680478034387943e-02	3.071488662284783955e-02	6.044620875571046076e-02
8.514475576033297557e+02	3.216942954855669945e-01	1.941829519225626577e-01	2.106633356356067410e-01	1.305850058736036934e-01	6.667444915795076033e-02	3.080669295169132307e-02	6.069469760999767621e-02
8.562853278169851592e+02	3.206813233485543146e-01	1.935599161615156605e-01	2.113403216999709400e-01	1.310286310897080531e-01	6.685107043710446229e-02	3.089798596720122817e-02	6.094217993292520841e-02
8.611230980306403353e+02	3.196738659990508435e-01	1.929402728187551430e-01	2.120134513120714437e-01	1.314697373058471286e-01	6.702667475322646173e-02	3.098876860411905673e-02	6.118865784390983137e-02
8.659608682442956251e+02	3.186718933200506920e-01	1.923240033628369483e-01	2.126827471990218599e-01	1.319083392891466366e-01	6.720126820254997135e-02	3.107904377981055705e-02	6.143413348356321912e-02
8.707986384579510286e+02	3.176753753599357299e-01	1.917110893641326419e-01	2.133482319469010846e-01	1.323444517159774458e-01	6.737485684240283879e-02	3.116881439437284990e-02	6.167860901325729339e-02
8.756364086716062047e+02	3.166842823315579869e-01	1.911015124942641585e-01	2.140099280016942995e-01	1.327780891725399703e-01	6.754744669148737835e-02	3.125808333074097528e-02	6.192208661469507380e-02
8.804741788852616082e+02	3.156985846113279370e-01	1.904952545255418073e-01	2.146678576702267804e-01	1.332092661554454827e-01	6.771904373015705247e-02	3.134685345479382851e-02	6.216456848948694047e-02
8.853119490989170117e+02	3.147182527383073913e-01	1.898922973304053297e-01	2.153220431210910724e-01	1.336379970722940680e-01	6.788965390069023886e-02	3.143512761545949608e-02	6.240605685873220482e-02
8.901497193125721878e+02	3.137432574133077190e-01	1.892926228808681777e-01	2.159725063855674199e-01	1.340642962422494699e-01	6.805928310756106936e-02	3.152290864481993582e-02	6.264655396260597475e-02
8.949874895262273640e+02	3.127735694979932868e-01	1.886962132479650112e-01	2.166192693585369533e-01	1.344881778966105224e-01	6.822793721770759046e-02	3.161019935821508808e-02	6.288606205995125875e-02
8.998252597398827675e+02	3.118091600139897279e-01	1.881030506012021652e-01	2.172623537993886855e-01	1.349096561793794447e-01	6.839562206079709272e-02	3.169700255434633462e-02	6.312458342787626020e-02
9.046630299535379436e+02	3.108500001419972625e-01	1.875131172080113928e-01	2.179017813329194031e-01	1.353287451478266401e-01	6.856234342948895610e-02	3.178332101537936077e-02	6.336212036135673020e-02
9.095008001671932334e+02	3.098960612209091803e-01	1.869263954332066047e-01	2.185375734502272849e-01	1.357454587730520801e-01	6.872810707969471966e-02	3.186915750704640005e-02	6.359867517284345517e-02
9.143385703808486369e+02	3.089473147469353198e-01	1.863428677384437182e-01	2.191697515095989146e-01	1.361598109405433576e-01	6.889291873083590312e-02	3.195451477874781260e-02	6.383425019187467797e-02
9.191763405945038130e+02	3.080037323727301546e-01	1.857625166816835593e-01	2.197983367373897434e-01	1.365718154507303828e-01	6.905678406609919162e-02	3.203939556365309471e-02	6.406884776469354281e-02
9.240141108081592165e+02	3.070652859065262641e-01	1.851853249166577897e-01	2.204233502288980295e-01	1.369814860195364692e-01	6.921970873268937230e-02	3.212380257880124990e-02	6.430247025387039739e-02
9.288518810218145063e+02	3.061319473112723566e-01	1.846112751923379147e-01	2.210448129492327274e-01	1.373888362789261741e-01	6.938169834207989772e-02	3.220773852520050773e-02	6.453512003792995222e-02
9.336896512354697961e+02	3.052036887037761215e-01	1.840403503524071505e-01	2.216627457341748819e-01	1.377938797774494462e-01	6.954275847026114565e-02	3.229120608792747371e-02	6.476679951098324173e-02
9.385274214491247449e+02	3.042804823538521330e-01	1.834725333347354548e-01	2.222771692910326946e-01	1.381966299807826093e-01	6.970289465798656936e-02	3.237420793622563381e-02	6.499751108236430375e-02
9.433651916627801484e+02	3.033623006834745284e-01	1.829078071708573616e-01	2.228881041994905665e-01	1.385971002722655165e-01	6.986211241101654423e-02	3.245674672360323448e-02	6.522725717627159137e-02
9.482029618764355519e+02	3.024491162659342369e-01	1.823461549854528962e-01	2.234955709124518131e-01	1.389953039534356505e-01	7.002041720036018824e-02	3.253882508793054518e-02	6.545604023141399219e-02
9.530407320900908417e+02	3.015409018250011508e-01	1.817875599958312938e-01	2.240995897568754947e-01	1.393912542445584213e-01	7.017781446251498967e-02	3.262044565153655179e-02	6.568386270066138566e-02
9.578785023037459041e+02	3.006376302340909579e-01	1.812320055114177431e-01	2.247001809346070855e-01	1.397849642851541341e-01	7.033430959970450591e-02	3.270161102130494934e-02	6.591072705069987714e-02
9.627162725174014213e+02	2.997392745154365823e-01	1.806794749332430172e-01	2.252973645232030364e-01	1.401764471345215424e-01	7.048990798011395276e-02	3.278232378876962810e-02	6.613663576169136193e-02
9.675540427310568248e+02	2.988458078392646766e-01	1.801299517534358241e-01	2.258911604767497860e-01	1.405657157722578487e-01	7.064461493812385084e-02	3.286258653020945886e-02	6.636159132693766893e-02
9.723918129447120009e+02	2.979572035229759996e-01	1.795834195547182377e-01	2.264815886266763056e-01	1.409527830987753472e-01	7.079843577454177084e-02	3.294240180674254392e-02	6.658559625254896475e-02
9.772295831583674044e+02	2.970734350303310678e-01	1.790398620099038496e-01	2.270686686825613143e-01	1.413376619358145680e-01	7.095137575683202469e-02	3.302177216441980895e-02	6.680865305711658486e-02
9.820673533720223531e+02	2.961944759706401920e-01	1.784992628813987514e-01	2.276524202329344715e-01	1.417203650269540371e-01	7.110344011934366382e-02	3.310070013431803959e-02	6.703076427139012528e-02
9.869051235856777566e+02	2.953203000979578996e-01	1.779616060207053763e-01	2.282328627460717962e-01	1.421009050381166761e-01	7.125463406353649276e-02	3.317918823263228678e-02	6.725193243795878073e-02
9.917428937993331601e+02	2.944508813102821865e-01	1.774268753679290600e-01	2.288100155707854522e-01	1.424792945580726222e-01	7.140496275820530647e-02	3.325723896076769603e-02	6.747216011093692956e-02
9.965806640129884499e+02	2.935861936487579316e-01	1.768950549512875448e-01	2.293838979372080367e-01	1.428555460989388848e-01	7.155443133970233738e-02	3.333485480543074697e-02	6.769144985565372918e-02
