0.000000000000000000e+00	1.013956606500672208e+00	6.937367046085576844e-34	1.111429066751120497e-33	8.841524787560339658e-35	2.355080256825926546e-35	1.720827196737204489e-31	7.541896535600229661e-35
4.837770213655283591e+00	9.404810394316823752e-01	6.667096258251407892e-02	2.178327538260578771e-03	1.089543010541875641e-03	2.381852232464716154e-03	8.959932301042293837e-04	2.588884751043912455e-04
9.675540427310567182e+00	8.797986832469881779e-01	1.210280925095086196e-01	4.333490349056810104e-03	2.128038648703542771e-03	4.440089310621917439e-03	1.674073711010013767e-03	5.541387247831473708e-04
1.451331064096584811e+01	8.296039806137462946e-01	1.652946174917578892e-01	6.461754024046816730e-03	3.130429621054359960e-03	6.231806936302353682e-03	2.354367702117242823e-03	8.796501116472691707e-04
1.935108085462113081e+01	7.880073201310245912e-01	2.012926449274608232e-01	8.560920546231845854e-03	4.108193182366357693e-03	7.803728834570198766e-03	2.953468008414048863e-03	1.230330870604409059e-03
2.418885106827641707e+01	7.534599926010256965e-01	2.305155311673595109e-01	1.062992932642229174e-02	5.070060572995686854e-03	9.194105511812203022e-03	3.485061821945475025e-03	1.601925499111397097e-03
2.902662128193169622e+01	7.246926865298164433e-01	2.541871940960178100e-01	1.266854787792685670e-02	6.022594436419228918e-03	1.043426495895705478e-02	3.960446252531899317e-03	1.990872349003088883e-03
3.386439149558698603e+01	7.006650801327910516e-01	2.733107246852327643e-01	1.467713337008971254e-02	6.970651504546291483e-03	1.154987902864769433e-02	4.388951714529374347e-03	2.394186064835590426e-03
3.870216170924226162e+01	6.805245278330692704e-01	2.887082281731473965e-01	1.665645006705555181e-02	7.917752680725949690e-03	1.256199756865290437e-02	4.778289707554875601e-03	2.809360470466735343e-03
4.353993192289755143e+01	6.635722004410852248e-01	3.010534771983608970e-01	1.860753068812057154e-02	8.866378456968795549e-03	1.348789287145391730e-02	5.134838553988545218e-03	3.234288290694676323e-03
4.837770213655283413e+01	6.492353342364199920e-01	3.108986737380456389e-01	2.053157216132641197e-02	9.818204193898399587e-03	1.434174921505567378e-02	5.463878216857710746e-03	3.667194739068801307e-03
5.321547235020811684e+01	6.370444867958482416e-01	3.186963827245817837e-01	2.242985819697665070e-02	1.077428702344360861e-02	1.513522590622419679e-02	5.769783321802612885e-03	4.106582531795675318e-03
5.805324256386339954e+01	6.266148962607930306e-01	3.248175084539170476e-01	2.430370267520963121e-02	1.173521388631812434e-02	1.587791703564817372e-02	6.056181867040484439e-03	4.551186321746340975e-03
6.289101277751868224e+01	6.176312037104881858e-01	3.295660277347259304e-01	2.615440909673048819e-02	1.270121839193722769e-02	1.657772690315904157e-02	6.326085760679914412e-03	4.999934902952160240e-03
6.772878299117397205e+01	6.098349318768683247e-01	3.331910649185259032e-01	2.798324234906154895e-02	1.367227270856486571e-02	1.724117659684893528e-02	6.581998222191101817e-03	5.451919828612163642e-03
7.256655320482924765e+01	6.030142229084827221e-01	3.358967883814032440e-01	2.979140984137021442e-02	1.464815949177986250e-02	1.787365437096398793e-02	6.826002180701504392e-03	5.906369325971265460e-03
7.740432341848452324e+01	5.969954276113442759e-01	3.378505215051099131e-01	3.158004969881010593e-02	1.562852788735226775e-02	1.847962014789017102e-02	7.059833061314456717e-03	6.362626588851817699e-03
8.224209363213981305e+01	5.916362121279972186e-01	3.391893902926559901e-01	3.335022421445631852e-02	1.661293685762433789e-02	1.906277257457195812e-02	7.284938742538740047e-03	6.820131690828434498e-03
8.707986384579510286e+01	5.868199082826787150e-01	3.400257716347746539e-01	3.510291715922910644e-02	1.760088844373172354e-02	1.962618551576768983e-02	7.502528969149950891e-03	7.278406495341193695e-03
9.191763405945040688e+01	5.824508832138394210e-01	3.404517586105259008e-01	3.683903386856606649e-02	1.859185306118930903e-02	2.017241960223934913e-02	7.713616095689542623e-03	7.737042048623475436e-03
9.675540427310566827e+01	5.784507443972141116e-01	3.405428201660449794e-01	3.855940327584573418e-02	1.958528851048969496e-02	2.070361341944999822e-02	7.919048700203110483e-03	8.195688031425457307e-03
1.015931744867609581e+02	5.747552293408743074e-01	3.403608005195392083e-01	4.026478126022514648e-02	2.058065404870615747e-02	2.122155807920800968e-02	8.119539332493173889e-03	8.654043919627228687e-03
1.064309447004162337e+02	5.713116564259821395e-01	3.399563774173510189e-01	4.195585483151719614e-02	2.157742059744391025e-02	2.172775822829835224e-02	8.315687435265244412e-03	9.111851564815424270e-03
1.112687149140715235e+02	5.680768356532712726e-01	3.393710768737545624e-01	4.363324679574087650e-02	2.257507794448290056e-02	2.222348198614827394e-02	8.507998291185602663e-03	9.568888956089812575e-03
1.161064851277267991e+02	5.650153563207319651e-01	3.386389244125549980e-01	4.529752063903991904e-02	2.357313962106303076e-02	2.270980184483376366e-02	8.696898696753455060e-03	1.002496496569624945e-02
1.209442553413820747e+02	5.620981836280181110e-01	3.377877983919376770e-01	4.694918544039840269e-02	2.457114599582884557e-02	2.318762819032004624e-02	8.882749939040753689e-03	1.047991491512962822e-02
1.257820255550373645e+02	5.593015084722696706e-01	3.368405391620061251e-01	4.858870067947480831e-02	2.556866601336267586e-02	2.365773679828046816e-02	9.065858548868445041e-03	1.093359682641131120e-02
1.306197957686926259e+02	5.566058047556409205e-01	3.358158581071351012e-01	5.021648084851586952e-02	2.656529791462977977e-02	2.412079140851799280e-02	9.246485219849071707e-03	1.138588824638465426e-02
1.354575659823479441e+02	5.539950567662167424e-01	3.347290826775127237e-01	5.183289980955439052e-02	2.756066920418996646e-02	2.457736227859901729e-02	9.424852213637218215e-03	1.183668355096339705e-02
1.402953361960032339e+02	5.514561259484960232e-01	3.335927670004008583e-01	5.343829486221530339e-02	2.855443607117650121e-02	2.502794145136743448e-02	9.601149514988617517e-03	1.228589165202865346e-02
1.451331064096584669e+02	5.489782319154943302e-01	3.324171923230087589e-01	5.503297050525539358e-02	2.954628242495433918e-02	2.547295533565029080e-02	9.775539953619910225e-03	1.273343404269037561e-02
1.499708766233137851e+02	5.465525270916136158e-01	3.312107771634167364e-01	5.661720188787364161e-02	3.053591866974100788e-02	2.591277508906912261e-02	9.948163471566535271e-03	1.317924312739275107e-02
1.548086468369690749e+02	5.441717480939635143e-01	3.299804134599376160e-01	5.819123795597842819e-02	3.152308031344036587e-02	2.634772520184014422e-02	1.011914068326542210e-02	1.362326079224790779e-02
1.596464170506243647e+02	5.418299300074583824e-01	3.287317420702363102e-01	5.975530430487511341e-02	3.250752648299747721e-02	2.677809060703124217e-02	1.028857584971945398e-02	1.406543717835554222e-02
1.644841872642796261e+02	5.395221722068129777e-01	3.274693785627175169e-01	6.130960575393797074e-02	3.348903840051679903e-02	2.720412258288240973e-02	1.045655936682926036e-02	1.450572962697662879e-02
1.693219574779349159e+02	5.372444464257128960e-01	3.261970982684724851e-01	6.285432866130138962e-02	3.446741786021702975e-02	2.762604366398979314e-02	1.062316985048191928e-02	1.494410177049808851e-02
1.741597276915902057e+02	5.349934394512453339e-01	3.249179879440366459e-01	6.438964299786888168e-02	3.544248573523520185e-02	2.804405173836247225e-02	1.078847588659082209e-02	1.538052274733430792e-02
1.789974979052454671e+02	5.327664241967849934e-01	3.236345700690936855e-01	6.591570420032544231e-02	3.641408053470602396e-02	2.845832347492097472e-02	1.095253750243236485e-02	1.581496652241020512e-02
1.838352681189008138e+02	5.305611540335443133e-01	3.223489047163985988e-01	6.743265482260019095e-02	3.738205702491988192e-02	2.886901719955953932e-02	1.111540740586876470e-02	1.624741129778245127e-02
1.886730383325560467e+02	5.283757761846797907e-01	3.210626730404171902e-01	6.894062600455706791e-02	3.834628492329566346e-02	2.927627531633274563e-02	1.127713203100944202e-02	1.667783900038185413e-02
1.935108085462113081e+02	5.262087607428836966e-01	3.197772457011160419e-01	7.043973877573743436e-02	3.930664767006473298e-02	2.968022635274769963e-02	1.143775242223959814e-02	1.710623483588449151e-02
1.983485787598666263e+02	5.240588424928441791e-01	3.184937389409884800e-01	7.193010521085033138e-02	4.026304127968804297e-02	3.008098669380895873e-02	1.159730498308289733e-02	1.753258689941079168e-02
2.031863489735219162e+02	5.219249732284725329e-01	3.172130605430064088e-01	7.341182945248493630e-02	4.121537327190995942e-02	3.047866205777382057e-02	1.175582211185888411e-02	1.795688583516731607e-02
2.080241191871772060e+02	5.198062826715675877e-01	3.159359474952673774e-01	7.488500861526589669e-02	4.216356168082364270e-02	3.087334875704119894e-02	1.191333274237579842e-02	1.837912453833231638e-02
2.128618894008324673e+02	5.177020464401681510e-01	3.146629968587012494e-01	7.634973358442727343e-02	4.310753413925044047e-02	3.126513477981830019e-02	1.206986280482635725e-02	1.879929789348198238e-02
2.176996596144877287e+02	5.156116597947938418e-01	3.133946910642223527e-01	7.780608972057552475e-02	4.404722703501520731e-02	3.165410072186116558e-02	1.222543561951378553e-02	1.921740254469181397e-02
2.225374298281430470e+02	5.135346161202264392e-01	3.121314186444472116e-01	7.925415748126396487e-02	4.498258473524752860e-02	3.204032059240190244e-02	1.238007223393370985e-02	1.963343669315296969e-02
2.273752000417983652e+02	5.114704892885293397e-01	3.108734912237510750e-01	8.069401296892567133e-02	4.591355887458934554e-02	3.242386251414195592e-02	1.253379171199753284e-02	2.004739991873879731e-02
2.322129702554535982e+02	5.094189192031303159e-01	3.096211574418072932e-01	8.212572841371229559e-02	4.684010770309181976e-02	3.280478933373072448e-02	1.268661138274090709e-02	2.045929302246026968e-02
2.370507404691088880e+02	5.073795999501081733e-01	3.083746143639407022e-01	8.354937259886784096e-02	4.776219548959795974e-02	3.318315915631872559e-02	1.283854705466478882e-02	2.086911788717555130e-02
2.418885106827641494e+02	5.053522700863523065e-01	3.071340168317905350e-01	8.496501123542755940e-02	4.867979197650043610e-02	3.355902581545837371e-02	1.298961320086344622e-02	2.127687735428112487e-02
2.467262808964194392e+02	5.033367046791185073e-01	3.058994851259548842e-01	8.637270729227129740e-02	4.959287188191344870e-02	3.393243928772753104e-02	1.313982311926822563e-02	2.168257511441998298e-02
2.515640511100747290e+02	5.013327087810413030e-01	3.046711112452279435e-01	8.777252128687314248e-02	5.050141444548341546e-02	3.430344605989427142e-02	1.328918907164883950e-02	2.208621561050509371e-02
2.564018213237300188e+02	4.993401120816637340e-01	3.034489640520799392e-01	8.916451154147261859e-02	5.140540301427239805e-02	3.467208945516303542e-02	1.343772240444151764e-02	2.248780395158081827e-02
2.612395915373852517e+02	4.973587645232581678e-01	3.022330934889840282e-01	9.054873440883903779e-02	5.230482466536935660e-02	3.503840992399055720e-02	1.358543365399574043e-02	2.288734583623714541e-02
2.660773617510405415e+02	4.953885327069964539e-01	3.010235340332763632e-01	9.192524447130839826e-02	5.319966986211021459e-02	3.540244530409390050e-02	1.373233263843223577e-02	2.328484748445650704e-02
2.709151319646958882e+02	4.934292969469080692e-01	2.998203075279779473e-01	9.329409471633304252e-02	5.408993214101159852e-02	3.576423105355754778e-02	1.387842853797103919e-02	2.368031557691489125e-02
2.757529021783511780e+02	4.914809488547823291e-01	2.986234255012103489e-01	9.465533669139472583e-02	5.497560782674188601e-02	3.612380046035515435e-02	1.402372996530857306e-02	2.407375720088119481e-02
2.805906723920064678e+02	4.895433893602488817e-01	2.974328910665110515e-01	9.600902064078777054e-02	5.585669577266332009e-02	3.648118483111096461e-02	1.416824502738790216e-02	2.446517980196435960e-02
2.854284426056617008e+02	4.876165270875456592e-01	2.962487004797003110e-01	9.735519562647343417e-02	5.673319712467857906e-02	3.683641366151816504e-02	1.431198137970878144e-02	2.485459114104934808e-02
2.902662128193169337e+02	4.857002770246443002e-01	2.950708444142965958e-01	9.869390963493833435e-02	5.760511510630367954e-02	3.718951479049138753e-02	1.445494627415775876e-02	2.524199925584230328e-02
2.951039830329722804e+02	4.837945594320049447e-01	2.938993090062927416e-01	1.000252096717528238e-01	5.847245482306515779e-02	3.754051453984626197e-02	1.459714660119827701e-02	2.562741242651419074e-02
2.999417532466276270e+02	4.818992989477463018e-01	2.927340767099330110e-01	1.013491418453167786e-01	5.933522308448374583e-02	3.788943784106030277e-02	1.473858892714197469e-02	2.601083914499238703e-02
3.047795234602828600e+02	4.800144238538095465e-01	2.915751269986170957e-01	1.026657514410973526e-01	6.019342824205855397e-02	3.823630835046818582e-02	1.487927952712181541e-02	2.639228808750197774e-02
3.096172936739380930e+02	4.781398654740862120e-01	2.904224369388984650e-01	1.039750829875021321e-01	6.104708004180601361e-02	3.858114855407481641e-02	1.501922441430238175e-02	2.677176809000451907e-02
3.144550638875934396e+02	4.762755576807141122e-01	2.892759816604958401e-01	1.052771803143905532e-01	6.189618949003696663e-02	3.892397986302494756e-02	1.515842936578997401e-02	2.714928812622210627e-02
3.192928341012487294e+02	4.744214364890397828e-01	2.881357347411006020e-01	1.065720866051022148e-01	6.274076873117345743e-02	3.926482270064528962e-02	1.529689994564330073e-02	2.752485728796991160e-02
3.241306043149040192e+02	4.725774397252610615e-01	2.870016685213719332e-01	1.078598444427729536e-01	6.358083093651521744e-02	3.960369658186952552e-02	1.543464152533262010e-02	2.789848476755130494e-02
3.289683745285592522e+02	4.707435067536488438e-01	2.858737543627336564e-01	1.091404958516144219e-01	6.441639020296466289e-02	3.994062018576607226e-02	1.557165930194993365e-02	2.827017984199700976e-02
3.338061447422145420e+02	4.689195782526079936e-01	2.847519628583091711e-01	1.104140823337498439e-01	6.524746146080973030e-02	4.027561142181012438e-02	1.570795831443395213e-02	2.863995185895380768e-02
3.386439149558698318e+02	4.671055960307756161e-01	2.836362640054641560e-01	1.116806449021258973e-01	6.607406038974585061e-02	4.060868749047337467e-02	1.584354345804015948e-02	2.900781022404957596e-02
3.434816851695251216e+02	4.653015028759417415e-01	2.825266273468988176e-01	1.129402241099573823e-01	6.689620334239332333e-02	4.093986493864575082e-02	1.597841949725745808e-02	2.937376438958023278e-02
3.483194553831804114e+02	4.635072424308780414e-01	2.814230220859764153e-01	1.141928600771052738e-01	6.771390727463466597e-02	4.126915971035143016e-02	1.611259107734806448e-02	2.973782384438084306e-02
3.531572255968357013e+02	4.617227590912281188e-01	2.803254171809491102e-01	1.154385925137403207e-01	6.852718968215787410e-02	4.159658719317575054e-02	1.624606273466570189e-02	3.009999810475792389e-02
3.579949958104909342e+02	4.599479979214846637e-01	2.792337814218991410e-01	1.166774607416019016e-01	6.933606854264814934e-02	4.192216226077942476e-02	1.637883890588854793e-02	3.046029670637304121e-02
3.628327660241463377e+02	4.581829045857975791e-01	2.781480834935244895e-01	1.179095037131241835e-01	7.014056226312145870e-02	4.224589931184059149e-02	1.651092393628709326e-02	3.081872919697950172e-02
3.676705362378016275e+02	4.564274252909426566e-01	2.770682920263326521e-01	1.191347600286692121e-01	7.094068963193962685e-02	4.256781230573360858e-02	1.664232208713293734e-02	3.117530512992427311e-02
3.725083064514568036e+02	4.546815067392623866e-01	2.759943756383422264e-01	1.203532679520781801e-01	7.173646977508855993e-02	4.288791479522489902e-02	1.677303754234221733e-02	3.153003405833652850e-02
3.773460766651120935e+02	4.529450960897848932e-01	2.749263029690138804e-01	1.215650654247266704e-01	7.252792211633966868e-02	4.320621995644095825e-02	1.690307441443654468e-02	3.188292552993238910e-02
3.821838468787673833e+02	4.512181409260504483e-01	2.738640427068193550e-01	1.227701900782482286e-01	7.331506634094862862e-02	4.352274061634061469e-02	1.703243674989492890e-02	3.223398908237281452e-02
3.870216170924226162e+02	4.495005892294391403e-01	2.728075636116043534e-01	1.239686792460710507e-01	7.409792236257732589e-02	4.383748927790329097e-02	1.716112853396176488e-02	3.258323423911813066e-02
3.918593873060780197e+02	4.477923893570127101e-01	2.717568345326898949e-01	1.251605699738957134e-01	7.487651029315331441e-02	4.415047814322616004e-02	1.728915369496875770e-02	3.293067050572855148e-02
3.966971575197332527e+02	4.460934900230589251e-01	2.707118244234880677e-01	1.263458990292274930e-01	7.565085041540668687e-02	4.446171913470658293e-02	1.741651610822221238e-02	3.327630736656517901e-02
4.015349277333884856e+02	4.444038402836746338e-01	2.696725023532661192e-01	1.275247029100632090e-01	7.642096315784811800e-02	4.477122391447088678e-02	1.754321959950139870e-02	3.362015428185083366e-02
4.063726979470438323e+02	4.427233895238429362e-01	2.686388375165786324e-01	1.286970178528216990e-01	7.718686907197251645e-02	4.507900390219666403e-02	1.766926794820878818e-02	3.396222068505400787e-02
4.112104681606991221e+02	4.410520874465576613e-01	2.676107992407932290e-01	1.298628798395965733e-01	7.794858881149280272e-02	4.538507029146333221e-02	1.779466489020843298e-02	3.430251598056325429e-02
4.160482383743544119e+02	4.393898840636289438e-01	2.665883569920584617e-01	1.310223246048012602e-01	7.870614311342509495e-02	4.568943406475419605e-02	1.791941412038493275e-02	3.464104954162239292e-02
4.208860085880095880e+02	4.377367296878696967e-01	2.655714803799991142e-01	1.321753876412685713e-01	7.945955278086315465e-02	4.599210600722274112e-02	1.804351929495191451e-02	3.497783070850013498e-02
4.257237788016648778e+02	4.360925749264165097e-01	2.645601391613719433e-01	1.333221042058600481e-01	8.020883866729401623e-02	4.629309671932665265e-02	1.816698403353581709e-02	3.531286878687035780e-02
4.305615490153201677e+02	4.344573706749834119e-01	2.635543032428736554e-01	1.344625093246343550e-01	8.095402166232011643e-02	4.659241662842397713e-02	1.828981192105816334e-02	3.564617304638162398e-02
4.353993192289755143e+02	4.328310681128824666e-01	2.625539426832572687e-01	1.355966377976186577e-01	8.169512267866499422e-02	4.689007599941823201e-02	1.841200650943692479e-02	3.597775271939680081e-02
4.402370894426308041e+02	4.312136186986750830e-01	2.615590276948843163e-01	1.367245242032223973e-01	8.243216264035076180e-02	4.718608494453187252e-02	1.853357131912549902e-02	3.630761699988544616e-02
4.450748596562860939e+02	4.296049741663436339e-01	2.605695286448183601e-01	1.378462029023278801e-01	8.316516247194513656e-02	4.748045343228087661e-02	1.865450984050586597e-02	3.663577504245359162e-02
4.499126298699413837e+02	4.280050865218908429e-01	2.595854160555450263e-01	1.389617080420896822e-01	8.389414308878513638e-02	4.777319129571710316e-02	1.877482553515071387e-02	3.696223596149680879e-02
4.547504000835967304e+02	4.264139080402920556e-01	2.586066606053884498e-01	1.400710735594705991e-01	8.461912538809243656e-02	4.806430823999964519e-02	1.889452183696789869e-02	3.728700883046424247e-02
4.595881702972519065e+02	4.248313912627396660e-01	2.576332331286814159e-01	1.411743331845388694e-01	8.534013024090304766e-02	4.835381384935115434e-02	1.901360215323908559e-02	3.761010268122213368e-02
4.644259405109071963e+02	4.232574889941279617e-01	2.566651046157361060e-01	1.422715204435500147e-01	8.605717848474066234e-02	4.864171759345047724e-02	1.913206986556331354e-02	3.793152650350687521e-02
4.692637107245624861e+02	4.216921543007378093e-01	2.557022462126535278e-01	1.433626686618326707e-01	8.677029091696930596e-02	4.892802883330871211e-02	1.924992833071505552e-02	3.825128924445837103e-02
4.741014809382177759e+02	4.201353405080868186e-01	2.547446292210026053e-01	1.444478109664971421e-01	8.747948828876618566e-02	4.921275682667180379e-02	1.936718088142536445e-02	3.856939980822556707e-02
4.789392511518730657e+02	4.185870011989167860e-01	2.537922250973947413e-01	1.455269802889826714e-01	8.818479129966143304e-02	4.949591073298929139e-02	1.948383082709384539e-02	3.888586705563679830e-02
4.837770213655284124e+02	4.170470902112956013e-01	2.528450054529741697e-01	1.466002093674582951e-01	8.888622059259546071e-02	4.977749961798534628e-02	1.959988145443840660e-02	3.920069980392823505e-02
4.886147915791837022e+02	4.155155616368152449e-01	2.519029420528415830e-01	1.476675307490904754e-01	8.958379674944923210e-02	5.005753245786542793e-02	1.971533602808895821e-02	3.951390682652463487e-02
4.934525617928388783e+02	4.139923698188689993e-01	2.509660068154240253e-01	1.487289767921894656e-01	9.027754028700656075e-02	5.033601814318897083e-02	1.983019779113075892e-02	3.982549685286684155e-02
4.982903320064942250e+02	4.124774693509968282e-01	2.500341718118029299e-01	1.497845796682450437e-01	9.096747165331116325e-02	5.061296548243598981e-02	1.994446996560231972e-02	4.013547856828132698e-02
5.031281022201495148e+02	4.109708150752869882e-01	2.491074092650093497e-01	1.508343713638617412e-01	9.165361122438431263e-02	5.088838320529329162e-02	2.005815575295246192e-02	4.044386061388746678e-02
5.079658724338048046e+02	4.094723620808261577e-01	2.481856915492932913e-01	1.518783836826016198e-01	9.233597930127190878e-02	5.116227996568353115e-02	2.017125833446057476e-02	4.075065158653853187e-02
5.128036426474600376e+02	4.079820657021904218e-01	2.472689911893736492e-01	1.529166482467435306e-01	9.301459610739259976e-02	5.143466434455883085e-02	2.028378087162370155e-02	4.105586003879295454e-02
5.176414128611153274e+02	4.064998815179712843e-01	2.463572808596735664e-01	1.539491964989650741e-01	9.368948178616082201e-02	5.170554485247846194e-02	2.039572650651375746e-02	4.135949447891273945e-02
5.224791830747705035e+02	4.050257653493326560e-01	2.454505333835448055e-01	1.549760597039545051e-01	9.436065639886112577e-02	5.197492993198875311e-02	2.050709836210781387e-02	4.166156337088606360e-02
5.273169532884259070e+02	4.035596732585934321e-01	2.445487217324847640e-01	1.559972689499581622e-01	9.502813992275194188e-02	5.224282795982167216e-02	2.061789954259411403e-02	4.196207513447166443e-02
5.321547235020811968e+02	4.021015615478336080e-01	2.436518190253484095e-01	1.570128551502686931e-01	9.569195224937895872e-02	5.250924724892727657e-02	2.072813313365620691e-02	4.226103814526259439e-02
5.369924937157364866e+02	4.006513867575206556e-01	2.427597985275571912e-01	1.580228490446592693e-01	9.635211318308006812e-02	5.277419605035389705e-02	2.083780220273732595e-02	4.255846073476731578e-02
5.418302639293917764e+02	3.992091056651538850e-01	2.418726336503068675e-01	1.590272812007678394e-01	9.700864243966514366e-02	5.303768255498873818e-02	2.094690979928699043e-02	4.285435119050624853e-02
5.466680341430470662e+02	3.977746752839251276e-01	2.409902979497751119e-01	1.600261820154357251e-01	9.766155964525559396e-02	5.329971489517058847e-02	2.105545895499149125e-02	4.314871775612218185e-02
5.515058043567023560e+02	3.963480528613937959e-01	2.401127651263303131e-01	1.610195817160039178e-01	9.831088433526970205e-02	5.356030114618531845e-02	2.116345268398989524e-02	4.344156863150290537e-02
5.563435745703576458e+02	3.949291958781759315e-01	2.392400090237423449e-01	1.620075103615707390e-01	9.895663595354124709e-02	5.381944932765381218e-02	2.127089398307694876e-02	4.373291197291481747e-02
5.611813447840129356e+02	3.935180620466449675e-01	2.383720036283958066e-01	1.629899978442135577e-01	9.959883385155963997e-02	5.407716740482152590e-02	2.137778583189412634e-02	4.402275589314628285e-02
5.660191149976681118e+02	3.921146093096438690e-01	2.375087230685063722e-01	1.639670738901773672e-01	1.002374972878210674e-01	5.433346328975762612e-02	2.148413119310998293e-02	4.431110846165951800e-02
5.708568852113234016e+02	3.907187958392085991e-01	2.366501416133406366e-01	1.649387680610330809e-01	1.008726454272810130e-01	5.458834484247138130e-02	2.158993301259084022e-02	4.459797770475023432e-02
5.756946554249786914e+02	3.893305800353007995e-01	2.357962336724395980e-01	1.659051097548071563e-01	1.015042973408990384e-01	5.484181987195264202e-02	2.169519421956272315e-02	4.488337160571392176e-02
5.805324256386339812e+02	3.879499205245500737e-01	2.349469737948463310e-01	1.668661282070852958e-01	1.021324720052680379e-01	5.509389613714268941e-02	2.179991772676535128e-02	4.516729810501814851e-02
5.853701958522892710e+02	3.865767761590061524e-01	2.341023366683376017e-01	1.678218524920915833e-01	1.027571883023202653e-01	5.534458134784125960e-02	2.190410643059896925e-02	4.544976510048009954e-02
5.902079660659445608e+02	3.852111060148986077e-01	2.332622971186600058e-01	1.687723115237452776e-01	1.033784650191036658e-01	5.559388316555503862e-02	2.200776321126468246e-02	4.573078044744863929e-02
5.950457362795999643e+02	3.838528693914055046e-01	2.324268301087703270e-01	1.697175340566963730e-01	1.039963208476219758e-01	5.584180920429239470e-02	2.211089093289888424e-02	4.601035195899045444e-02
5.998835064932552541e+02	3.825020258094300463e-01	2.315959107380803350e-01	1.706575486873416481e-01	1.046107743847330684e-01	5.608836703130893470e-02	2.221349244370232623e-02	4.628848740607965917e-02
6.047212767069104302e+02	3.811585350103846581e-01	2.307695142417059697e-01	1.715923838548224500e-01	1.052218441321004366e-01	5.633356416780773562e-02	2.231557057606434191e-02	4.656519451779039115e-02
6.095590469205657200e+02	3.798223569549835088e-01	2.299476159897211325e-01	1.725220678420054943e-01	1.058295484961929850e-01	5.657740808959818568e-02	2.241712814668263970e-02	4.684048098149207889e-02
6.143968171342210098e+02	3.784934518220414712e-01	2.291301914864158074e-01	1.734466287764474812e-01	1.064339057883287448e-01	5.681990622771672383e-02	2.251816795667907142e-02	4.711435444304683251e-02
6.192345873478761860e+02	3.771717800072810212e-01	2.283172163695586232e-01	1.743660946313448368e-01	1.070349342247585572e-01	5.706106596901257960e-02	2.261869279171176139e-02	4.738682250700879117e-02
6.240723575615315895e+02	3.758573021221460753e-01	2.275086664096639399e-01	1.752804932264696025e-01	1.076326519267862547e-01	5.730089465670146903e-02	2.271870542208386315e-02	4.765789273682500410e-02
6.289101277751868793e+02	3.745499789926227674e-01	2.267045175092632092e-01	1.761898522290918367e-01	1.082270769209217748e-01	5.753939959088977263e-02	2.281820860284929434e-02	4.792757265503764380e-02
6.337478979888421691e+02	3.732497716580672753e-01	2.259047457021806093e-01	1.770941991548895811e-01	1.088182271390643052e-01	5.777658802907162383e-02	2.291720507391566131e-02	4.819586974348724628e-02
6.385856682024975726e+02	3.719566413700402530e-01	2.251093271528132878e-01	1.779935613688474472e-01	1.094061204187126990e-01	5.801246718660115625e-02	2.301569756014466145e-02	4.846279144351677004e-02
6.434234384161527487e+02	3.706705495911484238e-01	2.243182381554154892e-01	1.788879660861436571e-01	1.099907745032004808e-01	5.824704423714177626e-02	2.311368877145011241e-02	4.872834515617635587e-02
6.482612086298080385e+02	3.693914579938919474e-01	2.235314551333872357e-01	1.797774403730268422e-01	1.105722070419533354e-01	5.848032631309452167e-02	2.321118140289387191e-02	4.899253824242847527e-02
6.530989788434633283e+02	3.681193284595193904e-01	2.227489546385670871e-01	1.806620111476827939e-01	1.111504355907668162e-01	5.871232050600695695e-02	2.330817813477975217e-02	4.925537802335340498e-02
6.579367490571185044e+02	3.668541230768884165e-01	2.219707133505289254e-01	1.815417051810918614e-01	1.117254776121022197e-01	5.894303386696429781e-02	2.340468163274563029e-02	4.951687178035484027e-02
6.627745192707737942e+02	3.655958041413331361e-01	2.211967080758830417e-01	1.824165490978772453e-01	1.122973504753991270e-01	5.917247340696417390e-02	2.350069454785389325e-02	4.977702675536557764e-02
6.676122894844290840e+02	3.643443341535380076e-01	2.204269157475811647e-01	1.832865693771447424e-01	1.128660714574027391e-01	5.940064609727623707e-02	2.359621951668029044e-02	5.003585015105305872e-02
6.724500596980843738e+02	3.630996758184178441e-01	2.196613134242255405e-01	1.841517923533141921e-01	1.134316577425046463e-01	5.962755886978791942e-02	2.369125916140141230e-02	5.029334913102475463e-02
6.772878299117396637e+02	3.618617920440039826e-01	2.188998782893821493e-01	1.850122442169433445e-01	1.139941264230956014e-01	5.985321861733728516e-02	2.378581608988077772e-02	5.054953082003323800e-02
6.821256001253949535e+02	3.606306459403370024e-01	2.181425876508975570e-01	1.858679510155438752e-01	1.145534944999291871e-01	6.007763219403415567e-02	2.387989289575370710e-02	5.080440230418092895e-02
6.869633703390502433e+02	3.594062008183652179e-01	2.173894189402200416e-01	1.867189386543905150e-01	1.151097788824950591e-01	6.030080641557020171e-02	2.397349215851103665e-02	5.105797063112438999e-02
6.918011405527055331e+02	3.581884201888496655e-01	2.166403497117243282e-01	1.875652328973228811e-01	1.156629963894007934e-01	6.052274805951903675e-02	2.406661644358174673e-02	5.131024281027810052e-02
6.966389107663608229e+02	3.569772677612747525e-01	2.158953576420401532e-01	1.884068593675409520e-01	1.162131637487614916e-01	6.074346386562694960e-02	2.415926830241458059e-02	5.156122581301766233e-02
7.014766809800161127e+02	3.557727074427652902e-01	2.151544205293850764e-01	1.892438435483938530e-01	1.167602975985961300e-01	6.096296053609505383e-02	2.425145027255871943e-02	5.181092657288247777e-02
7.063144511936714025e+02	3.545747033370091894e-01	2.144175162929004841e-01	1.900762107841624804e-01	1.173044144872299466e-01	6.118124473585340867e-02	2.434316487774353457e-02	5.205935198577762990e-02
7.111522214073266923e+02	3.533832197431863720e-01	2.136846229719915613e-01	1.909039862808361854e-01	1.178455308737021007e-01	6.139832309282779871e-02	2.443441462795751737e-02	5.230650891017518678e-02
7.159899916209819821e+02	3.521982211549033459e-01	2.129557187256712336e-01	1.917271951068834357e-01	1.183836631281779406e-01	6.161420219819965099e-02	2.452520201952642157e-02	5.255240416731471464e-02
7.208277618346371582e+02	3.510196722591341079e-01	2.122307818319073836e-01	1.925458621940168147e-01	1.189188275323653232e-01	6.182888860665957526e-02	2.461552953519061809e-02	5.279704454140300013e-02
7.256655320482924481e+02	3.498475379351659864e-01	2.115097906869739808e-01	1.933600123379526914e-01	1.194510402799344034e-01	6.204238883665505466e-02	2.470539964418173515e-02	5.304043677981303689e-02
7.305033022619478515e+02	3.486817832535521466e-01	2.107927238048058205e-01	1.941696701991652008e-01	1.199803174769404068e-01	6.225470937063257854e-02	2.479481480229863560e-02	5.328258759328216576e-02
7.353410724756030277e+02	3.475223734750694793e-01	2.100795598163567313e-01	1.949748603036352002e-01	1.205066751422487620e-01	6.246585665527471659e-02	2.488377745198271096e-02	5.352350365610933358e-02
7.401788426892584312e+02	3.463692740496822631e-01	2.093702774689615298e-01	1.957756070435940632e-01	1.210301292079625779e-01	6.267583710173241229e-02	2.497229002239255077e-02	5.376319160635156108e-02
7.450166129029136073e+02	3.452224506155113781e-01	2.086648556257013620e-01	1.965719346782624222e-01	1.215506955198515093e-01	6.288465708585287695e-02	2.506035492947802923e-02	5.400165804601948089e-02
7.498543831165690108e+02	3.440818689978091816e-01	2.079632732647726245e-01	1.973638673345839978e-01	1.220683898377822318e-01	6.309232294840327882e-02	2.514797457605378456e-02	5.423890954127198738e-02
7.546921533302243006e+02	3.429474952079404892e-01	2.072655094788594110e-01	1.981514290079546825e-01	1.225832278361498051e-01	6.329884099529053954e-02	2.523515135187215722e-02	5.447495262261001919e-02
7.595299235438793630e+02	3.418192954423682206e-01	2.065715434745095669e-01	1.989346435629469612e-01	1.230952251043097995e-01	6.350421749777762637e-02	2.532188763369557644e-02	5.470979378506938412e-02
7.643676937575347665e+02	3.406972360816455936e-01	2.058813545715137694e-01	1.997135347340295297e-01	1.236043971470109221e-01	6.370845869269625705e-02	2.540818578536843675e-02	5.494343948841266811e-02
7.692054639711900563e+02	3.395812836894127607e-01	2.051949222022885488e-01	2.004881261262827230e-01	1.241107593848278512e-01	6.391157078265655156e-02	2.549404815788845063e-02	5.517589615732023528e-02
7.740432341848452324e+02	3.384714050114002171e-01	2.045122259112623631e-01	2.012584412161090019e-01	1.246143271545940845e-01	6.411355993625361682e-02	2.557947708947752238e-02	5.540717018158028417e-02
7.788810043985006359e+02	3.373675669744364281e-01	2.038332453542651967e-01	2.020245033519396105e-01	1.251151157098345790e-01	6.431443228827127268e-02	2.566447490565212236e-02	5.563726791627791879e-02
7.837187746121558121e+02	3.362697366854615066e-01	2.031579602979214638e-01	2.027863357549364587e-01	1.256131402211980441e-01	6.451419393988314099e-02	2.574904391929323105e-02	5.586619568198331054e-02
7.885565448258112156e+02	3.351778814305462761e-01	2.024863506190462958e-01	2.035439615196899532e-01	1.261084157768886937e-01	6.471285095885123684e-02	2.583318643071576964e-02	5.609395976493895125e-02
7.933943150394665054e+02	3.340919686739165506e-01	2.018183963040451334e-01	2.042974036149126649e-01	1.266009573830973456e-01	6.491040937972206160e-02	2.591690472773764201e-02	5.632056641724585838e-02
7.982320852531219089e+02	3.330119660569826889e-01	2.011540774483166483e-01	2.050466848841287493e-01	1.270907799644315495e-01	6.510687520402051731e-02	2.600020108574830138e-02	5.654602185704888512e-02
8.030698554667769713e+02	3.319378413973746444e-01	2.004933742556588294e-01	2.057918280463593153e-01	1.275778983643449382e-01	6.530225440044166996e-02	2.608307776777690073e-02	5.677033226872105209e-02
8.079076256804323748e+02	3.308695626879822327e-01	1.998362670376784000e-01	2.065328556968039353e-01	1.280623273455654410e-01	6.549655290504036165e-02	2.616553702456001634e-02	5.699350380304698399e-02
8.127453958940876646e+02	3.298070980960003951e-01	1.991827362132035373e-01	2.072697903075178538e-01	1.285440815905223577e-01	6.568977662141903262e-02	2.624758109460896896e-02	5.721554257740530530e-02
8.175831661077428407e+02	3.287504159619799027e-01	1.985327623076997838e-01	2.080026542280854485e-01	1.290231757017720193e-01	6.588193142091350318e-02	2.632921220427672862e-02	5.743645467595011322e-02
8.224209363213982442e+02	3.276994847988833337e-01	1.978863259526889573e-01	2.087314696862897778e-01	1.294996242024224475e-01	6.607302314277714583e-02	2.641043256782441354e-02	5.765624614979153462e-02
8.272587065350534203e+02	3.266542732911458247e-01	1.972434078851715289e-01	2.094562587887782434e-01	1.299734415365562112e-01	6.626305759436314224e-02	2.649124438748740040e-02	5.787492301717531151e-02
8.320964767487085965e+02	3.256147502937414284e-01	1.966039889470520274e-01	2.101770435217244493e-01	1.304446420696520337e-01	6.645204055130532472e-02	2.657164985354107389e-02	5.809249126366137356e-02
8.369342469623640000e+02	3.245808848312540240e-01	1.959680500845676077e-01	2.108938457514863141e-01	1.309132400890048453e-01	6.663997775769728293e-02	2.665165114436611471e-02	5.830895684230157083e-02
8.417720171760191761e+02	3.235526460969537776e-01	1.953355723477196715e-01	2.116066872252602982e-01	1.313792498041441159e-01	6.682687492627001347e-02	2.673125042651349620e-02	5.852432567381639361e-02
8.466097873896745796e+02	3.225300034518785441e-01	1.947065368897086812e-01	2.123155895717320774e-01	1.318426853472506599e-01	6.701273773856807059e-02	2.681044985476904036e-02	5.873860364677078311e-02
8.514475576033297557e+02	3.215129264239197648e-01	1.940809249663720815e-01	2.130205743017234421e-01	1.323035607735716657e-01	6.719757184512438475e-02	2.688925157221765810e-02	5.895179661774894997e-02
8.562853278169851592e+02	3.205013847069140831e-01	1.934587179356251352e-01	2.137216628088356718e-01	1.327618900618339759e-01	6.738138286563361001e-02	2.696765771030715589e-02	5.916391041152833929e-02
8.611230980306403353e+02	3.194953481597395673e-01	1.928398972569051184e-01	2.144188763700889955e-01	1.332176871146557307e-01	6.756417638912420864e-02	2.704567038891174391e-02	5.937495082125261031e-02
8.659608682442956251e+02	3.184947868054167630e-01	1.922244444906181238e-01	2.151122361465589716e-01	1.336709657589560396e-01	6.774595797412927278e-02	2.712329171639514536e-02	5.958492360860368625e-02
8.707986384579510286e+02	3.174996708302147419e-01	1.916123412975893059e-01	2.158017631840087880e-01	1.341217397463629613e-01	6.792673314885600000e-02	2.720052378967336218e-02	5.979383450397288829e-02
8.756364086716062047e+02	3.165099705827621457e-01	1.910035694385158189e-01	2.164874784135182584e-01	1.345700227536195948e-01	6.810650741135407249e-02	2.727736869427707656e-02	6.000168920663116745e-02
8.804741788852616082e+02	3.155256565731628382e-01	1.903981107734229461e-01	2.171694026521093224e-01	1.350158283829881734e-01	6.828528622968278727e-02	2.735382850441372971e-02	6.020849338489841357e-02
8.853119490989170117e+02	3.145466994721166087e-01	1.897959472611230325e-01	2.178475566033681310e-01	1.354591701626524647e-01	6.846307504207699290e-02	2.742990528302921560e-02	6.041425267631181373e-02
8.901497193125721878e+02	3.135730701100444273e-01	1.891970609586774987e-01	2.185219608580635242e-01	1.359000615471181173e-01	6.863987925711201310e-02	2.750560108186926936e-02	6.061897268779335018e-02
8.949874895262273640e+02	3.126047394762188070e-01	1.886014340208616857e-01	2.191926358947621778e-01	1.363385159176112305e-01	6.881570425386737688e-02	2.758091794154047399e-02	6.082265899581638241e-02
8.998252597398827675e+02	3.116416787178984960e-01	1.880090486996327803e-01	2.198596020804403361e-01	1.367745465824748152e-01	6.899055538208945237e-02	2.765585789157095839e-02	6.102531714657129930e-02
9.046630299535379436e+02	3.106838591394681659e-01	1.874198873436003498e-01	2.205228796710919648e-01	1.372081667775633951e-01	6.916443796235313690e-02	2.773042295047075528e-02	6.122695265613029014e-02
9.095008001671932334e+02	3.097312522015828740e-01	1.868339323975001243e-01	2.211824888123340160e-01	1.376393896666356920e-01	6.933735728622238137e-02	2.780461512579180186e-02	6.142757101061127600e-02
9.143385703808486369e+02	3.087838295203163552e-01	1.862511664016703317e-01	2.218384495400077538e-01	1.380682283417453415e-01	6.950931861640979870e-02	2.787843641418763854e-02	6.162717766634085576e-02
9.191763405945038130e+02	3.078415628663156434e-01	1.856715719915311980e-01	2.224907817807773025e-01	1.384946958236296100e-01	6.968032718693518979e-02	2.795188880147275734e-02	6.182577805001644722e-02
9.240141108081592165e+02	3.069044241639584114e-01	1.850951318970668613e-01	2.231395053527245598e-01	1.389188050620960846e-01	6.985038820328313969e-02	2.802497426268163797e-02	6.202337755886751236e-02
9.288518810218145063e+02	3.059723854905160301e-01	1.845218289423106173e-01	2.237846399659410013e-01	1.393405689364075883e-01	7.001950684255961455e-02	2.809769476212744393e-02	6.221998156081593595e-02
9.336896512354697961e+02	3.050454190753211781e-01	1.839516460448325230e-01	2.244262052231160154e-01	1.397600002556650123e-01	7.018768825364762876e-02	2.817005225346041336e-02	6.241559539463549522e-02
9.385274214491247449e+02	3.041234972989392826e-01	1.833845662152301104e-01	2.250642206201224349e-01	1.401771117591881499e-01	7.035493755736196841e-02	2.824204867972590280e-02	6.261022437011048991e-02
9.433651916627801484e+02	3.032065926923451782e-01	1.828205725566215967e-01	2.256987055465983771e-01	1.405919161168945886e-01	7.052125984660295721e-02	2.831368597342214313e-02	6.280387376819351886e-02
9.482029618764355519e+02	3.022946779361039837e-01	1.822596482641422599e-01	2.263296792865261142e-01	1.410044259296766578e-01	7.068666018650933414e-02	2.838496605655765545e-02	6.299654884116237530e-02
9.530407320900908417e+02	3.013877258595563657e-01	1.817017766244430343e-01	2.269571610188078625e-01	1.414146537297764072e-01	7.085114361461025689e-02	2.845589084070837202e-02	6.318825481277610956e-02
9.578785023037459041e+02	3.004857094400084083e-01	1.811469410151922144e-01	2.275811698178382136e-01	1.418226119811586416e-01	7.101471514097636162e-02	2.852646222707441379e-02	6.337899687843022434e-02
9.627162725174014213e+02	2.995886018019255914e-01	1.805951249045798790e-01	2.282017246540735400e-01	1.422283130798819573e-01	7.117737974836993442e-02	2.859668210653659726e-02	6.356878020531103735e-02
9.675540427310568248e+02	2.986963762161315428e-01	1.800463118508247584e-01	2.288188443945983475e-01	1.426317693544677800e-01	7.133914239239423638e-02	2.866655235971259097e-02	6.375760993254923903e-02
9.723918129447120009e+02	2.978090060990111199e-01	1.795004855016840151e-01	2.294325478036883803e-01	1.430329930662676829e-01	7.150000800164202364e-02	2.873607485701280828e-02	6.394549117137253436e-02
9.772295831583674044e+02	2.969264650117174331e-01	1.789576295939655504e-01	2.300428535433706456e-01	1.434319964098284272e-01	7.165998147784308214e-02	2.880525145869594281e-02	6.413242900525754908e-02
9.820673533720223531e+02	2.960487266593834210e-01	1.784177279530431426e-01	2.306497801739806341e-01	1.438287915132553940e-01	7.181906769601102691e-02	2.887408401492425059e-02	6.431842849008082008e-02
9.869051235856777566e+02	2.951757648903381437e-01	1.778807644923739439e-01	2.312533461547161828e-01	1.442233904385737953e-01	7.197727150458922696e-02	2.894257436581849918e-02	6.450349465426905016e-02
9.917428937993331601e+02	2.943075536953263516e-01	1.773467232130190030e-01	2.318535698441883397e-01	1.446158051820882195e-01	7.213459772559588368e-02	2.901072434151263577e-02	6.468763249894844691e-02
9.965806640129884499e+02	2.934440672067334943e-01	1.768155882031659798e-01	2.324504695009695643e-01	1.450060476747400406e-01	7.229105115476831822e-02	2.907853576220812905e-02	6.487084699809336774e-02
