0.000000000000000000e+00	1.013898820902543463e+00	6.502880556061299611e-27	1.260914981310701998e-27	1.378598806343289424e-28	5.275910533613930571e-30	7.884759294657725198e-27	5.937126251946050481e-30
4.837770213655283591e+00	9.404368324941809743e-01	6.665663988841100118e-02	2.175912977088433932e-03	1.091022591625371392e-03	2.383020040235361067e-03	8.969661032275007837e-04	2.584268077748524007e-04
9.675540427310567182e+00	8.797636228629334143e-01	1.210038869972257375e-01	4.329576795362640243e-03	2.130630549090097720e-03	4.441899589483591301e-03	1.675599938614780356e-03	5.536041698333093834e-04
1.451331064096584811e+01	8.295747850687968938e-01	1.652638291500789225e-01	6.457038393319688464e-03	3.133840190450543073e-03	6.233865282716727525e-03	2.356124524812711757e-03	8.793382923681199647e-04
1.935108085462113081e+01	7.879815873725106723e-01	2.012577006066834373e-01	8.555926686461606465e-03	4.112188764921584534e-03	7.805744108343561430e-03	2.955210550934610648e-03	1.230462812688285033e-03
2.418885106827641707e+01	7.534359897480659152e-01	2.304781921918119258e-01	1.062504465379577635e-02	5.074456310274296465e-03	9.195867599036523440e-03	3.486607675874549110e-03	1.602662723684682199e-03
2.902662128193169622e+01	7.246691867003703935e-01	2.541487173944697586e-01	1.266405276347260488e-02	6.027245070658041569e-03	1.043562694322580642e-02	3.961662900096006752e-03	1.992329130251044040e-03
3.386439149558698603e+01	7.006412363658920395e-01	2.732719874523289461e-01	1.467322466129549960e-02	6.975443833983500756e-03	1.155074293444643616e-02	4.389746285412346460e-03	2.396439369184992681e-03
3.870216170924226162e+01	6.804997760325969258e-01	2.886698239750954964e-01	1.665325986985998624e-02	7.922599378298991746e-03	1.256230299515221673e-02	4.778600650343420644e-03	2.812458001196748748e-03
4.353993192289755143e+01	6.635461849731744133e-01	3.010157897679687222e-01	1.860514132370813881e-02	8.871213013172993267e-03	1.348760796129528511e-02	5.134628877789880301e-03	3.238254985434274417e-03
4.837770213655283413e+01	6.492078511656528272e-01	3.108619333803886442e-01	2.053002804014024754e-02	9.822976785737626629e-03	1.434086350611837347e-02	5.463130019580708652e-03	3.672038004925323468e-03
5.321547235020811684e+01	6.370154408174938387e-01	3.186607092051458312e-01	2.242917521218594848e-02	1.077896114557950168e-02	1.513374469890785105e-02	5.768493371837931510e-03	4.112296451392747493e-03
5.805324256386339954e+01	6.265842682348573556e-01	3.247829434100950596e-01	2.430387560370101535e-02	1.173976360889805379e-02	1.587585697728718936e-02	6.054358046487194438e-03	4.557755021217824512e-03
6.289101277751868224e+01	6.175990263740066544e-01	3.295325589943788325e-01	2.615541740276557461e-02	1.270562613312411701e-02	1.657511254758601074e-02	6.323744212393182101e-03	5.007335238289307468e-03
6.772878299117397205e+01	6.098012718402758825e-01	3.331586445902848248e-01	2.798505471015397608e-02	1.367652742931495073e-02	1.723803774313341364e-02	6.579161071044011856e-03	5.460123518336685092e-03
7.256655320482924765e+01	6.029791674591519213e-01	3.358653461720421673e-01	2.979398765449332159e-02	1.465225523659383425e-02	1.787002402285203795e-02	6.822695722617275194e-03	5.915344634793078676e-03
7.740432341848452324e+01	5.969590751757460900e-01	3.378199743969740321e-01	3.158334977514102443e-02	1.563246260812534497e-02	1.847553296600340858e-02	7.056086332702077302e-03	6.372339647851799418e-03
8.224209363213981305e+01	5.915986655018868889e-01	3.391596494607184153e-01	3.335420083036097494e-02	1.661671146881180464e-02	1.905826371826119248e-02	7.280782398472350134e-03	6.830547524032035828e-03
8.707986384579510286e+01	5.867812699409734600e-01	3.399967472840387805e-01	3.510752359835241782e-02	1.760450606622020187e-02	1.962128979169601439e-02	7.497994411561482823e-03	7.289489809701274470e-03
9.191763405945040688e+01	5.824112521701222400e-01	3.404233632587527203e-01	3.684422356328895254e-02	1.859531841984661885e-02	2.016717085314644400e-02	7.708734803483207124e-03	7.748757833903467326e-03
9.675540427310566827e+01	5.784102142063667351e-01	3.405149707750794175e-01	3.856513063484301451e-02	1.958860745662923883e-02	2.069804409982278076e-02	7.913851721951616069e-03	8.208002007850868226e-03
1.015931744867609581e+02	5.747138869345761458e-01	3.403334197836283548e-01	4.027100225145832657e-02	2.058383318387096636e-02	2.121569897532577659e-02	8.114056909571190634e-03	8.666922864113007358e-03
1.064309447004162337e+02	5.712695815455545167e-01	3.399293944430721859e-01	4.196252737594871607e-02	2.158046697917873416e-02	2.172163828880217459e-02	8.309948729189291575e-03	9.125263540798185524e-03
1.112687149140715235e+02	5.680341007022191580e-01	3.393444274289743046e-01	4.364033101573180223e-02	2.257799885827567812e-02	2.221712823628856082e-02	8.502031193787114999e-03	9.582803467267092187e-03
1.161064851277267991e+02	5.649720265039928080e-01	3.386125508776435256e-01	4.530497899627714681e-02	2.357594240552966791e-02	2.270323936319021060e-02	8.690729705799479093e-03	1.003935305011081740e-02
1.209442553413820747e+02	5.620543172792520359e-01	3.377616495124369234e-01	4.695698279087100885e-02	2.457383791059454536e-02	2.318088013132096892e-02	8.876404085188131787e-03	1.049474919287992497e-02
1.257820255550373645e+02	5.592571574967964976e-01	3.368145696758613195e-01	4.859680426714269030e-02	2.557125414104851821e-02	2.365082444748329085e-02	9.059359362519026418e-03	1.094885151169215469e-02
1.306197957686926259e+02	5.565610151366292557e-01	3.357900282996965635e-01	5.022486025460883019e-02	2.656778908995864955e-02	2.411373426051965571e-02	9.239854728669902664e-03	1.140153913246057769e-02
1.354575659823479441e+02	5.539498690968750472e-01	3.347033579024085159e-01	5.184152687068212251e-02	2.756306996454262540e-02	2.457017812976376031e-02	9.418110963306788874e-03	1.185270797496461997e-02
1.402953361960032339e+02	5.514105759643963545e-01	3.335671171929970313e-01	5.344714356747502088e-02	2.855675262400706252e-02	2.502064650140289545e-02	9.594316607199063901e-03	1.230226844506621814e-02
1.451331064096584669e+02	5.489323510096479897e-01	3.323915915246513086e-01	5.504201688014562222e-02	2.954852062835696194e-02	2.546556429352316020e-02	9.768633096563969151e-03	1.275014346965456201e-02
1.499708766233137851e+02	5.465063428011888158e-01	3.311852030683358761e-01	5.662642387093931584e-02	3.053808402318056517e-02	2.590530127990374812e-02	9.941199039115234878e-03	1.319626681988003529e-02
1.548086468369690749e+02	5.441252845521019621e-01	3.299548469920629556e-01	5.820061527262729295e-02	3.152517795624823482e-02	2.634018067234803959e-02	1.011213377983760306e-02	1.364058167731758975e-02
1.596464170506243647e+02	5.417832083569358304e-01	3.287061669938253217e-01	5.976481834163831219e-02	3.250956119871274003e-02	2.677048622772579961e-02	1.028154037848996033e-02	1.408303940521572761e-02
1.644841872642796261e+02	5.394752109745990509e-01	3.274437811283242850e-01	6.131923943553609091e-02	3.349101462554305436e-02	2.719646814588092681e-02	1.044950809944580374e-02	1.452359849321435345e-02
1.693219574779349159e+02	5.371972618590686865e-01	3.261714668941363970e-01	6.286406633216860829e-02	3.446933969558119842e-02	2.761834797562657401e-02	1.061611449688353546e-02	1.496222364907859835e-02
1.741597276915902057e+02	5.349460458170403054e-01	3.248923129304687740e-01	6.439947030924152160e-02	3.544435696049113432e-02	2.803632270615814132e-02	1.078142716386156288e-02	1.539888501528218802e-02
1.789974979052454671e+02	5.327188340463616667e-01	3.236088433469377912e-01	6.592560800358295003e-02	3.641590462323276989e-02	2.845056818869521470e-02	1.094550520189740798e-02	1.583355749183583405e-02
1.838352681189008138e+02	5.305133784358161408e-01	3.223231196232335671e-01	6.744262306923025363e-02	3.738383716003144258e-02	2.886124200665401290e-02	1.110840045785890275e-02	1.626622014971933206e-02
1.886730383325560467e+02	5.283278249303005047e-01	3.210368241249701438e-01	6.895064765288011488e-02	3.834802401471332223e-02	2.926848589104161930e-02	1.127015856689393171e-02	1.669685572174404303e-02
1.935108085462113081e+02	5.261606425223371852e-01	3.197513285521025872e-01	7.044980370435208195e-02	3.930834837041042445e-02	2.967242776014554842e-02	1.143081983346501754e-02	1.712545015973077067e-02
1.983485787598666263e+02	5.240105650512186797e-01	3.184677500380456716e-01	7.194020413863660979e-02	4.026470600074315287e-02	3.007318344822875605e-02	1.159041997706370015e-02	1.755199224860696378e-02
2.031863489735219162e+02	5.218765434995341623e-01	3.171869971272997524e-01	7.342195386491555398e-02	4.121700420045223967e-02	3.047085817622787948e-02	1.174899076464949906e-02	1.797647326946457541e-02
2.080241191871772060e+02	5.197577068935641531e-01	3.159098074575090731e-01	7.489515069671807967e-02	4.216516079390862648e-02	3.086554780790079500e-02	1.190656054811880735e-02	1.839888670482414321e-02
2.128618894008324673e+02	5.176533302555916816e-01	3.146367786424940083e-01	7.635988615615289798e-02	4.310910321884627028e-02	3.125733992707788178e-02	1.206315472202042563e-02	1.881922798036047076e-02
2.176996596144877287e+02	5.155628083361221137e-01	3.133683935828310840e-01	7.781624618396841553e-02	4.404876768193304037e-02	3.164631476531326593e-02	1.221879611418155535e-02	1.923749423819424639e-02
2.225374298281430470e+02	5.134856340834543786e-01	3.121050412092893356e-01	7.926431176605783224e-02	4.498409838233497632e-02	3.203254600404251140e-02	1.237350531979638894e-02	1.965368413756830510e-02
2.273752000417983652e+02	5.114213809961088986e-01	3.108470334830754633e-01	8.070415948595925648e-02	4.591504679917424864e-02	3.241610147111477491e-02	1.252730098778140864e-02	2.006779767932971928e-02
2.322129702554535982e+02	5.093696886577466776e-01	3.095946193282052561e-01	8.213586201190813119e-02	4.684157103867855193e-02	3.279704374810397949e-02	1.268020006675321665e-02	2.047983605114797601e-02
2.370507404691088880e+02	5.073302508805529465e-01	3.083479960494905359e-01	8.355948852608552357e-02	4.776363523682915918e-02	3.317543070197172261e-02	1.283221801678358261e-02	2.088980149083037932e-02
2.418885106827641494e+02	5.053028059865976029e-01	3.071073186897833041e-01	8.497510510286959695e-02	4.868120901340549506e-02	3.355131595233701997e-02	1.298336899208941443e-02	2.129769716546130176e-02
2.467262808964194392e+02	5.032871288415536881e-01	3.058727076982818427e-01	8.638277504213860702e-02	4.959426697347032315e-02	3.392474928370994153e-02	1.313366599898680917e-02	2.170352706440257726e-02
2.515640511100747290e+02	5.012830243247092810e-01	3.046442552146274574e-01	8.778255916298749462e-02	5.050278825252431381e-02	3.429577701048937277e-02	1.328312103274903108e-02	2.210729590445689036e-02
2.564018213237300188e+02	4.992903219762230838e-01	3.034220302185485219e-01	8.917451606260290431e-02	5.140675610176610039e-02	3.466444230124724607e-02	1.343174519643414513e-02	2.250900904572186029e-02
2.612395915373852517e+02	4.973088716092966544e-01	3.022060827497486946e-01	9.055870234448873402e-02	5.230615751011425535e-02	3.503078546777078917e-02	1.357954880426918282e-02	2.290867241685566949e-02
2.660773617510405415e+02	4.953385397132354373e-01	3.009964473658087725e-01	9.193517281974031286e-02	5.320098285987229225e-02	3.539484422346868969e-02	1.372654147177782349e-02	2.330629244864070373e-02
2.709151319646958882e+02	4.933792065047625797e-01	2.997931459756029704e-01	9.330398068462610051e-02	5.409122561314150257e-02	3.575665391503302093e-02	1.387273219450411120e-02	2.370187601487385928e-02
2.757529021783511780e+02	4.914307635106736627e-01	2.985961901609234248e-01	9.466517767734503042e-02	5.497688202630444249e-02	3.611624773065832267e-02	1.401812941690455325e-02	2.409543037973471344e-02
2.805906723920064678e+02	4.894931115860106652e-01	2.974055830786756505e-01	9.601881421648229831e-02	5.585795089011163367e-02	3.647365688762953251e-02	1.416274109274599791e-02	2.448696315088836825e-02
2.854284426056617008e+02	4.875661592892146512e-01	2.962213210193416768e-01	9.736493952337993418e-02	5.673443329310372263e-02	3.682891080168392700e-02	1.430657473814906169e-02	2.487648223767117278e-02
2.902662128193169337e+02	4.856498215498827320e-01	2.950433946837520693e-01	9.870360173036954454e-02	5.760633240628936641e-02	3.718203724021303114e-02	1.444963747825071636e-02	2.526399581378665354e-02
2.951039830329722804e+02	4.837440185763671185e-01	2.938717902290116091e-01	1.000348479765755944e-01	5.847365328717540195e-02	3.753306246108723682e-02	1.459193608831935857e-02	2.564951228400784086e-02
2.999417532466276270e+02	4.818486749599677488e-01	2.927064901252507401e-01	1.013587244927889597e-01	5.933640270140978085e-02	3.788201133864790154e-02	1.473347703003725744e-02	2.603304025444176314e-02
3.047795234602828600e+02	4.799637189402725101e-01	2.915474738573549107e-01	1.026752766767262404e-01	6.019458896044971308e-02	3.822890747821166418e-02	1.487426648356492478e-02	2.641458850596427321e-02
3.096172936739380930e+02	4.780890818025894107e-01	2.903947184996609199e-01	1.039845491598280769e-01	6.104822177380783699e-02	3.857377332026247496e-02	1.501431037591693420e-02	2.679416597047870607e-02
3.144550638875934396e+02	4.762246973836574693e-01	2.892481991865588076e-01	1.052865858666086479e-01	6.189731211455811594e-02	3.891663023536318794e-02	1.515361440610633187e-02	2.717178170969183557e-02
3.192928341012487294e+02	4.743705016661159957e-01	2.881078894977984195e-01	1.065814300674433335e-01	6.274187209690162970e-02	3.925749861069630781e-02	1.529218406745324645e-02	2.754744489613546871e-02
3.241306043149040192e+02	4.725264324457330578e-01	2.869737617739059332e-01	1.078691244255725878e-01	6.358191486470085585e-02	3.959639792903854594e-02	1.543002466740067864e-02	2.792116479619268649e-02
3.289683745285592522e+02	4.706924290582785164e-01	2.858457873743367461e-01	1.091497110390049763e-01	6.441745448998989487e-02	3.993334684088391956e-02	1.556714134513547884e-02	2.829295075491478073e-02
3.338061447422145420e+02	4.688684321552926137e-01	2.847239368887101718e-01	1.104232314779179380e-01	6.524850588055873535e-02	4.026836323035222487e-02	1.570353908727400299e-02	2.866281218243862602e-02
3.386439149558698318e+02	4.670543835199385541e-01	2.836081803096060505e-01	1.116897268180820496e-01	6.607508469579162491e-02	4.060146427545214404e-02	1.583922274183874324e-02	2.903075854183521931e-02
3.434816851695251216e+02	4.652502259157168529e-01	2.824984871738704384e-01	1.129492376707701973e-01	6.689720727001491341e-02	4.093266650320951522e-02	1.597419703072376629e-02	2.939679933823868829e-02
3.483194553831804114e+02	4.634559029621220794e-01	2.813948266781243768e-01	1.142018042095572367e-01	6.771489054267752772e-02	4.126198584011964848e-02	1.610846656082216138e-02	2.976094410912137264e-02
3.531572255968357013e+02	4.616713590323877070e-01	2.802971677731415090e-01	1.154474661943660774e-01	6.852815199474940333e-02	4.158943765833727352e-02	1.624203583396734846e-02	3.012320241559517109e-02
3.579949958104909342e+02	4.598965391693424221e-01	2.792054792409172093e-01	1.166862629930737472e-01	6.933700959077927772e-02	4.191503681797780628e-02	1.637490925582181858e-02	3.048358383463219135e-02
3.628327660241463377e+02	4.581313890161168856e-01	2.781197297575622729e-01	1.179182336009527987e-01	7.014148172610470966e-02	4.223879770586801141e-02	1.650709114383067458e-02	3.084209795210913346e-02
3.676705362378016275e+02	4.563758547590272552e-01	2.770398879445871709e-01	1.191434166581909343e-01	7.094158717875280462e-02	4.256073427105272478e-02	1.663858573434354171e-02	3.119875435659007212e-02
3.725083064514568036e+02	4.546298830804451074e-01	2.759659224106805198e-01	1.203618504657024690e-01	7.173734506561295354e-02	4.288086005733602463e-02	1.676939718899620249e-02	3.155356263377124409e-02
3.773460766651120935e+02	4.528934211198569759e-01	2.748978017857042211e-01	1.215735729994202596e-01	7.252877480250062570e-02	4.319918823311012096e-02	1.689952960043273472e-02	3.190653236151955174e-02
3.821838468787673833e+02	4.511664164416410161e-01	2.738354947483170876e-01	1.227786219232343962e-01	7.331589606776608981e-02	4.351573161870261885e-02	1.702898699743961991e-02	3.225767310544368910e-02
3.870216170924226162e+02	4.494488170083534850e-01	2.727789700483829738e-01	1.239770346007246088e-01	7.409872876913303763e-02	4.383050271145220306e-02	1.715777334955514988e-02	3.260699441494303158e-02
3.918593873060780197e+02	4.477405711585356607e-01	2.717281965251111542e-01	1.251688481058161884e-01	7.487729301348115818e-02	4.414351370870463198e-02	1.728589257121035047e-02	3.295450581968537018e-02
3.966971575197332527e+02	4.460416275882289061e-01	2.706831431217042727e-01	1.263540992324744261e-01	7.565160907931196832e-02	4.445477652890420656e-02	1.741334852545129569e-02	3.330021682646945591e-02
4.015349277333884856e+02	4.443519353355339652e-01	2.696437788971497440e-01	1.275328245035391439e-01	7.642169739166104758e-02	4.476430283094057216e-02	1.754014502728716562e-02	3.364413691643298315e-02
4.063726979470438323e+02	4.426714437676673164e-01	2.686100730356748567e-01	1.287050601787896598e-01	7.718757849924114123e-02	4.507210403189736841e-02	1.766628584670356522e-02	3.398627554257069305e-02
4.112104681606991221e+02	4.410001025700689969e-01	2.675819948542920157e-01	1.298708422623202907e-01	7.794927305361977476e-02	4.537819132333643923e-02	1.779177471137621813e-02	3.432664212753085142e-02
4.160482383743544119e+02	4.393378617371936912e-01	2.665595138087829552e-01	1.310302065092969204e-01	7.870680179025270340e-02	4.568257568624019965e-02	1.791661530911635783e-02	3.466524606166178357e-02
4.208860085880095880e+02	4.376846715646851571e-01	2.655425994984073612e-01	1.321831884321587047e-01	7.946018551121043771e-02	4.598526790472423631e-02	1.804081129007584910e-02	3.500209670128279910e-02
4.257237788016648778e+02	4.360404826426873548e-01	2.645312216695708263e-01	1.333298233063202332e-01	8.020944506944965857e-02	4.628627857862291362e-02	1.816436626873686386e-02	3.533720336715673316e-02
4.305615490153201677e+02	4.344052458500892722e-01	2.635253502186419849e-01	1.344701461754248262e-01	8.095460135449444872e-02	4.658561813504199373e-02	1.828728382570852032e-02	3.567057534314346801e-02
4.353993192289755143e+02	4.327789123495386914e-01	2.625249551940772030e-01	1.356041918561934623e-01	8.169567527940421736e-02	4.688329683896458322e-02	1.840956750935032055e-02	3.600222187501599114e-02
4.402370894426308041e+02	4.311614335830875055e-01	2.615300067979797749e-01	1.367319949429089132e-01	8.243268776891636562e-02	4.717932480298927395e-02	1.853122083724022956e-02	3.633215216942241310e-02
4.450748596562860939e+02	4.295527612683578411e-01	2.605404753871990997e-01	1.378535898115713088e-01	8.316565974866098332e-02	4.747371199627290622e-02	1.865224729750333127e-02	3.666037539297906100e-02
4.499126298699413837e+02	4.279528473951371703e-01	2.595563314740553240e-01	1.389690106237562728e-01	8.389461213535483186e-02	4.776646825274438041e-02	1.877265035001532412e-02	3.698690067148124178e-02
4.547504000835967304e+02	4.263616442223268632e-01	2.585775457267601718e-01	1.400782913302049126e-01	8.461956582788912606e-02	4.805760327865020443e-02	1.889243342749361704e-02	3.731173708921967092e-02
4.595881702972519065e+02	4.247791042751833390e-01	2.576040889695901948e-01	1.411814656741703089e-01	8.534054169923385724e-02	4.834712665948759369e-02	1.901159993648749574e-02	3.763489368839174898e-02
4.644259405109071963e+02	4.232051803428001358e-01	2.566359321828605156e-01	1.422785671945443475e-01	8.605756058908764494e-02	4.863504786637626309e-02	1.913015325827759419e-02	3.795637946859801298e-02
4.692637107245624861e+02	4.216398254757900976e-01	2.556730465027363119e-01	1.433696292287849339e-01	8.677064329720865499e-02	4.892137626191563060e-02	1.924809674969387915e-02	3.827620338641501974e-02
4.741014809382177759e+02	4.200829929841332078e-01	2.547154032209140162e-01	1.444546849156620738e-01	8.747981057736753385e-02	4.920612110557049529e-02	1.936543374386037047e-02	3.859437435503679931e-02
4.789392511518730657e+02	4.185346364351622550e-01	2.537629737841974320e-01	1.455337671978398084e-01	8.818508313186859682e-02	4.948929155862452633e-02	1.948216755087403551e-02	3.891090124397787037e-02
4.837770213655284124e+02	4.169947096516630758e-01	2.528157297939893633e-01	1.466069088243084906e-01	8.888648160659010089e-02	4.977089668873758282e-02	1.959830145842445318e-02	3.922579287883146137e-02
4.886147915791837022e+02	4.154631667100707748e-01	2.518736430057159636e-01	1.476741423526815589e-01	8.958402658649874950e-02	5.005094547414001144e-02	1.971383873236022891e-02	3.953905804107722688e-02
4.934525617928388783e+02	4.139399619387457152e-01	2.509366853281979615e-01	1.487355001513682162e-01	9.027773859159754499e-02	5.032944680749419641e-02	1.982878261720750351e-02	3.985070546793340746e-02
4.982903320064942250e+02	4.124250499163173989e-01	2.500048288229789750e-01	1.497910144016336431e-01	9.096763807326931073e-02	5.060640949945120759e-02	1.994313633664532640e-02	4.016074385224872173e-02
5.031281022201495148e+02	4.109183854700850236e-01	2.490780457036212425e-01	1.508407170995561264e-01	9.165374541098202099e-02	5.088184228192796366e-02	2.005690309394228890e-02	4.046918184242994515e-02
5.079658724338048046e+02	4.094199236744662795e-01	2.481563083349753729e-01	1.518846400578906519e-01	9.233608090932439449e-02	5.115575381112821146e-02	2.017008607235817527e-02	4.077602804240144929e-02
5.128036426474600376e+02	4.079296198494876124e-01	2.472395892324305844e-01	1.529228149078465104e-01	9.301466479534352405e-02	5.142815267032885274e-02	2.028268843551420467e-02	4.108129101159328778e-02
5.176414128611153274e+02	4.064474295593087927e-01	2.463278610611500663e-01	1.539552731007866326e-01	9.368951721615820238e-02	5.169904737245110959e-02	2.039471332773494516e-02	4.138497926495487977e-02
5.224791830747705035e+02	4.049733086107790703e-01	2.454210966352954049e-01	1.549820459098550651e-01	9.436065823682422693e-02	5.196844636243451443e-02	2.050616387436470650e-02	4.168710127299157797e-02
5.273169532884259070e+02	4.035072130520190314e-01	2.445192689172437372e-01	1.560031644315389709e-01	9.502810783842996489e-02	5.223635801943023876e-02	2.061704318206097550e-02	4.198766546182169240e-02
5.321547235020811968e+02	4.020490991710254924e-01	2.436223510167994100e-01	1.570186595871700397e-01	9.569188591640212516e-02	5.250279065882877683e-02	2.072735433906710070e-02	4.228668021325175663e-02
5.369924937157364866e+02	4.005989234942970434e-01	2.427303161904028339e-01	1.580285621243708305e-01	9.635201227900365428e-02	5.276775253413587552e-02	2.083710041546633224e-02	4.258415386486812115e-02
5.418302639293917764e+02	3.991566427854776333e-01	2.418431378403382015e-01	1.590329026184503780e-01	9.700850664600708939e-02	5.303125183870931875e-02	2.094628446341899666e-02	4.288009471014303520e-02
5.466680341430470662e+02	3.977222140440166420e-01	2.409607895139407596e-01	1.600317114737528079e-01	9.766138864752811621e-02	5.329329670736820956e-02	2.105490951738448260e-02	4.317451099855369734e-02
5.515058043567023560e+02	3.962955945038424965e-01	2.400832449028054982e-01	1.610250189249633757e-01	9.831067782300556557e-02	5.355389521788536666e-02	2.116297859432953246e-02	4.346741093571285242e-02
5.563435745703576458e+02	3.948767416320513868e-01	2.392104778419976430e-01	1.620128550383745647e-01	9.895639362031487252e-02	5.381305539237257740e-02	2.127049469392411005e-02	4.375880268350951230e-02
5.611813447840129356e+02	3.934656131276070834e-01	2.383424623092654238e-01	1.629952497131158806e-01	9.959855539500364618e-02	5.407078519856759607e-02	2.137746079872614169e-02	4.404869436025889151e-02
5.660191149976681118e+02	3.920621669200523574e-01	2.374791724242562574e-01	1.639722326823499499e-01	1.002371824096386088e-01	5.432709255103117252e-02	2.148387987435612309e-02	4.433709404086026012e-02
5.708568852113234016e+02	3.906663611682313353e-01	2.366205824477361774e-01	1.649438335144372270e-01	1.008722938332540509e-01	5.458198531226141070e-02	2.158975486966259461e-02	4.462400975696197147e-02
5.756946554249786914e+02	3.892781542590216803e-01	2.357666667808130667e-01	1.659100816140721690e-01	1.015039087408931978e-01	5.483547129373252810e-02	2.169508871687936963e-02	4.490944949713273487e-02
5.805324256386339812e+02	3.878975048060764319e-01	2.349173999641638588e-01	1.668710062233925984e-01	1.021320461132341206e-01	5.508755825686412894e-02	2.179988433177527246e-02	4.519342120703840476e-02
5.853701958522892710e+02	3.865243716485745606e-01	2.340727566772658197e-01	1.678266364230641128e-01	1.027567248362927510e-01	5.533825391392682702e-02	2.190414461379713157e-02	4.547593278962359237e-02
5.902079660659445608e+02	3.851587138499805163e-01	2.332327117376323811e-01	1.687770011333418196e-01	1.033779637011963959e-01	5.558756592888951242e-02	2.200787244620659722e-02	4.575699210529752398e-02
5.950457362795999643e+02	3.838004906968120467e-01	2.323972401000529153e-01	1.697221291151104205e-01	1.039957814040213396e-01	5.583550191821300829e-02	2.211107069621143922e-02	4.603660697212356295e-02
5.998835064932552541e+02	3.824496616974159546e-01	2.315663168558372287e-01	1.706620489709043120e-01	1.046101965456889132e-01	5.608206945159456558e-02	2.221374221509176544e-02	4.631478516601193751e-02
6.047212767069104302e+02	3.811061865807517379e-01	2.307399172320643843e-01	1.715967891459094508e-01	1.052212276319148265e-01	5.632727605266735216e-02	2.231588983832167791e-02	4.659153442091520936e-02
6.095590469205657200e+02	3.797700252951827782e-01	2.299180165908361329e-01	1.725263779289474830e-01	1.058288930732070171e-01	5.657112919965845421e-02	2.241751638568674487e-02	4.686686242902608074e-02
6.143968171342210098e+02	3.784411380072750797e-01	2.291005904285344508e-01	1.734508434534437482e-01	1.064332111849075890e-01	5.681363632600894970e-02	2.251862466139767371e-02	4.714077684097722071e-02
6.192345873478761860e+02	3.771194851006032245e-01	2.282876143750838249e-01	1.743702136983803219e-01	1.070342001872749554e-01	5.705480482095909994e-02	2.261921745420054225e-02	4.741328526604275673e-02
6.240723575615315895e+02	3.758050271745636550e-01	2.274790641932178115e-01	1.752845164892342655e-01	1.076318782056024798e-01	5.729464203010149748e-02	2.271929753748387279e-02	4.768439527234116099e-02
6.289101277751868793e+02	3.744977250431945071e-01	2.266749157777499801e-01	1.761937794989030526e-01	1.082262632703702709e-01	5.753315525590481372e-02	2.281886766938282310e-02	4.795411438703926776e-02
6.337478979888421691e+02	3.731975397340028255e-01	2.258751451548493827e-01	1.770980302486169500e-01	1.088173733174271768e-01	5.777035175821049889e-02	2.291793059288073364e-02	4.822245009655717202e-02
6.385856682024975726e+02	3.719044324867983864e-01	2.250797284813199628e-01	1.779972961088396033e-01	1.094052261882000193e-01	5.800623875470466845e-02	2.301648903590829132e-02	4.848940984677387739e-02
6.434234384161527487e+02	3.706183647525340685e-01	2.242886420438846007e-01	1.788916043001574363e-01	1.099898396299276992e-01	5.824082342136716051e-02	2.311454571144045886e-02	4.875500104323340911e-02
6.482612086298080385e+02	3.693392981921532758e-01	2.235018622584731829e-01	1.797809818941583926e-01	1.105712312959177962e-01	5.847411289289956154e-02	2.321210331759136769e-02	4.901923105135123915e-02
6.530989788434633283e+02	3.680671946754437429e-01	2.227193656695149460e-01	1.806654558143004907e-01	1.111494187458233196e-01	5.870611426313395581e-02	2.330916453770736155e-02	4.928210719662101669e-02
6.579367490571185044e+02	3.668020162798975026e-01	2.219411289492349559e-01	1.815450528367709149e-01	1.117244194459380419e-01	5.893683458542387649e-02	2.340573204045830885e-02	4.954363676482124307e-02
6.627745192707737942e+02	3.655437252895778477e-01	2.211671288969546678e-01	1.824197995913358905e-01	1.122962507695083184e-01	5.916628087301891575e-02	2.350180847992730873e-02	4.980382700222193981e-02
6.676122894844290840e+02	3.642922841939921774e-01	2.203973424383965651e-01	1.832897225621819837e-01	1.128649299970598263e-01	5.939446009942422888e-02	2.359739649569893641e-02	5.006268511579116398e-02
6.724500596980843738e+02	3.630476556869715044e-01	2.196317466249929351e-01	1.841548480887490735e-01	1.134304743167378754e-01	5.962137919874620912e-02	2.369249871294612855e-02	5.032021827340122516e-02
6.772878299117396637e+02	3.618098026655559574e-01	2.188703186331983908e-01	1.850152023665552481e-01	1.139929008246597097e-01	5.984704506602527008e-02	2.378711774251576760e-02	5.057643360403458327e-02
6.821256001253949535e+02	3.605786882288868900e-01	2.181130357638065287e-01	1.858708114480143170e-01	1.145522265252777866e-01	6.007146455755692921e-02	2.388125618101313852e-02	5.083133819798933001e-02
6.869633703390502433e+02	3.593542756771044844e-01	2.173598754412707224e-01	1.867217012432459133e-01	1.151084683317525892e-01	6.029464449120188613e-02	2.397491661088521284e-02	5.108493910708416380e-02
6.918011405527055331e+02	3.581365285102521834e-01	2.166108152130280518e-01	1.875678975208786292e-01	1.156616430663342798e-01	6.051659164668610202e-02	2.406810160050294398e-02	5.133724334486278879e-02
6.966389107663608229e+02	3.569254104271867845e-01	2.158658327488279793e-01	1.884094259088462953e-01	1.162117674607520135e-01	6.073731276589153238e-02	2.416081370424259106e-02	5.158825788679775870e-02
7.014766809800161127e+02	3.557208853244946400e-01	2.151249058400643011e-01	1.892463118951779599e-01	1.167588581566100653e-01	6.095681455313826935e-02	2.425305546256609213e-02	5.183798967049367545e-02
7.063144511936714025e+02	3.545229172954136865e-01	2.143880123991109554e-01	1.900785808287813738e-01	1.173029317057899951e-01	6.117510367545875294e-02	2.434482940210062896e-02	5.208644559588960360e-02
7.111522214073266923e+02	3.533314706287619122e-01	2.136551304586616629e-01	1.909062579202204513e-01	1.178440045708581824e-01	6.139218676286455068e-02	2.443613803571734189e-02	5.233363252546088806e-02
7.159899916209819821e+02	3.521465098078712663e-01	2.129262381710732843e-01	1.917293682424867640e-01	1.183820931254780245e-01	6.160807040860631634e-02	2.452698386260928134e-02	5.257955728442006288e-02
7.208277618346371582e+02	3.509679995095274507e-01	2.122013138077126770e-01	1.925479367317656232e-01	1.189172136548260900e-01	6.182276116942741345e-02	2.461736936836863426e-02	5.282422666091707297e-02
7.256655320482924481e+02	3.497959046029158747e-01	2.114803357583075749e-01	1.933619881881960545e-01	1.194493823560119211e-01	6.203626556581162688e-02	2.470729702506324621e-02	5.306764740623864940e-02
7.305033022619478515e+02	3.486301901485729382e-01	2.107632825303007995e-01	1.941715472766259165e-01	1.199786153385006132e-01	6.224859008222539958e-02	2.479676929131249125e-02	5.330982623500678946e-02
7.353410724756030277e+02	3.474708213973435322e-01	2.100501327482080516e-01	1.949766385273612734e-01	1.205049286245381546e-01	6.245974116735496934e-02	2.488578861236247566e-02	5.355076982537645969e-02
7.401788426892584312e+02	3.463177637893441463e-01	2.093408651529795050e-01	1.957772863369109106e-01	1.210283381495786542e-01	6.266972523433876618e-02	2.497435742016066926e-02	5.379048481923232733e-02
7.450166129029136073e+02	3.451709829529310269e-01	2.086354586013648427e-01	1.965735149687257988e-01	1.215488597627134293e-01	6.287854866099530649e-02	2.506247813342990516e-02	5.402897782238468699e-02
7.498543831165690108e+02	3.440304447036752755e-01	2.079338920652816503e-01	1.973653485539334229e-01	1.220665092271013830e-01	6.308621779004705554e-02	2.515015315774185925e-02	5.426625540476441578e-02
7.546921533302243006e+02	3.428961150433421645e-01	2.072361446311876687e-01	1.981528110920675323e-01	1.225813022204004787e-01	6.329273892934031420e-02	2.523738488558994325e-02	5.450232410061700561e-02
7.595299235438793630e+02	3.417679601588770599e-01	2.065421954994561271e-01	1.989359264517929771e-01	1.230932543351999225e-01	6.349811835206152499e-02	2.532417569646169472e-02	5.473719040869573504e-02
7.643676937575347665e+02	3.406459464213965060e-01	2.058520239837549615e-01	1.997147183716261043e-01	1.236023810794528166e-01	6.370236229695015739e-02	2.541052795691063973e-02	5.497086079245382811e-02
7.692054639711900563e+02	3.395300403851847504e-01	2.051656095104289479e-01	2.004892104606504355e-01	1.241086978769091465e-01	6.390547696850840120e-02	2.549644402062766629e-02	5.520334168023572491e-02
7.740432341848452324e+02	3.384202087866957642e-01	2.044829316178856937e-01	2.012594261992278755e-01	1.246122200675486708e-01	6.410746853720786231e-02	2.558192622851189826e-02	5.543463946546735993e-02
7.788810043985006359e+02	3.373164185435608697e-01	2.038039699559847651e-01	2.020253889397057023e-01	1.251129629080137140e-01	6.430834313969338578e-02	2.566697690874113202e-02	5.566476050684553145e-02
7.837187746121558121e+02	3.362186367536018627e-01	2.031287042854302560e-01	2.027871219071190612e-01	1.256109415720415290e-01	6.450810687898429763e-02	2.575159837684174932e-02	5.589371112852627860e-02
7.885565448258112156e+02	3.351268306938492980e-01	2.024571144771667164e-01	2.035446481998891832e-01	1.261061711508962291e-01	6.470676582467298210e-02	2.583579293575825539e-02	5.612149762031233557e-02
7.933943150394665054e+02	3.340409678195661036e-01	2.017891805117783266e-01	2.042979907905174974e-01	1.265986666537999572e-01	6.490432601312116911e-02	2.591956287592231400e-02	5.634812623783958668e-02
7.982320852531219089e+02	3.329610157632768574e-01	2.011248824788914591e-01	2.050471725262754674e-01	1.270884430083632222e-01	6.510079344765395959e-02	2.600291047532137662e-02	5.657360320276259152e-02
8.030698554667769713e+02	3.318869423338019486e-01	2.004642005765805146e-01	2.057922161298905150e-01	1.275755150610143052e-01	6.529617409875163037e-02	2.608583799956688820e-02	5.679793470293914570e-02
8.079076256804323748e+02	3.308187155152974013e-01	1.998071151107768950e-01	2.065331442002277251e-01	1.280598975774276949e-01	6.549047390423939907e-02	2.616834770196206639e-02	5.702112689261385620e-02
8.127453958940876646e+02	3.297563034662995829e-01	1.991536064946812790e-01	2.072699792129675811e-01	1.285416052429512179e-01	6.568369876947532937e-02	2.625044182356927464e-02	5.724318589260080775e-02
8.175831661077428407e+02	3.286996745187754643e-01	1.985036552481793115e-01	2.080027435212798426e-01	1.290206526630320039e-01	6.587585456753621005e-02	2.633212259327699298e-02	5.746411779046520230e-02
8.224209363213982442e+02	3.276487971771778196e-01	1.978572419972601804e-01	2.087314593564935095e-01	1.294970543636411731e-01	6.606694713940182428e-02	2.641339222786639324e-02	5.768392864070409631e-02
8.272587065350534203e+02	3.266036401175057002e-01	1.972143474734385504e-01	2.094561488287627060e-01	1.299708247916969706e-01	6.625698229413737317e-02	2.649425293207750831e-02	5.790262446492617371e-02
8.320964767487085965e+02	3.255641721863698490e-01	1.965749525131797182e-01	2.101768339277290953e-01	1.304419783154864565e-01	6.644596580907433103e-02	2.657470689867502331e-02	5.812021125203054722e-02
8.369342469623640000e+02	3.245303624000633880e-01	1.959390380573277080e-01	2.108935365231801584e-01	1.309105292250857255e-01	6.663390342998970484e-02	2.665475630851369890e-02	5.833669495838460228e-02
8.417720171760191761e+02	3.235021799436377798e-01	1.953065851505366435e-01	2.116062783657039759e-01	1.313764917327784887e-01	6.682080087128378088e-02	2.673440333060337487e-02	5.855208150800093880e-02
8.466097873896745796e+02	3.224795941699832857e-01	1.946775749407052281e-01	2.123150810873402072e-01	1.318398799734729065e-01	6.700666381615640044e-02	2.681365012217365451e-02	5.876637679271332765e-02
8.514475576033297557e+02	3.214625745989148076e-01	1.940519886784142500e-01	2.130199662022272122e-01	1.323007080051170070e-01	6.719149791678181993e-02	2.689249882873817610e-02	5.897958667235174424e-02
8.562853278169851592e+02	3.204510909162627819e-01	1.934298077163672525e-01	2.137209551072458413e-01	1.327589898091119658e-01	6.737530879448221099e-02	2.697095158415853053e-02	5.919171697491644457e-02
8.611230980306403353e+02	3.194451129729687922e-01	1.928110135088340893e-01	2.144180690826593405e-01	1.332147392907240546e-01	6.755810203989985607e-02	2.704901051070782506e-02	5.940277349675113922e-02
8.659608682442956251e+02	3.184446107841859552e-01	1.921955876110978401e-01	2.151113292927498144e-01	1.336679702794943692e-01	6.773988321316799788e-02	2.712667771913388967e-02	5.961276200271519582e-02
8.707986384579510286e+02	3.174495545283850251e-01	1.915835116789043058e-01	2.158007567864510534e-01	1.341186965296470579e-01	6.792065784408050921e-02	2.720395530872210185e-02	5.982168822635496735e-02
8.756364086716062047e+02	3.164599145464644381e-01	1.909747674679148077e-01	2.164863724979777804e-01	1.345669317204955806e-01	6.810043143226031381e-02	2.728084536735789212e-02	6.002955787007415583e-02
8.804741788852616082e+02	3.154756613408655763e-01	1.903693368331620672e-01	2.171681972474515943e-01	1.350126894568470237e-01	6.827920944732659980e-02	2.735734997158888182e-02	6.023637660530326704e-02
8.853119490989170117e+02	3.144967655746928603e-01	1.897672017285086665e-01	2.178462517415231392e-01	1.354559832694046950e-01	6.845699732906092294e-02	2.743347118668667400e-02	6.044215007266814238e-02
8.901497193125721878e+02	3.135231980708387267e-01	1.891683442061087850e-01	2.185205565739909706e-01	1.358968266151685533e-01	6.863380048757217189e-02	2.750921106670830077e-02	6.064688388215760950e-02
8.949874895262273640e+02	3.125549298111132135e-01	1.885727464158729050e-01	2.191911322264170625e-01	1.363352328778340561e-01	6.880962430346039549e-02	2.758457165455734106e-02	6.085058361329019616e-02
8.998252597398827675e+02	3.115919319353784855e-01	1.879803906049350160e-01	2.198579990687387908e-01	1.367712153681886755e-01	6.898447412797957534e-02	2.765955498204468455e-02	6.105325481527995590e-02
9.046630299535379436e+02	3.106341757406877457e-01	1.873912591171233433e-01	2.205211773598774461e-01	1.372047873245068605e-01	6.915835528319938530e-02	2.773416306994895900e-02	6.125490300720141945e-02
9.095008001671932334e+02	3.096816326804290864e-01	1.868053343924334087e-01	2.211806872483437492e-01	1.376359619129428336e-01	6.933127306216579910e-02	2.780839792807663843e-02	6.145553367815356771e-02
9.143385703808486369e+02	3.087342743634741704e-01	1.862225989665042547e-01	2.218365487728394814e-01	1.380647522279214445e-01	6.950323272906083760e-02	2.788226155532180783e-02	6.165515228742304149e-02
9.191763405945038130e+02	3.077920725533309088e-01	1.856430354700976393e-01	2.224887818628562830e-01	1.384911712925270544e-01	6.967423951936109472e-02	2.795575593972559128e-02	6.185376426464635896e-02
9.240141108081592165e+02	3.068549991673017452e-01	1.850666266285795614e-01	2.231374063392709273e-01	1.389152320588905865e-01	6.984429863999555566e-02	2.802888305853528175e-02	6.205137500997130739e-02
9.288518810218145063e+02	3.059230262756453267e-01	1.844933552614053118e-01	2.237824419149372079e-01	1.393369474085744131e-01	7.001341526950219385e-02	2.810164487826310314e-02	6.224798989421744672e-02
9.336896512354697961e+02	3.049961261007438362e-01	1.839232042816066615e-01	2.244239081952748571e-01	1.397563301529554103e-01	7.018159455818374914e-02	2.817404335474468433e-02	6.244361425903573182e-02
9.385274214491247449e+02	3.040742710162743778e-01	1.833561566952823241e-01	2.250618246788551047e-01	1.401733930336060419e-01	7.034884162826257614e-02	2.824608043319720707e-02	6.263825341706728833e-02
9.433651916627801484e+02	3.031574335463845804e-01	1.827921956010910010e-01	2.256962107579828514e-01	1.405881487226734450e-01	7.051516157403445173e-02	2.831775804827721399e-02	6.283191265210132104e-02
9.482029618764355519e+02	3.022455863648734753e-01	1.822313041897470898e-01	2.263270857192759555e-01	1.410006098232564620e-01	7.068055946202161932e-02	2.838907812413812501e-02	6.302459721923213409e-02
9.530407320900908417e+02	3.013387022943758708e-01	1.816734657435194744e-01	2.269544687442411057e-01	1.414107888697808679e-01	7.084504033112477839e-02	2.846004257448741040e-02	6.321631234501533247e-02
9.578785023037459041e+02	3.004367543055521117e-01	1.811186636357326740e-01	2.275783789098465848e-01	1.418186983283725167e-01	7.100860919277429684e-02	2.853065330264348623e-02	6.340706322762319769e-02
9.627162725174014213e+02	2.995397155162815017e-01	1.805668813302709341e-01	2.281988351890919531e-01	1.422243505972286270e-01	7.117127103108045194e-02	2.860091220159226635e-02	6.359685503699913367e-02
9.675540427310568248e+02	2.986475591908606675e-01	1.800181023810849268e-01	2.288158564515746229e-01	1.426277580069870432e-01	7.133303080298289411e-02	2.867082115404342990e-02	6.378569291501134941e-02
9.723918129447120009e+02	2.977602587392057520e-01	1.794723104317011986e-01	2.294294614640531860e-01	1.430289328210935518e-01	7.149389343839915312e-02	2.874038203248635917e-02	6.397358197560569504e-02
9.772295831583674044e+02	2.968777877160596601e-01	1.789294892147342553e-01	2.300396688910079368e-01	1.434278872361672008e-01	7.165386384037238099e-02	2.880959669924578956e-02	6.416052730495760970e-02
9.820673533720223531e+02	2.960001198202030226e-01	1.783896225514012279e-01	2.306464972951980108e-01	1.438246333823639533e-01	7.181294688521815128e-02	2.887846700653713336e-02	6.434653396162333394e-02
9.869051235856777566e+02	2.951272288936694355e-01	1.778526943510394531e-01	2.312499651382156074e-01	1.442191833237380094e-01	7.197114742267045340e-02	2.894699479652153989e-02	6.453160697669022006e-02
9.917428937993331601e+02	2.942590889209656391e-01	1.773186886106263294e-01	2.318500907810373546e-01	1.446115490586015462e-01	7.212847027602693750e-02	2.901518190136061215e-02	6.471575135392625133e-02
9.965806640129884499e+02	2.933956740282951947e-01	1.767875894143020321e-01	2.324468924845723983e-01	1.450017425198822374e-01	7.228492024229322965e-02	2.908303014327084240e-02	6.489897206992882583e-02
