0.000000000000000000e+00	1.011934721525544978e+00	1.101333908314611997e-24	3.980019308450579933e-26	2.843011222437744139e-29	2.848518770794721405e-27	3.276091814508916657e-29	1.396644543225048693e-31
4.837770213655283591e+00	9.389153841913953080e-01	6.619327828689880455e-02	2.081538265257534652e-03	1.108511960979402565e-03	2.469016435504271627e-03	9.333395545053567140e-04	2.336528310043141539e-04
9.675540427310567182e+00	8.785427131822216573e-01	1.202195978118387742e-01	4.186526518797707361e-03	2.158527245491910149e-03	4.575537844261666834e-03	1.730665253609157267e-03	5.211536693241542633e-04
1.451331064096584811e+01	8.285489222804377496e-01	1.642646987612159659e-01	6.298557573195768394e-03	3.167246804785684572e-03	6.386736869402612898e-03	2.416594888012482765e-03	8.519643484946580209e-04
1.935108085462113081e+01	7.870733265409985968e-01	2.001219330958497744e-01	8.405690198046603806e-03	4.147831088145518055e-03	7.957171265725527382e-03	3.011281391222424882e-03	1.217487945556493950e-03
2.418885106827641707e+01	7.525892584807668539e-01	2.292627057325337114e-01	1.049942198607703783e-02	5.110251757585088962e-03	9.331148965783336163e-03	3.531220018301925792e-03	1.610714584497125032e-03
2.902662128193169622e+01	7.238441045571076815e-01	2.528942701083797817e-01	1.257388080453956253e-02	6.061972810849303173e-03	1.054465179462751000e-02	3.989909931490159128e-03	2.025931518550963800e-03
3.386439149558698603e+01	6.998101065172539492e-01	2.720071482880120906e-01	1.462519035114111764e-02	7.008494318085962613e-03	1.162689977022922545e-02	4.398396413553414333e-03	2.458485867269187292e-03
3.870216170924226162e+01	6.796439950581557587e-01	2.874140382284720019e-01	1.665097412660254683e-02	7.953785630121203154e-03	1.260162278848712611e-02	4.765715212282866861e-03	2.904590481423417487e-03
4.353993192289755143e+01	6.626538701805007037e-01	2.997817364355401804e-01	1.864996922541729135e-02	8.900629767101099835e-03	1.348809413853723979e-02	5.099256650250238998e-03	3.361165128198163182e-03
4.837770213655283413e+01	6.482720272789962435e-01	3.096573298933026908e-01	2.062172705761373265e-02	9.850896521214513868e-03	1.430197021533678205e-02	5.405063960351192548e-03	3.825706598729852054e-03
5.321547235020811684e+01	6.360326615657939664e-01	3.174896860494687001e-01	2.256638271108914184e-02	1.080575842378786976e-02	1.505597257501147500e-02	5.688077704776263108e-03	4.296182495617681396e-03
5.805324256386339954e+01	6.255535750495605507e-01	3.236470849501571490e-01	2.448447836025476054e-02	1.176586098667805474e-02	1.576044177332495966e-02	5.952336000280058007e-03	4.770944405289636973e-03
6.289101277751868224e+01	6.165211675165725991e-01	3.284316860849385011e-01	2.637682909565402384e-02	1.273145640968593659e-02	1.642378696030655921e-02	6.201138521829526774e-03	5.248656936558049844e-03
6.772878299117397205e+01	6.086781219583549118e-01	3.320913981735829634e-01	2.824442193130631898e-02	1.370250815131507371e-02	1.705285074700878256e-02	6.437180820877554978e-03	5.728239743099675096e-03
7.256655320482924765e+01	6.018133007300600079e-01	3.348296181165320573e-01	3.008834065546640846e-02	1.467877230962023188e-02	1.765320522768985823e-02	6.662664317007919480e-03	6.208820169168917033e-03
7.740432341848452324e+01	5.957534555625525474e-01	3.368132216346337304e-01	3.190971071825728089e-02	1.565986058810050346e-02	1.822939208063152280e-02	6.879386356084996046e-03	6.689694585284834856e-03
8.224209363213981305e+01	5.903564258001775533e-01	3.381791194525556321e-01	3.370965957060863272e-02	1.664528867574621360e-02	1.878511725935467017e-02	7.088813936216872488e-03	7.170296830885949067e-03
8.707986384579510286e+01	5.855055576942186368e-01	3.390396365371219356e-01	3.548928884321918276e-02	1.763451310751754444e-02	1.932340882198558749e-02	7.292144053551163040e-03	7.650172467931494122e-03
9.191763405945040688e+01	5.811051255454110498e-01	3.394869256734571739e-01	3.724965553039358279e-02	1.862695905685656309e-02	1.984674484734379879e-02	7.490353087533437905e-03	8.128957784549962345e-03
9.675540427310566827e+01	5.770765748416195606e-01	3.395965887324235433e-01	3.899175996074752404e-02	1.962204101701829628e-02	2.035715708454751555e-02	7.684237208741321115e-03	8.606362680447812025e-03
1.015931744867609581e+02	5.733554398247533435e-01	3.394306478625659373e-01	4.071653882650617950e-02	2.061917793009595060e-02	2.085631492354703825e-02	7.874445434515512862e-03	9.082156723561662925e-03
1.064309447004162337e+02	5.698888144124787392e-01	3.390399833062290313e-01	4.242486193087866703e-02	2.161780400299557689e-02	2.134559341211501871e-02	8.061506664195446439e-03	9.556157796653157524e-03
1.112687149140715235e+02	5.666332771359119391e-01	3.384663335897603043e-01	4.411753161925102695e-02	2.261737619319992287e-02	2.182612834383215045e-02	8.245851785228842240e-03	1.002822285836150323e-02
1.161064851277267991e+02	5.635531885880339376e-01	3.377439366488542705e-01	4.579528410116511655e-02	2.361737914172887948e-02	2.229886087164896849e-02	8.427831744244313958e-03	1.049824042987030671e-02
1.209442553413820747e+02	5.606192945095801461e-01	3.369008763469795165e-01	4.745879205946621632e-02	2.461732816636088422e-02	2.276457363833351427e-02	8.607732315549178684e-03	1.096612448927636492e-02
1.257820255550373645e+02	5.578075796443784373e-01	3.359601872734958583e-01	4.910866809121814530e-02	2.561677079692112335e-02	2.322392003868467905e-02	8.785786167039122407e-03	1.143180951380849165e-02
1.306197957686926259e+02	5.550983273461104206e-01	3.349407612140119506e-01	5.074546864050578227e-02	2.661528722979564568e-02	2.367744792262807541e-02	8.962182714932761390e-03	1.189524645756118160e-02
1.354575659823479441e+02	5.524753480001738382e-01	3.338580908958370674e-01	5.236969817287668444e-02	2.761248999556596695e-02	2.412561880003678827e-02	9.137076169766623554e-03	1.235639949128875675e-02
1.402953361960032339e+02	5.499253459551720624e-01	3.327248802200793998e-01	5.398181341035466346e-02	2.860802306755404201e-02	2.456882340659755776e-02	9.310592103174213444e-03	1.281524336261371730e-02
1.451331064096584669e+02	5.474374000990198663e-01	3.315515449479962684e-01	5.558222749903127258e-02	2.960156058671586932e-02	2.500739432653195302e-02	9.482832805231117962e-03	1.327176126101934500e-02
1.499708766233137851e+02	5.450025376784338738e-01	3.303466235066349621e-01	5.717131402166213822e-02	3.059280533697793930e-02	2.544161623536331587e-02	9.653881653202439628e-03	1.372594309327099422e-02
1.548086468369690749e+02	5.426133846230065672e-01	3.291171140486248703e-01	5.874941079821589113e-02	3.158148707256263482e-02	2.587173421840039886e-02	9.823806672432483858e-03	1.417778409230281006e-02
1.596464170506243647e+02	5.402638786400074666e-01	3.278687510045272258e-01	6.031682344012519181e-02	3.256736077331779527e-02	2.629796053347326773e-02	9.992663437273178323e-03	1.462728369682154278e-02
1.644841872642796261e+02	5.379490338115491266e-01	3.266062319896599897e-01	6.187382864080123723e-02	3.355020488412184532e-02	2.672048011587127916e-02	1.016049743304863438e-02	1.507444465049366349e-02
1.693219574779349159e+02	5.356647474486392335e-01	3.253334039774422592e-01	6.342067719715992202e-02	3.452981957893178772e-02	2.713945506627814946e-02	1.032734597802549038e-02	1.551927227906903933e-02
1.741597276915902057e+02	5.334076416163752166e-01	3.240534160514655371e-01	6.495759676554518913e-02	3.550602507805636354e-02	2.755502831624021681e-02	1.049323978632245649e-02	1.596177391154092462e-02
1.789974979052454671e+02	5.311749331063158053e-01	3.227688447358553758e-01	6.648479436136792153e-02	3.647866003803450913e-02	2.796732662828033122e-02	1.065820423792696384e-02	1.640195841776505639e-02
1.838352681189008138e+02	5.289643267493743251e-01	3.214817968264847559e-01	6.800245861566803218e-02	3.744758002649033191e-02	2.837646305750803760e-02	1.082226040990056856e-02	1.683983584011985654e-02
1.886730383325560467e+02	5.267739278793124313e-01	3.201939937619357468e-01	6.951076180416890238e-02	3.841265608905080481e-02	2.878253897711717871e-02	1.098542591296360234e-02	1.727541710099727429e-02
1.935108085462113081e+02	5.246021705090709863e-01	3.189068408480703609e-01	7.100986166562692214e-02	3.937377341147580562e-02	2.918564575040171263e-02	1.114771556955614258e-02	1.770871377134395144e-02
1.983485787598666263e+02	5.224477583993103469e-01	3.176214840551934704e-01	7.249990302669435949e-02	4.033083007726532415e-02	2.958586611596377910e-02	1.130914196285139929e-02	1.813973788826711564e-02
2.031863489735219162e+02	5.203096167048775200e-01	3.163388566186968731e-01	7.398101925034668291e-02	4.128373591893812894e-02	2.998327533990872290e-02	1.146971588078231699e-02	1.856850181199551364e-02
2.080241191871772060e+02	5.181868523003653193e-01	3.150597172736037677e-01	7.545333352435926177e-02	4.223241145973409549e-02	3.037794217843113251e-02	1.162944667471409697e-02	1.899501811433792348e-02
2.128618894008324673e+02	5.160787212267979873e-01	3.137846816248492376e-01	7.691696000548745027e-02	4.317678694153045948e-02	3.076992968581662366e-02	1.178834254877540039e-02	1.941929949228832913e-02
2.176996596144877287e+02	5.139846019811515898e-01	3.125142478855347794e-01	7.837200483401104978e-02	4.411680143416460420e-02	3.115929589612982317e-02	1.194641079290240972e-02	1.984135870165120927e-02
2.225374298281430470e+02	5.119039735998882623e-01	3.112488179941947930e-01	7.981856703222672822e-02	4.505240202103169556e-02	3.154609440141641769e-02	1.210365797023282321e-02	2.026120850655482170e-02
2.273752000417983652e+02	5.098363976759591187e-01	3.099887149406182485e-01	8.125673929936151618e-02	4.598354305570347134e-02	3.193037484486345445e-02	1.226009006751246390e-02	2.067886164152725470e-02
2.322129702554535982e+02	5.077815036032085061e-01	3.087341969808565789e-01	8.268660871427956083e-02	4.691018548433940893e-02	3.231218334383215846e-02	1.241571261556517411e-02	2.109433078346413179e-02
2.370507404691088880e+02	5.057389764688562384e-01	3.074854692998679750e-01	8.410825735628711664e-02	4.783229622879079518e-02	3.269156285483566793e-02	1.257053078556099115e-02	2.150762853134674871e-02
2.418885106827641494e+02	5.037085471187322527e-01	3.062426935799976713e-01	8.552176285332716010e-02	4.874984762549941508e-02	3.306855349024703100e-02	1.272454946574409253e-02	2.191876739199789467e-02
2.467262808964194392e+02	5.016899840052591042e-01	3.050059958512444380e-01	8.692719886590444256e-02	4.966281691554004507e-02	3.344319279468184469e-02	1.287777332240664860e-02	2.232775977050898558e-02
2.515640511100747290e+02	4.996830864981889331e-01	3.037754729317723168e-01	8.832463551420163816e-02	5.057118578143163928e-02	3.381551598751839777e-02	1.303020684818110425e-02	2.273461796425153489e-02
2.564018213237300188e+02	4.976876793955406497e-01	3.025511977117567586e-01	8.971413975503804428e-02	5.147493992663144946e-02	3.418555617682549064e-02	1.318185440014208246e-02	2.313935415961115849e-02
2.612395915373852517e+02	4.957036084193138792e-01	3.013332234882196148e-01	9.109577571458588041e-02	5.237406869391939696e-02	3.455334454900779034e-02	1.333272022973575575e-02	2.354198043076329711e-02
2.660773617510405415e+02	4.937307365192245556e-01	3.001215875212316919e-01	9.246960498209094714e-02	5.326856471916896485e-02	3.491891053770473236e-02	1.348280850616927727e-02	2.394250873995539333e-02
2.709151319646958882e+02	4.917689408394356754e-01	2.989163139512744372e-01	9.383568686924294300e-02	5.415842361728108456e-02	3.528228197485530626e-02	1.363212333457963082e-02	2.434095093887654604e-02
2.757529021783511780e+02	4.898181102292877287e-01	2.977174161924588947e-01	9.519407863930122449e-02	5.504364369732505508e-02	3.564348522633715294e-02	1.378066877004667685e-02	2.473731877078892000e-02
2.805906723920064678e+02	4.878781432003949647e-01	2.965248988957089882e-01	9.654483570959881966e-02	5.592422570418312949e-02	3.600254531418198983e-02	1.392844882830846995e-02	2.513162387316933422e-02
2.854284426056617008e+02	4.859489462499959611e-01	2.953387595591219217e-01	9.788801183061826561e-02	5.680017258423265825e-02	3.635948602703929777e-02	1.407546749386916554e-02	2.552387778066850244e-02
2.902662128193169337e+02	4.840304324848286321e-01	2.941589898488574106e-01	9.922365924445078478e-02	5.767148927281956494e-02	3.671433002029341613e-02	1.422172872605394732e-02	2.591409192824204247e-02
2.951039830329722804e+02	4.821225204915967621e-01	2.929855766825344432e-01	1.005518288251122799e-01	5.853818250148110081e-02	3.706709890702144378e-02	1.436723646345529348e-02	2.630227765434436926e-02
2.999417532466276270e+02	4.802251334097760727e-01	2.918185031177824018e-01	1.018725702028902974e-01	5.940026062306350690e-02	3.741781334080207522e-02	1.451199462712588623e-02	2.668844620410541768e-02
3.047795234602828600e+02	4.783381981704491470e-01	2.906577490809372777e-01	1.031859318746322224e-01	6.025773345305231871e-02	3.776649309124034681e-02	1.465600712280154365e-02	2.707260873243284849e-02
3.096172936739380930e+02	4.764616448713784314e-01	2.895032919645910696e-01	1.044919613016524612e-01	6.111061212559077555e-02	3.811315711295359954e-02	1.479927784237953375e-02	2.745477630699993607e-02
3.144550638875934396e+02	4.745954062638702564e-01	2.883551071175497471e-01	1.057907049967313773e-01	6.195890896280509957e-02	3.845782360866560612e-02	1.494181066483090022e-02	2.783495991109284640e-02
3.192928341012487294e+02	4.727394173313730352e-01	2.872131682465246527e-01	1.070822086014988489e-01	6.280263735618653309e-02	3.880051008697355669e-02	1.508360945668784509e-02	2.821317044630135967e-02
3.241306043149040192e+02	4.708936149433506912e-01	2.860774477454125497e-01	1.083665169553375413e-01	6.364181165889849778e-02	3.914123341528451261e-02	1.522467807221707797e-02	2.858941873504491221e-02
3.289683745285592522e+02	4.690579375709275634e-01	2.849479169651736310e-01	1.096436741568019846e-01	6.447644708798513924e-02	3.948000986836003312e-02	1.536502035336584533e-02	2.896371552293159485e-02
3.338061447422145420e+02	4.672323250532233740e-01	2.838245464349800073e-01	1.109137236184279951e-01	6.530655963555508092e-02	3.981685517285925985e-02	1.550464012954808589e-02	2.933607148095201955e-02
3.386439149558698318e+02	4.654167184052863671e-01	2.827073060433914486e-01	1.121767081157006435e-01	6.613216598810263414e-02	4.015178454822911774e-02	1.564354121732275393e-02	2.970649720751293230e-02
3.434816851695251216e+02	4.636110596601639711e-01	2.815961651867415205e-01	1.134326698308554399e-01	6.695328345320855634e-02	4.048481274425464599e-02	1.578172742000415879e-02	3.007500323031759779e-02
3.483194553831804114e+02	4.618152917389889978e-01	2.804910928906291789e-01	1.146816503921055108e-01	6.776992989293476044e-02	4.081595407555176080e-02	1.591920252723445783e-02	3.044160000810120642e-02
3.531572255968357013e+02	4.600293583440580036e-01	2.793920579093496781e-01	1.159236909088163930e-01	6.858212366329263787e-02	4.114522245325778760e-02	1.605597031454085444e-02	3.080629793223049057e-02
3.579949958104909342e+02	4.582532038707799460e-01	2.782990288072330065e-01	1.171588320030866187e-01	6.938988355922365292e-02	4.147263141415167415e-02	1.619203454289400851e-02	3.116910732817696275e-02
3.628327660241463377e+02	4.564867733351126167e-01	2.772119740251431375e-01	1.183871138381381999e-01	7.019322876458411464e-02	4.179819414741495903e-02	1.632739895827953897e-02	3.153003845687333412e-02
3.676705362378016275e+02	4.547300123137114625e-01	2.761308619348085691e-01	1.196085761438723805e-01	7.099217880667400837e-02	4.212192351922607048e-02	1.646206729129086679e-02	3.188910151596250492e-02
3.725083064514568036e+02	4.529828668945131698e-01	2.750556608831736805e-01	1.208232582399043215e-01	7.178675351489353929e-02	4.244383209536418261e-02	1.659604325674879713e-02	3.224630664094818577e-02
3.773460766651120935e+02	4.512452836358847308e-01	2.739863392285679100e-01	1.220311990563529569e-01	7.257697298314969014e-02	4.276393216198374342e-02	1.672933055335118491e-02	3.260166390625572619e-02
3.821838468787673833e+02	4.495172095328043849e-01	2.729228653701661345e-01	1.232324371526306028e-01	7.336285753567123313e-02	4.308223574470781275e-02	1.686193286335438066e-02	3.295518332621138330e-02
3.870216170924226162e+02	4.477985919888163302e-01	2.718652077719496130e-01	1.244270107344478404e-01	7.414442769592194393e-02	4.339875462617576174e-02	1.699385385228695255e-02	3.330687485594754221e-02
3.918593873060780197e+02	4.460893787927250886e-01	2.708133349821584268e-01	1.256149576692246750e-01	7.492170415833120101e-02	4.371350036217034468e-02	1.712509716869532045e-02	3.365674839224100379e-02
3.966971575197332527e+02	4.443895180991830340e-01	2.697672156490492634e-01	1.267963155000768893e-01	7.569470776258700739e-02	4.402648429643863520e-02	1.725566644392035817e-02	3.400481377429081381e-02
4.015349277333884856e+02	4.426989584124749744e-01	2.687268185336254556e-01	1.279711214585277090e-01	7.646345947026020329e-02	4.433771757431256150e-02	1.738556529190349309e-02	3.435108078444160801e-02
4.063726979470438323e+02	4.410176485729282447e-01	2.676921125198862828e-01	1.291394124760769091e-01	7.722798034354995400e-02	4.464721115522594930e-02	1.751479730902068613e-02	3.469555914885794762e-02
4.112104681606991221e+02	4.393455377454809074e-01	2.666630666230441205e-01	1.303012251947463784e-01	7.798829152595999903e-02	4.495497582421758426e-02	1.764336607394242223e-02	3.503825853815459995e-02
4.160482383743544119e+02	4.376825754100224231e-01	2.656396499960775315e-01	1.314565959767060310e-01	7.874441422473263397e-02	4.526102220250245722e-02	1.777127514751779616e-02	3.537918856798720479e-02
4.208860085880095880e+02	4.360287113531915448e-01	2.646218319349219472e-01	1.326055609130743218e-01	7.949636969488309279e-02	4.556536075718694428e-02	1.789852807268078189e-02	3.571835879960749693e-02
4.257237788016648778e+02	4.343838956613725322e-01	2.636095818825452408e-01	1.337481558319756625e-01	8.024417922469159747e-02	4.586800181019762973e-02	1.802512837437680523e-02	3.605577874038673469e-02
4.305615490153201677e+02	4.327480787146760766e-01	2.626028694321110857e-01	1.348844163059297052e-01	8.098786412252315103e-02	4.616895554648789424e-02	1.815107955950773580e-02	3.639145784431055408e-02
4.353993192289755143e+02	4.311212111817318005e-01	2.616016643293961885e-01	1.360143776586379971e-01	8.172744570485693250e-02	4.646823202158129051e-02	1.827638511689367445e-02	3.672540551244834334e-02
4.402370894426308041e+02	4.295032440151474451e-01	2.606059364745977325e-01	1.371380749712275970e-01	8.246294528541797675e-02	4.676584116850607264e-02	1.840104851724977744e-02	3.705763109339969830e-02
4.450748596562860939e+02	4.278941284475181184e-01	2.596156559236428296e-01	1.382555430880042235e-01	8.319438416531327318e-02	4.706179280417073507e-02	1.852507321317669459e-02	3.738814388372042885e-02
4.499126298699413837e+02	4.262938159878884581e-01	2.586307928890914654e-01	1.393668166217627846e-01	8.392178362408364567e-02	4.735609663522663548e-02	1.864846263916313321e-02	3.771695312833019814e-02
4.547504000835967304e+02	4.247022584185885519e-01	2.576513177407075972e-01	1.404719299586971448e-01	8.464516491159009004e-02	4.764876226345989008e-02	1.877122021159934387e-02	3.804406802090370271e-02
4.595881702972519065e+02	4.231194077923785546e-01	2.566772010057602471e-01	1.415709172629476265e-01	8.536454924066112782e-02	4.793979919075138513e-02	1.889334932880021301e-02	3.836949770424713524e-02
4.644259405109071963e+02	4.215452164298480464e-01	2.557084133691049366e-01	1.426638124808203567e-01	8.607995778043400770e-02	4.822921682364057772e-02	1.901485337103702225e-02	3.869325127066137321e-02
4.692637107245624861e+02	4.199796369170266108e-01	2.547449256730859313e-01	1.437506493447091860e-01	8.679141165032852601e-02	4.851702447752601066e-02	1.913573570057676421e-02	3.901533776229330203e-02
4.741014809382177759e+02	4.184226221031693838e-01	2.537867089172942681e-01	1.448314613767476000e-01	8.749893191459789943e-02	4.880323138053250381e-02	1.925599966172821323e-02	3.933576617147647309e-02
4.789392511518730657e+02	4.168741250986878200e-01	2.528337342582077651e-01	1.459062818922161886e-01	8.820253957740578632e-02	4.908784667707281890e-02	1.937564858089390815e-02	3.965454544106210288e-02
4.837770213655284124e+02	4.153340992732013626e-01	2.518859730087364968e-01	1.469751440027272094e-01	8.890225557838336845e-02	4.937087943112919430e-02	1.949468576662733571e-02	3.997168446474141240e-02
4.886147915791837022e+02	4.138024982536900875e-01	2.509433966376922176e-01	1.480380806192072018e-01	8.959810078862411042e-02	4.965233862927799502e-02	1.961311450969467629e-02	4.028719208736018104e-02
4.934525617928388783e+02	4.122792759227314474e-01	2.500059767691960033e-01	1.490951244546954713e-01	9.029009600707790795e-02	4.993223318347900924e-02	1.973093808314052566e-02	4.060107710522614655e-02
4.982903320064942250e+02	4.107643864168079029e-01	2.490736851820376241e-01	1.501463080269754280e-01	9.097826195730954191e-02	5.021057193364893839e-02	1.984815974235705494e-02	4.091334826641003508e-02
5.031281022201495148e+02	4.092577841246744508e-01	2.481464938089957273e-01	1.511916636610529385e-01	9.166261928458935282e-02	5.048736365003715643e-02	1.996478272515621322e-02	4.122401427104073479e-02
5.079658724338048046e+02	4.077594236857762788e-01	2.472243747361273225e-01	1.522312234914960372e-01	9.234318855328708942e-02	5.076261703542024606e-02	2.008081025184447338e-02	4.153308377159515424e-02
5.128036426474600376e+02	4.062692599887095524e-01	2.463073002020338131e-01	1.532650194646475450e-01	9.301999024454224441e-02	5.103634072713043868e-02	2.019624552529982603e-02	4.184056537318327912e-02
5.176414128611153274e+02	4.047872481697186720e-01	2.453952425971080709e-01	1.542930833407220037e-01	9.369304475418667455e-02	5.130854329893197452e-02	2.031109173105067126e-02	4.214646763382871864e-02
5.224791830747705035e+02	4.033133436112255610e-01	2.444881744627678544e-01	1.553154466957967217e-01	9.436237239089717566e-02	5.157923326275796333e-02	2.042535203735631674e-02	4.245079906474517190e-02
5.273169532884259070e+02	4.018475019403860427e-01	2.435860684906786811e-01	1.563321409237063975e-01	9.502799337455808404e-02	5.184841907031953467e-02	2.053902959528884284e-02	4.275356813060923744e-02
5.321547235020811968e+02	4.003896790276695872e-01	2.426888975219693989e-01	1.573431972378490362e-01	9.568992783481515552e-02	5.211610911459796380e-02	2.065212753881610561e-02	4.305478324982962846e-02
5.369924937157364866e+02	3.989398309854608748e-01	2.417966345464425126e-01	1.583486466729110420e-01	9.634819580980401310e-02	5.238231173122952222e-02	2.076464898488565580e-02	4.335445279481321690e-02
5.418302639293917764e+02	3.974979141666796778e-01	2.409092527017815122e-01	1.593485200865181195e-01	9.700281724503788394e-02	5.264703519979210822e-02	2.087659703350944890e-02	4.365258509222812860e-02
5.466680341430470662e+02	3.960638851634168400e-01	2.400267252727564526e-01	1.603428481608182299e-01	9.765381199244037302e-02	5.291028774500184523e-02	2.098797476784915531e-02	4.394918842326394487e-02
5.515058043567023560e+02	3.946377008055860225e-01	2.391490256904294232e-01	1.613316614040022912e-01	9.830119980951064484e-02	5.317207753782720453e-02	2.109878525430192858e-02	4.424427102388936439e-02
5.563435745703576458e+02	3.932193181595884934e-01	2.382761275313605154e-01	1.623149901517672855e-01	9.894500035860918918e-02	5.343241269652753561e-02	2.120903154258654832e-02	4.453784108510732559e-02
5.611813447840129356e+02	3.918086945269908528e-01	2.374080045168153741e-01	1.632928645687270475e-01	9.958523320635356835e-02	5.369130128762233944e-02	2.131871666582979205e-02	4.482990675320788071e-02
5.660191149976681118e+02	3.904057874432139696e-01	2.365446305119749126e-01	1.642653146497746741e-01	1.002219178231143898e-01	5.394875132679706475e-02	2.142784364065299443e-02	4.512047613001881480e-02
5.708568852113234016e+02	3.890105546762330779e-01	2.356859795251474710e-01	1.652323702214002488e-01	1.008550735826024419e-01	5.420477077975078412e-02	2.153641546725866898e-02	4.540955727315415524e-02
5.756946554249786914e+02	3.876229542252875859e-01	2.348320257069842765e-01	1.661940609429675142e-01	1.014847197615391244e-01	5.445936756299042669e-02	2.164443512951711585e-02	4.569715819626072456e-02
5.805324256386339812e+02	3.862429443196010448e-01	2.339827433496981801e-01	1.671504163079529648e-01	1.021108755394025264e-01	5.471254954457629993e-02	2.175190559505302615e-02	4.598328686926276415e-02
5.853701958522892710e+02	3.848704834171094435e-01	2.331381068862858896e-01	1.681014656451498002e-01	1.027335599982423936e-01	5.496432454482261948e-02	2.185882981533193714e-02	4.626795121860471233e-02
5.902079660659445608e+02	3.835055302031991076e-01	2.322980908897542551e-01	1.690472381198396268e-01	1.033527921225579349e-01	5.521470033695713431e-02	2.196521072574654856e-02	4.655115912749222679e-02
5.950457362795999643e+02	3.821480435894524796e-01	2.314626700723501629e-01	1.699877627349344056e-01	1.039685907992325686e-01	5.546368464774285856e-02	2.207105124570285862e-02	4.683291843613152095e-02
5.998835064932552541e+02	3.807979827124021721e-01	2.306318192847948423e-01	1.709230683320906996e-01	1.045809748175207110e-01	5.571128515806539339e-02	2.217635427870605011e-02	4.711323694196700718e-02
6.047212767069104302e+02	3.794553069322928462e-01	2.298055135155220585e-01	1.718531835927983864e-01	1.051899628690815824e-01	5.595750950348846176e-02	2.228112271244613724e-02	4.739212239991737186e-02
6.095590469205657200e+02	3.781199758318510296e-01	2.289837278899206074e-01	1.727781370394455007e-01	1.057955735480560489e-01	5.620236527478033456e-02	2.238535941888330355e-02	4.766958252261010304e-02
6.143968171342210098e+02	3.767919492150619831e-01	2.281664376695808072e-01	1.736979570363609560e-01	1.063978253511822097e-01	5.644586001841353506e-02	2.248906725433296241e-02	4.794562498061446382e-02
6.192345873478761860e+02	3.754711871059543959e-01	2.273536182515455417e-01	1.746126717908370318e-01	1.069967366779464579e-01	5.668800123704000049e-02	2.259224905955046006e-02	4.822025740267303628e-02
6.240723575615315895e+02	3.741576497473920182e-01	2.265452451675653289e-01	1.755223093541321555e-01	1.075923258307664859e-01	5.692879638994373381e-02	2.269490765981546990e-02	4.849348737593175973e-02
6.289101277751868793e+02	3.728512975998723444e-01	2.257412940833577186e-01	1.764268976224562802e-01	1.081846110152033524e-01	5.716825289347268746e-02	2.279704586501598435e-02	4.876532244616860190e-02
6.337478979888421691e+02	3.715520913403326242e-01	2.249417407978707151e-01	1.773264643379393324e-01	1.087736103401997917e-01	5.740637812145169688e-02	2.289866646973198402e-02	4.903577011802082164e-02
6.385856682024975726e+02	3.702599918609624230e-01	2.241465612425507237e-01	1.782210370895840890e-01	1.093593418183424204e-01	5.764317940557781017e-02	2.299977225331868019e-02	4.930483785521084378e-02
6.434234384161527487e+02	3.689749602680230112e-01	2.233557314806144389e-01	1.791106433142044818e-01	1.099418233661453026e-01	5.787866403579958879e-02	2.310036597998940330e-02	4.957253308077082948e-02
6.482612086298080385e+02	3.676969578806736916e-01	2.225692277063249791e-01	1.799953102973499419e-01	1.105210728043529989e-01	5.811283926068155220e-02	2.320045039889809604e-02	4.983886317726586579e-02
6.530989788434633283e+02	3.664259462298045666e-01	2.217870262442721285e-01	1.808750651742170590e-01	1.110971078582611571e-01	5.834571228775500135e-02	2.330002824422136229e-02	5.010383548701591305e-02
6.579367490571185044e+02	3.651618870568761888e-01	2.210091035486566602e-01	1.817499349305488621e-01	1.116699461580527297e-01	5.857729028385620651e-02	2.339910223524017258e-02	5.036745731231641321e-02
6.627745192707737942e+02	3.639047423127653724e-01	2.202354362025789325e-01	1.826199464035226927e-01	1.122396052391484295e-01	5.880758037545308348e-02	2.349767507642109773e-02	5.062973591565764209e-02
6.676122894844290840e+02	3.626544741566177232e-01	2.194660009173311777e-01	1.834851262826273643e-01	1.128061025425699249e-01	5.903658964896110056e-02	2.359574945749717476e-02	5.089067851994281272e-02
6.724500596980843738e+02	3.614110449547064952e-01	2.187007745316941199e-01	1.843455011105296915e-01	1.133694554153143602e-01	5.926432515104936710e-02	2.369332805354833899e-02	5.115029230870494353e-02
6.772878299117396637e+02	3.601744172792978316e-01	2.179397340112374792e-01	1.852010972839315539e-01	1.139296811107390894e-01	5.949079388893756259e-02	2.379041352508142262e-02	5.140858442632242203e-02
6.821256001253949535e+02	3.589445539075223346e-01	2.171828564476243617e-01	1.860519410544175245e-01	1.144867967889553889e-01	5.971600283068446285e-02	2.388700851810977160e-02	5.166556197823346519e-02
6.869633703390502433e+02	3.577214178202530181e-01	2.164301190579197010e-01	1.868980585292938923e-01	1.150408195172303999e-01	5.993995890546861827e-02	2.398311566423241142e-02	5.192123203114925450e-02
6.918011405527055331e+02	3.565049722009890898e-01	2.156814991839025586e-01	1.877394756724190261e-01	1.155917662703960236e-01	6.016266900386186417e-02	2.407873758071280706e-02	5.217560161326597473e-02
6.966389107663608229e+02	3.552951804347464493e-01	2.149369742913821157e-01	1.885762183050258278e-01	1.161396539312641862e-01	6.038413997809609357e-02	2.417387687055720658e-02	5.242867771447559666e-02
7.014766809800161127e+02	3.540920061069537939e-01	2.141965219695178280e-01	1.894083121065364139e-01	1.166844992910476553e-01	6.060437864232379873e-02	2.426853612259254750e-02	5.268046728657548722e-02
7.063144511936714025e+02	3.528954130023554958e-01	2.134601199301431884e-01	1.902357826153695253e-01	1.172263190497855878e-01	6.082339177287290205e-02	2.436271791154397473e-02	5.293097724347691629e-02
7.111522214073266923e+02	3.517053651039197537e-01	2.127277460070932935e-01	1.910586552297407759e-01	1.177651298167734090e-01	6.104118610849613991e-02	2.445642479811191081e-02	5.318021446141231456e-02
7.159899916209819821e+02	3.505218265917534604e-01	2.119993781555361834e-01	1.918769552084561292e-01	1.183009481109961875e-01	6.125776835061550601e-02	2.454965932904873416e-02	5.342818577914142109e-02
7.208277618346371582e+02	3.493447618420224554e-01	2.112749944513079015e-01	1.926907076716987965e-01	1.188337903615650643e-01	6.147314516356201103e-02	2.464242403723502367e-02	5.367489799815632762e-02
7.256655320482924481e+02	3.481741354258783283e-01	2.105545730902514123e-01	1.934999376018096962e-01	1.193636729081563597e-01	6.168732317481107758e-02	2.473472144175540080e-02	5.392035788288531556e-02
7.305033022619478515e+02	3.470099121083906057e-01	2.098380923875588500e-01	1.943046698440619169e-01	1.198906120014527760e-01	6.190030897521390379e-02	2.482655404797396229e-02	5.416457216089559656e-02
7.353410724756030277e+02	3.458520568474851009e-01	2.091255307771177629e-01	1.951049291074292980e-01	1.204146238035863070e-01	6.211210911922499661e-02	2.491792434760928612e-02	5.440754752309497067e-02
7.401788426892584312e+02	3.447005347928878694e-01	2.084168668108608846e-01	1.959007399653488468e-01	1.209357243885826050e-01	6.232273012512615229e-02	2.500883481880904896e-02	5.464929062393229786e-02
7.450166129029136073e+02	3.435553112850754931e-01	2.077120791581194559e-01	1.966921268564781888e-01	1.214539297428063602e-01	6.253217847524705775e-02	2.509928792622423063e-02	5.488980808159692887e-02
7.498543831165690108e+02	3.424163518542304718e-01	2.070111466049801563e-01	1.974791140854470772e-01	1.219692557654073195e-01	6.274046061618282488e-02	2.518928612108289888e-02	5.512910647821701177e-02
7.546921533302243006e+02	3.412836222192027202e-01	2.063140480536456156e-01	1.982617258236037128e-01	1.224817182687669703e-01	6.294758295900845790e-02	2.527883184126360899e-02	5.536719236005670230e-02
7.595299235438793630e+02	3.401570882864767831e-01	2.056207625217984225e-01	1.990399861097560674e-01	1.229913329789452531e-01	6.315355187949060756e-02	2.536792751136839053e-02	5.560407223771229868e-02
7.643676937575347665e+02	3.390367161491444903e-01	2.049312691419687138e-01	1.998139188509079900e-01	1.234981155361273286e-01	6.335837371829661224e-02	2.545657554279535939e-02	5.583975258630730770e-02
7.692054639711900563e+02	3.379224720858836628e-01	2.042455471609052331e-01	2.005835478229903990e-01	1.240020814950700823e-01	6.356205478120113828e-02	2.554477833381088928e-02	5.607423984568640773e-02
7.740432341848452324e+02	3.368143225599418145e-01	2.035635759389498034e-01	2.013488966715877848e-01	1.245032463255483085e-01	6.376460133929036378e-02	2.563253826962142920e-02	5.630754042060839848e-02
7.788810043985006359e+02	3.357122342181260155e-01	2.028853349494152691e-01	2.021099889126596882e-01	1.250016254128001325e-01	6.396601962916391437e-02	2.571985772244490473e-02	5.653966068093800590e-02
7.837187746121558121e+02	3.346161738897979743e-01	2.022108037779670187e-01	2.028668479332578767e-01	1.254972340579719181e-01	6.416631585313473107e-02	2.580673905158173062e-02	5.677060696183675037e-02
7.885565448258112156e+02	3.335261085858746699e-01	2.015399621220075876e-01	2.036194969922386910e-01	1.259900874785620239e-01	6.436549617942685653e-02	2.589318460348545917e-02	5.700038556395266992e-02
7.933943150394665054e+02	3.324420054978347583e-01	2.008727897900650372e-01	2.043679592209710905e-01	1.264802008088637686e-01	6.456356674237123672e-02	2.597919671183299140e-02	5.722900275360903732e-02
7.982320852531219089e+02	3.313638319967298629e-01	2.002092667011844129e-01	2.051122576240402839e-01	1.269675891004071744e-01	6.476053364259971856e-02	2.606477769759445867e-02	5.745646476299205718e-02
8.030698554667769713e+02	3.302915556322016943e-01	1.995493728843226733e-01	2.058524150799468100e-01	1.274522673223993929e-01	6.495640294723722952e-02	2.614992986910268796e-02	5.768277779033752217e-02
8.079076256804323748e+02	3.292251441315043881e-01	1.988930884777468933e-01	2.065884543418016472e-01	1.279342503621640481e-01	6.515118069009227797e-02	2.623465552212229240e-02	5.790794800011643539e-02
8.127453958940876646e+02	3.281645653985326150e-01	1.982403937284358264e-01	2.073203980380169120e-01	1.284135530255788860e-01	6.534487287184574666e-02	2.631895693991838370e-02	5.813198152321961965e-02
8.175831661077428407e+02	3.271097875128542443e-01	1.975912689914847697e-01	2.080482686729925867e-01	1.288901900375120091e-01	6.553748546023817345e-02	2.640283639332492022e-02	5.835488445714135525e-02
8.224209363213982442e+02	3.260607787287488901e-01	1.969456947295136207e-01	2.087720886277988352e-01	1.293641760422566955e-01	6.572902439025543608e-02	2.648629614081266653e-02	5.857666286616194234e-02
8.272587065350534203e+02	3.250175074742516768e-01	1.963036515120781533e-01	2.094918801608546821e-01	1.298355256039644690e-01	6.591949556431302149e-02	2.656933842855678518e-02	5.879732278152931257e-02
8.320964767487085965e+02	3.239799423502019993e-01	1.956651200150847369e-01	2.102076654086024177e-01	1.303042532070764481e-01	6.610890485243882397e-02	2.665196549050405372e-02	5.901687020163961378e-02
8.369342469623640000e+02	3.229480521292977802e-01	1.950300810202080515e-01	2.109194663861781172e-01	1.307703732567530586e-01	6.629725809245454182e-02	2.673417954843972447e-02	5.923531109221685798e-02
8.417720171760191761e+02	3.219218057551545553e-01	1.943985154143121064e-01	2.116273049880782187e-01	1.312339000793019406e-01	6.648456109015578319e-02	2.681598281205400947e-02	5.945265138649152847e-02
8.466097873896745796e+02	3.209011723413701112e-01	1.937704041888743123e-01	2.123312029888224095e-01	1.316948479226040525e-01	6.667081961949082591e-02	2.689737747900820125e-02	5.966889698537822251e-02
8.514475576033297557e+02	3.198861211705940066e-01	1.931457284394129947e-01	2.130311820436124881e-01	1.321532309565377761e-01	6.685603942273810052e-02	2.697836573500043966e-02	5.988405375765237793e-02
8.562853278169851592e+02	3.188766216936021469e-01	1.925244693649176275e-01	2.137272636889875066e-01	1.326090632734014674e-01	6.704022621068247978e-02	2.705894975383110052e-02	6.009812754012591740e-02
8.611230980306403353e+02	3.178726435283765195e-01	1.919066082672825635e-01	2.144194693434752219e-01	1.330623588883337871e-01	6.722338566279026373e-02	2.713913169746784773e-02	6.031112413782205306e-02
8.659608682442956251e+02	3.168741564591900928e-01	1.912921265507437907e-01	2.151078203082396889e-01	1.335131317397321993e-01	6.740552342738309610e-02	2.721891371611031424e-02	6.052304932414905719e-02
8.707986384579510286e+02	3.158811304356965444e-01	1.906810057213185194e-01	2.157923377677254118e-01	1.339613956896695546e-01	6.758664512181064565e-02	2.729829794825444286e-02	6.073390884107312399e-02
8.756364086716062047e+02	3.148935355720250406e-01	1.900732273862481558e-01	2.164730427902975818e-01	1.344071645243087032e-01	6.776675633262217724e-02	2.737728652075645600e-02	6.094370839929022510e-02
8.804741788852616082e+02	3.139113421458797348e-01	1.894687732534442726e-01	2.171499563288787349e-01	1.348504519543150537e-01	6.794586261573699881e-02	2.745588154889648178e-02	6.115245367839711177e-02
8.853119490989170117e+02	3.129345205976447608e-01	1.888676251309373277e-01	2.178230992215821338e-01	1.352912716152671890e-01	6.812396949661385370e-02	2.753408513644184721e-02	6.136015032706129690e-02
8.901497193125721878e+02	3.119630415294935566e-01	1.882697649263289086e-01	2.184924921923411256e-01	1.357296370680654007e-01	6.830108247041918879e-02	2.761189937571001049e-02	6.156680396319016979e-02
8.949874895262273640e+02	3.109968757045035170e-01	1.876751746462464177e-01	2.191581558515352801e-01	1.361655617993383360e-01	6.847720700219443735e-02	2.768932634763113243e-02	6.177242017409916019e-02
8.998252597398827675e+02	3.100359940457750874e-01	1.870838363958013395e-01	2.198201106966129748e-01	1.365990592218474520e-01	6.865234852702219170e-02	2.776636812181035308e-02	6.197700451667896571e-02
9.046630299535379436e+02	3.090803676355557972e-01	1.864957323780497833e-01	2.204783771127102610e-01	1.370301426748895268e-01	6.882651245019143216e-02	2.784302675658967274e-02	6.218056251756187702e-02
9.095008001671932334e+02	3.081299677143693461e-01	1.859108448934566893e-01	2.211329753732667325e-01	1.374588254246971730e-01	6.899970414736167346e-02	2.791930429910952430e-02	6.238309967328722894e-02
9.143385703808486369e+02	3.071847656801491855e-01	1.853291563393624775e-01	2.217839256406375636e-01	1.378851206648370742e-01	6.917192896472618147e-02	2.799520278537002277e-02	6.258462145046586600e-02
9.191763405945038130e+02	3.062447330873769302e-01	1.847506492094527497e-01	2.224312479667021614e-01	1.383090415166066678e-01	6.934319221917419063e-02	2.807072424029183333e-02	6.278513328594380327e-02
9.240141108081592165e+02	3.053098416462254883e-01	1.841753060932310726e-01	2.230749622934697640e-01	1.387306010294281633e-01	6.951349919845217773e-02	2.814587067777674784e-02	6.298464058696490175e-02
9.288518810218145063e+02	3.043800632217068536e-01	1.836031096754943415e-01	2.237150884536813211e-01	1.391498121812410338e-01	6.968285516132410873e-02	2.822064410076791791e-02	6.318314873133271115e-02
9.336896512354697961e+02	3.034553698328246729e-01	1.830340427358113087e-01	2.243516461714082366e-01	1.395666878788921206e-01	6.985126533773083901e-02	2.829504650130973756e-02	6.338066306757142443e-02
9.385274214491247449e+02	3.025357336517311424e-01	1.824680881480036654e-01	2.249846550626476982e-01	1.399812409585239337e-01	7.001873492894855611e-02	2.836907986060743792e-02	6.357718891508590264e-02
9.433651916627801484e+02	3.016211270028891223e-01	1.819052288796303429e-01	2.256141346359147593e-01	1.403934841859607041e-01	7.018526910774625094e-02	2.844274614908632801e-02	6.377273156432090861e-02
9.482029618764355519e+02	3.007115223622379707e-01	1.813454479914742290e-01	2.262401042928311456e-01	1.408034302570926044e-01	7.035087301854234254e-02	2.851604732645069903e-02	6.396729627691938314e-02
9.530407320900908417e+02	2.998068923563649846e-01	1.807887286370321034e-01	2.268625833287107874e-01	1.412110917982578595e-01	7.051555177756035908e-02	2.858898534174245110e-02	6.416088828587988846e-02
9.578785023037459041e+02	2.989072097616802814e-01	1.802350540620069608e-01	2.274815909331421582e-01	1.416164813666227484e-01	7.067931047298373071e-02	2.866156213339935213e-02	6.435351279571323302e-02
9.627162725174014213e+02	2.980124475035970666e-01	1.796844076038034421e-01	2.280971461905673403e-01	1.420196114505596907e-01	7.084215416510973584e-02	2.873377962931301238e-02	6.454517498259815245e-02
9.675540427310568248e+02	2.971225786557161741e-01	1.791367726910258196e-01	2.287092680808579803e-01	1.424204944700233066e-01	7.100408788650250380e-02	2.880563974688650844e-02	6.473587999453621344e-02
9.723918129447120009e+02	2.962375764390144939e-01	1.785921328429788679e-01	2.293179754798879699e-01	1.428191427769243960e-01	7.116511664214524024e-02	2.887714439309172626e-02	6.492563295150584335e-02
9.772295831583674044e+02	2.953574142210387832e-01	1.780504716691713174e-01	2.299232871601030737e-01	1.432155686555020291e-01	7.132524540959149506e-02	2.894829546452638153e-02	6.511443894561551315e-02
9.820673533720223531e+02	2.944820655151030309e-01	1.775117728688222485e-01	2.305252217910873092e-01	1.436097843226936399e-01	7.148447913911562535e-02	2.901909484747070347e-02	6.530230304125603236e-02
9.869051235856777566e+02	2.936115039794910397e-01	1.769760202303699292e-01	2.311237979401263576e-01	1.440018019285028705e-01	7.164282275386239796e-02	2.908954441794382381e-02	6.548923027525219154e-02
9.917428937993331601e+02	2.927457034166625061e-01	1.764431976309835670e-01	2.317190340727677544e-01	1.443916335563658615e-01	7.180028114999577327e-02	2.915964604175988462e-02	6.567522565701329473e-02
9.965806640129884499e+02	2.918846377724639840e-01	1.759132890360776136e-01	2.323109485533780827e-01	1.447792912235152663e-01	7.195685919684684240e-02	2.922940157458378888e-02	6.586029416868315056e-02
