0.000000000000000000e+00	1.010828692378143545e+00	2.535856866185025372e-19	6.271243126121423682e-20	1.052253483078972873e-22	1.567512303613593025e-20	3.700121441048298828e-23	3.943978623578273775e-23
4.837770213655283591e+00	9.380674759866941548e-01	6.590950003938955692e-02	1.967431588787588951e-03	1.184056318582538993e-03	2.545003693999085305e-03	8.976026654391548992e-04	2.576220852514590439e-04
9.675540427310567182e+00	8.778667330831414484e-01	1.197392493056194523e-01	4.008332472705932424e-03	2.293225774064796066e-03	4.690971699493813075e-03	1.660313581642326817e-03	5.698664614757629121e-04
1.451331064096584811e+01	8.279809880676546330e-01	1.636526904139345984e-01	6.093463408530400832e-03	3.347589140966033758e-03	6.515436200594373027e-03	2.313281211428376907e-03	9.252439350351622169e-04
1.935108085462113081e+01	7.865666453158473015e-01	1.994260661745103913e-01	8.200943183144243295e-03	4.362695689493865416e-03	8.080854265685161533e-03	2.876996706740987935e-03	1.314491042721572904e-03
2.418885106827641707e+01	7.521100597309332558e-01	2.285177180280886511e-01	1.031460630602689353e-02	5.350500725974743216e-03	9.437509624536249281e-03	3.368148432872860448e-03	1.730149529710679670e-03
2.902662128193169622e+01	7.233684816021259678e-01	2.521249816934194032e-01	1.242270569850179550e-02	6.320116999553962792e-03	1.062586158572088185e-02	3.800320757154308261e-03	2.166224041667053068e-03
3.386439149558698603e+01	6.993215714305121011e-01	2.712308998710931673e-01	1.451689053695181565e-02	7.278416073961521161e-03	1.167844548001486724e-02	4.184565347819073355e-03	2.617903637790934199e-03
3.870216170924226162e+01	6.791315928357100073e-01	2.866425745356126487e-01	1.659140319778271144e-02	8.230508868141349701e-03	1.262140945652928670e-02	4.529868123663197133e-03	3.081335360704357158e-03
4.353993192289755143e+01	6.621107302834698949e-01	2.990226551477168093e-01	1.864245036813204706e-02	9.180128977179633290e-03	1.347575654080670864e-02	4.843530810376962988e-03	3.553440250461579585e-03
4.837770213655283413e+01	6.476942563901644245e-01	3.089151913037566088e-01	2.066771233981113884e-02	1.012993785119009962e-02	1.425834791367419987e-02	5.131482629435050666e-03	4.031763950112134641e-03
5.321547235020811684e+01	6.354185018137586960e-01	3.167668584582730151e-01	2.266596170951045569e-02	1.108176723598877644e-02	1.498271283628428360e-02	5.398534834319238668e-03	4.514355490009266947e-03
5.805324256386339954e+01	6.249027681393596323e-01	3.229443848302268605e-01	2.463676850200402502e-02	1.203681130390009228e-02	1.565970208195936741e-02	5.648588505184755533e-03	4.999669015508967362e-03
6.289101277751868224e+01	6.158344780235633920e-01	3.277488593886063728e-01	2.658027338718525062e-02	1.299577849441719071e-02	1.629801477348745767e-02	5.884804125463858476e-03	5.486484185420183353e-03
6.772878299117397205e+01	6.079569831793282253e-01	3.314274791262108444e-01	2.849701439663397673e-02	1.395901113579115296e-02	1.690462286729563571e-02	6.109739917364036613e-03	5.973841755519734148e-03
7.256655320482924765e+01	6.010595544911789823e-01	3.341831939232077220e-01	3.038779553936234862e-02	1.492657934304522302e-02	1.748511293050477450e-02	6.325464646283313584e-03	6.460991504561201110e-03
7.740432341848452324e+01	5.949691636960621199e-01	3.361826252763562839e-01	3.225358811360393152e-02	1.589835441478325284e-02	1.804396112529121216e-02	6.533649566413383090e-03	6.947350185633315717e-03
8.224209363213981305e+01	5.895437359706474645e-01	3.375625678250938622e-01	3.409545742852730654e-02	1.687406592311918585e-02	1.858475428599370635e-02	6.735643329888932503e-03	7.432467614873060346e-03
8.707986384579510286e+01	5.846666101591183606e-01	3.384353273143316243e-01	3.591450918068841980e-02	1.785334586151226741e-02	1.911036751667998315e-02	6.932532985868000881e-03	7.915999359944858593e-03
9.191763405945040688e+01	5.802419904960784969e-01	3.388931032384671083e-01	3.771185095085127781e-02	1.883576254643588160e-02	1.962310674349844811e-02	7.125193626098225499e-03	8.397684776714034113e-03
9.675540427310566827e+01	5.761912123658110563e-01	3.390115871405855463e-01	3.948856525877417201e-02	1.982084642995401297e-02	2.012482304004935968e-02	7.314328767049465760e-03	8.877329375919840171e-03
1.015931744867609581e+02	5.724496764013607963e-01	3.388529169408915354e-01	4.124569138606230811e-02	2.080810954654177536e-02	2.061700423438639351e-02	7.500503176893549666e-03	9.354790692007071418e-03
1.064309447004162337e+02	5.689643313041395922e-01	3.384681025451871106e-01	4.298421378999599252e-02	2.179705996869082604e-02	2.110084824548192836e-02	7.684169543173561927e-03	9.829966981474343515e-03
1.112687149140715235e+02	5.656916071745404784e-01	3.378990173574575873e-01	4.470505541635824004e-02	2.278721236563788222e-02	2.157732173819284713e-02	7.865690121377029789e-03	1.030278820457932940e-02
1.161064851277267991e+02	5.625957187217925926e-01	3.371800333855720089e-01	4.640907460243358373e-02	2.377809553470451587e-02	2.204720699084554078e-02	8.045354295523027277e-03	1.077320884727220665e-02
1.209442553413820747e+02	5.596472721528922278e-01	3.363393637250099988e-01	4.809706456319416679e-02	2.476925759452025533e-02	2.251113930754891287e-02	8.223392810863067171e-03	1.124120222411487124e-02
1.257820255550373645e+02	5.568221213890169885e-01	3.354001647899124139e-01	4.976975469080973519e-02	2.576026938514692707e-02	2.296963685307925815e-02	8.399989298972511745e-03	1.170675597120574528e-02
1.306197957686926259e+02	5.541004289856984455e-01	3.343814412882417098e-01	5.142781308330245105e-02	2.675072650481828337e-02	2.342312442122200522e-02	8.575289601214149474e-03	1.216986849364649209e-02
1.354575659823479441e+02	5.514658951197778380e-01	3.332987892427528021e-01	5.307184986305407692e-02	2.774025032098911478e-02	2.387195235120764120e-02	8.749409303152651946e-03	1.263054617720943407e-02
1.402953361960032339e+02	5.489051245634211096e-01	3.321650060416009853e-01	5.470242095846636343e-02	2.872848822007624883e-02	2.431641156787356720e-02	8.922439816190640138e-03	1.308880121051452482e-02
1.451331064096584669e+02	5.464071069490991084e-01	3.309905913152613177e-01	5.632003210916671637e-02	2.971511330197788153e-02	2.475674552849246174e-02	9.094453280374191484e-03	1.354464989377166320e-02
1.499708766233137851e+02	5.439627900494876656e-01	3.297841581776315145e-01	5.792514292215494159e-02	3.069982367919924654e-02	2.519315970396943105e-02	9.265506511431159317e-03	1.399811133426934889e-02
1.548086468369690749e+02	5.415647294251962895e-01	3.285527708725868856e-01	5.951817085751150843e-02	3.168234150379314884e-02	2.562582909714071835e-02	9.435644173574821159e-03	1.444920644834008644e-02
1.596464170506243647e+02	5.392068007726685819e-01	3.273022219964380475e-01	6.109949506115926188e-02	3.266241181641091340e-02	2.605490420038577420e-02	9.604901325721015154e-03	1.489795720535981235e-02
1.644841872642796261e+02	5.368839637507804019e-01	3.260372601097103473e-01	6.266945999140302592e-02	3.363980128899975858e-02	2.648051571397813664e-02	9.773305461132560448e-03	1.534438606213913911e-02
1.693219574779349159e+02	5.345920680730187335e-01	3.247617766164654918e-01	6.422837880771595231e-02	3.461429691482765386e-02	2.690277828173315983e-02	9.940878137976682377e-03	1.578851554640569449e-02
1.741597276915902057e+02	5.323276943010408768e-01	3.234789592005233860e-01	6.577653650619322279e-02	3.558570468556413596e-02	2.732179344847531985e-02	1.010763627992459016e-02	1.623036795642183311e-02
1.789974979052454671e+02	5.300880231292006695e-01	3.221914178034321341e-01	6.731419279759140450e-02	3.655384828429179139e-02	2.773765200214838023e-02	1.027359321097182261e-02	1.666996515050721273e-02
1.838352681189008138e+02	5.278707280611222297e-01	3.209012880579868998e-01	6.884158473196261285e-02	3.751856781492470677e-02	2.815043583001113417e-02	1.043875947648810476e-02	1.710732840564778423e-02
1.886730383325560467e+02	5.256738872919646255e-01	3.196103162117291396e-01	7.035892907940116681e-02	3.847971858205202766e-02	2.856021939167079776e-02	1.060314349260448388e-02	1.754247832872125532e-02
1.935108085462113081e+02	5.234959113592559943e-01	3.183199288528641424e-01	7.186642447998414784e-02	3.943716993029631329e-02	2.896707089039042907e-02	1.076675205799541152e-02	1.797543480735706162e-02
1.983485787598666263e+02	5.213354837403162412e-01	3.170312901582501564e-01	7.336425337810850711e-02	4.039080414854936268e-02	2.937105320710567402e-02	1.092959075557242699e-02	1.840621699024106578e-02
2.031863489735219162e+02	5.191915120793353378e-01	3.157453488964140909e-01	7.485258375748601867e-02	4.134051544166200687e-02	2.977222464804504809e-02	1.109166426629500102e-02	1.883484328890589962e-02
2.080241191871772060e+02	5.170630881418289970e-01	3.144628770189499822e-01	7.633157069335376466e-02	4.228620897011156621e-02	3.017063954607854953e-02	1.125297661299502067e-02	1.926133139482546705e-02
2.128618894008324673e+02	5.149494549346392835e-01	3.131845013455697990e-01	7.780135773821639233e-02	4.322779995668699776e-02	3.056634874736765053e-02	1.141353134861803828e-02	1.968569830704507140e-02
2.176996596144877287e+02	5.128499797091620183e-01	3.119107295787024725e-01	7.926207815682796698e-02	4.416521285818713477e-02	3.095940000811044091e-02	1.157333170045496060e-02	2.010796036669820416e-02
2.225374298281430470e+02	5.107641317949709325e-01	3.106419716623711191e-01	8.071385602527671177e-02	4.509838059941948668e-02	3.134983832081125743e-02	1.173238067964834340e-02	2.052813329564522407e-02
2.273752000417983652e+02	5.086914643994288054e-01	3.093785573184911208e-01	8.215680720804996451e-02	4.602724386633471471e-02	3.173770618526718101e-02	1.189068116340672408e-02	2.094623223716458177e-02
2.322129702554535982e+02	5.066315996635690766e-01	3.081207504446394352e-01	8.359104022589940175e-02	4.695175045487275794e-02	3.212304383612440278e-02	1.204823595586622387e-02	2.136227179717190006e-02
2.370507404691088880e+02	5.045842163915459366e-01	3.068687609349359802e-01	8.501665702624994214e-02	4.787185467198007416e-02	3.250588943623129723e-02	1.220504783233364136e-02	2.177626608486632823e-02
2.418885106827641494e+02	5.025490399752289283e-01	3.056227543851718909e-01	8.643375366683400673e-02	4.878751678524657909e-02	3.288627924295468852e-02	1.236111957067492773e-02	2.218822875203210407e-02
2.467262808964194392e+02	5.005258341211354933e-01	3.043828600608011192e-01	8.784242092221079823e-02	4.969870251767435215e-02	3.326424775301333597e-02	1.251645397283271052e-02	2.259817303047544079e-02
2.515640511100747290e+02	4.985143940571907240e-01	3.031491774386576021e-01	8.924274482186403401e-02	5.060538258420705510e-02	3.363982783012448713e-02	1.267105387883012309e-02	2.300611176726922655e-02
2.564018213237300188e+02	4.965145409545195232e-01	3.019217815776349401e-01	9.063480712766971981e-02	5.150753226679980618e-02	3.401305081878014391e-02	1.282492217511637528e-02	2.341205745762266546e-02
2.612395915373852517e+02	4.945261173468585292e-01	3.007007275278896774e-01	9.201868575769320269e-02	5.240513102498266240e-02	3.438394664671036438e-02	1.297806179870809179e-02	2.381602227530063912e-02
2.660773617510405415e+02	4.925489833690852581e-01	2.994860539506291608e-01	9.339445516251304591e-02	5.329816213905557570e-02	3.475254391800389198e-02	1.313047573826022635e-02	2.421801810059603585e-02
2.709151319646958882e+02	4.905830136683019815e-01	2.982777860897571354e-01	9.476218665957761300e-02	5.418661238324236351e-02	3.511886999840426599e-02	1.328216703294548065e-02	2.461805654591431997e-02
2.757529021783511780e+02	4.886280948671403723e-01	2.970759382113681846e-01	9.612194873047484600e-02	5.507047172631990978e-02	3.548295109395295521e-02	1.343313876981887950e-02	2.501614897906798141e-02
2.805906723920064678e+02	4.866841234804845095e-01	2.958805156063264441e-01	9.747380728543475481e-02	5.594973305742342862e-02	3.584481232388590788e-02	1.358339408018413748e-02	2.541230654440393422e-02
2.854284426056617008e+02	4.847510042044906875e-01	2.946915162341231520e-01	9.881782589888091217e-02	5.682439193490571722e-02	3.620447778848848858e-02	1.373293613535225832e-02	2.580654018190186444e-02
2.902662128193169337e+02	4.828286485112988635e-01	2.935089320722125694e-01	1.001540660193998983e-01	5.769444635629719653e-02	3.656197063246145046e-02	1.388176814208383000e-02	2.619886064438920956e-02
2.951039830329722804e+02	4.809169734947463803e-01	2.923327502235407160e-01	1.014825871570988469e-01	5.855989654757225854e-02	3.691731310423535667e-02	1.402989333792908910e-02	2.658927851302039444e-02
2.999417532466276270e+02	4.790159009221827691e-01	2.911629538255449123e-01	1.028034470509683607e-01	5.942074477007645156e-02	3.727052661158494068e-02	1.417731498661969208e-02	2.697780421116595731e-02
3.047795234602828600e+02	4.771253564555174576e-01	2.899995227961598143e-01	1.041167018185558818e-01	6.027699514360721628e-02	3.762163177383055779e-02	1.432403637361975499e-02	2.736444801685238362e-02
3.096172936739380930e+02	4.752452690112287104e-01	2.888424344460061022e-01	1.054224060899783266e-01	6.112865348426908818e-02	3.797064847086598083e-02	1.447006080190819770e-02	2.774922007388668996e-02
3.144550638875934396e+02	4.733755702344786265e-01	2.876916639807152731e-01	1.067206131280605402e-01	6.197572715584279829e-02	3.831759588921654358e-02	1.461539158803737935e-02	2.813213040179193478e-02
3.192928341012487294e+02	4.715161940669265195e-01	2.865471849130599158e-01	1.080113749361711478e-01	6.281822493351610359e-02	3.866249256530533696e-02	1.476003205849292683e-02	2.851318890467115924e-02
3.241306043149040192e+02	4.696670763914830848e-01	2.854089694010364386e-01	1.092947423551402092e-01	6.365615687892456354e-02	3.900535642608571330e-02	1.490398554636456971e-02	2.889240537910849060e-02
3.289683745285592522e+02	4.678281547402473040e-01	2.842769885251591466e-01	1.105707651504767575e-01	6.448953422554153103e-02	3.934620482718406004e-02	1.504725538832710381e-02	2.926978952120719638e-02
3.338061447422145420e+02	4.659993680543274008e-01	2.831512125158508475e-01	1.118394920909601686e-01	6.531836927354035816e-02	3.968505458868559072e-02	1.518984492192282550e-02	2.964535093285586981e-02
3.386439149558698318e+02	4.641806564862711038e-01	2.820316109398671167e-01	1.131009710195511331e-01	6.614267529332855389e-02	4.002192202868783133e-02	1.533175748313169925e-02	3.001909912730564914e-02
3.434816851695251216e+02	4.623719612374863619e-01	2.809181528530922400e-01	1.143552489174566728e-01	6.696246643702276347e-02	4.035682299473947188e-02	1.547299640421205200e-02	3.039104353413352860e-02
3.483194553831804114e+02	4.605732244243999074e-01	2.798108069257305153e-01	1.156023719620856427e-01	6.777775765719760981e-02	4.068977289327714575e-02	1.561356501179278836e-02	3.076119350365944319e-02
3.531572255968357013e+02	4.587843889682165499e-01	2.787095415448398450e-01	1.168423855795450161e-01	6.858856463229891232e-02	4.102078671716759967e-02	1.575346662519708230e-02	3.112955831087802286e-02
3.579949958104909342e+02	4.570053985040628541e-01	2.776143248982672063e-01	1.180753344922521042e-01	6.939490369816474213e-02	4.134987907145885183e-02	1.589270455497750201e-02	3.149614715895970168e-02
3.628327660241463377e+02	4.552361973060523592e-01	2.765251250433206076e-01	1.193012627621713728e-01	7.019679178514595663e-02	4.167706419743983509e-02	1.603128210164279574e-02	3.186096918236995534e-02
3.676705362378016275e+02	4.534767302254282817e-01	2.754419099629137335e-01	1.205202138301270376e-01	7.099424636036147374e-02	4.200235599510435819e-02	1.616920255455748384e-02	3.222403344965045491e-02
3.725083064514568036e+02	4.517269426394490139e-01	2.743646476114305899e-01	1.217322305515909919e-01	7.178728537466352866e-02	4.232576804411143645e-02	1.630646919099634773e-02	3.258534896590088020e-02
3.773460766651120935e+02	4.499867804090989520e-01	2.732933059521546193e-01	1.229373552293012151e-01	7.257592721392429336e-02	4.264731362333051834e-02	1.644308527533711387e-02	3.294492467499612887e-02
3.821838468787673833e+02	4.482561898440498571e-01	2.722278529877760200e-01	1.241356296430263517e-01	7.336019065428868446e-02	4.296700572905651910e-02	1.657905405837587984e-02	3.330276946156962570e-02
3.870216170924226162e+02	4.465351176735793959e-01	2.711682567852211068e-01	1.253270950767574887e-01	7.414009482106799498e-02	4.328485709197572862e-02	1.671437877675113412e-02	3.365889215279000563e-02
3.918593873060780197e+02	4.448235110223857092e-01	2.701144854958235642e-01	1.265117923435775948e-01	7.491565915097679607e-02	4.360088019296032291e-02	1.684906265246347706e-02	3.401330151995538703e-02
3.966971575197332527e+02	4.431213173904244296e-01	2.690665073716747568e-01	1.276897618084321395e-01	7.568690335744016062e-02	4.391508727776536475e-02	1.698310889247935107e-02	3.436600627992657253e-02
4.015349277333884856e+02	4.414284846360533865e-01	2.680242907788414897e-01	1.288610434090008416e-01	7.645384739872185254e-02	4.422749037069859113e-02	1.711652068840830224e-02	3.471701509641819672e-02
4.063726979470438323e+02	4.397449609618955813e-01	2.669878042080148783e-01	1.300256766748492665e-01	7.721651144864426219e-02	4.453810128732989260e-02	1.724930121624431920e-02	3.506633658116449503e-02
4.112104681606991221e+02	4.380706949029377073e-01	2.659570162830530160e-01	1.311837007450204484e-01	7.797491586969040878e-02	4.484693164630371154e-02	1.738145363616291905e-02	3.541397929497441810e-02
4.160482383743544119e+02	4.364056353164676993e-01	2.649318957677986863e-01	1.323351543842108125e-01	7.872908118829555213e-02	4.515399288031424901e-02	1.751298109236643780e-02	3.575995174868928234e-02
4.208860085880095880e+02	4.347497313735238511e-01	2.639124115714828744e-01	1.334800759976589035e-01	7.947902807215191656e-02	4.545929624629999749e-02	1.764388671297096450e-02	3.610426240405423953e-02
4.257237788016648778e+02	4.331029325515899919e-01	2.628985327529705374e-01	1.346185036448638295e-01	8.022477730936460050e-02	4.576285283491084849e-02	1.777417360992909409e-02	3.644691967451386960e-02
4.305615490153201677e+02	4.314651886283146220e-01	2.618902285240583550e-01	1.357504750522378900e-01	8.096634978930988824e-02	4.606467357929802664e-02	1.790384487898331878e-02	3.678793192594074363e-02
4.353993192289755143e+02	4.298364496760742615e-01	2.608874682519967680e-01	1.368760276247878716e-01	8.170376648505965622e-02	4.636476926327379178e-02	1.803290359964559650e-02	3.712730747730482589e-02
4.402370894426308041e+02	4.282166660572325756e-01	2.598902214613780792e-01	1.379951984569106616e-01	8.243704843724633524e-02	4.666315052888525550e-02	1.816135283519914462e-02	3.746505460129064685e-02
4.450748596562860939e+02	4.266057884199726535e-01	2.588984578355056354e-01	1.391080243423799268e-01	8.316621673925338187e-02	4.695982788344375131e-02	1.828919563271899640e-02	3.780118152486831862e-02
4.499126298699413837e+02	4.250037676946026854e-01	2.579121472173399043e-01	1.402145417835939378e-01	8.389129252362552414e-02	4.725481170604842879e-02	1.841643502310839203e-02	3.813569642982379826e-02
4.547504000835967304e+02	4.234105550902527715e-01	2.569312596100987167e-01	1.413147870001480455e-01	8.461229694960134551e-02	4.754811225364043853e-02	1.854307402114833622e-02	3.846860745325306891e-02
4.595881702972519065e+02	4.218261020918940285e-01	2.559557651775765663e-01	1.424087959367890122e-01	8.532925119167902861e-02	4.783973966662155575e-02	1.866911562555813309e-02	3.879992268802438110e-02
4.644259405109071963e+02	4.202503604576260932e-01	2.549856342442342050e-01	1.434966042708034351e-01	8.604217642913290776e-02	4.812970397406882844e-02	1.879456281906492776e-02	3.912965018321229449e-02
4.692637107245624861e+02	4.186832822161854484e-01	2.540208372951020532e-01	1.445782474188880007e-01	8.675109383640539074e-02	4.841801509857471264e-02	1.891941856848061709e-02	3.945779794450657990e-02
4.741014809382177759e+02	4.171248196646379358e-01	2.530613449755322875e-01	1.456537605435440641e-01	8.745602457430466659e-02	4.870468286074020048e-02	1.904368582478466534e-02	3.978437393459896554e-02
4.789392511518730657e+02	4.155749253662244791e-01	2.521071280908290246e-01	1.467231785590368820e-01	8.815698978194423663e-02	4.898971698334633057e-02	1.916736752321162793e-02	4.010938607355010732e-02
4.837770213655284124e+02	4.140335521483342052e-01	2.511581576057792531e-01	1.477865361369542496e-01	8.885401056936548247e-02	4.927312709522804757e-02	1.929046658334235623e-02	4.043284223913901770e-02
4.886147915791837022e+02	4.125006531005837029e-01	2.502144046441044933e-01	1.488438677113982367e-01	8.954710801078909210e-02	4.955492273487230315e-02	1.941298590919795716e-02	4.075475026719683341e-02
4.934525617928388783e+02	4.109761815729860435e-01	2.492758404878483991e-01	1.498952074838391935e-01	9.023630313844549500e-02	4.983511335376104856e-02	1.953492838933579626e-02	4.107511795192668458e-02
4.982903320064942250e+02	4.094600911741947402e-01	2.483424365767138431e-01	1.509405894276596161e-01	9.092161693693848190e-02	5.011370831947804111e-02	1.965629689694688154e-02	4.139395304621108773e-02
5.031281022201495148e+02	4.079523357698109365e-01	2.474141645073595352e-01	1.519800472924127122e-01	9.160307033809980681e-02	5.039071691859724894e-02	1.977709428995416338e-02	4.171126326190822964e-02
5.079658724338048046e+02	4.064528694807445497e-01	2.464909960326649441e-01	1.530136146078187598e-01	9.228068421629576079e-02	5.066614835936911199e-02	1.989732341111121947e-02	4.202705627013824524e-02
5.128036426474600376e+02	4.049616466816208238e-01	2.455729030609702379e-01	1.540413246875196873e-01	9.295447938415017652e-02	5.094001177421998011e-02	2.001698708810106461e-02	4.234133970156059995e-02
5.176414128611153274e+02	4.034786219992263501e-01	2.446598576552976578e-01	1.550632106326112480e-01	9.362447658865059863e-02	5.121231622207866874e-02	2.013608813363469696e-02	4.265412114664332566e-02
5.224791830747705035e+02	4.020037503109886723e-01	2.437518320325582355e-01	1.560793053349705806e-01	9.429069650760746324e-02	5.148307069054329499e-02	2.025462934554919658e-02	4.296540815592508888e-02
5.273169532884259070e+02	4.005369867434853681e-01	2.428487985627480750e-01	1.570896414803946706e-01	9.495315974643835089e-02	5.175228409790032930e-02	2.037261350690516143e-02	4.327520824027062535e-02
5.321547235020811968e+02	3.990782866709783328e-01	2.419507297681369740e-01	1.580942515515651181e-01	9.561188683525134735e-02	5.201996529500717975e-02	2.049004338608333489e-02	4.358352887112026952e-02
5.369924937157364866e+02	3.976276057139713771e-01	2.410575983224522434e-01	1.590931678308520059e-01	9.626689822620408676e-02	5.228612306704849555e-02	2.060692173688027581e-02	4.389037748073408574e-02
5.418302639293917764e+02	3.961848997377868109e-01	2.401693770500593905e-01	1.600864224029700245e-01	9.691821429111634190e-02	5.255076613517588313e-02	2.072325129860301540e-02	4.419576146243103798e-02
5.466680341430470662e+02	3.947501248511607330e-01	2.392860389251416642e-01	1.610740471574977073e-01	9.756585531931624700e-02	5.281390315803976415e-02	2.083903479616263515e-02	4.449968817082373962e-02
5.515058043567023560e+02	3.933232374048539204e-01	2.384075570708790448e-01	1.620560737912705995e-01	9.820984151570152920e-02	5.307554273322167421e-02	2.095427494016668252e-02	4.480216492204902590e-02
5.563435745703576458e+02	3.919041939902775940e-01	2.375339047586288166e-01	1.630325338106577981e-01	9.885019299899854006e-02	5.333569339857443387e-02	2.106897442701041040e-02	4.510319899399482801e-02
5.611813447840129356e+02	3.904929514381328404e-01	2.366650554071074719e-01	1.640034585337308282e-01	9.948692980020365506e-02	5.359436363347725579e-02	2.118313593896684402e-02	4.540279762652348755e-02
5.660191149976681118e+02	3.890894668170620796e-01	2.358009825815755023e-01	1.649688790923329040e-01	1.001200718611920670e-01	5.385156186001225503e-02	2.129676214427565425e-02	4.570096802169189287e-02
5.708568852113234016e+02	3.876936974323124674e-01	2.349416599930248539e-01	1.659288264340561259e-01	1.007496390334811920e-01	5.410729644406824662e-02	2.140985569723083404e-02	4.599771734396865958e-02
5.756946554249786914e+02	3.863056008244099004e-01	2.340870614973700747e-01	1.668833313241336047e-01	1.013756510771357394e-01	5.436157569637742326e-02	2.152241923826720901e-02	4.629305272044850067e-02
5.805324256386339812e+02	3.849251347678435686e-01	2.332371610946430140e-01	1.678324243472525124e-01	1.019981276598036363e-01	5.461440787348995768e-02	2.163445539404575471e-02	4.658698124106401550e-02
5.853701958522892710e+02	3.835522572697601107e-01	2.323919329281917689e-01	1.687761359092943558e-01	1.026170883558720354e-01	5.486580117869123419e-02	2.174596677753782778e-02	4.687950995879507782e-02
5.902079660659445608e+02	3.821869265686673178e-01	2.315513512838835442e-01	1.697144962390074729e-01	1.032325526457337911e-01	5.511576376286606710e-02	2.185695598810826271e-02	4.717064588987595480e-02
5.950457362795999643e+02	3.808291011331463860e-01	2.307153905893120083e-01	1.706475353896168001e-01	1.038445399151557147e-01	5.536430372531386812e-02	2.196742561159735485e-02	4.746039601400021957e-02
5.998835064932552541e+02	3.794787396605734942e-01	2.298840254130089245e-01	1.715752832403756312e-01	1.044530694547401439e-01	5.561142911451854437e-02	2.207737822040184775e-02	4.774876727452373459e-02
6.047212767069104302e+02	3.781358010758491539e-01	2.290572304636604439e-01	1.724977694980633636e-01	1.050581604594725132e-01	5.585714792887644387e-02	2.218681637355485875e-02	4.803576657866563682e-02
6.095590469205657200e+02	3.768002445301357195e-01	2.282349805893278127e-01	1.734150236984330629e-01	1.056598320283478609e-01	5.610146811738554729e-02	2.229574261680482977e-02	4.832140079770753938e-02
6.143968171342210098e+02	3.754720293996037794e-01	2.274172507766727136e-01	1.743270752076127028e-01	1.062581031640698614e-01	5.634439758029886197e-02	2.240415948269351351e-02	4.860567676719097785e-02
6.192345873478761860e+02	3.741511152841849874e-01	2.266040161501870487e-01	1.752339532234630237e-01	1.068529927728165130e-01	5.658594416974457864e-02	2.251206949063304028e-02	4.888860128711319114e-02
6.240723575615315895e+02	3.728374620063336087e-01	2.257952519714274409e-01	1.761356867768951728e-01	1.074445196640670813e-01	5.682611569031565529e-02	2.261947514698208969e-02	4.917018112212133418e-02
6.289101277751868793e+02	3.715310296097950604e-01	2.249909336382540925e-01	1.770323047331509581e-01	1.080327025504850963e-01	5.706491989963087541e-02	2.272637894512120199e-02	4.945042300170510163e-02
6.337478979888421691e+02	3.702317783583816690e-01	2.241910366840743907e-01	1.779238357930483516e-01	1.086175600478530706e-01	5.730236450886972560e-02	2.283278336552725662e-02	4.972933362038794297e-02
6.385856682024975726e+02	3.689396687347560877e-01	2.233955367770908140e-01	1.788103084941942145e-01	1.091991106750544172e-01	5.753845718328290393e-02	2.293869087584714944e-02	5.000691963791679961e-02
6.434234384161527487e+02	3.676546614392217638e-01	2.226044097195533922e-01	1.796917512121670724e-01	1.097773728540987620e-01	5.777320554268025599e-02	2.304410393097068230e-02	5.028318767945048895e-02
6.482612086298080385e+02	3.663767173885200679e-01	2.218176314470166888e-01	1.805681921616712482e-01	1.103523649101870729e-01	5.800661716189788042e-02	2.314902497310273102e-02	5.055814433574671446e-02
6.530989788434633283e+02	3.651057977146351385e-01	2.210351780276009759e-01	1.814396593976648764e-01	1.109241050718131200e-01	5.823869957124586105e-02	2.325345643183467786e-02	5.083179616334782686e-02
6.579367490571185044e+02	3.638418637636047226e-01	2.202570256612579325e-01	1.823061808164629372e-01	1.114926114708983534e-01	5.846946025693804116e-02	2.335740072421513963e-02	5.110414968476530151e-02
6.627745192707737942e+02	3.625848770943388422e-01	2.194831506790406173e-01	1.831677841568174203e-01	1.120579021429572858e-01	5.869890666150519992e-02	2.346086025482005399e-02	5.137521138866294607e-02
6.676122894844290840e+02	3.613347994774442906e-01	2.187135295423777714e-01	1.840244970009757008e-01	1.126199950272907674e-01	5.892704618419276896e-02	2.356383741582207536e-02	5.164498773003894927e-02
6.724500596980843738e+02	3.600915928940565114e-01	2.179481388423522570e-01	1.848763467757183476e-01	1.131789079672048393e-01	5.915388618134424792e-02	2.366633458705938095e-02	5.191348513040673629e-02
6.772878299117396637e+02	3.588552195346776386e-01	2.171869552989838248e-01	1.857233607533782804e-01	1.137346587102527895e-01	5.937943396677126257e-02	2.376835413610385236e-02	5.218070997797465832e-02
6.821256001253949535e+02	3.576256417980214208e-01	2.164299557605160185e-01	1.865655660528417192e-01	1.142872649084984982e-01	5.960369681211132725e-02	2.386989841832867429e-02	5.244666862782456501e-02
6.869633703390502433e+02	3.564028222898648068e-01	2.156771172027071304e-01	1.874029896405323692e-01	1.148367441187991833e-01	5.982668194717410265e-02	2.397096977697534687e-02	5.271136740208925975e-02
6.918011405527055331e+02	3.551867238219052481e-01	2.149284167281255153e-01	1.882356583313796183e-01	1.153831138031057718e-01	6.004839656027696065e-02	2.407157054322018111e-02	5.297481259012885857e-02
6.966389107663608229e+02	3.539773094106254958e-01	2.141838315654485403e-01	1.890635987897718029e-01	1.159263913287792852e-01	6.026884779857063362e-02	2.417170303624022187e-02	5.323701044870611521e-02
7.014766809800161127e+02	3.527745422761640604e-01	2.134433390687659748e-01	1.898868375304953171e-01	1.164665939689218249e-01	6.048804276835556548e-02	2.427136956327868508e-02	5.349796720216062201e-02
7.063144511936714025e+02	3.515783858411921092e-01	2.127069167168871566e-01	1.907054009196604005e-01	1.170037389027207830e-01	6.070598853538969331e-02	2.437057241970985721e-02	5.375768904258203945e-02
7.111522214073266923e+02	3.503888037297966385e-01	2.119745421126522367e-01	1.915193151756141299e-01	1.175378432158049880e-01	6.092269212518815202e-02	2.446931388910352986e-02	5.401618212998225005e-02
7.159899916209819821e+02	3.492057597663704160e-01	2.112461929822472551e-01	1.923286063698415593e-01	1.180689239006117580e-01	6.113816052331549900e-02	2.456759624328894165e-02	5.427345259246650622e-02
7.208277618346371582e+02	3.480292179745071435e-01	2.105218471745231024e-01	1.931333004278551757e-01	1.185969978567636418e-01	6.135240067567092337e-02	2.466542174241824134e-02	5.452950652640362744e-02
7.256655320482924481e+02	3.468591425759038338e-01	2.098014826603185057e-01	1.939334231300740008e-01	1.191220818914539570e-01	6.156541948876691206e-02	2.476279263502953812e-02	5.478434999659513582e-02
7.305033022619478515e+02	3.456954979892684077e-01	2.090850775317867061e-01	1.947290001126918135e-01	1.196441927198402672e-01	6.177722383000180950e-02	2.485971115810944876e-02	5.503798903644348262e-02
7.353410724756030277e+02	3.445382488292338952e-01	2.083726100017259664e-01	1.955200568685359908e-01	1.201633469654448949e-01	6.198782052792661812e-02	2.495617953715526666e-02	5.529042964811926170e-02
7.401788426892584312e+02	3.433873599052786885e-01	2.076640584029139924e-01	1.963066187479168279e-01	1.206795611605617630e-01	6.219721637250644891e-02	2.505219998623667288e-02	5.554167780272750710e-02
7.450166129029136073e+02	3.422427962206524565e-01	2.069594011874458517e-01	1.970887109594677000e-01	1.211928517466688005e-01	6.240541811537694827e-02	2.514777470805702395e-02	5.579173944047299827e-02
7.498543831165690108e+02	3.411045229713085547e-01	2.062586169260759716e-01	1.978663585709769801e-01	1.217032350748454006e-01	6.261243247009594393e-02	2.524290589401427878e-02	5.604062047082468412e-02
7.546921533302243006e+02	3.399725055448414857e-01	2.055616843075633859e-01	1.986395865102114355e-01	1.222107274061941667e-01	6.281826611239071934e-02	2.533759572426146425e-02	5.628832677267914947e-02
7.595299235438793630e+02	3.388467095194313550e-01	2.048685821380210881e-01	1.994084195657317982e-01	1.227153449122665163e-01	6.302292568040104848e-02	2.543184636776680413e-02	5.653486419452314476e-02
7.643676937575347665e+02	3.377271006627933225e-01	2.041792893402688547e-01	2.001728823877008678e-01	1.232171036754916432e-01	6.322641777491831705e-02	2.552565998237342482e-02	5.678023855459527619e-02
7.692054639711900563e+02	3.366136449311332712e-01	2.034937849531896492e-01	2.009329994886841497e-01	1.237160196896082837e-01	6.342874895962094528e-02	2.561903871485870371e-02	5.702445564104668962e-02
7.740432341848452324e+02	3.355063084681091934e-01	2.028120481310896062e-01	2.016887952444435250e-01	1.242121088600989520e-01	6.362992576130621636e-02	2.571198470099324979e-02	5.726752121210097052e-02
7.788810043985006359e+02	3.344050576037983502e-01	2.021340581430616234e-01	2.024402938947240105e-01	1.247053870046262308e-01	6.382995467011894075e-02	2.580450006559949563e-02	5.750944099621305844e-02
7.837187746121558121e+02	3.333098588536699269e-01	2.014597943723528406e-01	2.031875195440340509e-01	1.251958698534707537e-01	6.402884213977680372e-02	2.589658692260994946e-02	5.775022069222734977e-02
7.885565448258112156e+02	3.322206789175637387e-01	2.007892363157349758e-01	2.039304961624194279e-01	1.256835730499705484e-01	6.422659458779292341e-02	2.598824737512508629e-02	5.798986596953489836e-02
7.933943150394665054e+02	3.311374846786745429e-01	2.001223635828787151e-01	2.046692475862308958e-01	1.261685121509614482e-01	6.442321839569542519e-02	2.607948351547089913e-02	5.822838246822974878e-02
7.982320852531219089e+02	3.300602432025412925e-01	1.994591558957313215e-01	2.054037975188859055e-01	1.266507026272181979e-01	6.461871990924437925e-02	2.617029742525608244e-02	5.846577579926442308e-02
8.030698554667769713e+02	3.289889217360431606e-01	1.987995930878978801e-01	2.061341695316245837e-01	1.271301598638962804e-01	6.481310543864624019e-02	2.626069117542890324e-02	5.870205154460451935e-02
8.079076256804323748e+02	3.279234877064000631e-01	1.981436551040258176e-01	2.068603870642597709e-01	1.276068991609738412e-01	6.500638125876580242e-02	2.635066682633371501e-02	5.893721525738252615e-02
8.127453958940876646e+02	3.268639087201793414e-01	1.974913219991929203e-01	2.075824734259218707e-01	1.280809357336937238e-01	6.519855360933581034e-02	2.644022642776715573e-02	5.917127246205071411e-02
8.175831661077428407e+02	3.258101525623073869e-01	1.968425739382988204e-01	2.083004517957981194e-01	1.285522847130055046e-01	6.538962869516440346e-02	2.652937201903400252e-02	5.940422865453326429e-02
8.224209363213982442e+02	3.247621871950873151e-01	1.961973911954597583e-01	2.090143452238666377e-01	1.290209611460071681e-01	6.557961268634038277e-02	2.661810562900272098e-02	5.963608930237749434e-02
8.272587065350534203e+02	3.237199807572218035e-01	1.955557541534065913e-01	2.097241766316253475e-01	1.294869799963861978e-01	6.576851171843647870e-02	2.670642927616068488e-02	5.986685984490434931e-02
8.320964767487085965e+02	3.226835015628412018e-01	1.949176433028864952e-01	2.104299688128159207e-01	1.299503561448601963e-01	6.595633189271063457e-02	2.679434496866908016e-02	6.009654569335795560e-02
8.369342469623640000e+02	3.216527181005369718e-01	1.942830392420675512e-01	2.111317444341427318e-01	1.304111043896167554e-01	6.614307927630540263e-02	2.688185470441747937e-02	6.032515223105448798e-02
8.417720171760191761e+02	3.206275990324010117e-01	1.936519226759470247e-01	2.118295260359871479e-01	1.308692394467522724e-01	6.632875990244559150e-02	2.696896047107814193e-02	6.055268481353012766e-02
8.466097873896745796e+02	3.196081131930694763e-01	1.930242744157626422e-01	2.125233360331168220e-01	1.313247759507100154e-01	6.651337977063406792e-02	2.705566424615998486e-02	6.077914876868825006e-02
8.514475576033297557e+02	3.185942295887725928e-01	1.924000753784071704e-01	2.132131967153906016e-01	1.317777284547168581e-01	6.669694484684596247e-02	2.714196799706222740e-02	6.100454939694582857e-02
8.562853278169851592e+02	3.175859173963891946e-01	1.917793065858463819e-01	2.138991302484586909e-01	1.322281114312189587e-01	6.687946106372119615e-02	2.722787368112779272e-02	6.122889197137903333e-02
8.611230980306403353e+02	3.165831459625067512e-01	1.911619491645401014e-01	2.145811586744585664e-01	1.326759392723160236e-01	6.706093432075545258e-02	2.731338324569634879e-02	6.145218173786801824e-02
8.659608682442956251e+02	3.155858848024863939e-01	1.905479843448665278e-01	2.152593039127062846e-01	1.331212262901944055e-01	6.724137048448963760e-02	2.739849862815709261e-02	6.167442391524095152e-02
8.707986384579510286e+02	3.145941035995333812e-01	1.899373934605496361e-01	2.159335877603834331e-01	1.335639867175585360e-01	6.742077538869778452e-02	2.748322175600121861e-02	6.189562369541726228e-02
8.756364086716062047e+02	3.136077722037726723e-01	1.893301579480898555e-01	2.166040318932199726e-01	1.340042347080608875e-01	6.759915483457358543e-02	2.756755454687412690e-02	6.211578624355009598e-02
8.804741788852616082e+02	3.126268606313290510e-01	1.887262593461979387e-01	2.172706578661727228e-01	1.344419843367306300e-01	6.777651459091553476e-02	2.765149890862730192e-02	6.233491669816801362e-02
8.853119490989170117e+02	3.116513390634129688e-01	1.881256792952316903e-01	2.179334871140997665e-01	1.348772496004002341e-01	6.795286039431064351e-02	2.773505673936992391e-02	6.255302017131592063e-02
8.901497193125721878e+02	3.106811778454111050e-01	1.875283995366361367e-01	2.185925409524308027e-01	1.353100444181307704e-01	6.812819794931686268e-02	2.781822992752019941e-02	6.277010174869522563e-02
8.949874895262273640e+02	3.097163474859822574e-01	1.869344019123865552e-01	2.192478405778331141e-01	1.357403826316352369e-01	6.830253292864421621e-02	2.790102035185640719e-02	6.298616648980327748e-02
8.998252597398827675e+02	3.087568186561576722e-01	1.863436683644347225e-01	2.198994070688740643e-01	1.361682780057003606e-01	6.847587097333465711e-02	2.798342988156767366e-02	6.320121942807195581e-02
9.046630299535379436e+02	3.078025621884467045e-01	1.857561809341580772e-01	2.205472613866792386e-01	1.365937442286064007e-01	6.864821769294060516e-02	2.806546037630443594e-02	6.341526557100563011e-02
9.095008001671932334e+02	3.068535490759474738e-01	1.851719217618120750e-01	2.211914243755868370e-01	1.370167949125452034e-01	6.881957866570247162e-02	2.814711368622867249e-02	6.362830990031834166e-02
9.143385703808486369e+02	3.059097504714622384e-01	1.845908730859855684e-01	2.218319167637980704e-01	1.374374435940365069e-01	6.898995943872471281e-02	2.822839165206382159e-02	6.384035737207015282e-02
9.191763405945038130e+02	3.049711376866176549e-01	1.840130172430588795e-01	2.224687591640239770e-01	1.378557037343421665e-01	6.915936552815096783e-02	2.830929610514446026e-02	6.405141291680289950e-02
9.240141108081592165e+02	3.040376821909901439e-01	1.834383366666653692e-01	2.231019720741281576e-01	1.382715887198786020e-01	6.932780241933791943e-02	2.838982886746568846e-02	6.426148143967509718e-02
9.288518810218145063e+02	3.031093556112355314e-01	1.828668138871555604e-01	2.237315758777659036e-01	1.386851118626273860e-01	6.949527556702803088e-02	2.846999175173225982e-02	6.447056782059623625e-02
9.336896512354697961e+02	3.021861297302241289e-01	1.822984315310643699e-01	2.243575908450197998e-01	1.390962864005437782e-01	6.966179039552122809e-02	2.854978656140742810e-02	6.467867691436018918e-02
9.385274214491247449e+02	3.012679764861800891e-01	1.817331723205813654e-01	2.249800371330311910e-01	1.395051254979632338e-01	6.982735229884545758e-02	2.862921509076155058e-02	6.488581355077806256e-02
9.433651916627801484e+02	3.003548679718257564e-01	1.811710190730237424e-01	2.255989347866284023e-01	1.399116422460062181e-01	6.999196664092620368e-02	2.870827912492041056e-02	6.509198253481025820e-02
9.482029618764355519e+02	2.994467764335306814e-01	1.806119547003124104e-01	2.262143037389511557e-01	1.403158496629807739e-01	7.015563875575485386e-02	2.878698043991328656e-02	6.529718864669779854e-02
9.530407320900908417e+02	2.985436742704653534e-01	1.800559622084508538e-01	2.268261638120715185e-01	1.407177606947832282e-01	7.031837394755618975e-02	2.886532080272075779e-02	6.550143664209302774e-02
9.578785023037459041e+02	2.976455340337595401e-01	1.795030246970068244e-01	2.274345347176111587e-01	1.411173882152969017e-01	7.048017749095471240e-02	2.894330197132226334e-02	6.570473125218950772e-02
9.627162725174014213e+02	2.967523284256652349e-01	1.789531253585971149e-01	2.280394360573551882e-01	1.415147450267888185e-01	7.064105463113992678e-02	2.902092569474337691e-02	6.590707718385128977e-02
9.675540427310568248e+02	2.958640302987242121e-01	1.784062474783748020e-01	2.286408873238624795e-01	1.419098438603043355e-01	7.080101058403083514e-02	2.909819371310284550e-02	6.610847911974145064e-02
9.723918129447120009e+02	2.949806126549404661e-01	1.778623744335197376e-01	2.292389079010724862e-01	1.423026973760597447e-01	7.096005053643919536e-02	2.917510775765938189e-02	6.630894171844996243e-02
9.772295831583674044e+02	2.941020486449566484e-01	1.773214896927315654e-01	2.298335170649085935e-01	1.426933181638331549e-01	7.111817964623196042e-02	2.925166955085818643e-02	6.650846961462088258e-02
9.820673533720223531e+02	2.932283115672355556e-01	1.767835768157255127e-01	2.304247339838781661e-01	1.430817187433529591e-01	7.127540304249270486e-02	2.932788080637723296e-02	6.670706741907882209e-02
9.869051235856777566e+02	2.923593748672460579e-01	1.762486194527311534e-01	2.310125777196691266e-01	1.434679115646845526e-01	7.143172582568205198e-02	2.940374322917329447e-02	6.690473971895471994e-02
9.917428937993331601e+02	2.914952121366530258e-01	1.757166013439939167e-01	2.315970672277431475e-01	1.438519090086148866e-01	7.158715306779724064e-02	2.947925851552772245e-02	6.710149107781104849e-02
9.965806640129884499e+02	2.906357971125124173e-01	1.751875063192790960e-01	2.321782213579254572e-01	1.442337233870351065e-01	7.174168981253070676e-02	2.955442835309199032e-02	6.729732603576618621e-02
