0.000000000000000000e+00	1.009172934813256539e+00	1.079229003243254585e-30	1.012052794070352107e-31	1.390067144222845634e-29	4.965140651193560239e-30	6.778038764460264463e-28	1.112770465579413874e-28
4.837770213655283591e+00	9.886353235971137021e-01	1.632676162696629005e-02	8.467812183946103483e-04	3.958860334887751996e-04	2.572462443273395172e-03	3.780040975965109863e-04	1.771579642320038778e-05
9.675540427310567182e+00	9.689939853013930238e-01	3.182222578873165203e-02	1.758324218385283726e-03	9.412675957634637075e-04	4.874604159939866302e-03	7.174463220572564618e-04	6.508142698599569649e-05
1.451331064096584811e+01	9.502053647033243955e-01	4.652499381508420212e-02	2.722769799492603081e-03	1.606727607576317017e-03	6.952217287075629880e-03	1.025972377885107315e-03	1.348892228183055974e-04
1.935108085462113081e+01	9.322282621933849489e-01	6.047216477221412090e-02	3.730366629371129582e-03	2.368145478272272800e-03	8.842870970642298378e-03	1.309586014852163289e-03	2.215387545196091917e-04
2.418885106827641707e+01	9.150236708195881308e-01	7.369934221890364623e-02	4.773089368539908117e-03	3.205743798841457874e-03	1.057739800668574745e-02	1.573006906401527242e-03	3.206836942961676425e-04
2.902662128193169622e+01	8.985546302973089761e-01	8.624065251321418046e-02	5.844326055789239929e-03	4.103307139393818151e-03	1.218111249899879456e-02	1.819950280984259164e-03	4.289560275671562171e-04
3.386439149558698603e+01	8.827860954899711121e-01	9.812877196617515729e-02	6.938622208206016856e-03	5.047541836003881580e-03	1.367480720345188097e-02	2.053345425909213970e-03	5.437506835391929831e-04
3.870216170924226162e+01	8.676848172955679006e-01	1.093949606572514610e-01	8.051471360714549524e-03	6.027551280153533968e-03	1.507557042294487872e-02	2.275506437184840469e-03	6.630573594393728964e-04
4.353993192289755143e+01	8.532192342256543771e-01	1.200691011495618882e-01	9.179143630040312307e-03	7.034405834025063073e-03	1.639745510404533313e-02	2.488265662473802299e-03	7.853292074557399532e-04
4.837770213655283413e+01	8.393593732515097772e-01	1.301797406881856356e-01	1.031854541142597330e-02	8.060790270896728629e-03	1.765202687855732880e-02	2.693077998283554229e-03	9.093803143974717043e-04
5.321547235020811684e+01	8.260767587283813773e-01	1.397541357465509060e-01	1.146710456416485252e-02	9.100714732766596732e-03	1.884881295437825649e-02	2.891102416751515237e-03	1.034305670262860525e-03
5.805324256386339954e+01	8.133443284026146136e-01	1.488182980154233170e-01	1.262267646394941295e-02	1.014927773067287112e-02	1.999566979663996644e-02	3.083265702388370954e-03	1.159418701567774311e-03
6.289101277751868224e+01	8.011363556658218643e-01	1.573970411158787941e-01	1.378346713701914319e-02	1.120247178822387710e-02	2.109908429388318574e-02	3.270312289406772030e-03	1.284202523022756311e-03
6.772878299117397205e+01	7.894283773513796065e-01	1.655140274696218494e-01	1.494797037659811000e-02	1.225702402851520413e-02	2.216442044512872966e-02	3.452843238986716846e-03	1.408271903026164264e-03
7.256655320482924765e+01	7.781971264766240903e-01	1.731918148834531435e-01	1.611491630354758633e-02	1.331026539681027208e-02	2.319612142591179899e-02	3.631346730831777180e-03	1.531343596077726788e-03
7.740432341848452324e+01	7.674204694233429658e-01	1.804519025048073877e-01	1.728322929297396171e-02	1.436002335172069377e-02	2.419787510759125598e-02	3.806221923889335085e-03	1.653213208930785815e-03
8.224209363213981305e+01	7.570773471229684803e-01	1.873147758863391299e-01	1.845199356511519409e-02	1.540453379170704344e-02	2.517274964323799880e-02	3.977797635300340043e-03	1.773737168588241731e-03
8.707986384579510286e+01	7.471477198740519299e-01	1.937999509630201067e-01	1.962042504724146111e-02	1.644236874884763208e-02	2.612330453674978348e-02	4.146346969635007242e-03	1.892818673710414384e-03
9.191763405945040688e+01	7.376125154704316067e-01	1.999260167979863556e-01	2.078784836588379661e-02	1.747237700855994863e-02	2.705168163170359324e-02	4.312098782828880164e-03	2.010396755862099705e-03
9.675540427310566827e+01	7.284535803608459537e-01	2.057106769957763592e-01	2.195367803555213493e-02	1.849363532734281390e-02	2.795967965366504340e-02	4.475246671779402503e-03	2.126437768294587791e-03
1.015931744867609581e+02	7.196536335961253306e-01	2.111707897155469249e-01	2.311740307949734091e-02	1.950540834114394828e-02	2.884881528213955812e-02	4.635956029438891533e-03	2.240928769364315849e-03
1.064309447004162337e+02	7.111962233497471919e-01	2.163224062439088047e-01	2.427857445678875681e-02	2.050711560144425488e-02	2.972037318978998713e-02	4.794369587182656378e-03	2.353872384394663578e-03
1.112687149140715235e+02	7.030656858224826333e-01	2.211808081084715716e-01	2.543679478357151885e-02	2.149830445834417098e-02	3.057544704543353753e-02	4.950611774005051618e-03	2.465282820947729131e-03
1.161064851277267991e+02	6.952471063629276360e-01	2.257605427300739265e-01	2.659170992938342248e-02	2.247862774110775258e-02	3.141497311603524967e-02	5.104792150048943246e-03	2.575182783679210146e-03
1.209442553413820747e+02	6.877262826535717188e-01	2.300754576248606464e-01	2.774300214557429839e-02	2.344782537599643737e-02	3.223975780699427779e-02	5.257008115689911290e-03	2.683601090568765897e-03
1.257820255550373645e+02	6.804896898272762007e-01	2.341387331775488800e-01	2.889038444523173849e-02	2.440570923636699308e-02	3.305050023764443540e-02	5.407347053426042952e-03	2.790570835761805278e-03
1.306197957686926259e+02	6.735244473920543040e-01	2.379629140149810973e-01	3.003359600507460661e-02	2.535215064710883912e-02	3.384781075037296416e-02	5.555888025473075184e-03	2.896127978191278055e-03
1.354575659823479441e+02	6.668182878532560309e-01	2.415599390148517323e-01	3.117239840157587025e-02	2.628707006962718168e-02	3.463222608916628753e-02	5.702703123127801296e-03	3.000310261651392349e-03
1.402953361960032339e+02	6.603595269319499916e-01	2.449411699887062976e-01	3.230657252779565308e-02	2.721042857889441682e-02	3.540422185021865897e-02	5.847858542996058756e-03	3.103156392695255363e-03
1.451331064096584669e+02	6.541370352867281746e-01	2.481174190812551472e-01	3.343591606541595346e-02	2.812222081399562770e-02	3.616422269816540330e-02	5.991415448800555682e-03	3.204705418895430029e-03
1.499708766233137851e+02	6.481402116535344149e-01	2.510989749299695761e-01	3.456024140939550210e-02	2.902246914087260390e-02	3.691261075216650117e-02	6.133430664685096505e-03	3.304996262632559512e-03
1.548086468369690749e+02	6.423589573246071271e-01	2.538956276300495252e-01	3.567937396142643186e-02	2.991121881290691176e-02	3.764973247289734454e-02	6.273957235931484563e-03	3.404067375437544105e-03
1.596464170506243647e+02	6.367836518933702727e-01	2.565166925503304940e-01	3.679315072372918438e-02	3.078853395344673810e-02	3.837590432157558101e-02	6.413044885191268064e-03	3.501956485612721989e-03
1.644841872642796261e+02	6.314051301972208874e-01	2.589710330456750920e-01	3.790141913728493905e-02	3.165449421590580542e-02	3.909141741307135820e-02	6.550740386228263989e-03	3.598700417870034831e-03
1.693219574779349159e+02	6.262146603947318368e-01	2.612670821109783215e-01	3.900403611888258321e-02	3.250919200290077610e-02	3.979654134494860218e-02	6.687087872395759344e-03	3.694334968418652200e-03
1.741597276915902057e+02	6.212039231179163901e-01	2.634128630211990396e-01	4.010086725976342442e-02	3.335273014707330202e-02	4.049152735136220260e-02	6.822129093342596366e-03	3.788894822599566704e-03
1.789974979052454671e+02	6.163649916439197796e-01	2.654160090008847450e-01	4.119178615552136075e-02	3.418521997360682990e-02	4.117661090377117139e-02	6.955903630526973774e-03	3.882413505025663139e-03
1.838352681189008138e+02	6.116903130338973149e-01	2.672837819655364267e-01	4.227667384253649963e-02	3.500677967868513069e-02	4.185201385834463883e-02	7.088449079837647916e-03	3.974923354418766902e-03
1.886730383325560467e+02	6.071726901899328066e-01	2.690230903759255332e-01	4.335541832081397234e-02	3.581753296981501911e-02	4.251794623185119887e-02	7.219801207840102417e-03	4.066455517077727927e-03
1.935108085462113081e+02	6.028052647836935618e-01	2.706405062451442411e-01	4.442791414685337559e-02	3.661760792351185373e-02	4.317460767301059543e-02	7.349994086771544262e-03	4.157039954271140800e-03
1.983485787598666263e+02	5.985815010131353420e-01	2.721422813367951332e-01	4.549406208324015960e-02	3.740713602370260987e-02	4.382218868415601459e-02	7.479060212318275856e-03	4.246705459908707396e-03
2.031863489735219162e+02	5.944951701459932902e-01	2.735343625913117527e-01	4.655376879415366181e-02	3.818625135064799420e-02	4.446087163812157544e-02	7.607030607355862520e-03	4.335479685672110825e-03
2.080241191871772060e+02	5.905403358110394851e-01	2.748224068159814681e-01	4.760694657802949648e-02	3.895508989547630946e-02	4.509083162713418969e-02	7.733934914164623808e-03	4.423389171430733985e-03
2.128618894008324673e+02	5.867113400001809920e-01	2.760117946728217198e-01	4.865351313028044161e-02	3.971378897976659411e-02	4.571223717382701807e-02	7.859801477109939691e-03	4.510459379269658731e-03
2.176996596144877287e+02	5.830027897464226116e-01	2.771076439970570071e-01	4.969339133033827405e-02	4.046248676318676268e-02	4.632525082903642122e-02	7.984657417366996038e-03	4.596714729848283380e-03
2.225374298281430470e+02	5.794095444445448440e-01	2.781148224775636946e-01	5.072650904838577751e-02	4.120132182512475233e-02	4.693002967657696617e-02	8.108528700948190379e-03	4.682178640112079175e-03
2.273752000417983652e+02	5.759267037830601010e-01	2.790379597292993452e-01	5.175279896804866470e-02	4.193043280866123185e-02	4.752672576153122580e-02	8.231440201039214380e-03	4.766873561616417898e-03
2.322129702554535982e+02	5.725495962576183651e-01	2.798814587864206227e-01	5.277219842204971395e-02	4.264995811721484370e-02	4.811548645559587944e-02	8.353415755451678096e-03	4.850821018905043282e-03
2.370507404691088880e+02	5.692737682375470509e-01	2.806495070435179873e-01	5.378464923842238288e-02	4.336003565582307456e-02	4.869645477057332056e-02	8.474478219844346419e-03	4.934041647528097235e-03
2.418885106827641494e+02	5.660949735586365827e-01	2.813460866711630648e-01	5.479009759536392771e-02	4.406080261036540019e-02	4.926976962909018071e-02	8.594649517242290010e-03	5.016555231394864006e-03
2.467262808964194392e+02	5.630091636166306701e-01	2.819749845307751857e-01	5.578849388319906399e-02	4.475239525914322114e-02	4.983556609998024411e-02	8.713950684286462384e-03	5.098380739241570314e-03
2.515640511100747290e+02	5.600124779371489225e-01	2.825398016126673406e-01	5.677979257224161774e-02	4.543494881214507619e-02	5.039397560442360896e-02	8.832401914569638912e-03	5.179536360060198012e-03
2.564018213237300188e+02	5.571012351989773626e-01	2.830439620200310702e-01	5.776395208559705757e-02	4.610859727407994740e-02	5.094512609783227730e-02	8.950022599353998909e-03	5.260039537384696845e-03
2.612395915373852517e+02	5.542719246887953810e-01	2.834907215205634268e-01	5.874093467615430081e-02	4.677347332788565210e-02	5.148914223157057685e-02	9.066831365917415314e-03	5.339907002369562519e-03
2.660773617510405415e+02	5.515211981664921437e-01	2.838831756864248490e-01	5.971070630718056105e-02	4.742970823593573720e-02	5.202614549786072767e-02	9.182846113737075031e-03	5.419154805625115909e-03
2.709151319646958882e+02	5.488458621212426447e-01	2.842242676422476189e-01	6.067323653606553069e-02	4.807743175659630330e-02	5.255625436061987787e-02	9.298084048688247741e-03	5.497798347796028877e-03
2.757529021783511780e+02	5.462428703994867130e-01	2.845167954399852039e-01	6.162849840086635778e-02	4.871677207413995653e-02	5.307958437448039024e-02	9.412561715411278673e-03	5.575852408886300751e-03
2.805906723920064678e+02	5.437093171868744301e-01	2.847634190785057196e-01	6.257646830938937144e-02	4.934785574031975292e-02	5.359624829384073558e-02	9.526295027979853405e-03	5.653331176346223369e-03
2.854284426056617008e+02	5.412424303271122783e-01	2.849666671849846455e-01	6.351712593061040191e-02	4.997080762615231653e-02	5.410635617346325893e-02	9.639299298987278122e-03	5.730248271945912256e-03
2.902662128193169337e+02	5.388395649614761140e-01	2.851289433743414148e-01	6.445045408828785349e-02	5.058575088266563380e-02	5.461001546186425998e-02	9.751589267154223833e-03	5.806616777466415587e-03
2.951039830329722804e+02	5.364981974735465453e-01	2.852525323021923853e-01	6.537643865666332987e-02	5.119280690953907642e-02	5.510733108852028383e-02	9.863179123550315508e-03	5.882449259243873428e-03
2.999417532466276270e+02	5.342159197244666924e-01	2.853396054260536885e-01	6.629506845817602356e-02	5.179209533070834592e-02	5.559840554573316357e-02	9.974082536512848471e-03	5.957757791605161786e-03
3.047795234602828600e+02	5.319904335647381854e-01	2.853922264888256732e-01	6.720633516314065969e-02	5.238373397612960947e-02	5.608333896584834222e-02	1.008431267533819661e-02	6.032553979235220215e-03
3.096172936739380930e+02	5.298195456092477107e-01	2.854123567379186488e-01	6.811023319135746379e-02	5.296783886900048588e-02	5.656222919439937713e-02	1.019388223281498737e-02	6.106848978517192411e-03
3.144550638875934396e+02	5.277011622628556831e-01	2.854018598927403061e-01	6.900675961563516869e-02	5.354452421782254778e-02	5.703517185965282371e-02	1.030280344666253955e-02	6.180653517886721716e-03
3.192928341012487294e+02	5.256332849844962407e-01	2.853625068726562963e-01	6.989591406721781808e-02	5.411390241276448076e-02	5.750226043894608730e-02	1.041108811993325840e-02	6.253977917241516221e-03
3.241306043149040192e+02	5.236140057783150725e-01	2.852959802969544101e-01	7.077769864311274362e-02	5.467608402584829552e-02	5.796358632214507201e-02	1.051874764043350674e-02	6.326832106446644149e-03
3.289683745285592522e+02	5.216415029009279225e-01	2.852038787677885767e-01	7.165211781532104807e-02	5.523117781453555641e-02	5.841923887249373532e-02	1.062579299921374669e-02	6.399225642975150258e-03
3.338061447422145420e+02	5.197140367744079725e-01	2.850877209465546014e-01	7.251917834197417478e-02	5.577929072833735097e-02	5.886930548508363670e-02	1.073223480817551805e-02	6.471167728722502371e-03
3.386439149558698318e+02	5.178299460951111266e-01	2.849489494336440720e-01	7.337888918038132369e-02	5.632052791811210934e-02	5.931387164313521587e-02	1.083808331683984265e-02	6.542667226032161144e-03
3.434816851695251216e+02	5.159876441289259486e-01	2.847889344610469720e-01	7.423126140199222400e-02	5.685499274775082656e-02	5.975302097225278913e-02	1.094334842831898129e-02	6.613732672968300648e-03
3.483194553831804114e+02	5.141856151839868661e-01	2.846089774068183975e-01	7.507630810927862219e-02	5.738278680797959108e-02	6.018683529279105632e-02	1.104803971453114687e-02	6.684372297870322215e-03
3.531572255968357013e+02	5.124224112523237951e-01	2.844103141399896284e-01	7.591404435453688593e-02	5.790400993203663471e-02	6.061539467045106572e-02	1.115216643069541491e-02	6.754594033222508127e-03
3.579949958104909342e+02	5.106966488123279024e-01	2.841941182040919056e-01	7.674448706061148817e-02	5.841876021300436428e-02	6.103877746520729869e-02	1.125573752914219537e-02	6.824405528870741006e-03
3.628327660241463377e+02	5.090070057843073537e-01	2.839615038470689745e-01	7.756765494353774770e-02	5.892713402259819322e-02	6.145706037865412974e-02	1.135876167247263160e-02	6.893814164616911960e-03
3.676705362378016275e+02	5.073522186317775962e-01	2.837135289049788067e-01	7.838356843709927413e-02	5.942922603123232395e-02	6.187031849984901688e-02	1.146124724609859195e-02	6.962827062220276232e-03
3.725083064514568036e+02	5.057310796014855558e-01	2.834511975465297540e-01	7.919224961929335893e-02	5.992512922919934759e-02	6.227862534972086750e-02	1.156320237019328040e-02	7.031451096833766026e-03
3.773460766651120935e+02	5.041424340955019678e-01	2.831754628851558819e-01	7.999372214069522258e-02	6.041493494881536308e-02	6.268205292410453100e-02	1.166463491108093303e-02	7.099692907901971814e-03
3.821838468787673833e+02	5.025851781690395814e-01	2.828872294650155439e-01	8.078801115470975180e-02	6.089873288739566098e-02	6.308067173545625628e-02	1.176555249209268114e-02	7.167558909546318559e-03
3.870216170924226162e+02	5.010582561479575148e-01	2.825873556269875575e-01	8.157514324969655783e-02	6.137661113093807741e-02	6.347455085330000468e-02	1.186596250391424266e-02	7.235055300461782843e-03
3.918593873060780197e+02	4.995606583602044126e-01	2.822766557604481363e-01	8.235514638295267364e-02	6.184865617840203111e-02	6.386375794345017232e-02	1.196587211444988599e-02	7.302188073348364096e-03
3.966971575197332527e+02	4.980914189757287835e-01	2.819559024463328401e-01	8.312804981653457159e-02	6.231495296648111026e-02	6.424835930605304890e-02	1.206528827822585595e-02	7.368963023899449336e-03
4.015349277333884856e+02	4.966496139496477391e-01	2.816258284967226855e-01	8.389388405489961453e-02	6.277558489477615133e-02	6.462841991248598206e-02	1.216421774535536918e-02	7.435385759368168257e-03
4.063726979470438323e+02	4.952343590637166004e-01	2.812871288959409299e-01	8.465268078434506904e-02	6.323063385128389891e-02	6.500400344115128681e-02	1.226266707008613101e-02	7.501461706731847590e-03
4.112104681606991221e+02	4.938448080613793700e-01	2.809404626479077849e-01	8.540447281422121339e-02	6.368018023812385686e-02	6.537517231219941438e-02	1.236064261895036473e-02	7.567196120473723003e-03
4.160482383743544119e+02	4.924801508719086063e-01	2.805864545342698357e-01	8.614929401989357416e-02	6.412430299743286655e-02	6.574198772121432610e-02	1.245815057853636755e-02	7.632594090000143980e-03
4.208860085880095880e+02	4.911396119193561227e-01	2.802256967876055604e-01	8.688717928742799301e-02	6.456307963736325484e-02	6.610450967189247795e-02	1.255519696289963613e-02	7.697660546710672659e-03
4.257237788016648778e+02	4.898224485122459337e-01	2.798587506837989514e-01	8.761816445997096248e-02	6.499658625812618218e-02	6.646279700774532229e-02	1.265178762063079269e-02	7.762400270737618117e-03
4.305615490153201677e+02	4.885279493101322701e-01	2.794861480574777901e-01	8.834228628579676723e-02	6.542489757802712191e-02	6.681690744285434524e-02	1.274792824159666146e-02	7.826817897370776447e-03
4.353993192289755143e+02	4.872554328633350029e-01	2.791083927442247758e-01	8.905958236799173255e-02	6.584808695944545376e-02	6.716689759170632601e-02	1.284362436337010277e-02	7.890917923182394142e-03
4.402370894426308041e+02	4.860042462223400084e-01	2.787259619530903509e-01	8.977009111574525690e-02	6.626622643471455354e-02	6.751282299813561594e-02	1.293888137736341065e-02	7.954704711866647168e-03
4.450748596562860939e+02	4.847737636135223682e-01	2.783393075727672028e-01	9.047385169721688936e-02	6.667938673186306342e-02	6.785473816339963882e-02	1.303370453467940331e-02	8.018182499807249841e-03
4.499126298699413837e+02	4.835633851780098968e-01	2.779488574146241620e-01	9.117090399394746358e-02	6.708763730018181548e-02	6.819269657341266166e-02	1.312809895169364353e-02	8.081355401386157086e-03
4.547504000835967304e+02	4.823725357706576955e-01	2.775550163956422844e-01	9.186128855678257765e-02	6.749104633558453137e-02	6.852675072516239974e-02	1.322206961538058105e-02	8.144227414045702648e-03
4.595881702972519065e+02	4.812006638162504846e-01	2.771581676641509673e-01	9.254504656327577905e-02	6.788968080573365427e-02	6.885695215233314515e-02	1.331562138839578399e-02	8.206802423115923395e-03
4.644259405109071963e+02	4.800472402201875766e-01	2.767586736711205031e-01	9.322221977653896707e-02	6.828360647490576418e-02	6.918335145015884480e-02	1.340875901392586840e-02	8.269084206418263888e-03
4.692637107245624861e+02	4.789117573310372467e-01	2.763568771896358633e-01	9.389285050550703893e-02	6.867288792857370594e-02	6.950599829952838760e-02	1.350148712031713945e-02	8.331076438656298544e-03
4.741014809382177759e+02	4.777937279524733794e-01	2.759531022850504889e-01	9.455698156658381981e-02	6.905758859768568181e-02	6.982494149036516662e-02	1.359381022549348804e-02	8.392782695603631660e-03
4.789392511518730657e+02	4.766926844022257859e-01	2.755476552381960764e-01	9.521465624663640048e-02	6.943777078262296232e-02	7.014022894430237132e-02	1.368573274117348276e-02	8.454206458098616900e-03
4.837770213655284124e+02	4.756081776157906615e-01	2.751408254239126605e-01	9.586591826730485322e-02	6.981349567682136603e-02	7.045190773667475703e-02	1.377725897689626236e-02	8.515351115855104153e-03
4.886147915791837022e+02	4.745397762927550112e-01	2.747328861470533234e-01	9.651081175059457451e-02	7.018482339004245008e-02	7.076002411784723667e-02	1.386839314386521457e-02	8.576219971097955030e-03
4.934525617928388783e+02	4.734870660836918432e-01	2.743240954380122276e-01	9.714938118571851688e-02	7.055181297128333695e-02	7.106462353390011200e-02	1.395913935861812193e-02	8.636816242031664093e-03
4.982903320064942250e+02	4.724496488156825769e-01	2.739146968097291857e-01	9.778167139715697453e-02	7.091452243131499134e-02	7.136575064669010982e-02	1.404950164653198663e-02	8.697143066150013480e-03
5.031281022201495148e+02	4.714271417546141985e-01	2.735049199780272278e-01	9.840772751390262918e-02	7.127300876484095327e-02	7.166344935330618005e-02	1.413948394517034086e-02	8.757203503394333025e-03
5.079658724338048046e+02	4.704191769024897440e-01	2.730949815470511410e-01	9.902759493985908990e-02	7.162732797226961656e-02	7.195776280493822175e-02	1.422909010748050693e-02	8.817000539167544129e-03
5.128036426474600376e+02	4.694254003280741161e-01	2.726850856614902452e-01	9.964131932536138270e-02	7.197753508109479281e-02	7.224873342517659780e-02	1.431832390484789712e-02	8.876537087210823948e-03
5.176414128611153274e+02	4.684454715292784011e-01	2.722754246271864575e-01	1.002489465397872342e-01	7.232368416688038371e-02	7.253640292775979936e-02	1.440718903001411179e-02	8.935815992349438464e-03
5.224791830747705035e+02	4.674790628257620706e-01	2.718661795016529270e-01	1.008505226452284381e-01	7.266582837384606697e-02	7.282081233378713547e-02	1.449568909986524191e-02	8.994840033113920066e-03
5.273169532884259070e+02	4.665258587803060575e-01	2.714575206559535214e-01	1.014460938711919807e-01	7.300401993505227505e-02	7.310200198841287911e-02	1.458382765809654313e-02	9.053611924242529335e-03
5.321547235020811968e+02	4.655855556475789192e-01	2.710496083093247299e-01	1.020357065903012561e-01	7.333831019218309266e-02	7.338001157703798183e-02	1.467160817775926135e-02	9.112134319070593763e-03
5.369924937157364866e+02	4.646578608489838613e-01	2.706425930378547062e-01	1.026194072949678793e-01	7.366874961492743401e-02	7.365488014101467806e-02	1.475903406369519222e-02	9.170409811812116688e-03
5.418302639293917764e+02	4.637424924723390629e-01	2.702366162584704523e-01	1.031972425750053157e-01	7.399538781995868009e-02	7.392664609287932787e-02	1.484610865486425332e-02	9.228440939738718346e-03
5.466680341430470662e+02	4.628391787952017000e-01	2.698318106894242452e-01	1.037692590961561134e-01	7.431827358951463569e-02	7.419534723112827801e-02	1.493283522657010316e-02	9.286230185260813119e-03
5.515058043567023560e+02	4.619476578307041836e-01	2.694283007884125669e-01	1.043355035795048430e-01	7.463745488957940211e-02	7.446102075455066083e-02	1.501921699258857920e-02	9.343779977915587023e-03
5.563435745703576458e+02	4.610676768948261950e-01	2.690262031694076184e-01	1.048960227817495316e-01	7.495297888767019079e-02	7.472370327613248042e-02	1.510525710720355026e-02	9.401092696266238891e-03
5.611813447840129356e+02	4.601989921940756179e-01	2.686256269992264856e-01	1.054508634763050706e-01	7.526489197023211730e-02	7.498343083654532282e-02	1.519095866715450271e-02	9.458170669716629494e-03
5.660191149976681118e+02	4.593413684326033697e-01	2.682266743748176752e-01	1.060000724352122975e-01	7.557323975964448659e-02	7.524023891723262414e-02	1.527632471350000472e-02	9.515016180245357974e-03
5.708568852113234016e+02	4.584945784378214317e-01	2.678294406821935536e-01	1.065436964118272739e-01	7.587806713084292720e-02	7.549416245310659745e-02	1.536135823340099849e-02	9.571631464063052458e-03
5.756946554249786914e+02	4.576584028036408958e-01	2.674340149378955367e-01	1.070817821242658202e-01	7.617941822756163495e-02	7.574523584486783645e-02	1.544606216182765543e-02	9.628018713196500461e-03
5.805324256386339812e+02	4.568326295504855361e-01	2.670404801138344664e-01	1.076143762395787851e-01	7.647733647820073588e-02	7.599349297095994715e-02	1.553043938319337638e-02	9.684180077003057274e-03
5.853701958522892710e+02	4.560170538012812691e-01	2.666489134463080890e-01	1.081415253586343744e-01	7.677186461132365358e-02	7.623896719917054587e-02	1.561449273291934045e-02	9.740117663618619651e-03
5.902079660659445608e+02	4.552114774726563340e-01	2.662593867299601347e-01	1.086632760016841698e-01	7.706304467079007348e-02	7.648169139789007254e-02	1.569822499893282902e-02	9.795833541342278614e-03
5.950457362795999643e+02	4.544157089806259986e-01	2.658719665974072499e-01	1.091796745945900482e-01	7.735091803052999981e-02	7.672169794703950774e-02	1.578163892310242844e-02	9.851329739960650728e-03
5.998835064932552541e+02	4.536295629600703427e-01	2.654867147852255083e-01	1.096907674556901885e-01	7.763552540896474785e-02	7.695901874867733250e-02	1.586473720261303774e-02	9.906608252014684202e-03
6.047212767069104302e+02	4.528528599973455915e-01	2.651036883869559158e-01	1.101966007832820699e-01	7.791690688308079704e-02	7.719368523729636111e-02	1.594752249128348828e-02	9.961671034011652937e-03
6.095590469205657200e+02	4.520854263754023328e-01	2.647229400937540222e-01	1.106972206437020906e-01	7.819510190216280576e-02	7.742572838982025862e-02	1.602999740082940855e-02	1.001652000758493366e-02
6.143968171342210098e+02	4.513270938308138192e-01	2.643445184232821044e-01	1.111926729599807956e-01	7.847014930119174114e-02	7.765517873530944359e-02	1.611216450207392237e-02	1.007115706060395313e-02
6.192345873478761860e+02	4.505776993221453641e-01	2.639684679374104670e-01	1.116830035010541317e-01	7.874208731391471594e-02	7.788206636438586850e-02	1.619402632610856749e-02	1.012558404823669760e-02
6.240723575615315895e+02	4.498370848091241547e-01	2.635948294492684307e-01	1.121682578715112316e-01	7.901095358559270809e-02	7.810642093838562894e-02	1.627558536540672438e-02	1.017980279396694943e-02
6.289101277751868793e+02	4.491050970420943922e-01	2.632236402201600933e-01	1.126484815018598679e-01	7.927678518543283814e-02	7.832827169824842228e-02	1.635684407489177566e-02	1.023381509056839681e-02
6.337478979888421691e+02	4.483815873612667646e-01	2.628549341468341960e-01	1.131237196392913397e-01	7.953961861871158834e-02	7.854764747315215456e-02	1.643780487296206405e-02	1.028762270103761312e-02
6.385856682024975726e+02	4.476664115052963466e-01	2.624887419395733335e-01	1.135940173389270169e-01	7.979948983859537492e-02	7.876457668890124442e-02	1.651847014247465051e-02	1.034122735948782290e-02
6.434234384161527487e+02	4.469594294287428937e-01	2.621250912915474296e-01	1.140594194555290403e-01	8.005643425766519050e-02	7.897908737607628460e-02	1.659884223168973938e-02	1.039463077200527934e-02
6.482612086298080385e+02	4.462605051279917578e-01	2.617640070398528640e-01	1.145199706356587743e-01	8.031048675915170021e-02	7.919120717795313791e-02	1.667892345517763344e-02	1.044783461746998966e-02
6.530989788434633283e+02	4.455695064752319134e-01	2.614055113186393164e-01	1.149757153102662771e-01	8.056168170788727267e-02	7.940096335819885054e-02	1.675871609468985307e-02	1.050084054834244697e-02
6.579367490571185044e+02	4.448863050601070124e-01	2.610496237047064683e-01	1.154266976876953260e-01	8.081005296098148216e-02	7.960838280835154379e-02	1.683822239999613335e-02	1.055365019141792440e-02
6.627745192707737942e+02	4.442107760386754256e-01	2.606963613559353798e-01	1.158729617470884710e-01	8.105563387822641019e-02	7.981349205509145894e-02	1.691744458968881537e-02	1.060626514854986178e-02
6.676122894844290840e+02	4.435427979893298844e-01	2.603457391429007117e-01	1.163145512321773212e-01	8.129845733223811655e-02	8.001631726730998317e-02	1.699638485195611309e-02	1.065868699734376021e-02
6.724500596980843738e+02	4.428822527753472627e-01	2.599977697739928595e-01	1.167515096454435769e-01	8.153855571834059401e-02	8.021688426298298480e-02	1.707504534532571297e-02	1.071091729182292555e-02
6.772878299117396637e+02	4.422290254137527521e-01	2.596524639143651947e-01	1.171838802426368870e-01	8.177596096419854910e-02	8.041521851585513303e-02	1.715342819937999350e-02	1.076295756306738793e-02
6.821256001253949535e+02	4.415830039501978943e-01	2.593098302990045623e-01	1.176117060276359316e-01	8.201070453920490666e-02	8.061134516194121136e-02	1.723153551544419695e-02	1.081480931982722014e-02
6.869633703390502433e+02	4.409440793395669744e-01	2.589698758402093071e-01	1.180350297476396720e-01	8.224281746362940848e-02	8.080528900585032259e-02	1.730936936724876071e-02	1.086647404911142076e-02
6.918011405527055331e+02	4.403121453320407719e-01	2.586326057297456682e-01	1.184538938886760262e-01	8.247233031753407884e-02	8.099707452693891141e-02	1.738693180156695994e-02	1.091795321675349296e-02
6.966389107663608229e+02	4.396870983643567099e-01	2.582980235359402243e-01	1.188683406714156204e-01	8.269927324946162173e-02	8.118672588529798895e-02	1.746422483882898585e-02	1.096924826795478078e-02
7.014766809800161127e+02	4.390688374560206553e-01	2.579661312959538599e-01	1.192784120472788062e-01	8.292367598490239800e-02	8.137426692758013835e-02	1.754125047371351762e-02	1.102036062780658958e-02
7.063144511936714025e+02	4.384572641102346680e-01	2.576369296034699552e-01	1.196841496948243266e-01	8.314556783454594979e-02	8.155972119267125564e-02	1.761801067571778373e-02	1.107129170179203467e-02
7.111522214073266923e+02	4.378522822193175457e-01	2.573104176920195663e-01	1.200855950164085445e-01	8.336497770232234594e-02	8.174311191721234104e-02	1.769450738970708079e-02	1.112204287626856851e-02
7.159899916209819821e+02	4.372537979744046122e-01	2.569865935141549818e-01	1.204827891351044761e-01	8.358193409323924628e-02	8.192446204097601770e-02	1.777074253644467597e-02	1.117261551893203829e-02
7.208277618346371582e+02	4.366617197792251326e-01	2.566654538166726063e-01	1.208757728918700147e-01	8.379646512101975031e-02	8.210379421210249606e-02	1.784671801310292599e-02	1.122301097926313787e-02
7.256655320482924481e+02	4.360759581677637886e-01	2.563469942120769063e-01	1.212645868429556018e-01	8.400859851554656754e-02	8.228113079219963322e-02	1.792243569375649020e-02	1.127323058895701897e-02
7.305033022619478515e+02	4.354964257256228044e-01	2.560312092464678280e-01	1.216492712575412555e-01	8.421836163011763021e-02	8.245649386131129188e-02	1.799789742985840810e-02	1.132327566233684406e-02
7.353410724756030277e+02	4.349230370149090308e-01	2.557180924640247710e-01	1.220298661155937575e-01	8.442578144851824173e-02	8.262990522275848182e-02	1.807310505069977327e-02	1.137314749675201464e-02
7.401788426892584312e+02	4.343557085024808417e-01	2.554076364682530409e-01	1.224064111059348509e-01	8.463088459191475676e-02	8.280138640785718318e-02	1.814806036385375673e-02	1.142284737296171519e-02
7.450166129029136073e+02	4.337943584913947492e-01	2.550998329801490994e-01	1.227789456245115818e-01	8.483369732557459464e-02	8.297095868051687639e-02	1.822276515560466298e-02	1.147237655550448557e-02
7.498543831165690108e+02	4.332389070554021338e-01	2.547946728934351590e-01	1.231475087728605006e-01	8.503424556541756829e-02	8.313864304172360886e-02	1.829722119136262953e-02	1.152173629305441871e-02
7.546921533302243006e+02	4.326892759763509289e-01	2.544921463270043982e-01	1.235121393567572279e-01	8.523255488440292793e-02	8.330446023391135935e-02	1.837143021606464990e-02	1.157092781876457172e-02
7.595299235438793630e+02	4.321453886843563130e-01	2.541922426747132979e-01	1.238728758850438372e-01	8.542865051875676852e-02	8.346843074522514172e-02	1.844539395456247857e-02	1.161995235059819047e-02
7.643676937575347665e+02	4.316071702006102351e-01	2.538949506526498867e-01	1.242297565686260596e-01	8.562255737404435296e-02	8.363057481367937307e-02	1.851911411199796270e-02	1.166881109164824397e-02
7.692054639711900563e+02	4.310745470827040959e-01	2.536002583439999625e-01	1.245828193196333034e-01	8.581430003109156990e-02	8.379091243121487842e-02	1.859259237416640773e-02	1.171750523044583214e-02
7.740432341848452324e+02	4.305474473723489570e-01	2.533081532416294190e-01	1.249321017507340620e-01	8.600390275175974486e-02	8.394946334765759910e-02	1.866583040786842437e-02	1.176603594125791817e-02
7.788810043985006359e+02	4.300258005453776455e-01	2.530186222884924230e-01	1.252776411746000518e-01	8.619138948457798211e-02	8.410624707458234928e-02	1.873882986125076366e-02	1.181440438437487625e-02
7.837187746121558121e+02	4.295095374639245067e-01	2.527316519159726327e-01	1.256194746035125265e-01	8.637678387023713100e-02	8.426128288908431296e-02	1.881159236413661867e-02	1.186261170638830235e-02
7.885565448258112156e+02	4.289985903306787196e-01	2.524472280802572133e-01	1.259576387491041227e-01	8.656010924694909625e-02	8.441458983746150113e-02	1.888411952834585794e-02	1.191065904045948351e-02
7.933943150394665054e+02	4.284928926451147535e-01	2.521653362968401257e-01	1.262921700222303378e-01	8.674138865567548873e-02	8.456618673881072246e-02	1.895641294800555141e-02	1.195854750657898008e-02
7.982320852531219089e+02	4.279923791616074280e-01	2.518859616732456175e-01	1.266231045329647420e-01	8.692064484522928069e-02	8.471609218853992651e-02	1.902847419985124675e-02	1.200627821181765933e-02
8.030698554667769713e+02	4.274969858493435360e-01	2.516090889400588448e-01	1.269504780907120545e-01	8.709790027725307360e-02	8.486432456179936190e-02	1.910030484351938132e-02	1.205385225056958103e-02
8.079076256804323748e+02	4.270066498539457633e-01	2.513347024803463392e-01	1.272743262044336299e-01	8.727317713107755892e-02	8.501090201683432490e-02	1.917190642183114885e-02	1.210127070478706976e-02
8.127453958940876646e+02	4.265213094607288591e-01	2.510627863575451424e-01	1.275946840829802476e-01	8.744649730846339175e-02	8.515584249826166352e-02	1.924328046106824411e-02	1.214853464420830552e-02
8.175831661077428407e+02	4.260409040595129482e-01	2.507933243418949409e-01	1.279115866355267084e-01	8.761788243823022404e-02	8.529916374027252113e-02	1.931442847124075629e-02	1.219564512657778099e-02
8.224209363213982442e+02	4.255653741109201582e-01	2.505262999354850861e-01	1.282250684721039369e-01	8.778735388077565927e-02	8.544088326976356784e-02	1.938535194634756140e-02	1.224260319785988246e-02
8.272587065350534203e+02	4.250946611140866693e-01	2.502616963959838348e-01	1.285351639042232319e-01	8.795493273248765342e-02	8.558101840939898175e-02	1.945605236462950166e-02	1.228940989244592212e-02
8.320964767487085965e+02	4.246287075757234630e-01	2.499994967591149253e-01	1.288419069455884747e-01	8.812063983005319345e-02	8.571958628060513674e-02	1.952653118881568853e-02	1.233606623335488719e-02
8.369342469623640000e+02	4.241674569804639305e-01	2.497396838599419411e-01	1.291453313128919367e-01	8.828449575466643107e-02	8.585660380650013412e-02	1.959678986636312695e-02	1.238257323242815226e-02
8.417720171760191761e+02	4.237108537624387217e-01	2.494822403530200239e-01	1.294454704266893019e-01	8.844652083613899207e-02	8.599208771476021806e-02	1.966682982968999405e-02	1.242893189051844441e-02
8.466097873896745796e+02	4.232588432780198251e-01	2.492271487314697553e-01	1.297423574123498791e-01	8.860673515691534774e-02	8.612605454042480957e-02	1.973665249640279076e-02	1.247514319767325727e-02
8.514475576033297557e+02	4.228113717796820326e-01	2.489743913450266355e-01	1.300360251010783674e-01	8.876515855599594051e-02	8.625852062864212966e-02	1.980625926951762317e-02	1.252120813331297072e-02
8.562853278169851592e+02	4.223683863909277192e-01	2.487239504171162574e-01	1.303265060310039858e-01	8.892181063277085351e-02	8.638950213735717421e-02	1.987565153767582860e-02	1.256712766640388779e-02
8.611230980306403353e+02	4.219298350822280330e-01	2.484758080610031394e-01	1.306138324483338553e-01	8.907671075076642464e-02	8.651901503994369191e-02	1.994483067535417556e-02	1.261290275562639354e-02
8.659608682442956251e+02	4.214956666479324765e-01	2.482299462950591784e-01	1.308980363085667231e-01	8.922987804130727563e-02	8.664707512778183074e-02	2.001379804306984561e-02	1.265853434953842852e-02
8.707986384579510286e+02	4.210658306841026377e-01	2.479863470571946338e-01	1.311791492777639734e-01	8.938133140709647595e-02	8.677369801278311812e-02	2.008255498758038798e-02	1.270402338673449170e-02
8.756364086716062047e+02	4.206402775672283267e-01	2.477449922184933040e-01	1.314572027338747617e-01	8.953108952571588175e-02	8.689889912986428766e-02	2.015110284207885169e-02	1.274937079600030332e-02
8.804741788852616082e+02	4.202189584337843176e-01	2.475058635960913633e-01	1.317322277681119980e-01	8.967917085304902280e-02	8.702269373937138175e-02	2.021944292638428245e-02	1.279457749646337357e-02
8.853119490989170117e+02	4.198018251605908913e-01	2.472689429653367466e-01	1.320042551863763181e-01	8.982559362662881353e-02	8.714509692945562880e-02	2.028757654712771974e-02	1.283964439773955211e-02
8.901497193125721878e+02	4.193888303459407108e-01	2.470342120712651357e-01	1.322733155107253533e-01	8.997037586891228067e-02	8.726612361840251075e-02	2.035550499793391255e-02	1.288457240007580447e-02
8.949874895262273640e+02	4.189799272914563888e-01	2.468016526394265220e-01	1.325394389808852991e-01	9.011353539048415351e-02	8.738578855691520042e-02	2.042322955959885791e-02	1.292936239448928479e-02
8.998252597398827675e+02	4.185750699846473855e-01	2.465712463860940118e-01	1.328026555558024513e-01	9.025508979319157854e-02	8.750410633035399233e-02	2.049075150026338429e-02	1.297401526290292359e-02
9.046630299535379436e+02	4.181742130821326509e-01	2.463429750278861852e-01	1.330629949152320468e-01	9.039505647321185999e-02	8.762109136093255979e-02	2.055807207558284222e-02	1.301853187827759113e-02
9.095008001671932334e+02	4.177773118934999252e-01	2.461168202908320390e-01	1.333204864613619089e-01	9.053345262405509963e-02	8.773675790987260636e-02	2.062519252889309998e-02	1.306291310474103073e-02
9.143385703808486369e+02	4.173843223657728307e-01	2.458927639189058267e-01	1.335751593204690668e-01	9.067029523950345671e-02	8.785112007951785540e-02	2.069211409137296578e-02	1.310715979771364358e-02
9.191763405945038130e+02	4.169952010684578325e-01	2.456707876820591330e-01	1.338270423446064894e-01	9.080560111648913746e-02	8.796419181540862664e-02	2.075883798220313006e-02	1.315127280403127069e-02
9.240141108081592165e+02	4.166099051791457009e-01	2.454508733837744150e-01	1.340761641133181858e-01	9.093938685791243259e-02	8.807598690831799915e-02	2.082536540872179792e-02	1.319525296206506410e-02
9.288518810218145063e+02	4.162283924696421611e-01	2.452330028681645735e-01	1.343225529353806458e-01	9.107166887540188438e-02	8.818651899625071233e-02	2.089169756657708807e-02	1.323910110183857368e-02
9.336896512354697961e+02	4.158506212926039169e-01	2.450171580266411464e-01	1.345662368505685935e-01	9.120246339201780461e-02	8.829580156640573496e-02	2.095783563987632311e-02	1.328281804514213141e-02
9.385274214491247449e+02	4.154765505686582316e-01	2.448033208041726083e-01	1.348072436314431966e-01	9.133178644490111409e-02	8.840384795710347354e-02	2.102378080133233615e-02	1.332640460564465945e-02
9.433651916627801484e+02	4.151061397739836956e-01	2.445914732051538698e-01	1.350456007851608686e-01	9.145965388786872485e-02	8.851067135967875810e-02	2.108953421240683176e-02	1.336986158900297685e-02
9.482029618764355519e+02	4.147393489283318080e-01	2.443815972989057672e-01	1.352813355553011410e-01	9.158608139395714443e-02	8.861628482034017429e-02	2.115509702345099580e-02	1.341318979296868968e-02
9.530407320900908417e+02	4.143761385834708322e-01	2.441736752248243048e-01	1.355144749237119639e-01	9.171108445791549546e-02	8.872070124199701868e-02	2.122047037384334339e-02	1.345639000749277066e-02
9.578785023037459041e+02	4.140164698120318287e-01	2.439676891971964967e-01	1.357450456123703852e-01	9.183467839864969950e-02	8.882393338605441835e-02	2.128565539212497540e-02	1.349946301482789733e-02
9.627162725174014213e+02	4.136603041967404359e-01	2.437636215097000181e-01	1.359730740852578834e-01	9.195687836161883788e-02	8.892599387417764178e-02	2.135065319613227777e-02	1.354240958962863069e-02
9.675540427310568248e+02	4.133076038200164115e-01	2.435614545396029285e-01	1.361985865502483573e-01	9.207769932118509137e-02	8.902689519002628116e-02	2.141546489312715768e-02	1.358523049904950333e-02
9.723918129447120009e+02	4.129583312539258921e-01	2.433611707516785128e-01	1.364216089610075233e-01	9.219715608291859099e-02	8.912664968095916629e-02	2.148009157992491688e-02	1.362792650284110410e-02
9.772295831583674044e+02	4.126124495504702172e-01	2.431627527018498658e-01	1.366421670189025273e-01	9.231526328585840102e-02	8.922526955971069040e-02	2.154453434301979026e-02	1.367049835344420587e-02
9.820673533720223531e+02	4.122699222321969392e-01	2.429661830405779877e-01	1.368602861749204369e-01	9.243203540473066138e-02	8.932276690603932479e-02	2.160879425870827764e-02	1.371294679608202338e-02
9.869051235856777566e+02	4.119307132831193097e-01	2.427714445160068235e-01	1.370759916315943128e-01	9.254748675212523534e-02	8.941915366834900236e-02	2.167287239321027265e-02	1.375527256885065649e-02
9.917428937993331601e+02	4.115947871399305291e-01	2.425785199768773492e-01	1.372893083449359952e-01	9.266163148063183419e-02	8.951444166528398083e-02	2.173676980278811677e-02	1.379747640280776580e-02
9.965806640129884499e+02	4.112621086835005491e-01	2.423873923752228876e-01	1.375002610263742486e-01	9.277448358493672886e-02	8.960864258729797638e-02	2.180048753386360991e-02	1.383955902205956205e-02
