0.000000000000000000e+00	1.004383366807213962e+00	3.443685501056179808e-32	2.374705829170631872e-43	1.039800051377166900e-32	2.151505333300540643e-36	7.911271059632466168e-04	7.209307773680406093e-34
4.837770213655283591e+00	9.843525041412214405e-01	1.760821335798965284e-02	6.997148537127687072e-04	8.188689081863390062e-05	1.616141980828422796e-03	8.136405734730731967e-04	2.392115133248071051e-06
9.675540427310567182e+00	9.652576974107722751e-01	3.408167632795129631e-02	1.454234959578130058e-03	3.182915364763429559e-04	3.209091183927489412e-03	8.437676290586730316e-04	9.734865413027069865e-06
1.451331064096584811e+01	9.470464293785861853e-01	4.949135439937046160e-02	2.258430274597642874e-03	6.960371362426457905e-04	4.779005302963160000e-03	8.809921490493651192e-04	2.224527236783933648e-05
1.935108085462113081e+01	9.296693349482000324e-01	6.390379645287237731e-02	3.107536360550783392e-03	1.202841602138046955e-03	6.326054077747923776e-03	9.248304906283472690e-04	4.009998103978708940e-05
2.418885106827641707e+01	9.130800075458699316e-01	7.738140942566033853e-02	3.997130084164493731e-03	1.827260375710128629e-03	7.850418151076114792e-03	9.748294672941785859e-04	6.343886340216810477e-05
2.902662128193169622e+01	8.972348174897549766e-01	8.998271589645358282e-02	4.923106884954878484e-03	2.558632831953303478e-03	9.352288004242583982e-03	1.030564450283607365e-03	9.236835553440534980e-05
3.386439149558698603e+01	8.820927416021500100e-01	1.017625956521672204e-01	5.881659511156402814e-03	3.387032046675540926e-03	1.083186296619479370e-02	1.091637588121482190e-03	1.269645467118592143e-04
3.870216170924226162e+01	8.676152033667846597e-01	1.127725122325126672e-01	6.869258130425343750e-03	4.303217717539414844e-03	1.228935029158593692e-02	1.157676136950727729e-03	1.672760373784755884e-04
4.353993192289755143e+01	8.537659229765884872e-01	1.230607253867398304e-01	7.882631727882718695e-03	5.298592042062630694e-03	1.372496430329439923e-02	1.228330894752299078e-03	2.133265818568826728e-04
4.837770213655283413e+01	8.405107766580000028e-01	1.326724903186403959e-01	8.918750709571982363e-03	6.365158368108672117e-03	1.513892559525402415e-02	1.303274732993550721e-03	2.651175306086360115e-04
5.321547235020811684e+01	8.278176646960525575e-01	1.416502445414425382e-01	9.974810634571382173e-03	7.495482443881838763e-03	1.653146029170128248e-02	1.382201219645322549e-03	3.226300858823001518e-04
5.805324256386339954e+01	8.156563876202475027e-01	1.500337831131272337e-01	1.104821700384172115e-02	8.682656105210224615e-03	1.790279935919080259e-02	1.464823327884910275e-03	3.858273836747078264e-04
6.289101277751868224e+01	8.039985300447820560e-01	1.578604229747748722e-01	1.213657103842751689e-02	9.920263247999393935e-03	1.925317796796066627e-02	1.550872225155532688e-03	4.546564140770765605e-04
6.772878299117397205e+01	7.928173516881666938e-01	1.651651570696098248e-01	1.323765638388219555e-02	1.120234794321045904e-02	2.058283489944458949e-02	1.640096137584344266e-03	5.290497912789723272e-04
7.256655320482924765e+01	7.820876851267832830e-01	1.719807988782640629e-01	1.434942668177379733e-02	1.252338456059796760e-02	2.189201199693005181e-02	1.732259285071893274e-03	6.089273837558905559e-04
7.740432341848452324e+01	7.717858398646080254e-01	1.783381179662575922e-01	1.546999395286336246e-02	1.387824977577212758e-02	2.318095365655118562e-02	1.827140882657417743e-03	6.941978144672180826e-04
8.224209363213981305e+01	7.618895123272840797e-01	1.842659671026247725e-01	1.659761774004940918e-02	1.526219634296079909e-02	2.444990635598259104e-02	1.924534204037754237e-03	7.847598402374743234e-04
8.707986384579510286e+01	7.523777014130715868e-01	1.897914014738570909e-01	1.773069496245328891e-02	1.667082852317162620e-02	2.569911821836703275e-02	2.024245703374001441e-03	8.805036188821387154e-04
9.191763405945040688e+01	7.432306292560317829e-01	1.949397904847318674e-01	1.886775043509554550e-02	1.810007906432388805e-02	2.692883860916584632e-02	2.126094191760511797e-03	9.813118720673648376e-04
9.675540427310566827e+01	7.344296668782127613e-01	1.997349226070257167e-01	2.000742801149552053e-02	1.954618763636140760e-02	2.813931776376736929e-02	2.229910064956253796e-03	1.087060951357937677e-03
1.015931744867609581e+02	7.259572644276858222e-01	2.041991037084412708e-01	2.114848230922749053e-02	2.100568063039886385e-02	2.933080644382586241e-02	2.335534579190047706e-03	1.197621814407591120e-03
1.064309447004162337e+02	7.177968857181121765e-01	2.083532492671885672e-01	2.228977098099793261e-02	2.247535223661895759e-02	3.050355562043183602e-02	2.442819172049467275e-03	1.312860917778053537e-03
1.112687149140715235e+02	7.099329468031779777e-01	2.122169708524475340e-01	2.343024749618064645e-02	2.395224672095047982e-02	3.165781618233538125e-02	2.551624825649172895e-03	1.432641032435854689e-03
1.161064851277267991e+02	7.023507583358039597e-01	2.158086572272915060e-01	2.456895439996935326e-02	2.543364182553932082e-02	3.279383866755700150e-02	2.661821469448843926e-03	1.556821987567075759e-03
1.209442553413820747e+02	6.950364714775647546e-01	2.191455504084762751e-01	2.570501701939064201e-02	2.691703322269654863e-02	3.391187301682630634e-02	2.773287420254431663e-03	1.685261347968025668e-03
1.257820255550373645e+02	6.879770271383239821e-01	2.222438169967012600e-01	2.683763758737209293e-02	2.840011995638893824e-02	3.501216834738826722e-02	2.885908857089834398e-03	1.817815029912577375e-03
1.306197957686926259e+02	6.811601083397509360e-01	2.251186150714477863e-01	2.796608975788963253e-02	2.988079080944598676e-02	3.609497274580961146e-02	2.999579328769947945e-03	1.954337860063018201e-03
1.354575659823479441e+02	6.745740955092014435e-01	2.277841569262075705e-01	2.908971348693213665e-02	3.135711153851043070e-02	3.716053307850528120e-02	3.114199292140929724e-03	2.094684081679233124e-03
1.402953361960032339e+02	6.682080245224583104e-01	2.302537679027628903e-01	3.020791025562736057e-02	3.282731292237248827e-02	3.820909481878655145e-02	3.229675679080035253e-03	2.238707812089479800e-03
1.451331064096584669e+02	6.620515473251006311e-01	2.325399415670934278e-01	3.132013861337817895e-02	3.428977957271635985e-02	3.924090188930884349e-02	3.345921490466019325e-03	2.386263455113592658e-03
1.499708766233137851e+02	6.560948949728376833e-01	2.346543914543996467e-01	3.242591002026803254e-02	3.574303945948498207e-02	4.025619651886933048e-02	3.462855415442357525e-03	2.537206071874954522e-03
1.548086468369690749e+02	6.503288429410567506e-01	2.366080995965846590e-01	3.352478496931567131e-02	3.718575410604883086e-02	4.125521911257138546e-02	3.580401474399884376e-03	2.691391713199847279e-03
1.596464170506243647e+02	6.447446785631314459e-01	2.384113620322698412e-01	3.461636937039695022e-02	3.861670941215859104e-02	4.223820813443623229e-02	3.698488684203298828e-03	2.848677716580748278e-03
1.644841872642796261e+02	6.393341704657555802e-01	2.400738314869766132e-01	3.570031117881123511e-02	4.003480706528218108e-02	4.320540000160100202e-02	3.817050744277756397e-03	3.008922970472780508e-03
1.693219574779349159e+02	6.340895398777439684e-01	2.416045573994387297e-01	3.677629725255634335e-02	4.143905650338348262e-02	4.415702898929792924e-02	3.936025742257825630e-03	3.171988148498894322e-03
1.741597276915902057e+02	6.290034336964105410e-01	2.430120234590663064e-01	3.784405042339382408e-02	4.282856739450478789e-02	4.509332714586122143e-02	4.055355877981788905e-03	3.337735915958590319e-03
1.789974979052454671e+02	6.240688992028279314e-01	2.443041828093207857e-01	3.890332676773994303e-02	4.420254260067547902e-02	4.601452421705672091e-02	4.174987204689974835e-03	3.506031110866219148e-03
1.838352681189008138e+02	6.192793603240147604e-01	2.454884910621359384e-01	3.995391306431107792e-02	4.556027159569612378e-02	4.692084757907503956e-02	4.294869386356758856e-03	3.676740901587393674e-03
1.886730383325560467e+02	6.146285953464273311e-01	2.465719372594949166e-01	4.099562442628892911e-02	4.690112430824696504e-02	4.781252217957156214e-02	4.414955470152473298e-03	3.849734922995036793e-03
1.935108085462113081e+02	6.101107159910621469e-01	2.475610729098082219e-01	4.202830209655489258e-02	4.822454536355214733e-02	4.868977048617663395e-02	4.535201673093867958e-03	4.024885392929422254e-03
1.983485787598666263e+02	6.057201477660414390e-01	2.484620392188014448e-01	4.305181139527720913e-02	4.953004869850156228e-02	4.955281244193675272e-02	4.655567182000315204e-03	4.202067210618604456e-03
2.031863489735219162e+02	6.014516115177738209e-01	2.492805926271752515e-01	4.406603980982225222e-02	5.081721252669932354e-02	5.040186542718257806e-02	4.776013965927861094e-03	4.381158038596251643e-03
2.080241191871772060e+02	5.973001061066736117e-01	2.500221287603210940e-01	4.507089521760550277e-02	5.208567463137726838e-02	5.123714422735266977e-02	4.896506600304711444e-03	4.562038369542573656e-03
2.128618894008324673e+02	5.932608921380162492e-01	2.506917048888278599e-01	4.606630423310110328e-02	5.333512796548955937e-02	5.205886100633233537e-02	5.017012102040021779e-03	4.744591579370213523e-03
2.176996596144877287e+02	5.893294766828115483e-01	2.512940609923753343e-01	4.705221067079418812e-02	5.456531653959667549e-02	5.286722528489616602e-02	5.137499774923157993e-03	4.928703967780204490e-03
2.225374298281430470e+02	5.855015989276121102e-01	2.518336395138519035e-01	4.802857411638906948e-02	5.577603157935872441e-02	5.366244392386954748e-02	5.257941064673058058e-03	5.114264787422854661e-03
2.273752000417983652e+02	5.817732166959643791e-01	2.523146038851349915e-01	4.899536859908247555e-02	5.696710793559389002e-02	5.444472111164998934e-02	5.378309423037136092e-03	5.301166262714369741e-03
2.322129702554535982e+02	5.781404937877611117e-01	2.527408559009070577e-01	4.995258135817471495e-02	5.813842073092345686e-02	5.521425835575265867e-02	5.498580180376544738e-03	5.489303599281657349e-03
2.370507404691088880e+02	5.745997880860818086e-01	2.531160520121334412e-01	5.090021169772684234e-02	5.928988222802386576e-02	5.597125447806676479e-02	5.618730426209628953e-03	5.678574984934807793e-03
2.418885106827641494e+02	5.711476403842378202e-01	2.534436186063708241e-01	5.183826992337842166e-02	6.042143890544278417e-02	5.671590561353025139e-02	5.738738897218247786e-03	5.868881582998760650e-03
2.467262808964194392e+02	5.677807638886634978e-01	2.537267663379020322e-01	5.276677635582203291e-02	6.153306872781495740e-02	5.744840521194969490e-02	5.858585872252446841e-03	6.060127518772391586e-03
2.515640511100747290e+02	5.644960343560471161e-01	2.539685035667730295e-01	5.368576041578725783e-02	6.262477859813699033e-02	5.816894404271050201e-02	5.978253073897875011e-03	6.252219859824327021e-03
2.564018213237300188e+02	5.612904808256696798e-01	2.541716489621366204e-01	5.459525977572108474e-02	6.369660198053281319e-02	5.887771020213961037e-02	6.097723576197404231e-03	6.445068590779982204e-03
2.612395915373852517e+02	5.581612769103407867e-01	2.543388433218599087e-01	5.549531957366466567e-02	6.474859668266572110e-02	5.957488912329896719e-02	6.216981718143837696e-03	6.638586583203296559e-03
2.660773617510405415e+02	5.551057326115852453e-01	2.544725606571247023e-01	5.638599168511893023e-02	6.578084278763206283e-02	6.026066358800274969e-02	6.336013022584413221e-03	6.832689561129177275e-03
2.709151319646958882e+02	5.521212866268615516e-01	2.545751185877172529e-01	5.726733404896590385e-02	6.679344072580831182e-02	6.093521374086564163e-02	6.454804120200163808e-03	7.027296062758550677e-03
2.757529021783511780e+02	5.492054991185895130e-01	2.546486880908646611e-01	5.813941004376930316e-02	6.778650947772059399e-02	6.159871710520228166e-02	6.573342678244142520e-03	7.222327398786897341e-03
2.805906723920064678e+02	5.463560449166334765e-01	2.546953026438087409e-01	5.900228791101801845e-02	6.876018489956539637e-02	6.225134860061051073e-02	6.691617333742183593e-03	7.417707607799002914e-03
2.854284426056617008e+02	5.435707071276425495e-01	2.547168667978104151e-01	5.985604022210117003e-02	6.971461816353526075e-02	6.289328056208234874e-02	6.809617630878295365e-03	7.613363409127263913e-03
2.902662128193169337e+02	5.408473711262956618e-01	2.547151642189330878e-01	6.070074338601367386e-02	7.064997430559552538e-02	6.352468276049746954e-02	6.927333962304074895e-03	7.809224153537978365e-03
2.951039830329722804e+02	5.381840189050421941e-01	2.546918652287558649e-01	6.153647719498848284e-02	7.156643087381966972e-02	6.414572242436397675e-02	7.044757514127729554e-03	8.005221772079518239e-03
2.999417532466276270e+02	5.355787237603786277e-01	2.546485338761070860e-01	6.236332440543581462e-02	7.246417667082370728e-02	6.475656426268074084e-02	7.161880214353512179e-03	8.201290723397921395e-03
3.047795234602828600e+02	5.330296452950558095e-01	2.545866345689737353e-01	6.318137035174230254e-02	7.334341058424558024e-02	6.535737048880418953e-02	7.278694684556623676e-03	8.397367939799170108e-03
3.096172936739380930e+02	5.305350247168894029e-01	2.545075382939314124e-01	6.399070259064430777e-02	7.420434049959638567e-02	6.594830084521088875e-02	7.395194194591996062e-03	8.593392772313022607e-03
3.144550638875934396e+02	5.280931804160383658e-01	2.544125284487381844e-01	6.479141057404085025e-02	7.504718229016657527e-02	6.652951262905484886e-02	7.511372620147938745e-03	8.789306934990668424e-03
3.192928341012487294e+02	5.257025038037375086e-01	2.543028063121417492e-01	6.558358534825277364e-02	7.587215887900487787e-02	6.710116071842561758e-02	7.627224402967346280e-03	8.985054448647536787e-03
3.241306043149040192e+02	5.233614553965213467e-01	2.541794961734538671e-01	6.636731927786707064e-02	7.667949936830152635e-02	6.766339759922018748e-02	7.742744513570249017e-03	9.180581584243206056e-03
3.289683745285592522e+02	5.210685611309620047e-01	2.540436501430440308e-01	6.714270579242878623e-02	7.746943823180096889e-02	6.821637339254765786e-02	7.857928416321765391e-03	9.375836806072380958e-03
3.338061447422145420e+02	5.188224088948688584e-01	2.538962526635888950e-01	6.790983915435906682e-02	7.824221456614521841e-02	6.876023588259197461e-02	7.972772036699278531e-03	9.570770714924330819e-03
3.386439149558698318e+02	5.166216452617660160e-01	2.537382247406811953e-01	6.866881424658553834e-02	7.899807139730730121e-02	6.929513054486308166e-02	8.087271730621698601e-03	9.765335991352814063e-03
3.434816851695251216e+02	5.144649724162748683e-01	2.535704279102444780e-01	6.941972637847274030e-02	7.973725503851665508e-02	6.982120057477229913e-02	8.201424255712247077e-03	9.959487339184324231e-03
3.483194553831804114e+02	5.123511452587949933e-01	2.533936679591161090e-01	7.016267110873528057e-02	8.046001449630535429e-02	7.033858691647240646e-02	8.315226744374175361e-03	1.015318142937938171e-02
3.531572255968357013e+02	5.102789686785896839e-01	2.532086984141433406e-01	7.089774408410404183e-02	8.116660092151735395e-02	7.084742829190733560e-02	8.428676678566325922e-03	1.034637684434952000e-02
3.579949958104909342e+02	5.082472949850577182e-01	2.530162238141835385e-01	7.162504089259953688e-02	8.185726710232205106e-02	7.134786123002080649e-02	8.541771866172514008e-03	1.053903402282144706e-02
3.628327660241463377e+02	5.062550214875974897e-01	2.528169027785040490e-01	7.234465693034312916e-02	8.253226699646126763e-02	7.184002009607690087e-02	8.654510418865252186e-03	1.073111520532957913e-02
3.676705362378016275e+02	5.043010882150655849e-01	2.526113508842399713e-01	7.305668728090967956e-02	8.319185530013387120e-02	7.232403712104926163e-02	8.766890731370591966e-03	1.092258438040868973e-02
3.725083064514568036e+02	5.023844757663842309e-01	2.524001433647787285e-01	7.376122660629241823e-02	8.383628705108672752e-02	7.280004243103928296e-02	8.878911462046605585e-03	1.111340723154969658e-02
3.773460766651120935e+02	5.005042032843692867e-01	2.521838176402052545e-01	7.445836904861441452e-02	8.446581726363519560e-02	7.326816407668636233e-02	8.990571514693495442e-03	1.130355108497362905e-02
3.821838468787673833e+02	4.986593265453435619e-01	2.519628756902468347e-01	7.514820814177979036e-02	8.508070059348080139e-02	7.372852806253683833e-02	9.101870021518432621e-03	1.149298485827138228e-02
3.870216170924226162e+02	4.968489361575523233e-01	2.517377862795094345e-01	7.583083673231325039e-02	8.568119103032897921e-02	7.418125837634043096e-02	9.212806327182982563e-03	1.168167900995024412e-02
3.918593873060780197e+02	4.950721558618306761e-01	2.515089870441882813e-01	7.650634690868798882e-02	8.626754161643734875e-02	7.462647701824601243e-02	9.323379973865505294e-03	1.186960548992186879e-02
3.966971575197332527e+02	4.933281409283737928e-01	2.512768864488634235e-01	7.717482993849025807e-02	8.684000418934355314e-02	7.506430402987079864e-02	9.433590687275089648e-03	1.205673769096080213e-02
4.015349277333884856e+02	4.916160766438378293e-01	2.510418656214580269e-01	7.783637621281394581e-02	8.739882914713377471e-02	7.549485752321923038e-02	9.543438363557532611e-03	1.224305040115741643e-02
4.063726979470438323e+02	4.899351768833555831e-01	2.508042800739323508e-01	7.849107519732054228e-02	8.794426523471719770e-02	7.591825370943006135e-02	9.652923057037630580e-03	1.242851975738444754e-02
4.112104681606991221e+02	4.882846827623810726e-01	2.505644613158180545e-01	7.913901538943921010e-02	8.847655934967015023e-02	7.633460692733189112e-02	9.762044968745423393e-03	1.261312319979196114e-02
4.160482383743544119e+02	4.866638613635917432e-01	2.503227183672538936e-01	7.978028428121818061e-02	8.899595636630541762e-02	7.674402967178955981e-02	9.870804435677379973e-03	1.279683942734168717e-02
4.208860085880095880e+02	4.850720045343654974e-01	2.500793391777709762e-01	8.041496832737331235e-02	8.950269897670838637e-02	7.714663262182505643e-02	9.979201920746529411e-03	1.297964835438808473e-02
4.257237788016648778e+02	4.835084277506298545e-01	2.498345919566871132e-01	8.104315291811133026e-02	8.999702754756233603e-02	7.754252466849863301e-02	1.008723800337839316e-02	1.316153106831025911e-02
4.305615490153201677e+02	4.819724690431319014e-01	2.495887264206047562e-01	8.166492235633519836e-02	9.047917999166099623e-02	7.793181294253687108e-02	1.019491337071227674e-02	1.334246978819592609e-02
4.353993192289755143e+02	4.804634879824239979e-01	2.493419749631674565e-01	8.228035983886700100e-02	9.094939165307744378e-02	7.831460284169611263e-02	1.030222880937000859e-02	1.352244782457597862e-02
4.402370894426308041e+02	4.789808647190839097e-01	2.490945537519065056e-01	8.288954744134972852e-02	9.140789520502475007e-02	7.869099805785077784e-02	1.040918519775652952e-02	1.370144954020584283e-02
4.450748596562860939e+02	4.775239990759026498e-01	2.488466637567118833e-01	8.349256610651356603e-02	9.185492055950600365e-02	7.906110060379728521e-02	1.051578349885903818e-02	1.387946031188762135e-02
4.499126298699413837e+02	4.760923096889708717e-01	2.485984917141781658e-01	8.408949563551493256e-02	9.229069478791009085e-02	7.942501083976541421e-02	1.062202475351335662e-02	1.405646649332516554e-02
4.547504000835967304e+02	4.746852331947840065e-01	2.483502110318119294e-01	8.468041468207761213e-02	9.271544205176385223e-02	7.978282749962994913e-02	1.072791007410823713e-02	1.423245537900246459e-02
4.595881702972519065e+02	4.733022234606591438e-01	2.481019826358402125e-01	8.526540074918523282e-02	9.312938354290263565e-02	8.013464771681648446e-02	1.083344063870008735e-02	1.440741516907425267e-02
4.644259405109071963e+02	4.719427508559252415e-01	2.478539557661263437e-01	8.584453018809237723e-02	9.353273743236953375e-02	8.048056704989581256e-02	1.093861768551236159e-02	1.458133493525634247e-02
4.692637107245624861e+02	4.706063015614989076e-01	2.476062687214821423e-01	8.641787819943889948e-02	9.392571882739808586e-02	8.082067950786256394e-02	1.104344250779539308e-02	1.475420458770206403e-02
4.741014809382177759e+02	4.692923769156052693e-01	2.473590495584602755e-01	8.698551883626812198e-02	9.430853973587607908e-02	8.115507757509422826e-02	1.114791644902403921e-02	1.492601484285011743e-02
4.789392511518730657e+02	4.680004927935397796e-01	2.471124167465200139e-01	8.754752500876417098e-02	9.468140903772662154e-02	8.148385223598747507e-02	1.125204089841186361e-02	1.509675719222826340e-02
4.837770213655284124e+02	4.667301790194935407e-01	2.468664797822785473e-01	8.810396849053765689e-02	9.504453246268070032e-02	8.180709299926930411e-02	1.135581728672192293e-02	1.526642387219647075e-02
4.886147915791837022e+02	4.654809788085849109e-01	2.466213397653926609e-01	8.865491992630214479e-02	9.539811257394933963e-02	8.212488792198111009e-02	1.145924708235547020e-02	1.543500783461254459e-02
4.934525617928388783e+02	4.642524482373524553e-01	2.463770899384562230e-01	8.920044884079524061e-02	9.574234875733612926e-02	8.243732363313439893e-02	1.156233178770105750e-02	1.560250271840263152e-02
4.982903320064942250e+02	4.630441557410713838e-01	2.461338161931517776e-01	8.974062364880996956e-02	9.607743721536159132e-02	8.274448535703726737e-02	1.166507293572758945e-02	1.576890282201858298e-02
5.031281022201495148e+02	4.618556816363514339e-01	2.458915975447546753e-01	9.027551166621194945e-02	9.640357096599892761e-02	8.304645693629139624e-02	1.176747208680594368e-02	1.593420307676376643e-02
5.079658724338048046e+02	4.606866176675713520e-01	2.456505065769582496e-01	9.080517912182820006e-02	9.672093984564757163e-02	8.334332085445944616e-02	1.186953082574469277e-02	1.609839902096866018e-02
5.128036426474600376e+02	4.595365665757880080e-01	2.454106098588654250e-01	9.132969117010175664e-02	9.702973051599592114e-02	8.363515825840342477e-02	1.197125075902639307e-02	1.626148677499729064e-02
5.176414128611153274e+02	4.584051416888442199e-01	2.451719683358786206e-01	9.184911190441513718e-02	9.733012647444810872e-02	8.392204898029489990e-02	1.207263351223174588e-02	1.642346301706543860e-02
5.224791830747705035e+02	4.572919665314728599e-01	2.449346376961114291e-01	9.236350437099348498e-02	9.762230806781127534e-02	8.420407155929796050e-02	1.217368072763970813e-02	1.658432495985150135e-02
5.273169532884259070e+02	4.561966744542685914e-01	2.446986687138441030e-01	9.287293058330499396e-02	9.790645250896073959e-02	8.448130326292659087e-02	1.227439406199242258e-02	1.674407032788080216e-02
5.321547235020811968e+02	4.551189082804663610e-01	2.444641075714521494e-01	9.337745153688374600e-02	9.818273389621930136e-02	8.475382010807810951e-02	1.237477518441445871e-02	1.690269733566415744e-02
5.369924937157364866e+02	4.540583199695289451e-01	2.442309961611462688e-01	9.387712722450534952e-02	9.845132323520505713e-02	8.502169688174454620e-02	1.247482577447658024e-02	1.706020466657155732e-02
5.418302639293917764e+02	4.530145702966050236e-01	2.439993723677803816e-01	9.437201665165281805e-02	9.871238846291897906e-02	8.528500716140428872e-02	1.257454752039485063e-02	1.721659145242200248e-02
5.466680341430470662e+02	4.519873285469766522e-01	2.437692703339054412e-01	9.486217785221411070e-02	9.896609447385897040e-02	8.554382333509620573e-02	1.267394211735641679e-02	1.737185725377054027e-02
5.515058043567023560e+02	4.509762722246659639e-01	2.435407207081741465e-01	9.534766790435907080e-02	9.921260314796240265e-02	8.579821662117909087e-02	1.277301126596392007e-02	1.752600204087377544e-02
5.563435745703576458e+02	4.499810867744212795e-01	2.433137508781323954e-01	9.582854294654728766e-02	9.945207338019224075e-02	8.604825708777884274e-02	1.287175667079093304e-02	1.767902617531535991e-02
5.611813447840129356e+02	4.490014653163493796e-01	2.430883851883696156e-01	9.630485819362294420e-02	9.968466111159537957e-02	8.629401367192660044e-02	1.297018003904133916e-02	1.783093039227310814e-02
5.660191149976681118e+02	4.480371083925028253e-01	2.428646451449390231e-01	9.677666795295690461e-02	9.991051936167340275e-02	8.653555419839062401e-02	1.306828307930596629e-02	1.798171578340965193e-02
5.708568852113234016e+02	4.470877237247738445e-01	2.426425496069027909e-01	9.724402564059968224e-02	1.001297982619177435e-01	8.677294539820520902e-02	1.316606750041025495e-02	1.813138378036886419e-02
5.756946554249786914e+02	4.461530259834832202e-01	2.424221149658037366e-01	9.770698379741263317e-02	1.003426450903713713e-01	8.700625292689986856e-02	1.326353501034710156e-02	1.827993613886043367e-02
5.805324256386339812e+02	4.452327365660894709e-01	2.422033553138150663e-01	9.816559410514764938e-02	1.005492043070892461e-01	8.723554138243208578e-02	1.336068731528938271e-02	1.842737492331544477e-02
5.853701958522892710e+02	4.443265833854769253e-01	2.419862826012737500e-01	9.861990740244859499e-02	1.007496175903789953e-01	8.746087432282712015e-02	1.345752611867703091e-02	1.857370249209589971e-02
5.902079660659445608e+02	4.434343006673137078e-01	2.417709067842581938e-01	9.906997370075069920e-02	1.009440238737117912e-01	8.768231428352840640e-02	1.355405312037383236e-02	1.871892148324166491e-02
5.950457362795999643e+02	4.425556287559994084e-01	2.415572359628311572e-01	9.951584220005618708e-02	1.011325593832017311e-01	8.789992279446197376e-02	1.365027001588942773e-02	1.886303480073842423e-02
5.998835064932552541e+02	4.416903139287516877e-01	2.413452765105285613e-01	9.995756130456712185e-02	1.013153576755592561e-01	8.811376039681864669e-02	1.374617849566230413e-02	1.900604560129078371e-02
6.047212767069104302e+02	4.408381082174055443e-01	2.411350331956408077e-01	1.003951786381583194e-01	1.014925496764314955e-01	8.832388665955763496e-02	1.384178024439976749e-02	1.914795728158476956e-02
6.095590469205657200e+02	4.399987692375260662e-01	2.409265092947972253e-01	1.008287410596752226e-01	1.016642637190488391e-01	8.853036019563526038e-02	1.393707694047122483e-02	1.928877346602453011e-02
6.143968171342210098e+02	4.391720600244558570e-01	2.407197066993339019e-01	1.012582946780435506e-01	1.018306255831032126e-01	8.873323867796238662e-02	1.403207025535126336e-02	1.942849799492818441e-02
6.192345873478761860e+02	4.383577488759428653e-01	2.405146260148950110e-01	1.016838848671790252e-01	1.019917585337893895e-01	8.893257885509450733e-02	1.412676185310924627e-02	1.956713491316830478e-02
6.240723575615315895e+02	4.375556092010128850e-01	2.403112666546891318e-01	1.021055562806870431e-01	1.021477833609460290e-01	8.912843656665811465e-02	1.422115338994240849e-02	1.970468845924270435e-02
6.289101277751868793e+02	4.367654193747712577e-01	2.401096269267970207e-01	1.025233528663437588e-01	1.022988184182379856e-01	8.932086675851709512e-02	1.431524651374954833e-02	1.984116305476165895e-02
6.337478979888421691e+02	4.359869625988362918e-01	2.399097041159011789e-01	1.029373178803509037e-01	1.024449796623263104e-01	8.950992349768309431e-02	1.440904286374263855e-02	1.997656329433796646e-02
6.385856682024975726e+02	4.352200267671229028e-01	2.397114945597862978e-01	1.033474939013585142e-01	1.025863806919767030e-01	8.969565998697341669e-02	1.450254407009384829e-02	2.011089393586664234e-02
6.434234384161527487e+02	4.344644043367132391e-01	2.395149937209364310e-01	1.037539228442500711e-01	1.027231327870612304e-01	8.987812857942033273e-02	1.459575175361559063e-02	2.024415989118137985e-02
6.482612086298080385e+02	4.337198922035633841e-01	2.393201962535349003e-01	1.041566459736860961e-01	1.028553449474117337e-01	9.005738079243554017e-02	1.468866752547142232e-02	2.037636621707520496e-02
6.530989788434633283e+02	4.329862915828106562e-01	2.391270960661548983e-01	1.045557039174029729e-01	1.029831239314874247e-01	9.023346732173351259e-02	1.478129298691569816e-02	2.050751810667315531e-02
6.579367490571185044e+02	4.322634078934602386e-01	2.389356863804092124e-01	1.049511366792644645e-01	1.031065742948218539e-01	9.040643805501742680e-02	1.487362972906005470e-02	2.063762088114511062e-02
6.627745192707737942e+02	4.315510506472403640e-01	2.387459597858122284e-01	1.053429836520644453e-01	1.032257984282178714e-01	9.057634208543137444e-02	1.496567933266489299e-02	2.076667998174720406e-02
6.676122894844290840e+02	4.308490333414281559e-01	2.385579082910908866e-01	1.057312836300797060e-01	1.033408965956622294e-01	9.074322772478260468e-02	1.505744336795417256e-02	2.089470096218066716e-02
6.724500596980843738e+02	4.301571733554594434e-01	2.383715233721665772e-01	1.061160748213724470e-01	1.034519669719335677e-01	9.090714251653737865e-02	1.514892339445191895e-02	2.102168948125712061e-02
6.772878299117396637e+02	4.294752918511454687e-01	2.381867960170165888e-01	1.064973948598429559e-01	1.035591056798806781e-01	9.106813324859404368e-02	1.524012096083895290e-02	2.114765129585982270e-02
6.821256001253949535e+02	4.288032136763295643e-01	2.380037167676102294e-01	1.068752808170328472e-01	1.036624068273498678e-01	9.122624596583700507e-02	1.533103760482843088e-02	2.127259225419053656e-02
6.869633703390502433e+02	4.281407672718268720e-01	2.378222757591030856e-01	1.072497692136800407e-01	1.037619625437424670e-01	9.138152598247507863e-02	1.542167485305891671e-02	2.139651828929207272e-02
6.918011405527055331e+02	4.274877845814961663e-01	2.376424627564610037e-01	1.076208960310274382e-01	1.038578630161856309e-01	9.153401789416774903e-02	1.551203422100373361e-02	2.151943541283684452e-02
6.966389107663608229e+02	4.268441009653050067e-01	2.374642671886751100e-01	1.079886967218867261e-01	1.039501965253013388e-01	9.168376558994290049e-02	1.560211721289545168e-02	2.164134970917203776e-02
7.014766809800161127e+02	4.262095551152531026e-01	2.372876781807190805e-01	1.083532062214599551e-01	1.040390494805602806e-01	9.183081226390937823e-02	1.569192532166445442e-02	2.176226732961230800e-02
7.063144511936714025e+02	4.255839889740284931e-01	2.371126845833900765e-01	1.087144589579212978e-01	1.041245064552089872e-01	9.197520042676789187e-02	1.578146002889057112e-02	2.188219448697119665e-02
7.111522214073266923e+02	4.249672476562772472e-01	2.369392750011665438e-01	1.090724888627618017e-01	1.042066502207598666e-01	9.211697191712353572e-02	1.587072280476682293e-02	2.200113745032271015e-02
7.159899916209819821e+02	4.243591793723727190e-01	2.367674378182075823e-01	1.094273293809002040e-01	1.042855617810354851e-01	9.225616791260331240e-02	1.595971510807439944e-02	2.211910253998480846e-02
7.208277618346371582e+02	4.237596353545789452e-01	2.365971612226101806e-01	1.097790134805631673e-01	1.043613204057593641e-01	9.239282894078194863e-02	1.604843838616809223e-02	2.223609612271677805e-02
7.256655320482924481e+02	4.231684697855048749e-01	2.364284332290350066e-01	1.101275736629381136e-01	1.044340036636871444e-01	9.252699488991932009e-02	1.613689407497134048e-02	2.235212460712270727e-02
7.305033022619478515e+02	4.225855397287547333e-01	2.362612416998023657e-01	1.104730419716024314e-01	1.045036874552726092e-01	9.265870501951253835e-02	1.622508359898022084e-02	2.246719443925360160e-02
7.353410724756030277e+02	4.220107050616830890e-01	2.360955743645556104e-01	1.108154500017327071e-01	1.045704460448646372e-01	9.278799797066598909e-02	1.631300837127568765e-02	2.258131209840083531e-02
7.401788426892584312e+02	4.214438284101674759e-01	2.359314188385820688e-01	1.111548289090976971e-01	1.046343520924315068e-01	9.291491177628248554e-02	1.640066979354343202e-02	2.269448409307389669e-02
7.450166129029136073e+02	4.208847750853183523e-01	2.357687626398760616e-01	1.114912094188389713e-01	1.046954766848102736e-01	9.303948387107843776e-02	1.648806925610078397e-02	2.280671695715568228e-02
7.498543831165690108e+02	4.203334130220466314e-01	2.356075932050240296e-01	1.118246218340432641e-01	1.047538893664796411e-01	9.316175110142625726e-02	1.657520813793007808e-02	2.291801724622868908e-02
7.546921533302243006e+02	4.197896127194165605e-01	2.354478979039857367e-01	1.121550960441103639e-01	1.048096581698553242e-01	9.328174973502688372e-02	1.666208780671800740e-02	2.302839153406577299e-02
7.595299235438793630e+02	4.192532471827128959e-01	2.352896640538419126e-01	1.124826615329208301e-01	1.048628496451076836e-01	9.339951547041544511e-02	1.674870961890044530e-02	2.313784640927933969e-02
7.643676937575347665e+02	4.187241918671569807e-01	2.351328789315736967e-01	1.128073473868073801e-01	1.049135288895022972e-01	9.351508344630291014e-02	1.683507491971231174e-02	2.324638847212300019e-02
7.692054639711900563e+02	4.182023246232064451e-01	2.349775297859351963e-01	1.131291823023342358e-01	1.049617595762640521e-01	9.362848825075659187e-02	1.692118504324203673e-02	2.335402433143996329e-02
7.740432341848452324e+02	4.176875256433810191e-01	2.348236038484771415e-01	1.134481945938884268e-01	1.050076039829666713e-01	9.373976393022237508e-02	1.700704131249028070e-02	2.346076060175258243e-02
7.788810043985006359e+02	4.171796774105548944e-01	2.346710883437755080e-01	1.137644122010871284e-01	1.050511230194494244e-01	9.384894399839135981e-02	1.709264503943246430e-02	2.356660390048774187e-02
7.837187746121558121e+02	4.166786646476626221e-01	2.345199704989155143e-01	1.140778626960052555e-01	1.050923762552636170e-01	9.395606144491377987e-02	1.717799752508485447e-02	2.367156084533287783e-02
7.885565448258112156e+02	4.161843742687665881e-01	2.343702375522790371e-01	1.143885732902272245e-01	1.051314219466515376e-01	9.406114874396268033e-02	1.726310005957380767e-02	2.377563805171761108e-02
7.933943150394665054e+02	4.156966953314359947e-01	2.342218767616798536e-01	1.146965708417271024e-01	1.051683170630611924e-01	9.416423786265018525e-02	1.734795392220791696e-02	2.387884213041622031e-02
7.982320852531219089e+02	4.152155189903914967e-01	2.340748754118877339e-01	1.150018818615809041e-01	1.052031173132003811e-01	9.426536026929890899e-02	1.743256038155280296e-02	2.398117968526624483e-02
8.030698554667769713e+02	4.147407384523695284e-01	2.339292208215819624e-01	1.153045325205152294e-01	1.052358771706338042e-01	9.436454694157098144e-02	1.751692069550821185e-02	2.408265731099874102e-02
8.079076256804323748e+02	4.142722489321646329e-01	2.337849003497697586e-01	1.156045486552961382e-01	1.052666498989274918e-01	9.446182837445732394e-02	1.760103611138726792e-02	2.418328159117582796e-02
8.127453958940876646e+02	4.138099476098086593e-01	2.336419014017045992e-01	1.159019557749619567e-01	1.052954875763447151e-01	9.455723458812959059e-02	1.768490786599761361e-02	2.428305909623138317e-02
8.175831661077428407e+02	4.133537335888476383e-01	2.335002114343365520e-01	1.161967790669040795e-01	1.053224411200981703e-01	9.465079513565716196e-02	1.776853718572419388e-02	2.438199638161078070e-02
8.224209363213982442e+02	4.129035078556799743e-01	2.333598179613250723e-01	1.164890434027994470e-01	1.053475603101630270e-01	9.474253911059171696e-02	1.785192528661356387e-02	2.448009998600583423e-02
8.272587065350534203e+02	4.124591732399199295e-01	2.332207085576424865e-01	1.167787733443983039e-01	1.053708938126556999e-01	9.483249515442164490e-02	1.793507337445948702e-02	2.457737642968113242e-02
8.320964767487085965e+02	4.120206343757527589e-01	2.330828708637947277e-01	1.170659931491710437e-01	1.053924892027838234e-01	9.492069146389849055e-02	1.801798264488964352e-02	2.467383221288818596e-02
8.369342469623640000e+02	4.115877976642492997e-01	2.329462925896842451e-01	1.173507267758176764e-01	1.054123929873721777e-01	9.500715579823809653e-02	1.810065428345334140e-02	2.476947381436384044e-02
8.417720171760191761e+02	4.111605712366086518e-01	2.328109615181385983e-01	1.176329978896434730e-01	1.054306506269701849e-01	9.509191548619810863e-02	1.818308946571004989e-02	2.486430768990964546e-02
8.466097873896745796e+02	4.107388649182994733e-01	2.326768655081266624e-01	1.179128298678040893e-01	1.054473065575463608e-01	9.517499743303459159e-02	1.826528935731860578e-02	2.495834027104888025e-02
8.514475576033297557e+02	4.103225901940723008e-01	2.325439924976826223e-01	1.181902458044238324e-01	1.054624042117752736e-01	9.525642812733955966e-02	1.834725511412701321e-02	2.505157796375811000e-02
8.562853278169851592e+02	4.099116601738139742e-01	2.324123305065575740e-01	1.184652685155901386e-01	1.054759860399224897e-01	9.533623364776165621e-02	1.842898788226265960e-02	2.514402714727029947e-02
8.611230980306403353e+02	4.095059895592202404e-01	2.322818676386161907e-01	1.187379205442277291e-01	1.054880935303332407e-01	9.541443966961203615e-02	1.851048879822290993e-02	2.523569417294649689e-02
8.659608682442956251e+02	4.091054946112601676e-01	2.321525920839957735e-01	1.190082241648553890e-01	1.054987672295306239e-01	9.549107147135761642e-02	1.859175898896590212e-02	2.532658536321337819e-02
8.707986384579510286e+02	4.087100931184090014e-01	2.320244921210433964e-01	1.192762013882287669e-01	1.055080467619288476e-01	9.556615394100348437e-02	1.867279957200149859e-02	2.541670701056386594e-02
8.756364086716062047e+02	4.083197043656262015e-01	2.318975561180458833e-01	1.195418739658720142e-01	1.055159708491674869e-01	9.563971158236669878e-02	1.875361165548232109e-02	2.550606537661827267e-02
8.804741788852616082e+02	4.079342491040570673e-01	2.317717725347668012e-01	1.198052633945013573e-01	1.055225773290723451e-01	9.571176852124307910e-02	1.883419633829471959e-02	2.559466669124347768e-02
8.853119490989170117e+02	4.075536495214364119e-01	2.316471299238033188e-01	1.200663909203434770e-01	1.055279031742488993e-01	9.578234851146937012e-02	1.891455471014968914e-02	2.568251715172767402e-02
8.901497193125721878e+02	4.071778292131742472e-01	2.315236169317749226e-01	1.203252775433515664e-01	1.055319845103139392e-01	9.585147494088214204e-02	1.899468785167359591e-02	2.576962292200839569e-02
8.949874895262273640e+02	4.068067131541036052e-01	2.314012223003561741e-01	1.205819440213217880e-01	1.055348566337713512e-01	9.591917083717561854e-02	1.907459683449867424e-02	2.585599013195158738e-02
8.998252597398827675e+02	4.064402276708721784e-01	2.312799348671633060e-01	1.208364108739128917e-01	1.055365540295375854e-01	9.598545887366007057e-02	1.915428272135326002e-02	2.594162487667957609e-02
9.046630299535379436e+02	4.060783004149589592e-01	2.311597435665053435e-01	1.210886983865715333e-01	1.055371103881228290e-01	9.605036137492263537e-02	1.923374656615167710e-02	2.602653321594583166e-02
9.095008001671932334e+02	4.057208603362997268e-01	2.310406374300091326e-01	1.213388266143659855e-01	1.055365586224733809e-01	9.611390032239225389e-02	1.931298941408373521e-02	2.611072117355458383e-02
9.143385703808486369e+02	4.053678376575030051e-01	2.309226055871266281e-01	1.215868153857307538e-01	1.055349308844809597e-01	9.617609735981037800e-02	1.939201230170379056e-02	2.619419473682331467e-02
9.191763405945038130e+02	4.050191638486416723e-01	2.308056372655331867e-01	1.218326843061243447e-01	1.055322585811646618e-01	9.623697379860929324e-02	1.947081625701935215e-02	2.627695985608631199e-02
9.240141108081592165e+02	4.046747716026041219e-01	2.306897217914245513e-01	1.220764527616028244e-01	1.055285723905311779e-01	9.629655062319951442e-02	1.954940229957915707e-02	2.635902244423752802e-02
9.288518810218145063e+02	4.043345948109899890e-01	2.305748485897192168e-01	1.223181399223112614e-01	1.055239022771186919e-01	9.635484849616803016e-02	1.962777144056071510e-02	2.644038837631099495e-02
9.336896512354697961e+02	4.039985685405360627e-01	2.304610071841739216e-01	1.225577647458954422e-01	1.055182775072301959e-01	9.641188776338885380e-02	1.970592468285729121e-02	2.652106348909715958e-02
9.385274214491247449e+02	4.036666290100583421e-01	2.303481871974177031e-01	1.227953459808360653e-01	1.055117266638614937e-01	9.646768845904751810e-02	1.978386302116424272e-02	2.660105358079358981e-02
9.433651916627801484e+02	4.033387135678970226e-01	2.302363783509108475e-01	1.230309021697073707e-01	1.055042776613294569e-01	9.652227031058105422e-02	1.986158744206477714e-02	2.668036441068848824e-02
9.482029618764355519e+02	4.030147606698507023e-01	2.301255704648345335e-01	1.232644516523624945e-01	1.054959577596056991e-01	9.657565274353491214e-02	1.993909892411503335e-02	2.675900169887560423e-02
9.530407320900908417e+02	4.026947098575883177e-01	2.300157534579159446e-01	1.234960125690475613e-01	1.054867935783613264e-01	9.662785488633827968e-02	2.001639843792848289e-02	2.683697112599905954e-02
9.578785023037459041e+02	4.023785017375255402e-01	2.299069173471938454e-01	1.237256028634461658e-01	1.054768111107275003e-01	9.667889557499936837e-02	2.009348694625965465e-02	2.691427833302683856e-02
9.627162725174014213e+02	4.020660779601547552e-01	2.297990522477295350e-01	1.239532402856565879e-01	1.054660357367774581e-01	9.672879335772191500e-02	2.017036540408715869e-02	2.699092892105154837e-02
9.675540427310568248e+02	4.017573811998164102e-01	2.296921483722668411e-01	1.241789423951033117e-01	1.054544922367347815e-01	9.677756649944443956e-02	2.024703475869597119e-02	2.706692845111727252e-02
9.723918129447120009e+02	4.014523551349016284e-01	2.295861960308456240e-01	1.244027265633847051e-01	1.054422048039131837e-01	9.682523298630360542e-02	2.032349594975898371e-02	2.714228244407127302e-02
9.772295831583674044e+02	4.011509444284751535e-01	2.294811856303723696e-01	1.246246099770586951e-01	1.054291970573926623e-01	9.687181053002290321e-02	2.039974990941783445e-02	2.721699638043940245e-02
9.820673533720223531e+02	4.008530947093073560e-01	2.293771076741513981e-01	1.248446096403680455e-01	1.054154920544369683e-01	9.691731657222818486e-02	2.047579756236295179e-02	2.729107570032414040e-02
9.869051235856777566e+02	4.005587525533069737e-01	2.292739527613797956e-01	1.250627423779069325e-01	1.054011123026572377e-01	9.696176828869111641e-02	2.055163982591284508e-02	2.736452580332414397e-02
9.917428937993331601e+02	4.002678654653436530e-01	2.291717115866093168e-01	1.252790248372303850e-01	1.053860797719265718e-01	9.700518259350206229e-02	2.062727761009263555e-02	2.743735204847434772e-02
9.965806640129884499e+02	3.999803818614514062e-01	2.290703749391780619e-01	1.254934734914082972e-01	1.053704159060503548e-01	9.704757614317348346e-02	2.070271181771178928e-02	2.750955975420557933e-02
