0.000000000000000000e+00	1.002375932414112158e+00	9.925057099184602370e-27	1.810169247366653239e-04	9.159566648767814094e-26	1.078503794788843017e-21	1.279006423305123008e-03	4.887139245185704077e-26
4.837770213655283591e+00	9.825756347353131748e-01	1.779656539084645273e-02	7.011613102449237769e-04	8.361804528640117329e-05	1.416263161233599242e-03	1.260528247758701268e-03	2.184871470749752154e-06
9.675540427310567182e+00	9.637125006675498762e-01	3.441425707447114818e-02	1.296532477761521947e-03	3.247955260593369978e-04	2.834987769498432605e-03	1.245755883845908437e-03	7.126362967800261580e-06
1.451331064096584811e+01	9.457325648814951524e-01	4.992918043212942608e-02	1.959874811780798302e-03	7.097781551428923412e-04	4.254368245383279359e-03	1.235063725288578114e-03	1.512551093388879508e-05
1.935108085462113081e+01	9.285852036738364568e-01	6.441254427574011343e-02	2.684472195027165671e-03	1.225772331039666789e-03	5.672743825135453076e-03	1.228777469217873447e-03	2.644199215719064306e-05
2.418885106827641707e+01	9.122229228170800619e-01	7.793097580658069068e-02	3.464110921513502070e-03	1.860881791431085158e-03	7.088588728866355992e-03	1.227178091015113191e-03	4.129760566715592890e-05
2.902662128193169622e+01	8.966011589939644200e-01	9.054681531241505488e-02	4.293045075054292316e-03	2.604048372755920614e-03	8.500502971043934555e-03	1.230505535285641343e-03	5.987950163467006879e-05
3.386439149558698603e+01	8.816780939439848863e-01	1.023183919066610048e-01	5.165964211940619021e-03	3.444996611092631007e-03	9.907203771751697113e-03	1.238962142168902438e-03	8.234317455420994756e-05
3.870216170924226162e+01	8.674144805056275276e-01	1.133002815293257387e-01	6.077963196951814695e-03	4.374181936618420398e-03	1.130751752986972579e-02	1.252715826920881544e-03	1.088152368398603127e-04
4.353993192289755143e+01	8.537734797904070749e-01	1.235435483509555038e-01	7.024514051669777763e-03	5.382742229868144740e-03	1.270037232183656752e-02	1.271903029520652208e-03	1.393959878961311945e-04
4.837770213655283413e+01	8.407205087739176852e-01	1.330959706474136861e-01	8.001439683220177429e-03	6.462452522939868098e-03	1.408479089199321348e-02	1.296631449945579839e-03	1.741617927236193742e-04
5.321547235020811684e+01	8.282230976350596352e-01	1.420022521445953867e-01	9.004889370130914061e-03	7.605682642757126063e-03	1.545988410270187144e-02	1.326982583724764042e-03	2.131672831841423146e-04
5.805324256386339954e+01	8.162507562176094522e-01	1.503042197679000103e-01	1.003131589001040117e-02	8.805357606562553424e-03	1.682484481448261182e-02	1.363014071412881100e-03	2.564473941757895357e-04
6.289101277751868224e+01	8.047748490285318024e-01	1.580410086711352136e-01	1.107745418124229768e-02	1.005492059204128770e-02	1.817894216832931578e-02	1.404761874722331924e-03	3.040192461514114731e-04
6.772878299117397205e+01	7.937684782250772342e-01	1.652492353632457889e-01	1.214030143790259010e-02	1.134829831590967140e-02	1.952151624416125983e-02	1.452242291206419945e-03	3.558838846506784848e-04
7.256655320482924765e+01	7.832063740779380279e-01	1.719631596986044564e-01	1.321709854366078137e-02	1.267986866550567873e-02	2.085197307104590461e-02	1.505453818596340365e-03	4.120278868025165422e-04
7.740432341848452324e+01	7.730647924306894847e-01	1.782148364473316593e-01	1.430531275655851087e-02	1.404443043792984527e-02	2.216977996639956511e-02	1.564378879156473915e-03	4.724248440882078469e-04
8.224209363213981305e+01	7.633214187065856526e-01	1.840342571160132890e-01	1.540262156229378274e-02	1.543717505065324985e-02	2.347446118284263888e-02	1.628985413732504097e-03	5.370367300326903993e-04
8.707986384579510286e+01	7.539552780426322931e-01	1.894494826460516590e-01	1.650689761900250158e-02	1.685366009627407152e-02	2.476559384276141515e-02	1.699228354522062858e-03	6.058151609097580650e-04
9.191763405945040688e+01	7.449466511578611838e-01	1.944867675765288018e-01	1.761619472154534946e-02	1.828978462230503380e-02	2.604280414191512821e-02	1.775050984995039331e-03	6.787025570032829015e-04
9.675540427310566827e+01	7.362769955879899797e-01	1.991706762207001158e-01	1.872873471799950396e-02	1.974176602454697296e-02	2.730576380463082056e-02	1.856386194827611092e-03	7.556332114587775923e-04
1.015931744867609581e+02	7.279288719422949416e-01	2.035241913699055438e-01	1.984289531544229310e-02	2.120611844978291180e-02	2.855418677425496446e-02	1.943157637187910118e-03	8.365342732852418728e-04
1.064309447004162337e+02	7.198858748606354885e-01	2.075688160056288478e-01	2.095719871621728667e-02	2.267963261024400282e-02	2.978782612358450710e-02	2.035280795219614105e-03	9.213266506241343020e-04
1.112687149140715235e+02	7.121325683692710795e-01	2.113246684695039290e-01	2.207030102971069274e-02	2.415935691858334469e-02	3.100647117098596917e-02	2.132663964110428998e-03	1.009925839988428699e-03
1.161064851277267991e+02	7.046544253534714475e-01	2.148105715121286785e-01	2.318098240825477996e-02	2.564257985797389547e-02	3.220994478883359990e-02	2.235209154703272916e-03	1.102242686788151979e-03
1.209442553413820747e+02	6.974377708830414857e-01	2.180441356144674492e-01	2.428813785913106274e-02	2.712681350744823583e-02	3.339810089176062369e-02	2.342812924207054309e-03	1.198184082097784441e-03
1.257820255550373645e+02	6.904697291438374185e-01	2.210418369502881453e-01	2.539076868778443463e-02	2.860977814774554387e-02	3.457082209302497766e-02	2.455367139189398255e-03	1.297653600283751266e-03
1.306197957686926259e+02	6.837381737442115304e-01	2.238190903343747762e-01	2.648797453029439614e-02	3.008938787774723816e-02	3.572801751804644682e-02	2.572759675683795790e-03	1.400552081795407690e-03
1.354575659823479441e+02	6.772316811801707415e-01	2.263903174790757034e-01	2.757894593589396356e-02	3.156373717608890878e-02	3.686962076487854123e-02	2.694875060916860753e-03	1.506778165128942271e-03
1.402953361960032339e+02	6.709394872569178769e-01	2.287690108609950757e-01	2.866295746289317797e-02	3.303108834675221039e-02	3.799558800204005937e-02	2.821595060856109307e-03	1.616228771699152215e-03
1.451331064096584669e+02	6.648514462774466338e-01	2.309677934802169541e-01	2.973936125376398093e-02	3.448985979138502467e-02	3.910589619474957868e-02	2.952799217493601563e-03	1.728799547097786609e-03
1.499708766233137851e+02	6.589579928210158588e-01	2.329984747762842423e-01	3.080758105738712685e-02	3.593861505478895824e-02	4.020054145118486660e-02	3.088365339514518963e-03	1.844385261977928101e-03
1.548086468369690749e+02	6.532501059457108683e-01	2.348721029481537770e-01	3.186710666855999824e-02	3.737605259346635234e-02	4.127953748093083491e-02	3.228169949751113609e-03	1.962880175580581504e-03
1.596464170506243647e+02	6.477192756599450263e-01	2.365990139094452382e-01	3.291748875682608266e-02	3.880099622034965251e-02	4.234291415828604632e-02	3.372088692590288588e-03	2.084178364711199074e-03
1.644841872642796261e+02	6.423574715177181593e-01	2.381888770954178058e-01	3.395833405852118070e-02	4.021238618185904445e-02	4.339071618357169535e-02	3.519996704286265654e-03	2.208174020779344639e-03
1.693219574779349159e+02	6.371571132017682659e-01	2.396507383241852640e-01	3.498930090764660467e-02	4.160927082626228457e-02	4.442300183603051927e-02	3.671768948927403402e-03	2.334761717333144575e-03
1.741597276915902057e+02	6.321110429674773323e-01	2.409930599016510133e-01	3.601009508278291138e-02	4.299079882495664140e-02	4.543984181231757596e-02	3.827280522617240895e-03	2.463836650350789779e-03
1.789974979052454671e+02	6.272124998285534270e-01	2.422237581474538382e-01	3.702046594875742919e-02	4.435621191076891817e-02	4.644131814497323013e-02	3.986406928253450298e-03	2.595294853393254227e-03
1.838352681189008138e+02	6.224550953731473601e-01	2.433502385078107344e-01	3.802020287317981612e-02	4.570483809968553524e-02	4.742752319563146163e-02	4.149024323123718175e-03	2.729033389574961766e-03
1.886730383325560467e+02	6.178327911062101441e-01	2.443794284104689185e-01	3.900913189927082692e-02	4.703608536459193135e-02	4.839855871805631704e-02	4.315009741383875157e-03	2.864950522171540604e-03
1.935108085462113081e+02	6.133398772205825855e-01	2.453178080069957079e-01	3.998711265763420231e-02	4.834943573162826802e-02	4.935453498641716868e-02	4.484241293340171519e-03	3.002945865555490916e-03
1.983485787598666263e+02	6.089709527055656713e-01	2.461714389382908541e-01	4.095403550076680277e-02	4.964443977166516780e-02	5.029556998451049227e-02	4.656598343323721523e-03	3.142920518030921113e-03
2.031863489735219162e+02	6.047209067075768330e-01	2.469459912504642918e-01	4.190981884517272493e-02	5.092071146117854719e-02	5.122178865191413105e-02	4.831961667820258363e-03	3.284777178026888379e-03
2.080241191871772060e+02	6.005849010629732421e-01	2.476467685800433638e-01	4.285440670694781740e-02	5.217792338846271444e-02	5.213332218332006329e-02	5.010213595401802854e-03	3.428420245004814345e-03
2.128618894008324673e+02	5.965583539282511838e-01	2.482787317198197341e-01	4.378776641763641037e-02	5.341580228267481939e-02	5.303030737753509916e-02	5.191238129898111293e-03	3.573755906338431029e-03
2.176996596144877287e+02	5.926369244376283874e-01	2.488465206694864540e-01	4.470988650803649905e-02	5.463412484465731550e-02	5.391288603286648745e-02	5.374921058144379454e-03	3.720692211334252451e-03
2.225374298281430470e+02	5.888164983225018245e-01	2.493544752685143140e-01	4.562077474844676572e-02	5.583271385984483332e-02	5.478120438582270019e-02	5.561150043547076482e-03	3.869139133476261899e-03
2.273752000417983652e+02	5.850931744314770144e-01	2.498066545024495433e-01	4.652045633461284607e-02	5.701143457483442284e-02	5.563541259025845537e-02	5.749814706621554465e-03	4.019008621899950937e-03
2.322129702554535982e+02	5.814632520935940629e-01	2.502068545679472789e-01	4.740897220934383455e-02	5.817019132038838553e-02	5.647566423427979182e-02	5.940806693572830109e-03	4.170214643027615742e-03
2.370507404691088880e+02	5.779232192710526128e-01	2.505586257763687263e-01	4.828637751043778764e-02	5.930892436475263679e-02	5.730211589239921771e-02	6.134019733914225503e-03	4.322673213228617022e-03
2.418885106827641494e+02	5.744697414511805711e-01	2.508652883706339320e-01	4.915274013617782628e-02	6.042760698221551902e-02	5.811492671059403925e-02	6.329349688047054834e-03	4.476302423304775492e-03
2.467262808964194392e+02	5.710996512306119044e-01	2.511299473252178172e-01	5.000813942024382591e-02	6.152624272280681622e-02	5.891425802207357620e-02	6.526694585657863770e-03	4.631022455541881390e-03
2.515640511100747290e+02	5.678099385476511607e-01	2.513555061946805558e-01	5.085266490842871995e-02	6.260486286994866589e-02	5.970027299170373863e-02	6.725954655727639855e-03	4.786755594013202518e-03
2.564018213237300188e+02	5.645977415216238970e-01	2.515446800719191578e-01	5.168641523005750721e-02	6.366352407372333211e-02	6.047313628717087414e-02	6.927032348889489849e-03	4.943426228769556147e-03
2.612395915373852517e+02	5.614603378606498607e-01	2.517000077133885738e-01	5.250949705748241686e-02	6.470230614822108928e-02	6.123301377509167420e-02	7.129832352817353468e-03	5.100960854502758351e-03
2.660773617510405415e+02	5.583951368017472383e-01	2.518238628848604166e-01	5.332202414747207880e-02	6.572131002217826423e-02	6.198007224039285556e-02	7.334261601278067172e-03	5.259288064224797339e-03
2.709151319646958882e+02	5.553996715494819991e-01	2.519184649778408169e-01	5.412411645872727828e-02	6.672065583281423795e-02	6.271447912739351593e-02	7.540229277432280129e-03	5.418338538463730175e-03
2.757529021783511780e+02	5.524715921815457342e-01	2.519858889435444560e-01	5.491589934014388247e-02	6.770048115342959527e-02	6.343640230112522482e-02	7.747646811926147369e-03	5.578045030438812286e-03
2.805906723920064678e+02	5.496086589916641119e-01	2.520280745883071716e-01	5.569750278480582739e-02	6.866093934593942016e-02	6.414600982752062530e-02	7.956427876275110056e-03	5.738342347641575691e-03
2.854284426056617008e+02	5.468087362421322206e-01	2.520468352714942406e-01	5.646906074502922035e-02	6.960219803008775574e-02	6.484346977119075095e-02	8.166488372003332177e-03	5.899167330216298182e-03
2.902662128193169337e+02	5.440697863000468759e-01	2.520438660443236056e-01	5.723071050409485327e-02	7.052443766162426464e-02	6.552895000959478577e-02	8.377746415967128948e-03	6.060458826502364282e-03
2.951039830329722804e+02	5.413898641329626393e-01	2.520207512655499027e-01	5.798259210060174168e-02	7.142785021222497477e-02	6.620261806248432801e-02	8.590122322258067836e-03	6.222157666072244964e-03
2.999417532466276270e+02	5.387671121412515030e-01	2.519789717276446073e-01	5.872484780165000695e-02	7.231263794440746795e-02	6.686464093557736854e-02	8.803538581050896275e-03	6.384206630572126541e-03
3.047795234602828600e+02	5.361997553058966970e-01	2.519199113249436239e-01	5.945762162131888739e-02	7.317901227512871309e-02	6.751518497748568159e-02	9.017919834733207143e-03	6.546550422647370165e-03
3.096172936739380930e+02	5.336860966318115462e-01	2.518448632932096531e-01	6.018105888114638063e-02	7.402719272216420898e-02	6.815441574898320476e-02	9.233192851627320188e-03	6.709135633211964385e-03
3.144550638875934396e+02	5.312245128680461725e-01	2.517550360481632388e-01	6.089530580954152783e-02	7.485740592775001756e-02	6.878249790376306239e-02	9.449286497590459605e-03	6.871910707299687740e-03
3.192928341012487294e+02	5.288134504874341113e-01	2.516515586487636513e-01	6.160050917727002279e-02	7.566988475432842587e-02	6.939959507988663345e-02	9.666131705756470308e-03	7.034825908714885216e-03
3.241306043149040192e+02	5.264514219093443526e-01	2.515354859093626438e-01	6.229681596634982499e-02	7.646486744757326204e-02	7.000586980118057856e-02	9.883661444661216017e-03	7.197833283682290167e-03
3.289683745285592522e+02	5.241370019502497035e-01	2.514078031833039684e-01	6.298437306987608730e-02	7.724259686218515331e-02	7.060148338788686806e-02	1.010181068497409233e-02	7.360886623678276203e-03
3.338061447422145420e+02	5.218688244877942584e-01	2.512694308390880926e-01	6.366332702046559322e-02	7.800331974624026554e-02	7.118659587591617821e-02	1.032051636503991156e-02	7.523941427610030853e-03
3.386439149558698318e+02	5.196455793249570299e-01	2.511212284488648638e-01	6.433382374516997959e-02	7.874728608015112152e-02	7.176136594409839031e-02	1.053971735541838969e-02	7.686954863494501779e-03
3.434816851695251216e+02	5.174660092417663337e-01	2.509639987077451617e-01	6.499600834485604051e-02	7.947474846655483427e-02	7.232595084886371539e-02	1.075935442259279631e-02	7.849885729775334803e-03
3.483194553831804114e+02	5.153289072228125489e-01	2.507984911012336449e-01	6.565002489618992909e-02	8.018596156768470484e-02	7.288050636582528441e-02	1.097937019200470946e-02	8.012694416403438533e-03
3.531572255968357013e+02	5.132331138495618283e-01	2.506254053369724177e-01	6.629601627449172030e-02	8.088118158700559335e-02	7.342518673776943228e-02	1.119970911055827301e-02	8.175342865795152958e-03
3.579949958104909342e+02	5.111775148471702224e-01	2.504453945559437789e-01	6.693412399584773576e-02	8.156066579210423384e-02	7.396014462859236416e-02	1.142031740872483450e-02	8.337794533771194713e-03
3.628327660241463377e+02	5.091610387761554835e-01	2.502590683373068781e-01	6.756448807698074710e-02	8.222467207602200678e-02	7.448553108275261792e-02	1.164114306236716141e-02	8.500014350569608246e-03
3.676705362378016275e+02	5.071826548598925566e-01	2.500669955101307851e-01	6.818724691148339567e-02	8.287345855440204911e-02	7.500149548983735259e-02	1.186213575439171337e-02	8.661968682016712995e-03
3.725083064514568036e+02	5.052413709394810715e-01	2.498697067844346253e-01	6.880253716111828233e-02	8.350728319599433347e-02	7.550818555386733244e-02	1.208324683632741071e-02	8.823625290931523535e-03
3.773460766651120935e+02	5.033362315480623961e-01	2.496676972131469108e-01	6.941049366097992723e-02	8.412640348422358028e-02	7.600574726699033112e-02	1.230442928992015600e-02	8.984953298831281285e-03
3.821838468787673833e+02	5.014663160971722933e-01	2.494614284958493189e-01	7.001124933739898137e-02	8.473107610767538489e-02	7.649432488723645340e-02	1.252563768882375764e-02	9.145923147998459221e-03
3.870216170924226162e+02	4.996307371681835696e-01	2.492513311344724813e-01	7.060493513754878547e-02	8.532155667749677375e-02	7.697406092003006295e-02	1.274682816046008096e-02	9.306506563962931022e-03
3.918593873060780197e+02	4.978286389023350300e-01	2.490378064504568112e-01	7.119167996978875701e-02	8.589809946983899269e-02	7.744509610317443227e-02	1.296795834811384496e-02	9.466676518446844740e-03
3.966971575197332527e+02	4.960591954832543893e-01	2.488212284722799983e-01	7.177161065384816963e-02	8.646095719159377357e-02	7.790756939504341061e-02	1.318898737332084917e-02	9.626407192814072020e-03
4.015349277333884856e+02	4.943216097062700376e-01	2.486019457016811485e-01	7.234485188001844869e-02	8.701038076778924713e-02	7.836161796573284932e-02	1.340987579860208716e-02	9.785673942060859817e-03
4.063726979470438323e+02	4.926151116291669907e-01	2.483802827663747215e-01	7.291152617658225310e-02	8.754661914911965326e-02	7.880737719094103866e-02	1.363058559059051635e-02	9.944453259379582716e-03
4.112104681606991221e+02	4.909389572993813622e-01	2.481565419665477668e-01	7.347175388476390179e-02	8.806991913818362772e-02	7.924498064836311972e-02	1.385108008359194239e-02	1.010272274132302181e-02
4.160482383743544119e+02	4.892924275529443867e-01	2.479310047219644431e-01	7.402565314053764778e-02	8.858052523310018522e-02	7.967456011639889590e-02	1.407132394361658261e-02	1.026046105359262710e-02
4.208860085880095880e+02	4.876748268807822861e-01	2.477039329260630751e-01	7.457333986267900006e-02	8.907867948725944895e-02	8.009624557498712383e-02	1.429128313291338874e-02	1.041764789747047157e-02
4.257237788016648778e+02	4.860854823582573814e-01	2.474755702130207735e-01	7.511492774649000670e-02	8.956462138404788775e-02	8.051016520839242296e-02	1.451092487503509616e-02	1.057426397691125716e-02
4.305615490153201677e+02	4.845237426340943121e-01	2.472461431433767842e-01	7.565052826267111563e-02	9.003858772546458056e-02	8.091644540978233657e-02	1.473021762045811402e-02	1.073029096630762416e-02
4.353993192289755143e+02	4.829889769750793649e-01	2.470158623134455500e-01	7.618025066085194752e-02	9.050081253361724754e-02	8.131521078744362307e-02	1.494913101277795323e-02	1.088571147893918969e-02
4.402370894426308041e+02	4.814805743631476176e-01	2.467849233934154562e-01	7.670420197732977230e-02	9.095152696415409466e-02	8.170658417249708483e-02	1.516763585549764544e-02	1.104050903611316671e-02
4.450748596562860939e+02	4.799979426416863815e-01	2.465535080987134586e-01	7.722248704659856466e-02	9.139095923075066241e-02	8.209068662798003901e-02	1.538570407942367949e-02	1.119466803700210587e-02
4.499126298699413837e+02	4.785405077080824299e-01	2.463217850989218860e-01	7.773520851628328010e-02	9.181933453982946136e-02	8.246763745917450039e-02	1.560330871068131217e-02	1.134817372918211359e-02
4.547504000835967304e+02	4.771077127497278525e-01	2.460899108682585712e-01	7.824246686512342785e-02	9.223687503474567451e-02	8.283755422506781929e-02	1.582042383935866950e-02	1.150101217987301375e-02
4.595881702972519065e+02	4.756990175208742899e-01	2.458580304813728079e-01	7.874436042367768951e-02	9.264379974872315182e-02	8.320055275084013713e-02	1.603702458878677323e-02	1.165317024788017734e-02
4.644259405109071963e+02	4.743138976578873955e-01	2.456262783579697406e-01	7.924098539744649228e-02	9.304032456587367494e-02	8.355674714128095981e-02	1.625308708546063796e-02	1.180463555623613263e-02
4.692637107245624861e+02	4.729518440306094140e-01	2.453947789595485318e-01	7.973243589213359350e-02	9.342666218967687897e-02	8.390624979504322789e-02	1.646858842960472954e-02	1.195539646553868754e-02
4.741014809382177759e+02	4.716123621276787636e-01	2.451636474413300126e-01	8.021880394078954868e-02	9.380302211834069814e-02	8.424917141965072853e-02	1.668350666638428875e-02	1.210544204798099689e-02
4.789392511518730657e+02	4.702949714737917342e-01	2.449329902622509603e-01	8.070017953260066879e-02	9.416961062650136549e-02	8.458562104717982921e-02	1.689782075776269724e-02	1.225476206206785670e-02
4.837770213655284124e+02	4.689992050770154242e-01	2.447029057557176535e-01	8.117665064310568279e-02	9.452663075275859195e-02	8.491570605054271637e-02	1.711151055500344936e-02	1.240334692801153306e-02
4.886147915791837022e+02	4.677246089043815558e-01	2.444734846636383296e-01	8.164830326564090357e-02	9.487428229257621748e-02	8.523953216030437374e-02	1.732455677181421114e-02	1.255118770379947020e-02
4.934525617928388783e+02	4.664707413840974426e-01	2.442448106360919635e-01	8.211522144383007205e-02	9.521276179611046220e-02	8.555720348197033698e-02	1.753694095812928511e-02	1.269827606192548003e-02
4.982903320064942250e+02	4.652371729328177996e-01	2.440169606988400741e-01	8.257748730495105549e-02	9.554226257055802030e-02	8.586882251368711805e-02	1.774864547452571772e-02	1.284460426677525025e-02
5.031281022201495148e+02	4.640234855065141772e-01	2.437900056907457702e-01	8.303518109402566183e-02	9.586297468664428667e-02	8.617449016430120401e-02	1.795965346726750497e-02	1.299016515265645835e-02
5.079658724338048046e+02	4.628292721735722259e-01	2.435640106730318499e-01	8.348838120849169653e-02	9.617508498889805468e-02	8.647430577172665611e-02	1.816994884397146390e-02	1.313495210246318559e-02
5.128036426474600376e+02	4.616541367088302095e-01	2.433390353121857586e-01	8.393716423332868437e-02	9.647877710938382312e-02	8.676836712157506848e-02	1.837951624988761606e-02	1.327895902696391885e-02
5.176414128611153274e+02	4.604976932073523987e-01	2.431151342382036618e-01	8.438160497652026637e-02	9.677423148458530466e-02	8.705677046600508728e-02	1.858834104478639809e-02	1.342218034470198801e-02
5.224791830747705035e+02	4.593595657168046409e-01	2.428923573797556468e-01	8.482177650474626018e-02	9.706162537515533595e-02	8.733961054275184155e-02	1.879640928044433792e-02	1.356461096249699308e-02
5.273169532884259070e+02	4.582393878873710080e-01	2.426707502777542824e-01	8.525775017920750320e-02	9.734113288826745647e-02	8.761698059429989804e-02	1.900370767871941910e-02	1.370624625653550990e-02
5.321547235020811968e+02	4.571368026382129357e-01	2.424503543787122628e-01	8.568959569149531275e-02	9.761292500232270075e-02	8.788897238716585070e-02	1.921022361020694597e-02	1.384708205403909452e-02
5.369924937157364866e+02	4.560514618395360986e-01	2.422312073091866524e-01	8.611738109942591868e-02	9.787716959378298109e-02	8.815567623125962482e-02	1.941594507346633067e-02	1.398711461549750901e-02
5.418302639293917764e+02	4.549830260093863932e-01	2.420133431325233175e-01	8.654117286276756527e-02	9.813403146591831439e-02	8.841718099929569974e-02	1.962086067480893481e-02	1.412634061745490950e-02
5.466680341430470662e+02	4.539311640243492985e-01	2.417967925890377456e-01	8.696103587879575048e-02	9.838367237927073128e-02	8.867357414622804856e-02	1.982495960863684195e-02	1.426475713583668162e-02
5.515058043567023560e+02	4.528955528433796229e-01	2.415815833206952923e-01	8.737703351761763604e-02	9.862625108365138948e-02	8.892494172868441182e-02	2.002823163832223238e-02	1.440236162980453039e-02
5.563435745703576458e+02	4.518758772440324978e-01	2.413677400812853924e-01	8.778922765721391963e-02	9.886192335150122135e-02	8.917136842437778377e-02	2.023066707761685817e-02	1.453915192612745787e-02
5.611813447840129356e+02	4.508718295704142731e-01	2.411552849330209081e-01	8.819767871815079041e-02	9.909084201245726975e-02	8.941293755147459998e-02	2.043225677258102974e-02	1.467512620405621478e-02
5.660191149976681118e+02	4.498831094922102203e-01	2.409442374304336110e-01	8.860244569792108393e-02	9.931315698897882904e-02	8.964973108790111334e-02	2.063299208402131005e-02	1.481028298068891996e-02
5.708568852113234016e+02	4.489094237741863003e-01	2.407346147923810631e-01	8.900358620487730521e-02	9.952901533289797154e-02	8.988182969057062488e-02	2.083286487042625146e-02	1.494462109681553297e-02
5.756946554249786914e+02	4.479504860555989509e-01	2.405264320629278418e-01	8.940115649172437895e-02	9.973856126276929579e-02	9.010931271451629032e-02	2.103186747138926713e-02	1.507813970322901924e-02
5.805324256386339812e+02	4.470060166389795420e-01	2.403197022618150103e-01	8.979521148854356649e-02	9.994193620190293392e-02	9.033225823191502746e-02	2.122999269150788182e-02	1.521083824749107707e-02
5.853701958522892710e+02	4.460757422877935086e-01	2.401144365251859092e-01	9.018580483532308290e-02	1.001392788169737230e-01	9.055074305098981258e-02	2.142723378474850962e-02	1.534271646114050702e-02
5.902079660659445608e+02	4.451593960325027632e-01	2.399106442371937709e-01	9.057298891397394525e-02	1.003307250571076337e-01	9.076484273477848641e-02	2.162358443926606921e-02	1.547377434733234261e-02
5.950457362795999643e+02	4.442567169845899611e-01	2.397083331530757144e-01	9.095681487981301105e-02	1.005164081933539733e-01	9.097463161975866131e-02	2.181903876266763978e-02	1.560401216889608852e-02
5.998835064932552541e+02	4.433674501581263416e-01	2.395075095142414345e-01	9.133733269249799669e-02	1.006964588584591674e-01	9.118018283431897353e-02	2.201359126770962085e-02	1.573343043680153902e-02
6.047212767069104302e+02	4.424913462984936818e-01	2.393081781558884513e-01	9.171459114640159727e-02	1.008710050868645014e-01	9.138156831706827077e-02	2.220723685841779343e-02	1.586202989902081931e-02
6.095590469205657200e+02	4.416281617178902663e-01	2.391103426076237048e-01	9.208863790041475761e-02	1.010401723548561143e-01	9.157885883497490775e-02	2.239997081661988451e-02	1.598981152977549391e-02
6.143968171342210098e+02	4.407776581372745972e-01	2.389140051875404680e-01	9.245951950717083700e-02	1.012040836208018962e-01	9.177212400132934988e-02	2.259178878888028555e-02	1.611677651915774390e-02
6.192345873478761860e+02	4.399396025344203265e-01	2.387191670901700757e-01	9.282728144168471418e-02	1.013628593654145038e-01	9.196143229352390924e-02	2.278268677382678381e-02	1.624292626311486451e-02
6.240723575615315895e+02	4.391137669977751012e-01	2.385258284687021835e-01	9.319196812940255814e-02	1.015166176319853286e-01	9.214685107064431169e-02	2.297266110985922774e-02	1.636826235378645647e-02
6.289101277751868793e+02	4.382999285858331096e-01	2.383339885118412049e-01	9.355362297365973911e-02	1.016654740665385720e-01	9.232844659086836270e-02	2.316170846323018298e-02	1.649278657018397182e-02
6.337478979888421691e+02	4.374978691917496554e-01	2.381436455156427379e-01	9.391228838254585265e-02	1.018095419578589900e-01	9.250628402866754862e-02	2.334982581648791314e-02	1.661650086920242117e-02
6.385856682024975726e+02	4.367073754129399688e-01	2.379547969506527194e-01	9.426800579517707890e-02	1.019489322773510093e-01	9.268042749180804840e-02	2.353701045727200555e-02	1.673940737695430239e-02
6.434234384161527487e+02	4.359282384254198894e-01	2.377674395246510142e-01	9.462081570737740366e-02	1.020837537186903704e-01	9.285094003814818586e-02	2.372325996745227802e-02	1.686150838041600153e-02
6.482612086298080385e+02	4.351602538626609951e-01	2.375815692412808489e-01	9.497075769677149060e-02	1.022141127372333119e-01	9.301788369222975528e-02	2.390857221260163368e-02	1.698280631937712157e-02
6.530989788434633283e+02	4.344032216987438466e-01	2.373971814548288817e-01	9.531787044729274350e-02	1.023401135891512104e-01	9.318131946166118007e-02	2.409294533179386077e-02	1.710330377868347906e-02
6.579367490571185044e+02	4.336569461356067356e-01	2.372142709214028478e-01	9.566219177311111044e-02	1.024618583702618518e-01	9.334130735329077000e-02	2.427637772771738117e-02	1.722300348076461624e-02
6.627745192707737942e+02	4.329212354941979757e-01	2.370328318467381234e-01	9.600375864198598674e-02	1.025794470545312309e-01	9.349790638916884167e-02	2.445886805709625300e-02	1.734190827843698143e-02
6.676122894844290840e+02	4.321959021093512154e-01	2.368528579308497861e-01	9.634260719805029516e-02	1.026929775322222571e-01	9.365117462229781420e-02	2.464041522140990662e-02	1.746002114797410437e-02
6.724500596980843738e+02	4.314807622282127442e-01	2.366743424097326742e-01	9.667877278403244623e-02	1.028025456476694133e-01	9.380116915216960005e-02	2.482101835790311017e-02	1.757734518243533883e-02
6.772878299117396637e+02	4.307756359120593070e-01	2.364972780942992958e-01	9.701228996292336759e-02	1.029082452366603118e-01	9.394794614009001343e-02	2.500067683087814005e-02	1.769388358524489127e-02
6.821256001253949535e+02	4.300803469413542190e-01	2.363216574067326936e-01	9.734319253909647085e-02	1.030101681634075922e-01	9.409156082429021017e-02	2.517939022326097509e-02	1.780963966401315907e-02
6.869633703390502433e+02	4.293947227238979480e-01	2.361474724144209392e-01	9.767151357888849417e-02	1.031084043570962422e-01	9.423206753482533948e-02	2.535715832843382644e-02	1.792461682459252706e-02
6.918011405527055331e+02	4.287185942059367205e-01	2.359747148616283818e-01	9.799728543064997743e-02	1.032030418479931294e-01	9.436951970826082392e-02	2.553398114232621752e-02	1.803881856536003470e-02
6.966389107663608229e+02	4.280517957861006972e-01	2.358033761990490640e-01	9.832053974427409915e-02	1.032941668031076426e-01	9.450396990214705861e-02	2.570985885575723454e-02	1.815224847171947181e-02
7.014766809800161127e+02	4.273941652320494833e-01	2.356334476113788323e-01	9.864130749021300659e-02	1.033818635613933112e-01	9.463546980928325136e-02	2.588479184702161678e-02	1.826491021081574559e-02
7.063144511936714025e+02	4.267455435997102309e-01	2.354649200430334322e-01	9.895961897799099294e-02	1.034662146684820899e-01	9.476407027177150000e-02	2.605878067471254292e-02	1.837680752645446877e-02
7.111522214073266923e+02	4.261057751549986450e-01	2.352977842221318228e-01	9.927550387422391653e-02	1.035473009109442455e-01	9.488982129486241146e-02	2.623182607077422304e-02	1.848794423421997943e-02
7.159899916209819821e+02	4.254747072979202516e-01	2.351320306828566242e-01	9.958899122015471561e-02	1.036252013500676833e-01	9.501277206059335900e-02	2.640392893377745132e-02	1.859832421678513786e-02
7.208277618346371582e+02	4.248521904889532852e-01	2.349676497862959457e-01	9.990010944871455245e-02	1.036999933551522451e-01	9.513297094122104280e-02	2.657509032241160349e-02	1.870795141940651690e-02
7.256655320482924481e+02	4.242380781776208809e-01	2.348046317398645999e-01	1.002088864011195929e-01	1.037717526363149401e-01	9.525046551244996385e-02	2.674531144918657066e-02	1.881682984559869543e-02
7.305033022619478515e+02	4.236322267331639746e-01	2.346429666153961868e-01	1.005153493430132189e-01	1.038405532768034989e-01	9.536530256645839310e-02	2.691459367433840857e-02	1.892496355298156629e-02
7.353410724756030277e+02	4.230344953772327554e-01	2.344826443659916715e-01	1.008195249801635274e-01	1.039064677648161572e-01	9.547752812472372341e-02	2.708293849993257882e-02	1.903235664929483692e-02
7.401788426892584312e+02	4.224447461185155128e-01	2.343236548417050313e-01	1.011214394737261352e-01	1.039695670248266673e-01	9.558718745064903599e-02	2.725034756415884926e-02	1.913901328857393544e-02
7.450166129029136073e+02	4.218628436892316591e-01	2.341659878041404685e-01	1.014211184550820877e-01	1.040299204484141371e-01	9.569432506199294919e-02	2.741682263581208048e-02	1.924493766748180609e-02
7.498543831165690108e+02	4.212886554834155417e-01	2.340096329400319086e-01	1.017185870402607939e-01	1.040875959245979032e-01	9.579898474310465095e-02	2.758236560895323611e-02	1.935013402179119185e-02
7.546921533302243006e+02	4.207220514969250980e-01	2.338545798738704828e-01	1.020138698439575359e-01	1.041426598696784389e-01	9.590120955696626592e-02	2.774697849774519082e-02	1.945460662301221749e-02
7.595299235438793630e+02	4.201629042691094607e-01	2.337008181796414452e-01	1.023069909931555999e-01	1.041951772565858497e-01	9.600104185704479154e-02	2.791066343145796880e-02	1.955835977516016955e-02
7.643676937575347665e+02	4.196110888260744520e-01	2.335483373917281724e-01	1.025979741403624107e-01	1.042452116437377896e-01	9.609852329895564316e-02	2.807342264963825704e-02	1.966139781165857428e-02
7.692054639711900563e+02	4.190664826254882347e-01	2.333971270150372868e-01	1.028868424764691342e-01	1.042928252034094616e-01	9.619369485194019520e-02	2.823525849743814542e-02	1.976372509237285871e-02
7.740432341848452324e+02	4.185289655028704980e-01	2.332471765343952508e-01	1.031736187432434476e-01	1.043380787496184930e-01	9.628659681015941385e-02	2.839617342109823986e-02	1.986534600076992826e-02
7.788810043985006359e+02	4.179984196193131663e-01	2.330984754232638678e-01	1.034583252454644442e-01	1.043810317655281816e-01	9.637726880380606542e-02	2.855616996358029819e-02	1.996626494119921671e-02
7.837187746121558121e+02	4.174747294105813356e-01	2.329510131518187643e-01	1.037409838627090519e-01	1.044217424303725134e-01	9.646574981003770699e-02	2.871525076034490628e-02	2.006648633629093403e-02
7.885565448258112156e+02	4.169577815375475893e-01	2.328047791944321543e-01	1.040216160607987800e-01	1.044602676459071983e-01	9.655207816373274909e-02	2.887341853526956964e-02	2.016601462446720658e-02
7.933943150394665054e+02	4.164474648379120625e-01	2.326597630365990765e-01	1.043002429029160072e-01	1.044966630623908321e-01	9.663629156807219955e-02	2.903067609670293564e-02	2.026485425756218914e-02
7.982320852531219089e+02	4.159436702791664553e-01	2.325159541813429098e-01	1.045768850603980560e-01	1.045309831041008747e-01	9.671842710494901740e-02	2.918702633365091378e-02	2.036300969854713469e-02
8.030698554667769713e+02	4.154462909127587533e-01	2.323733421551342770e-01	1.048515628232181834e-01	1.045632809943890656e-01	9.679852124520794965e-02	2.934247221209053749e-02	2.046048541935662629e-02
8.079076256804323748e+02	4.149552218294195183e-01	2.322319165133553409e-01	1.051242961101613999e-01	1.045936087802814413e-01	9.687660985871775210e-02	2.949701677140760883e-02	2.055728589881235246e-02
8.127453958940876646e+02	4.144703601156113915e-01	2.320916668453387177e-01	1.053951044787038022e-01	1.046220173566278500e-01	9.695272822427858372e-02	2.965066312095424386e-02	2.065341562064081093e-02
8.175831661077428407e+02	4.139916048110653946e-01	2.319525827790095418e-01	1.056640071346032078e-01	1.046485564898066434e-01	9.702691103936655903e-02	2.980341443672254384e-02	2.074887907158149553e-02
8.224209363213982442e+02	4.135188568673690557e-01	2.318146539851561050e-01	1.059310229412092907e-01	1.046732748409897606e-01	9.709919242971816467e-02	2.995527395813075283e-02	2.084368073958230497e-02
8.272587065350534203e+02	4.130520191075732761e-01	2.316778701813538843e-01	1.061961704285006997e-01	1.046962199889737571e-01	9.716960595875663576e-02	3.010624498491837678e-02	2.093782511207884986e-02
8.320964767487085965e+02	4.125909961867857967e-01	2.315422211355656068e-01	1.064594678018570967e-01	1.047174384525828006e-01	9.723818463686281777e-02	3.025633087414676334e-02	2.103131667435463939e-02
8.369342469623640000e+02	4.121356945537207883e-01	2.314076966694387227e-01	1.067209329505733190e-01	1.047369757126490608e-01	9.730496093049272044e-02	3.040553503730189511e-02	2.112415990797907386e-02
8.417720171760191761e+02	4.116860224131750345e-01	2.312742866613204107e-01	1.069805834561230184e-01	1.047548762335765160e-01	9.736996677114422016e-02	3.055386093749608636e-02	2.121635928932035994e-02
8.466097873896745796e+02	4.112418896894029507e-01	2.311419810490087379e-01	1.072384366001788714e-01	1.047711834844940737e-01	9.743323356417499248e-02	3.070131208676547471e-02	2.130791928813052794e-02
8.514475576033297557e+02	4.108032079903632949e-01	2.310107698322574343e-01	1.074945093723963657e-01	1.047859399600041125e-01	9.749479219747431147e-02	3.084789204346029962e-02	2.139884436619985536e-02
8.562853278169851592e+02	4.103698905728112578e-01	2.308806430750509342e-01	1.077488184779678976e-01	1.047991872005320790e-01	9.755467304999053402e-02	3.099360440972492164e-02	2.148913897607799758e-02
8.611230980306403353e+02	4.099418523082121735e-01	2.307515909076647553e-01	1.080013803449538096e-01	1.048109658122836768e-01	9.761290600011701679e-02	3.113845282906485545e-02	2.157880755985937954e-02
8.659608682442956251e+02	4.095190096494514265e-01	2.306236035285257613e-01	1.082522111313967694e-01	1.048213154868152114e-01	9.766952043393825611e-02	3.128244098399788481e-02	2.166785454803033320e-02
8.707986384579510286e+02	4.091012805983194611e-01	2.304966712058857115e-01	1.085013267322258723e-01	1.048302750202234762e-01	9.772454525333874875e-02	3.142557259378672696e-02	2.175628435837564587e-02
8.756364086716062047e+02	4.086885846737480232e-01	2.303707842793205895e-01	1.087487427859566563e-01	1.048378823319610492e-01	9.777800888397661372e-02	3.156785141225050551e-02	2.184410139494219125e-02
8.804741788852616082e+02	4.082808428807777612e-01	2.302459331610677562e-01	1.089944746811927073e-01	1.048441744832831618e-01	9.782993928312423704e-02	3.170928122565260660e-02	2.193131004705747497e-02
8.853119490989170117e+02	4.078779776802358148e-01	2.301221083372115561e-01	1.092385375629351257e-01	1.048491876953320245e-01	9.788036394737792412e-02	3.184986585066239967e-02	2.201791468840095037e-02
8.901497193125721878e+02	4.074799129591042401e-01	2.299993003687280657e-01	1.094809463387052401e-01	1.048529573668647435e-01	9.792930992023894665e-02	3.198960913238848430e-02	2.210391967612603675e-02
8.949874895262273640e+02	4.070865740015607859e-01	2.298774998923985013e-01	1.097217156844861180e-01	1.048555180916307256e-01	9.797680379956767716e-02	3.212851494248112477e-02	2.218932935003083140e-02
8.998252597398827675e+02	4.066978874606720917e-01	2.297566976216001977e-01	1.099608600504883710e-01	1.048569036754044559e-01	9.802287174491329524e-02	3.226658717730171433e-02	2.227414803177565211e-02
9.046630299535379436e+02	4.063137813307235446e-01	2.296368843469838161e-01	1.101983936667453590e-01	1.048571471526797277e-01	9.806753948472084204e-02	3.240382975615702099e-02	2.235838002414550219e-02
9.095008001671932334e+02	4.059341849201678620e-01	2.295180509370444710e-01	1.104343305485429860e-01	1.048562808030309296e-01	9.811083232341764881e-02	3.254024661959619563e-02	2.244202961035569183e-02
9.143385703808486369e+02	4.055590288251760822e-01	2.294001883385946017e-01	1.106686845016890408e-01	1.048543361671474272e-01	9.815277514838124939e-02	3.267584172776844681e-02	2.252510105339892987e-02
9.191763405945038130e+02	4.051882449037751965e-01	2.292832875771448897e-01	1.109014691276268005e-01	1.048513440625465643e-01	9.819339243679063578e-02	3.281061905883948804e-02	2.260759859543211986e-02
9.240141108081592165e+02	4.048217662505574355e-01	2.291673397572003279e-01	1.111326978283977557e-01	1.048473345989712202e-01	9.823270826236282782e-02	3.294458260746477990e-02	2.268952645720137204e-02
9.288518810218145063e+02	4.044595271719456098e-01	2.290523360624769078e-01	1.113623838114577991e-01	1.048423371934773946e-01	9.827074630197665805e-02	3.307773638331779065e-02	2.277088883750361809e-02
9.336896512354697961e+02	4.041014631620012953e-01	2.289382677560452273e-01	1.115905400943514592e-01	1.048363805852173813e-01	9.830752984218567303e-02	3.321008440967145731e-02	2.285168991268334004e-02
9.385274214491247449e+02	4.037475108787612621e-01	2.288251261804059022e-01	1.118171795092484794e-01	1.048294928499242662e-01	9.834308178562184422e-02	3.334163072203108480e-02	2.293193383616298764e-02
9.433651916627801484e+02	4.033976081210892684e-01	2.287129027575017237e-01	1.120423147073468795e-01	1.048217014141028941e-01	9.837742465729229502e-02	3.347237936681708714e-02	2.301162473800569264e-02
9.482029618764355519e+02	4.030516938060297316e-01	2.286015889886715280e-01	1.122659581631464815e-01	1.048130330689330258e-01	9.841058061077029295e-02	3.360233440009587069e-02	2.309076672450893417e-02
9.530407320900908417e+02	4.027097079466513962e-01	2.284911764545498047e-01	1.124881221785970220e-01	1.048035139838895957e-01	9.844257143428290779e-02	3.373149988635732593e-02	2.316936387782786780e-02
9.578785023037459041e+02	4.023715916303683415e-01	2.283816568149163173e-01	1.127088188871244873e-01	1.047931697200858436e-01	9.847341855669643207e-02	3.385987989733739434e-02	2.324742025562709022e-02
9.627162725174014213e+02	4.020372869977272279e-01	2.282730218084993989e-01	1.129280602575395975e-01	1.047820252433439708e-01	9.850314305340182597e-02	3.398747851088426697e-02	2.332493989075962518e-02
9.675540427310568248e+02	4.017067372216484022e-01	2.281652632527366165e-01	1.131458580978318557e-01	1.047701049369987591e-01	9.853176565210160220e-02	3.411429980986668137e-02	2.340192679097195111e-02
9.723918129447120009e+02	4.013798864871110927e-01	2.280583730434959377e-01	1.133622240588527119e-01	1.047574326144392054e-01	9.855930673849981616e-02	3.424034788112314404e-02	2.347838493863402612e-02
9.772295831583674044e+02	4.010566799712705355e-01	2.279523431547605672e-01	1.135771696378914397e-01	1.047440315313928755e-01	9.858578636189693767e-02	3.436562681445046868e-02	2.355431829049318276e-02
9.820673533720223531e+02	4.007370638239982630e-01	2.278471656382805854e-01	1.137907061821466781e-01	1.047299243979580852e-01	9.861122424069106163e-02	3.449014070163057555e-02	2.362973077745084832e-02
9.869051235856777566e+02	4.004209851488340077e-01	2.277428326231937805e-01	1.140028448920970966e-01	1.047151333903887371e-01	9.863563976778716436e-02	3.461389363549413623e-02	2.370462630436116075e-02
9.917428937993331601e+02	4.001083919843406167e-01	2.276393363156184180e-01	1.142135968247742495e-01	1.046996801626364493e-01	9.865905201591596008e-02	3.473688970901995382e-02	2.377900874985045335e-02
9.965806640129884499e+02	3.997992332858515407e-01	2.275366689982200596e-01	1.144229728969405752e-01	1.046835858576546513e-01	9.868147974286378687e-02	3.485913301446883633e-02	2.385288196615673040e-02
