0.000000000000000000e+00	1.001577133818242871e+00	5.875994440249584402e-35	9.777835658318905377e-04	3.393335003200782282e-33	5.155028772811700659e-25	4.521467863845844617e-04	6.546081600034008192e-04
4.837770213655283591e+00	9.818539680825647542e-01	1.784507315478227676e-02	1.380089945911100891e-03	8.359761794469189604e-05	1.396211734358252009e-03	6.264584344692185076e-04	4.762733604324687411e-04
9.675540427310567182e+00	9.630679640048571688e-01	3.450166232057304272e-02	1.869339778195123602e-03	3.246825713300287167e-04	2.796857935839768342e-03	6.599191505216762000e-04	4.412465691459780239e-04
1.451331064096584811e+01	9.451648122280875697e-01	5.004695306439341934e-02	2.435437938423942218e-03	7.094598676918920360e-04	4.199983254774232976e-03	6.699264258626002255e-04	4.350995512290257387e-04
1.935108085462113081e+01	9.280935878064072719e-01	6.455312646862504389e-02	3.070645479161841600e-03	1.225102581797506487e-03	5.603787855446327321e-03	6.789785121683312953e-04	4.364436268564122730e-04
2.418885106827641707e+01	9.118065345347012851e-01	7.808768984788112821e-02	3.768103636539178215e-03	1.859687637218216619e-03	7.006616820650185193e-03	6.915983129757161726e-04	4.414415404969538248e-04
2.902662128193169622e+01	8.962588627072163305e-01	9.071378050455783382e-02	4.521524892946837855e-03	2.602135806241412386e-03	8.406950261498570900e-03	7.088730495310650685e-04	4.495451084706172874e-04
3.386439149558698603e+01	8.814085598167936686e-01	1.024904487739224657e-01	5.325106580931978327e-03	3.442155628941450697e-03	9.803394078784553531e-03	7.312050643104399655e-04	4.608023867780170683e-04
3.870216170924226162e+01	8.672162134301542036e-01	1.134729225508174233e-01	6.173488413593253808e-03	4.370190992316349242e-03	1.119467133204391125e-02	7.588346719446176832e-04	4.753509395928066971e-04
4.353993192289755143e+01	8.536448454659973928e-01	1.237128546576368449e-01	7.061720065793577680e-03	5.377372131093809474e-03	1.257961417651312121e-02	7.919417774676302049e-04	4.933240559601571439e-04
4.837770213655283413e+01	8.406597571417172565e-01	1.332585541947256536e-01	7.985232289562478256e-03	6.455469827993098701e-03	1.395715633098607196e-02	8.306676888698905949e-04	5.148348566081015470e-04
5.321547235020811684e+01	8.282283838999546788e-01	1.421552029158160979e-01	8.939810224561988219e-03	7.596852605764745081e-03	1.532632604201461697e-02	8.751216568070932771e-04	5.399749855432469780e-04
5.805324256386339954e+01	8.163201596703737462e-01	1.504450575989591532e-01	9.921568549904677750e-03	8.794446716810814732e-03	1.668623951214696921e-02	9.253843493098092834e-04	5.688159329572105858e-04
6.289101277751868224e+01	8.049063898636700243e-01	1.581676393197017361e-01	1.092692831640034411e-02	1.004169874877509916e-02	1.803609476199456024e-02	9.815105807179991867e-04	6.014107392024564376e-04
6.772878299117397205e+01	7.939601325338135895e-01	1.653599104743915249e-01	1.195259534088704244e-02	1.133254067625993379e-02	1.937516589787760882e-02	1.043531744610515710e-03	6.377956626219670900e-04
7.256655320482924765e+01	7.834560871810032356e-01	1.720564403465701386e-01	1.299554005809688655e-02	1.266135719983108553e-02	2.070279775863190924e-02	1.111458046463587599e-03	6.779917398652800112e-04
7.740432341848452324e+01	7.733704907019334218e-01	1.782895599580732460e-01	1.405297873348825520e-02	1.402295522376401440e-02	2.201840091687312304e-02	1.185280564151981568e-03	7.220062321780397864e-04
8.224209363213981305e+01	7.636810200258816739e-01	1.840895068984456651e-01	1.512235594700907931e-02	1.541253533361031623e-02	2.332144701161737235e-02	1.264973150956918806e-03	7.698339629409987894e-04
8.707986384579510286e+01	7.543667010049756039e-01	1.894845607813752109e-01	1.620132826368813825e-02	1.682566514366521521e-02	2.461146439065571220e-02	1.350494192575941999e-03	8.214585535261623595e-04
9.191763405945040688e+01	7.454078231549108313e-01	1.945011699348546952e-01	1.728774901246421525e-02	1.825825439283617138e-02	2.588803404248175496e-02	1.441788228445123766e-03	8.768535644691383439e-04
9.675540427310566827e+01	7.367858598685019800e-01	1.991640698925038477e-01	1.837965409981073134e-02	1.970653167528660030e-02	2.715078579888255406e-02	1.538787446912773943e-03	9.359835485633976552e-04
1.015931744867609581e+02	7.284833937488658373e-01	2.034963942167501705e-01	1.947524878952482455e-02	2.116702269959281832e-02	2.839939479052877927e-02	1.641413063146834970e-03	9.988050220525184104e-04
1.064309447004162337e+02	7.204840467318773811e-01	2.075197781502107763e-01	2.057289538454751265e-02	2.263652997703938935e-02	2.963357813904669499e-02	1.749576588056539093e-03	1.065267359683447039e-03
1.112687149140715235e+02	7.127724146888965162e-01	2.112544555594876861e-01	2.167110175088643106e-02	2.411211384611926245e-02	3.085309187012658799e-02	1.863180995949296429e-03	1.135313618995807943e-03
1.161064851277267991e+02	7.053340062207472672e-01	2.147193496055356254e-01	2.276851062764312372e-02	2.559107474632912188e-02	3.205772803322520098e-02	1.982121798121601244e-03	1.208881298859521523e-03
1.209442553413820747e+02	6.981551853726112311e-01	2.179321575466579841e-01	2.386388967082168563e-02	2.707093665998413015e-02	3.324731201435714156e-02	2.106288029095185459e-03	1.285903036934098707e-03
1.257820255550373645e+02	6.912231180169784439e-01	2.209094300538987921e-01	2.495612218203032209e-02	2.854943164604541866e-02	3.442170002934755862e-02	2.235563151754394948e-03	1.366307250406517118e-03
1.306197957686926259e+02	6.845257216681431833e-01	2.236666453940154009e-01	2.604419847639854665e-02	3.002448539488130480e-02	3.558077678573816349e-02	2.369825887215674942e-03	1.450018724069050561e-03
1.354575659823479441e+02	6.780516185070204482e-01	2.262182788122229227e-01	2.712720784703436319e-02	3.149420373749193397e-02	3.672445330230600380e-02	2.508950974863146180e-03	1.536959149522487342e-03
1.402953361960032339e+02	6.717900914093564158e-01	2.285778674253985954e-01	2.820433108615153645e-02	3.295686004703710786e-02	3.785266487587133494e-02	2.652809867613710806e-03	1.627047619032520511e-03
1.451331064096584669e+02	6.657310427837850320e-01	2.307580709163206401e-01	2.927483352561980473e-02	3.441088347453808566e-02	3.896536918574191460e-02	2.801271367129165753e-03	1.720201077326555727e-03
1.499708766233137851e+02	6.598649560386852242e-01	2.327707283007077188e-01	3.033805856214245519e-02	3.585484796439398353e-02	4.006254452676831501e-02	2.954202203369885558e-03	1.816334734393601881e-03
1.548086468369690749e+02	6.541828595084977493e-01	2.346269110212321485e-01	3.139342163455717538e-02	3.728746199887924412e-02	4.114418816257139899e-02	3.111467562583164655e-03	1.915362442140289105e-03
1.596464170506243647e+02	6.486762926811008301e-01	2.363369726062266030e-01	3.244040462289788512e-02	3.870755902408567345e-02	4.221031479105179229e-02	3.272931567537966033e-03	2.017197037560354653e-03
1.644841872642796261e+02	6.433372745780785440e-01	2.379105951154167620e-01	3.347855064085730747e-02	4.011408851285678395e-02	4.326095511480417682e-02	3.438457713555189994e-03	2.121750654892301351e-03
1.693219574779349159e+02	6.381582741492888289e-01	2.393568325806194608e-01	3.450745919516099575e-02	4.150610762314574376e-02	4.429615450953900552e-02	3.607909263637533101e-03	2.228935009069447047e-03
1.741597276915902057e+02	6.331321825520919155e-01	2.406841516358861899e-01	3.552678168711251999e-02	4.288277341292569961e-02	4.531597178406295695e-02	3.781149605774275502e-03	2.338661652607502018e-03
1.789974979052454671e+02	6.282522871939724141e-01	2.419004695189831133e-01	3.653621723320385484e-02	4.424333557530352873e-02	4.632047802578891788e-02	3.958042575282959448e-03	2.450842207926333220e-03
1.838352681189008138e+02	6.235122474251226787e-01	2.430131896143247483e-01	3.753550878321264272e-02	4.558712965984739601e-02	4.730975552613880808e-02	4.138452744850801626e-03	2.565388576964058604e-03
1.886730383325560467e+02	6.189060717748799956e-01	2.440292346964666736e-01	3.852443951563559038e-02	4.691357074834440199e-02	4.828389678056922013e-02	4.322245684752927704e-03	2.682213129812345900e-03
1.935108085462113081e+02	6.144280966327617666e-01	2.449550780229641234e-01	3.950282949164142521e-02	4.822214755526813001e-02	4.924300355829331483e-02	4.509288195551233377e-03	2.801228873981209243e-03
1.983485787598666263e+02	6.100729662812525156e-01	2.457967724157712752e-01	4.047053254997363958e-02	4.951241692516549636e-02	5.018718603709301090e-02	4.699448515416044213e-03	2.922349605789104510e-03
2.031863489735219162e+02	6.058356141934916339e-01	2.465599774613473072e-01	4.142743342639846477e-02	5.078399870097686369e-02	5.111656199891557312e-02	4.892596504061989121e-03	3.045490045269189962e-03
2.080241191871772060e+02	6.017112455146145233e-01	2.472499849512101999e-01	4.237344508238207602e-02	5.203657093899109742e-02	5.203125608222952669e-02	5.088603805148899512e-03	3.170565955884760857e-03
2.128618894008324673e+02	5.976953206507474858e-01	2.478717426767993171e-01	4.330850622869882732e-02	5.326986544771548926e-02	5.293139908737690136e-02	5.287343988867471319e-03	3.297494250255581221e-03
2.176996596144877287e+02	5.937835398945603416e-01	2.484298766851380791e-01	4.423257903062254720e-02	5.448366362941672869e-02	5.381712733140438937e-02	5.488692676307162926e-03	3.426193083011744300e-03
2.225374298281430470e+02	5.899718290208677551e-01	2.489287120948948384e-01	4.514564698224161204e-02	5.567779260446923534e-02	5.468858204908532555e-02	5.692527647089853232e-03	3.556581931812324848e-03
2.273752000417983652e+02	5.862563257900621494e-01	2.493722925659945522e-01	4.604771293826817602e-02	5.685212159993836833e-02	5.554590883705901733e-02	5.898728931646559162e-03	3.688581667492104796e-03
2.322129702554535982e+02	5.826333673011757641e-01	2.497643985099036457e-01	4.693879729248770505e-02	5.800655858503316054e-02	5.638925713821450747e-02	6.107178889415492209e-03	3.822114614230701611e-03
2.370507404691088880e+02	5.790994781401220814e-01	2.501085641220721634e-01	4.781893629271927182e-02	5.914104713719227358e-02	5.721877976363346635e-02	6.317762274147441931e-03	3.957104600574133310e-03
2.418885106827641494e+02	5.756513592721805850e-01	2.504080933127434405e-01	4.868818048283408972e-02	6.025556352362281681e-02	5.803463244958239481e-02	6.530366287418541346e-03	4.093477002078951474e-03
2.467262808964194392e+02	5.722858776310693063e-01	2.506660746074085844e-01	4.954659326301200095e-02	6.135011398409905697e-02	5.883697344720827810e-02	6.744880621370295468e-03	4.231158776293265401e-03
2.515640511100747290e+02	5.690000563600279282e-01	2.508853950835705504e-01	5.039424956000654321e-02	6.242473220175143167e-02	5.962596314274519471e-02	6.961197491622167152e-03	4.370078490736960079e-03
2.564018213237300188e+02	5.657910656632020308e-01	2.510687534061675219e-01	5.123123459974096572e-02	6.347947694943982533e-02	6.040176370618288715e-02	7.179211661232517104e-03	4.510166344494951143e-03
2.612395915373852517e+02	5.626562142283112467e-01	2.512186720199701684e-01	5.205764277507295840e-02	6.451442990011276024e-02	6.116453876648238891e-02	7.398820456518908142e-03	4.651354183992228476e-03
2.660773617510405415e+02	5.595929411840953049e-01	2.513375085534936271e-01	5.287357660204766024e-02	6.552969359030913488e-02	6.191445311154900044e-02	7.619923775488582005e-03	4.793575513477369571e-03
2.709151319646958882e+02	5.565988085583857270e-01	2.514274664854348473e-01	5.367914575840791735e-02	6.652538952666571526e-02	6.265167241129054876e-02	7.842424089573748341e-03	4.936765500702114395e-03
2.757529021783511780e+02	5.536714942048509558e-01	2.514906051213448568e-01	5.447446619855095956e-02	6.750165642595357118e-02	6.337636296219802123e-02	8.066226439314129470e-03	5.080860978248129614e-03
2.805906723920064678e+02	5.508087851685171676e-01	2.515288489251583659e-01	5.525965933951304532e-02	6.845864857978482820e-02	6.408869145198849149e-02	8.291238424580599231e-03	5.225800440918209125e-03
2.854284426056617008e+02	5.480085714620964721e-01	2.515439962473141611e-01	5.603485131292978982e-02	6.939653433570810992e-02	6.478882474294606064e-02	8.517370189888505763e-03	5.371524039577581580e-03
2.902662128193169337e+02	5.452688402269511014e-01	2.515377274885010062e-01	5.680017227826223564e-02	7.031549468695152960e-02	6.547692967268592401e-02	8.744534405307223535e-03	5.517973571801639693e-03
2.951039830329722804e+02	5.425876702542073993e-01	2.515116127355352393e-01	5.755575579289801819e-02	7.121572196357693618e-02	6.615317287115068945e-02	8.972646243433352389e-03	5.665092469659099850e-03
2.999417532466276270e+02	5.399632268431086013e-01	2.514671189035161958e-01	5.830173823503541353e-02	7.209741861828158904e-02	6.681772059272624020e-02	9.201623352858574745e-03	5.812825784934181651e-03
3.047795234602828600e+02	5.373937569751697785e-01	2.514056164161945217e-01	5.903825827553661754e-02	7.296079610052480513e-02	6.747073856243789025e-02	9.431385828529389656e-03	5.961120172067783940e-03
3.096172936739380930e+02	5.348775847840756548e-01	2.513283854544223206e-01	5.976545639519650899e-02	7.380607381307048576e-02	6.811239183525563679e-02	9.661856179364488456e-03	6.109923869075680955e-03
3.144550638875934396e+02	5.324131073025515359e-01	2.512366218006212293e-01	6.048347444411601020e-02	7.463347814542231617e-02	6.874284466760190171e-02	9.892959293466320470e-03	6.259186676681322004e-03
3.192928341012487294e+02	5.299987904686451756e-01	2.511314423053975786e-01	6.119245524009592901e-02	7.544324157898955885e-02	6.936226040021428729e-02	1.012462240123629918e-02	6.408859935881894808e-03
3.241306043149040192e+02	5.276331653749823936e-01	2.510138900007414797e-01	6.189254220317843419e-02	7.623560185915936871e-02	6.997080135157250635e-02	1.035677503667785382e-02	6.558896504148649734e-03
3.289683745285592522e+02	5.253148247456206343e-01	2.508849388826671634e-01	6.258387902366104039e-02	7.701080122976686204e-02	7.056862872115061969e-02	1.058934899714816455e-02	6.709250730446163560e-03
3.338061447422145420e+02	5.230424196261046488e-01	2.507454983846721941e-01	6.326660936109215760e-02	7.776908572574968426e-02	7.115590250180439669e-02	1.082227830179771817e-02	6.859878429239990583e-03
3.386439149558698318e+02	5.208146562732572926e-01	2.505964175620098433e-01	6.394087657192926155e-02	7.851070452004994815e-02	7.173278140064978659e-02	1.105549914891663758e-02	7.010736853648081093e-03
3.434816851695251216e+02	5.186302932321026349e-01	2.504384890054752733e-01	6.460682346370139051e-02	7.923590932108434681e-02	7.229942276783091204e-02	1.128894987238807796e-02	7.161784667878251000e-03
3.483194553831804114e+02	5.164881385881222586e-01	2.502724525021973179e-01	6.526459207366709647e-02	7.994495381734474659e-02	7.285598253261596491e-02	1.152257089743166998e-02	7.312981919081845000e-03
3.531572255968357013e+02	5.143870473838072499e-01	2.500989984597940530e-01	6.591432347009923420e-02	8.063809316591724619e-02	7.340261514629677075e-02	1.175630469580388540e-02	7.464290008742507747e-03
3.579949958104909342e+02	5.123259191891719189e-01	2.499187711091938324e-01	6.655615757445787484e-02	8.131558352191876893e-02	7.393947353140271905e-02	1.199009574060736980e-02	7.615671663708528313e-03
3.628327660241463377e+02	5.103036958165593218e-01	2.497323715004324818e-01	6.719023300283451239e-02	8.197768160604732013e-02	7.446670903677225783e-02	1.222389046084750887e-02	7.767090906967566086e-03
3.676705362378016275e+02	5.083193591706870462e-01	2.495403603048119423e-01	6.781668692516405750e-02	8.262464430762682388e-02	7.498447139805576589e-02	1.245763719586167467e-02	7.918513028253634095e-03
3.725083064514568036e+02	5.063719292254597049e-01	2.493432604359396010e-01	6.843565494080718070e-02	8.325672832069971885e-02	7.549290870325198188e-02	1.269128614973488028e-02	8.069904554567903024e-03
3.773460766651120935e+02	5.044604621196188132e-01	2.491415595013577178e-01	6.904727096920368346e-02	8.387418981088196057e-02	7.599216736290693996e-02	1.292478934580463222e-02	8.221233220687258064e-03
3.821838468787673833e+02	5.025840483638062128e-01	2.489357120957148839e-01	6.965166715439034817e-02	8.447728411084534650e-02	7.648239208462920269e-02	1.315810058134760964e-02	8.372467939727429309e-03
3.870216170924226162e+02	5.007418111520911541e-01	2.487261419457232337e-01	7.024897378226181710e-02	8.506626544243392485e-02	7.696372585159827473e-02	1.339117538253160530e-02	8.523578773820962573e-03
3.918593873060780197e+02	4.989329047714565757e-01	2.485132439164819129e-01	7.083931920953352723e-02	8.564138666355203267e-02	7.743630990476521592e-02	1.362397095970744806e-02	8.674536904964263301e-03
3.966971575197332527e+02	4.971565131031526752e-01	2.482973858881284412e-01	7.142282980344008547e-02	8.620289903808542320e-02	7.790028372846423410e-02	1.385644616310773361e-02	8.825314606082334395e-03
4.015349277333884856e+02	4.954118482102177756e-01	2.480789105111991799e-01	7.199962989127189905e-02	8.675105202723179532e-02	7.835578503917373094e-02	1.408856143901186103e-02	8.975885212354692277e-03
4.063726979470438323e+02	4.936981490058260924e-01	2.478581368485387182e-01	7.256984171891793511e-02	8.728609310072478478e-02	7.880294977718209359e-02	1.432027878643011773e-02	9.126223092841150714e-03
4.112104681606991221e+02	4.920146799974656759e-01	2.476353619110903126e-01	7.313358541764244936e-02	8.780826756653614673e-02	7.924191210093115001e-02	1.455156171435334489e-02	9.276303622441839022e-03
4.160482383743544119e+02	4.903607301022646081e-01	2.474108620944258929e-01	7.369097897838006173e-02	8.831781841773486685e-02	7.967280438382483287e-02	1.478237519960898423e-02	9.426103154221706498e-03
4.208860085880095880e+02	4.887356115290842906e-01	2.471848945224301708e-01	7.424213823288591807e-02	8.881498619527002092e-02	8.009575721330534914e-02	1.501268564535906264e-02	9.575598992126121978e-03
4.257237788016648778e+02	4.871386587232752752e-01	2.469576983041384677e-01	7.478717684112616559e-02	8.930000886552635908e-02	8.051089939201308554e-02	1.524246084027084183e-02	9.724769364110713230e-03
4.305615490153201677e+02	4.855692273702518214e-01	2.467294957093408292e-01	7.532620628433990551e-02	8.977312171157823817e-02	8.091835794085820710e-02	1.547166991838640551e-02	9.873593395705478754e-03
4.353993192289755143e+02	4.840266934542863386e-01	2.465004932682005878e-01	7.585933586324562772e-02	9.023455723713988408e-02	8.131825810384472886e-02	1.570028331971342131e-02	1.002205108403028677e-02
4.402370894426308041e+02	4.825104523691522984e-01	2.462708827997973915e-01	7.638667270090482297e-02	9.068454508227642707e-02	8.171072335449808266e-02	1.592827275155556804e-02	1.017012327227631401e-02
4.450748596562860939e+02	4.810199180774576977e-01	2.460408423741867745e-01	7.690832174979202185e-02	9.112331195000344941e-02	8.209587540375776205e-02	1.615561115059772207e-02	1.031779162466545455e-02
4.499126298699413837e+02	4.795545223157119952e-01	2.458105372122712518e-01	7.742438580265459391e-02	9.155108154296114076e-02	8.247383420920641195e-02	1.638227264575792957e-02	1.046503860189760063e-02
4.547504000835967304e+02	4.781137138423544597e-01	2.455801205275006671e-01	7.793496550677751766e-02	9.196807450940398809e-02	8.284471798551541755e-02	1.660823252181523393e-02	1.061184743709362929e-02
4.595881702972519065e+02	4.766969577261495616e-01	2.453497343131594566e-01	7.844015938129772492e-02	9.237450839779834388e-02	8.320864321599562297e-02	1.683346718382000215e-02	1.075820211224012141e-02
4.644259405109071963e+02	4.753037346725165757e-01	2.451195100787554870e-01	7.894006383724022635e-02	9.277059761936785887e-02	8.356572466514955444e-02	1.705795412229092756e-02	1.090408733514010992e-02
4.692637107245624861e+02	4.739335403855148843e-01	2.448895695387983684e-01	7.943477319997355179e-02	9.315655341797153544e-02	8.391607539212887767e-02	1.728167187920078701e-02	1.104948851687267974e-02
4.741014809382177759e+02	4.725858849633500780e-01	2.446600252570419465e-01	7.992437973380613070e-02	9.353258384674101311e-02	8.425980676500753608e-02	1.750460001475111910e-02	1.119439174976281579e-02
4.789392511518730657e+02	4.712602923253995102e-01	2.444309812490677025e-01	8.040897366846702643e-02	9.389889375094287449e-02	8.459702847578766394e-02	1.772671907493419963e-02	1.133878378586165858e-02
4.837770213655284124e+02	4.699562996688826377e-01	2.442025335458991031e-01	8.088864322723485212e-02	9.425568475656780076e-02	8.492784855606086425e-02	1.794801055987917116e-02	1.148265201593619105e-02
4.886147915791837022e+02	4.686734569534181105e-01	2.439747707211634975e-01	8.136347465649830524e-02	9.460315526418318355e-02	8.525237339325347774e-02	1.816845689297767741e-02	1.162598444896633526e-02
4.934525617928388783e+02	4.674113264118203159e-01	2.437477743841555133e-01	8.183355225654871667e-02	9.494150044761684448e-02	8.557070774738935459e-02	1.838804139078321909e-02	1.176876969214654331e-02
4.982903320064942250e+02	4.661694820855912802e-01	2.435216196410034672e-01	8.229895841342191320e-02	9.527091225707012834e-02	8.588295476830838659e-02	1.860674823367713254e-02	1.191099693138811602e-02
5.031281022201495148e+02	4.649475093836590855e-01	2.432963755259985872e-01	8.275977363162190237e-02	9.559157942628561389e-02	8.618921601328413673e-02	1.882456243729326018e-02	1.205265591231775846e-02
5.079658724338048046e+02	4.637450046630065548e-01	2.430721054050130614e-01	8.321607656757278038e-02	9.590368748342115168e-02	8.648959146498713668e-02	1.904146982469236138e-02	1.219373692176722521e-02
5.128036426474600376e+02	4.625615748299161667e-01	2.428488673528089725e-01	8.366794406365862802e-02	9.620741876530618242e-02	8.678417954974550208e-02	1.925745699927656346e-02	1.233423076974829967e-02
5.176414128611153274e+02	4.613968369606374909e-01	2.426267145059234631e-01	8.411545118272342747e-02	9.650295243477857721e-02	8.707307715605708265e-02	1.947251131843344418e-02	1.247412877190686928e-02
5.224791830747705035e+02	4.602504179403580364e-01	2.424056953927071212e-01	8.455867124291358006e-02	9.679046450082173791e-02	8.735637965331169430e-02	1.968662086789879292e-02	1.261342273244937806e-02
5.273169532884259070e+02	4.591219541194264120e-01	2.421858542419896843e-01	8.499767585275737336e-02	9.707012784124133264e-02	8.763418091068451987e-02	1.989977443682644856e-02	1.275210492753457714e-02
5.321547235020811968e+02	4.580110909858425838e-01	2.419672312717528750e-01	8.543253494638394785e-02	9.734211222763941573e-02	8.790657331616506809e-02	2.011196149355332086e-02	1.289016808912309478e-02
5.369924937157364866e+02	4.569174828530911947e-01	2.417498629591008363e-01	8.586331681879437461e-02	9.760658435246094555e-02	8.817364779568864774e-02	2.032317216204717475e-02	1.302760538927714463e-02
5.418302639293917764e+02	4.558407925624493040e-01	2.415337822927347278e-01	8.629008816110521340e-02	9.786370785790383942e-02	8.843549383234027006e-02	2.053339719902455909e-02	1.316441042490234040e-02
5.466680341430470662e+02	4.547806911989558110e-01	2.413190190090610254e-01	8.671291409569262254e-02	9.811364336649860962e-02	8.869219948560272404e-02	2.074262797172594583e-02	1.330057720292346715e-02
5.515058043567023560e+02	4.537368578202766733e-01	2.411055998129893185e-01	8.713185821117250263e-02	9.835654851317764125e-02	8.894385141062330358e-02	2.095085643633491645e-02	1.343610012588584111e-02
5.563435745703576458e+02	4.527089791977497168e-01	2.408935485844075908e-01	8.754698259715815167e-02	9.859257797866735618e-02	8.919053487747546916e-02	2.115807511702816682e-02	1.357097397797378015e-02
5.611813447840129356e+02	4.516967495689346856e-01	2.406828865712590804e-01	8.795834787874347305e-02	9.882188352404859544e-02	8.943233379039389197e-02	2.136427708564289998e-02	1.370519391143756698e-02
5.660191149976681118e+02	4.506998704010364287e-01	2.404736325700854993e-01	8.836601325066512080e-02	9.904461402634186229e-02	8.966933070696286867e-02	2.156945594194814575e-02	1.383875543342029044e-02
5.708568852113234016e+02	4.497180501646062534e-01	2.402658030948446877e-01	8.877003651110204618e-02	9.926091551498492094e-02	8.990160685724003786e-02	2.177360579450648634e-02	1.397165439317580443e-02
5.756946554249786914e+02	4.487510041169643915e-01	2.400594125347597085e-01	8.917047409507579403e-02	9.947093120907984920e-02	9.012924216279871725e-02	2.197672124211273378e-02	1.410388696966909279e-02
5.805324256386339812e+02	4.477984540948182213e-01	2.398544733019065400e-01	8.956738110741921388e-02	9.967480155529621910e-02	9.035231525567370692e-02	2.217879735579601080e-02	1.423544965955030918e-02
5.853701958522892710e+02	4.468601283155844706e-01	2.396509959692027236e-01	8.996081135528521955e-02	9.987266426632535055e-02	9.057090349719684741e-02	2.237982966137186391e-02	1.436633926549374038e-02
5.902079660659445608e+02	4.459357611869511073e-01	2.394489893994157237e-01	9.035081738017090858e-02	1.000646543597887572e-01	9.078508299670969006e-02	2.257981412253100631e-02	1.449655288489303667e-02
5.950457362795999643e+02	4.450250931242444308e-01	2.392484608657705625e-01	9.073745048943598901e-02	1.002509041975116616e-01	9.099492863014199684e-02	2.277874712445150662e-02	1.462608789890405478e-02
5.998835064932552541e+02	4.441278703751917467e-01	2.390494161646987137e-01	9.112076078729719475e-02	1.004315435250788535e-01	9.120051405844573078e-02	2.297662545792124311e-02	1.475494196182672302e-02
6.047212767069104302e+02	4.432438448516944907e-01	2.388518597212345995e-01	9.150079720528338234e-02	1.006066995115971890e-01	9.140191174587536382e-02	2.317344630395764410e-02	1.488311299081747363e-02
6.095590469205657200e+02	4.423727739682500326e-01	2.386557946875346170e-01	9.187760753213886078e-02	1.007764967895948965e-01	9.159919297810610594e-02	2.336920721891187075e-02	1.501059915592377683e-02
6.143968171342210098e+02	4.415144204866805477e-01	2.384612230349617279e-01	9.225123844316447663e-02	1.009410574949934358e-01	9.179242788018264487e-02	2.356390612004475443e-02	1.513739887043251582e-02
6.192345873478761860e+02	4.406685523668500415e-01	2.382681456401508358e-01	9.262173552898840534e-02	1.011005013070930270e-01	9.198168543429177668e-02	2.375754127156204029e-02	1.526351078152393508e-02
6.240723575615315895e+02	4.398349426230656056e-01	2.380765623654432228e-01	9.298914332376063963e-02	1.012549454885178224e-01	9.216703349735308470e-02	2.395011127109652332e-02	1.538893376122314402e-02
6.289101277751868793e+02	4.390133691858804643e-01	2.378864721340530897e-01	9.335350533276674800e-02	1.014045049250713038e-01	9.234853881842226830e-02	2.414161503662504843e-02	1.551366689764112350e-02
6.337478979888421691e+02	4.382036147690302474e-01	2.376978730003060647e-01	9.371486405945837761e-02	1.015492921654564812e-01	9.252626705590298595e-02	2.433205179380842909e-02	1.563770948649744613e-02
6.385856682024975726e+02	4.374054667412509700e-01	2.375107622152674569e-01	9.407326103189933564e-02	1.016894174608199142e-01	9.270028279456278553e-02	2.452142106374255448e-02	1.576106102291697370e-02
6.434234384161527487e+02	4.366187170027406861e-01	2.373251362880579030e-01	9.442873682862740203e-02	1.018249888040816814e-01	9.287064956235017987e-02	2.470972265110923244e-02	1.588372119349294384e-02
6.482612086298080385e+02	4.358431618660412732e-01	2.371409910431337698e-01	9.478133110393338612e-02	1.019561119690173823e-01	9.303742984700967555e-02	2.489695663271549592e-02	1.600568986860902848e-02
6.530989788434633283e+02	4.350786019411294614e-01	2.369583216737939368e-01	9.513108261256000842e-02	1.020828905490607508e-01	9.320068511249250676e-02	2.508312334641026736e-02	1.612696709501305198e-02
6.579367490571185044e+02	4.343248420245176544e-01	2.367771227921549315e-01	9.547802923382400775e-02	1.022054259957993760e-01	9.336047581516110361e-02	2.526822338036768117e-02	1.624755308863520126e-02
6.627745192707737942e+02	4.335816909921771378e-01	2.365973884758234003e-01	9.582220799516602550e-02	1.023238176571376751e-01	9.351686141978562961e-02	2.545225756272631243e-02	1.636744822764375773e-02
6.676122894844290840e+02	4.328489616961061492e-01	2.364191123114783299e-01	9.616365509513354060e-02	1.024381628151047052e-01	9.366990041533158895e-02	2.563522695157410825e-02	1.648665304573145030e-02
6.724500596980843738e+02	4.321264708643762220e-01	2.362422874355628311e-01	9.650240592580258681e-02	1.025485567232862355e-01	9.381965033053740743e-02	2.581713282526878345e-02	1.660516822562575420e-02
6.772878299117396637e+02	4.314140390044980955e-01	2.360669065722715565e-01	9.683849509464514949e-02	1.026550926438629524e-01	9.396616774928169546e-02	2.599797667308377525e-02	1.672299459281653342e-02
6.821256001253949535e+02	4.307114903099589776e-01	2.358929620690085882e-01	9.717195644584898651e-02	1.027578618842385216e-01	9.410950832573983238e-02	2.617776018617018821e-02	1.684013310949465311e-02
6.869633703390502433e+02	4.300186525697892170e-01	2.357204459294792165e-01	9.750282308109781138e-02	1.028569538332432531e-01	9.424972679932983044e-02	2.635648524882515387e-02	1.695658486869525833e-02
6.918011405527055331e+02	4.293353570810261033e-01	2.355493498445679068e-01	9.783112737981961016e-02	1.029524559969009628e-01	9.438687700944800585e-02	2.653415393005744208e-02	1.707235108863965067e-02
6.966389107663608229e+02	4.286614385639486158e-01	2.353796652211458118e-01	9.815690101891180741e-02	1.030444540337477621e-01	9.452101190999458169e-02	2.671076847544138350e-02	1.718743310726970897e-02
7.014766809800161127e+02	4.279967350799634973e-01	2.352113832089412493e-01	9.848017499195155233e-02	1.031330317896936855e-01	9.465218358369029139e-02	2.688633129925024554e-02	1.730183237696912915e-02
7.063144511936714025e+02	4.273410879520307959e-01	2.350444947255984629e-01	9.880097962790056199e-02	1.032182713324190093e-01	9.478044325618457944e-02	2.706084497686053053e-02	1.741555045946573121e-02
7.111522214073266923e+02	4.266943416875214612e-01	2.348789904800415995e-01	9.911934460931336177e-02	1.033002529852982687e-01	9.490584130995666223e-02	2.723431223741895960e-02	1.752858902090931315e-02
7.159899916209819821e+02	4.260563439034066313e-01	2.347148609942534547e-01	9.943529899005851269e-02	1.033790553608467805e-01	9.502842729801060095e-02	2.740673595676389185e-02	1.764094982711969517e-02
7.208277618346371582e+02	4.254269452536822427e-01	2.345520966235715987e-01	9.974887121256227618e-02	1.034547553936848302e-01	9.514824995736559377e-02	2.757811915059338662e-02	1.775263473899961475e-02
7.256655320482924481e+02	4.248059993589387573e-01	2.343906875755975006e-01	1.000600891245842089e-01	1.035274283730162198e-01	9.526535722234324988e-02	2.774846496787215788e-02	1.786364570810744512e-02
7.305033022619478515e+02	4.241933627379899097e-01	2.342306239278085234e-01	1.003689799955346518e-01	1.035971479746185808e-01	9.537979623765319159e-02	2.791777668446996513e-02	1.797398477238473791e-02
7.353410724756030277e+02	4.235888947414788719e-01	2.340718956439567233e-01	1.006755705323436195e-01	1.036639862923436767e-01	9.549161337127887172e-02	2.808605769702415475e-02	1.808365405203364237e-02
7.401788426892584312e+02	4.229924574873844545e-01	2.339144925893330562e-01	1.009798868948910133e-01	1.037280138691268616e-01	9.560085422716525783e-02	2.825331151701927085e-02	1.819265574553964593e-02
7.450166129029136073e+02	4.224039157983538462e-01	2.337584045449702663e-01	1.012819547110078156e-01	1.037892997275054879e-01	9.570756365771036778e-02	2.841954176507685559e-02	1.830099212583491744e-02
7.498543831165690108e+02	4.218231371407921704e-01	2.336036212208535412e-01	1.015817990910580920e-01	1.038479113996465669e-01	9.581178577606251634e-02	2.858475216544870134e-02	1.840866553659787491e-02
7.546921533302243006e+02	4.212499915656428007e-01	2.334501322682029090e-01	1.018794446421115024e-01	1.039039149568849879e-01	9.591356396822545149e-02	2.874894654070716052e-02	1.851567838868455745e-02
7.595299235438793630e+02	4.206843516507948189e-01	2.332979272908878299e-01	1.021749154817159638e-01	1.039573750387736834e-01	9.601294090497328182e-02	2.891212880662604595e-02	1.862203315668771106e-02
7.643676937575347665e+02	4.201260924450582190e-01	2.331469958560302425e-01	1.024682352512800154e-01	1.040083548816479880e-01	9.610995855357741535e-02	2.907430296724610938e-02	1.872773237561935200e-02
7.692054639711900563e+02	4.195750914136497367e-01	2.329973275038488556e-01	1.027594271290744044e-01	1.040569163467067459e-01	9.620465818934761937e-02	2.923547311011906458e-02	1.883277863771294636e-02
7.740432341848452324e+02	4.190312283851349018e-01	2.328489117567938138e-01	1.030485138428622882e-01	1.041031199476130931e-01	9.629708040698960192e-02	2.939564340172438894e-02	1.893717458934126435e-02
7.788810043985006359e+02	4.184943854997747459e-01	2.327017381280181152e-01	1.033355176821674215e-01	1.041470248776184826e-01	9.638726513178107191e-02	2.955481808305327265e-02	1.904092292804623193e-02
7.837187746121558121e+02	4.179644471592275923e-01	2.325557961292288867e-01	1.036204605101893744e-01	1.041886890362134360e-01	9.647525163056873410e-02	2.971300146535429260e-02	1.914402639967702907e-02
7.885565448258112156e+02	4.174412999775595767e-01	2.324110752779587896e-01	1.039033637753747352e-01	1.042281690553091139e-01	9.656107852258859203e-02	2.987019792603545776e-02	1.924648779563305212e-02
7.933943150394665054e+02	4.169248327335185467e-01	2.322675651042955813e-01	1.041842485226536358e-01	1.042655203249542445e-01	9.664478379011152975e-02	3.002641190471753985e-02	1.934830995020814584e-02
7.982320852531219089e+02	4.164149363240290946e-01	2.321252551571051370e-01	1.044631354043497884e-01	1.043007970185916289e-01	9.672640478891693372e-02	3.018164789943369314e-02	1.944949573803292017e-02
8.030698554667769713e+02	4.159115037188670927e-01	2.319841350097810451e-01	1.047400446907731930e-01	1.043340521178592467e-01	9.680597825859627026e-02	3.033591046297052021e-02	1.955004807161181760e-02
8.079076256804323748e+02	4.154144299164759802e-01	2.318441942655517229e-01	1.050149962805034948e-01	1.043653374369408332e-01	9.688354033268936627e-02	3.048920419934589982e-02	1.964996989895185370e-02
8.127453958940876646e+02	4.149236119008866686e-01	2.317054225623741970e-01	1.052880097103728180e-01	1.043947036464711459e-01	9.695912654865532221e-02	3.064153376041904575e-02	1.974926420127998822e-02
8.175831661077428407e+02	4.144389485997054812e-01	2.315678095774413858e-01	1.055591041651558204e-01	1.044222002970012497e-01	9.703277185768069413e-02	3.079290384262834898e-02	1.984793399084618798e-02
8.224209363213982442e+02	4.139603408431369314e-01	2.314313450313286169e-01	1.058282984869751836e-01	1.044478758420291503e-01	9.710451063432719299e-02	3.094331918385281877e-02	1.994598230880925693e-02
8.272587065350534203e+02	4.134876913240074781e-01	2.312960186918029681e-01	1.060956111844303662e-01	1.044717776606015475e-01	9.717437668602113554e-02	3.109278456039283461e-02	2.004341222320280350e-02
8.320964767487085965e+02	4.130209045587601158e-01	2.311618203773176117e-01	1.063610604414572114e-01	1.044939520794921223e-01	9.724240326238715870e-02	3.124130478406639266e-02	2.014022682697850369e-02
8.369342469623640000e+02	4.125598868493892679e-01	2.310287399602121428e-01	1.066246641259260691e-01	1.045144443949623525e-01	9.730862306442830678e-02	3.138888469941676640e-02	2.023642923612419681e-02
8.417720171760191761e+02	4.121045462462876730e-01	2.308967673696382117e-01	1.068864397979856357e-01	1.045332988941105046e-01	9.737306825355497575e-02	3.153552918102794228e-02	2.033202258785420102e-02
8.466097873896745796e+02	4.116547925119774520e-01	2.307658925942286665e-01	1.071464047181598378e-01	1.045505588758147697e-01	9.743577046046481005e-02	3.168124313094414224e-02	2.042701003886945171e-02
8.514475576033297557e+02	4.112105370856996567e-01	2.306361056845274704e-01	1.074045758552045898e-01	1.045662666712764283e-01	9.749676079387599448e-02	3.182603147618985606e-02	2.052139476368511004e-02
8.562853278169851592e+02	4.107716930488358731e-01	2.305073967551961589e-01	1.076609698937316256e-01	1.045804636641689683e-01	9.755606984911610602e-02	3.196989916638709461e-02	2.061517995302326878e-02
8.611230980306403353e+02	4.103381750911386794e-01	2.303797559870117140e-01	1.079156032416056510e-01	1.045931903103992366e-01	9.761372771656876002e-02	3.211285117146631812e-02	2.070836881226869805e-02
8.659608682442956251e+02	4.099098994777470861e-01	2.302531736286699549e-01	1.081684920371218106e-01	1.046044861574864510e-01	9.766976398998027109e-02	3.225489247946810439e-02	2.080096455998527855e-02
8.707986384579510286e+02	4.094867840169645334e-01	2.301276399984076015e-01	1.084196521559695897e-01	1.046143898635651937e-01	9.772420777462859087e-02	3.239602809443220544e-02	2.089297042649123151e-02
8.756364086716062047e+02	4.090687480287775735e-01	2.300031454854549740e-01	1.086690992179893261e-01	1.046229392160183402e-01	9.777708769535653488e-02	3.253626303437118228e-02	2.098438965249099786e-02
8.804741788852616082e+02	4.086557123140953096e-01	2.298796805513310115e-01	1.089168485937275777e-01	1.046301711497459180e-01	9.782843190447167159e-02	3.267560232932551628e-02	2.107522548776188942e-02
8.853119490989170117e+02	4.082475991246886649e-01	2.297572357309913549e-01	1.091629154107972149e-01	1.046361217650757097e-01	9.787826808951478885e-02	3.281405101949754627e-02	2.116548118989358684e-02
8.901497193125721878e+02	4.078443321338107164e-01	2.296358016338391483e-01	1.094073145600478886e-01	1.046408263453217635e-01	9.792662348089917201e-02	3.295161415346142125e-02	2.125516002307869731e-02
8.949874895262273640e+02	4.074458364074795558e-01	2.295153689446083611e-01	1.096500607015525736e-01	1.046443193739965277e-01	9.797352485942276146e-02	3.308829678644640421e-02	2.134426525695256455e-02
8.998252597398827675e+02	4.070520383764053562e-01	2.293959284241283147e-01	1.098911682704156734e-01	1.046466345516825491e-01	9.801899856365516028e-02	3.322410397869104970e-02	2.143280016548061717e-02
9.046630299535379436e+02	4.066628658085448267e-01	2.292774709099773267e-01	1.101306514824079291e-01	1.046478048125695642e-01	9.806307049720165703e-02	3.335904079386570187e-02	2.152076802589167337e-02
9.095008001671932334e+02	4.062782477822663996e-01	2.291599873170335755e-01	1.103685243394333937e-01	1.046478623406627423e-01	9.810576613584612304e-02	3.349311229756100211e-02	2.160817211765547058e-02
9.143385703808486369e+02	4.058981146601095547e-01	2.290434686379300977e-01	1.106048006348333002e-01	1.046468385856678396e-01	9.814711053457485235e-02	3.362632355583999866e-02	2.169501572150301510e-02
9.191763405945038130e+02	4.055223980631236791e-01	2.289279059434207453e-01	1.108394939585321121e-01	1.046447642785588716e-01	9.818712833448337007e-02	3.375867963385172088e-02	2.178130211848814182e-02
9.240141108081592165e+02	4.051510308457703657e-01	2.288132903826633202e-01	1.110726177020301825e-01	1.046416694468340347e-01	9.822584376956791652e-02	3.389018559450397705e-02	2.186703458908888231e-02
9.288518810218145063e+02	4.047839470713754939e-01	2.286996131834259094e-01	1.113041850632476015e-01	1.046375834294654000e-01	9.826328067340370231e-02	3.402084649719331472e-02	2.195221641234723631e-02
9.336896512354697961e+02	4.044210819881169372e-01	2.285868656522218323e-01	1.115342090512242007e-01	1.046325348915478348e-01	9.829946248571178047e-02	3.415066739659011058e-02	2.203685086504597601e-02
9.385274214491247449e+02	4.040623720055339652e-01	2.284750391743782250e-01	1.117627024906794886e-01	1.046265518386527149e-01	9.833441225881624226e-02	3.427965334147684007e-02	2.212094122092118226e-02
9.433651916627801484e+02	4.037077546715456267e-01	2.283641252140433953e-01	1.119896780264372782e-01	1.046196616308916194e-01	9.836815266399384639e-02	3.440780937363762532e-02	2.220449074990926003e-02
9.482029618764355519e+02	4.033571686499652365e-01	2.282541153141371959e-01	1.122151481277187390e-01	1.046118909966956417e-01	9.840070599771748305e-02	3.453514052679723667e-02	2.228750271742713923e-02
9.530407320900908417e+02	4.030105536984986414e-01	2.281450010962486619e-01	1.124391250923082453e-01	1.046032660463151187e-01	9.843209418779561015e-02	3.466165182560777824e-02	2.236998038368457134e-02
9.578785023037459041e+02	4.026678506472146646e-01	2.280367742604850756e-01	1.126616210505955312e-01	1.045938122850454538e-01	9.846233879940920197e-02	3.478734828468131590e-02	2.245192700302730757e-02
9.627162725174014213e+02	4.023290013774757368e-01	2.279294265852757906e-01	1.128826479694983870e-01	1.045835546261837529e-01	9.849146104104797295e-02	3.491223490766685866e-02	2.253334582331005184e-02
9.675540427310568248e+02	4.019939488013177797e-01	2.278229499271344216e-01	1.131022176562691273e-01	1.045725174037214489e-01	9.851948177034756948e-02	3.503631668637002816e-02	2.261424008529816509e-02
9.723918129447120009e+02	4.016626368412685721e-01	2.277173362203829543e-01	1.133203417621886783e-01	1.045607243847779949e-01	9.854642149982939525e-02	3.515959859991392433e-02	2.269461302209702450e-02
9.772295831583674044e+02	4.013350104105938843e-01	2.276125774768400778e-01	1.135370317861516820e-01	1.045481987817803715e-01	9.857230040254474912e-02	3.528208561393964687e-02	2.277446785860808010e-02
9.820673533720223531e+02	4.010110153939615008e-01	2.275086657854772654e-01	1.137522990781459908e-01	1.045349632643932519e-01	9.859713831762478842e-02	3.540378267984505695e-02	2.285380781101062700e-02
9.869051235856777566e+02	4.006905986285126398e-01	2.274055933120447126e-01	1.139661548426296606e-01	1.045210399712046684e-01	9.862095475573799674e-02	3.552469473406039135e-02	2.293263608626833899e-02
9.917428937993331601e+02	4.003737078853318310e-01	2.273033522986701305e-01	1.141786101418088978e-01	1.045064505211717870e-01	9.864376890445672452e-02	3.564482669735934139e-02	2.301095588165969971e-02
9.965806640129884499e+02	4.000602918513053718e-01	2.272019350634319201e-01	1.143896758988197510e-01	1.044912160248314265e-01	9.866559963353420393e-02	3.576418347420435434e-02	2.308877038433141543e-02
