0.000000000000000000e+00	9.983935044729362884e-01	3.505326086550486186e-34	3.031678995824083241e-03	5.228846678658935680e-36	8.137556189179278579e-04	1.195033495106270077e-03	2.560532644579417105e-34
4.837770213655283591e+00	9.789697433299031637e-01	1.794011182541110916e-02	3.202786771524617198e-03	8.244819165278425351e-05	2.028563768454102155e-03	1.194354327452699840e-03	1.596436838613695875e-05
9.675540427310567182e+00	9.604774377065357083e-01	3.467376386797010879e-02	3.469780400782493564e-03	3.201883662211835375e-04	3.265280698946866275e-03	1.194806730223826798e-03	3.271481210444259803e-05
1.451331064096584811e+01	9.428618436093251232e-01	5.028017775157225810e-02	3.824160513529057011e-03	6.995780750887866046e-04	4.520665700447158708e-03	1.196842346215501842e-03	5.070458660666400837e-05
1.935108085462113081e+01	9.260716760089544586e-01	6.483338930477196282e-02	4.258046737264091497e-03	1.207939110369775273e-03	5.791721455257766923e-03	1.200864793522042184e-03	7.033517264438176523e-05
2.418885106827641707e+01	9.100588850466904134e-01	7.840258792257888409e-02	4.764135243848974070e-03	1.833492973270827364e-03	7.075677559566786838e-03	1.207233379445442128e-03	9.196045738296645575e-05
2.902662128193169622e+01	8.947784468320039153e-01	9.105243371820846698e-02	5.335659136552128520e-03	2.565300593823369776e-03	8.369975133490146005e-03	1.216266553687484452e-03	1.158906150187770932e-04
3.386439149558698603e+01	8.801881678776363183e-01	1.028433539184921003e-01	5.966351489464791560e-03	3.393206023194044949e-03	9.672252448098297289e-03	1.228245118442637847e-03	1.423957074559950391e-04
3.870216170924226162e+01	8.662485022807348001e-01	1.138318198614983595e-01	6.650410863766789693e-03	4.307783838039387810e-03	1.098033150268099521e-02	1.243415211838886812e-03	1.717090242249185177e-04
4.353993192289755143e+01	8.529223808169906773e-01	1.240706058659908628e-01	7.382469136872451751e-03	5.300290013433559856e-03	1.229220548987652178e-02	1.261991080080102990e-03	2.040301795398927556e-04
4.837770213655283413e+01	8.401750511692213097e-01	1.336090311592433577e-01	8.157561491279191612e-03	6.362616036843762174e-03	1.360602709037787503e-02	1.284157652622150078e-03	2.395279831963395415e-04
5.321547235020811684e+01	8.279739285627653045e-01	1.424931859720685590e-01	8.971098420025334225e-03	7.487246050529821131e-03	1.492009754274708187e-02	1.310072933760870941e-03	2.783431008869854668e-04
5.805324256386339954e+01	8.162884561276633200e-01	1.507661428373353873e-01	9.818839615085823633e-03	8.667216823670711653e-03	1.623285643743741652e-02	1.339870223119040554e-03	3.205905184721508918e-04
6.289101277751868224e+01	8.050899743520824048e-01	1.584681540604198358e-01	1.069686961383802676e-02	9.896080368535304511e-03	1.754287218745818541e-02	1.373660176687101653e-03	3.663618237629678843e-04
6.772878299117397205e+01	7.943515990330132226e-01	1.656368362666444660e-01	1.160157508695536417e-02	1.116786902717712554e-02	1.884883313123340495e-02	1.411532719295199422e-03	4.157273184650888938e-04
7.256655320482924765e+01	7.840481071691259851e-01	1.723073428715208855e-01	1.252962365877196942e-02	1.247706286649916639e-02	2.014953922611810444e-02	1.453558818668069293e-03	4.687379720795683646e-04
7.740432341848452324e+01	7.741558302769800948e-01	1.785125252642471572e-01	1.347794415834227891e-02	1.381855923015679749e-02	2.144389429375790149e-02	1.499792130536329151e-03	5.254272287631624617e-04
8.224209363213981305e+01	7.646525546457151323e-01	1.842830834431722076e-01	1.444370820612860852e-02	1.518764430569355568e-02	2.273089878102099379e-02	1.550270523644547722e-03	5.858126774085842042e-04
8.707986384579510286e+01	7.555174280770692308e-01	1.896477067935881389e-01	1.542431304751822572e-02	1.657996657458124870e-02	2.400964300260874720e-02	1.605017492905133191e-03	6.498975945127932448e-04
9.191763405945040688e+01	7.467308726872042834e-01	1.946332056530236387e-01	1.641736555022801566e-02	1.799151202150524667e-02	2.527930083367245159e-02	1.664043468394876303e-03	7.176723687549470786e-04
9.675540427310566827e+01	7.382745033745196084e-01	1.992646342669821546e-01	1.742066728812679405e-02	1.941858098733756713e-02	2.653912382283976287e-02	1.727347027375309655e-03	7.891158156021579233e-04
1.015931744867609581e+02	7.301310515835218728e-01	2.035654056986037908e-01	1.843220063911751860e-02	2.085776655781166472e-02	2.778843569799419044e-02	1.794916016036502337e-03	8.641963896978574434e-04
1.064309447004162337e+02	7.222842940190090655e-01	2.075573992188476102e-01	1.945011582949809914e-02	2.230593438698848588e-02	2.902662723896407698e-02	1.866728587214255743e-03	9.428733022617137019e-04
1.112687149140715235e+02	7.147189859874405471e-01	2.112610606693238469e-01	2.047271886168175806e-02	2.376020386121561676e-02	3.025315149297160347e-02	1.942754159910799108e-03	1.025097550239208568e-03
1.161064851277267991e+02	7.074207990634886478e-01	2.146954962576932691e-01	2.149846026632709975e-02	2.521793051546073611e-02	3.146751931027569338e-02	2.022954306057043843e-03	1.110812863480846154e-03
1.209442553413820747e+02	7.003762627995223644e-01	2.178785602154486856e-01	2.252592462382285027e-02	2.667668961967541164e-02	3.266929517892216278e-02	2.107283569588414354e-03	1.199956575803371849e-03
1.257820255550373645e+02	6.935727102142217326e-01	2.208269367197603084e-01	2.355382080371111117e-02	2.813426085824184339e-02	3.385809333889733264e-02	2.195690222564501259e-03	1.292460425386322137e-03
1.306197957686926259e+02	6.869982268137745374e-01	2.235562164547759134e-01	2.458097287403248135e-02	2.958861403059850903e-02	3.503357415727312296e-02	2.288116962743707000e-03	1.388251289584799134e-03
1.354575659823479441e+02	6.806416029152233538e-01	2.260809681631963663e-01	2.560631163575223523e-02	3.103789570585371513e-02	3.619544074713944987e-02	2.384501556726160640e-03	1.487251858891827216e-03
1.402953361960032339e+02	6.744922890565963058e-01	2.284148055159851698e-01	2.662886674039371265e-02	3.248041676860047300e-02	3.734343581424805908e-02	2.484777432500070993e-03	1.589381254459349161e-03
1.451331064096584669e+02	6.685403542925349996e-01	2.305704496066116604e-01	2.764775935177676142e-02	3.391464079726216191e-02	3.847733871634622521e-02	2.588874224967069836e-03	1.694555593284307465e-03
1.499708766233137851e+02	6.627764471872881202e-01	2.325597873561734141e-01	2.866219531534839812e-02	3.533917322014496626e-02	3.959696272116458582e-02	2.696718277779758255e-03	1.802688504883928275e-03
1.548086468369690749e+02	6.571917593292394555e-01	2.343939260970012706e-01	2.967145880101158123e-02	3.675275119796765633e-02	4.070215244994383058e-02	2.808233104598424363e-03	1.913691603020901142e-03
1.596464170506243647e+02	6.517779912026288036e-01	2.360832445848360661e-01	3.067490638761770014e-02	3.815423418499845620e-02	4.179278149424587446e-02	2.923339812662768735e-03	2.027474915793402947e-03
1.644841872642796261e+02	6.465273202628665228e-01	2.376374406732972011e-01	3.167196155939908803e-02	3.954259512406811672e-02	4.286875019459911867e-02	3.041957491377362058e-03	2.143947277175668482e-03
1.693219574779349159e+02	6.414323710718796701e-01	2.390655758690664601e-01	3.266210958658950780e-02	4.091691223366172858e-02	4.392998357027899647e-02	3.164003568425628916e-03	2.263016682880969292e-03
1.741597276915902057e+02	6.364861873593098407e-01	2.403761169719145496e-01	3.364489276432260784e-02	4.227636134803363505e-02	4.497642939022734182e-02	3.289394135755459563e-03	2.384590613219397370e-03
1.789974979052454671e+02	6.316822058841486953e-01	2.415769749903376729e-01	3.461990598561858617e-02	4.362020877385144879e-02	4.600805637577027457e-02	3.418044247619356300e-03	2.508576325436836542e-03
1.838352681189008138e+02	6.270142319795923846e-01	2.426755415110862790e-01	3.558679262587646080e-02	4.494780462926951936e-02	4.702485252640760394e-02	3.549868192702498350e-03	2.634881117848004300e-03
1.886730383325560467e+02	6.224764166715562874e-01	2.436787226891991009e-01	3.654524071779041705e-02	4.625857663356967853e-02	4.802682356051998780e-02	3.684779742232597004e-03	2.763412567914671266e-03
1.935108085462113081e+02	6.180632352684423125e-01	2.445929710142520641e-01	3.749497939701077615e-02	4.755202431759759235e-02	4.901399146337541424e-02	3.822692375835253040e-03	2.894078746269311553e-03
1.983485787598666263e+02	6.137694673264483258e-01	2.454243149983393879e-01	3.843577560017980010e-02	4.882771362717729796e-02	4.998639313531718503e-02	3.963519486777043570e-03	3.026788408543788084e-03
2.031863489735219162e+02	6.095901779009534893e-01	2.461783869217817333e-01	3.936743099819560443e-02	5.008527189351203585e-02	5.094407913348318606e-02	4.107174568125279354e-03	3.161451166731545689e-03
2.080241191871772060e+02	6.055207000003609563e-01	2.468604487636551770e-01	4.028977914870015414e-02	5.132438314628611636e-02	5.188711250084332427e-02	4.253571381247630082e-03	3.297977641689556639e-03
2.128618894008324673e+02	6.015566181642365562e-01	2.474754164359168340e-01	4.120268285285400706e-02	5.254478374677674923e-02	5.281556767675019831e-02	4.402624107976221661e-03	3.436279598272319255e-03
2.176996596144877287e+02	5.976937530926881292e-01	2.480278824321295317e-01	4.210603170245737908e-02	5.374625831977505874e-02	5.372952948357996583e-02	4.554247487668808964e-03	3.576270064484015233e-03
2.225374298281430470e+02	5.939281472586970256e-01	2.485221369945239678e-01	4.299973980440752880e-02	5.492863596450781039e-02	5.462909218439671727e-02	4.708356940313827149e-03	3.717863435935981828e-03
2.273752000417983652e+02	5.902560514395740476e-01	2.489621878963466650e-01	4.388374367035190182e-02	5.609178672605268090e-02	5.551435860690707991e-02	4.864868676746123173e-03	3.860975566804418502e-03
2.322129702554535982e+02	5.866739121078756725e-01	2.493517789300975507e-01	4.475800026020808342e-02	5.723561830995570893e-02	5.638543932928301999e-02	5.023699796965516544e-03	4.005523848397343246e-03
2.370507404691088880e+02	5.831783596260124991e-01	2.496944071863321513e-01	4.562248516897970257e-02	5.836007302389602247e-02	5.724245192372195284e-02	5.184768377480765585e-03	4.151427276359766737e-03
2.418885106827641494e+02	5.797661971924188418e-01	2.499933392021607970e-01	4.647719094700537845e-02	5.946512493130471505e-02	5.808552025388499102e-02	5.347993548536634188e-03	4.298606507471483193e-03
2.467262808964194392e+02	5.764343904905552263e-01	2.502516260533998449e-01	4.732212554443882696e-02	6.055077720283683768e-02	5.891477382260836004e-02	5.513295562021240832e-03	4.446983906922445835e-03
2.515640511100747290e+02	5.731800579951946695e-01	2.504721174594886635e-01	4.815731087137557070e-02	6.161705965252294026e-02	5.973034716652039083e-02	5.680595850794482697e-03	4.596483586886009574e-03
2.564018213237300188e+02	5.700004618934128020e-01	2.506574749657648482e-01	4.898278146561806795e-02	6.266402644629288921e-02	6.053237929441834808e-02	5.849817080125760405e-03	4.747031437150115232e-03
2.612395915373852517e+02	5.668929995804803390e-01	2.508101842634614664e-01	4.979858326060927765e-02	6.369175397137441519e-02	6.132101316646663275e-02	6.020883191880208214e-03	4.898555148510426796e-03
2.660773617510405415e+02	5.638551956934529930e-01	2.509325667038413421e-01	5.060477244656726159e-02	6.470033885582535116e-02	6.209639521147160973e-02	6.193719442046988731e-03	5.050984229577248387e-03
2.709151319646958882e+02	5.608846946476747641e-01	2.510267900591903190e-01	5.140141441832262598e-02	6.568989612816573953e-02	6.285867487966934064e-02	6.368252432160609842e-03	5.204250017599464095e-03
2.757529021783511780e+02	5.579792536436837258e-01	2.510948785799425043e-01	5.218858280379853887e-02	6.666055750773633437e-02	6.360800422863160941e-02	6.544410135126632611e-03	5.358285683863571632e-03
2.805906723920064678e+02	5.551367361141246182e-01	2.511387223939849367e-01	5.296635856748219823e-02	6.761246981702763448e-02	6.434453754005356463e-02	6.722121915926115507e-03	5.513026234183804157e-03
2.854284426056617008e+02	5.523551055822537581e-01	2.511600862911771426e-01	5.373482918361840305e-02	6.854579350780035107e-02	6.506843096533421189e-02	6.901318547638772907e-03	5.668408504960227925e-03
2.902662128193169337e+02	5.496324199054727355e-01	2.511606179333039091e-01	5.449408787421231026e-02	6.946070129335711607e-02	6.577984219799862253e-02	7.081932223192755060e-03	5.824371155245313195e-03
2.951039830329722804e+02	5.469668258790592041e-01	2.511418555270484299e-01	5.524423290726104135e-02	7.035737687982925037e-02	6.647893017113995495e-02	7.263896563219078735e-03	5.980854655225668719e-03
2.999417532466276270e+02	5.443565541768775606e-01	2.511052349951130025e-01	5.598536695094476906e-02	7.123601378981261889e-02	6.716585477817967054e-02	7.447146620360967431e-03	6.137801271494128415e-03
3.047795234602828600e+02	5.417999146073644301e-01	2.510520966783163499e-01	5.671759647979748853e-02	7.209681427212694116e-02	6.784077661535688197e-02	7.631618880362439801e-03	6.295155049458190342e-03
3.096172936739380930e+02	5.392952916644996320e-01	2.509836915993484130e-01	5.744103122914841209e-02	7.293998829188333421e-02	6.850385674446290984e-02	7.817251260236407831e-03	6.452861793203614610e-03
3.144550638875934396e+02	5.368411403547880267e-01	2.509011873168556228e-01	5.815578369437757189e-02	7.376575259542902940e-02	6.915525647443565571e-02	8.003983103790104220e-03	6.610869043106744856e-03
3.192928341012487294e+02	5.344359822825166528e-01	2.508056733966537166e-01	5.886196867176483882e-02	7.457432984509730634e-02	6.979513716051972960e-02	8.191755174764791397e-03	6.769126051465680985e-03
3.241306043149040192e+02	5.320784019767036410e-01	2.506981665251118430e-01	5.955970283793156350e-02	7.536594781902526685e-02	7.042366001978438150e-02	8.380509647827267053e-03	6.927583756398644418e-03
3.289683745285592522e+02	5.297670434442320886e-01	2.505796152881132333e-01	6.024910436507946443e-02	7.614083867161608454e-02	7.104098596187134740e-02	8.570190097632612164e-03	7.086194754237679777e-03
3.338061447422145420e+02	5.275006069346723780e-01	2.504509046374656100e-01	6.093029256942271432e-02	7.689923825051421524e-02	7.164727543391960496e-02	8.760741486160853603e-03	7.244913270627061086e-03
3.386439149558698318e+02	5.252778459032364511e-01	2.503128600652044788e-01	6.160338759038828244e-02	7.764138546623641779e-02	7.224268827868386700e-02	8.952110148514522830e-03	7.403695130518372219e-03
3.434816851695251216e+02	5.230975641591896208e-01	2.501662515048938551e-01	6.226851009832599926e-02	7.836752171085602237e-02	7.282738360492919949e-02	9.144243777349590763e-03	7.562497727238086213e-03
3.483194553831804114e+02	5.209586131878671811e-01	2.500117969777797544e-01	6.292578102862572687e-02	7.907789032237738658e-02	7.340151966924497728e-02	9.337091406098780091e-03	7.721279990788489610e-03
3.531572255968357013e+02	5.188598896352134560e-01	2.498501660004834313e-01	6.357532134028411053e-02	7.977273609166003754e-02	7.396525376847867816e-02	9.530603391133629296e-03	7.880002355528922808e-03
3.579949958104909342e+02	5.168003329444794680e-01	2.496819827698288918e-01	6.421725179709862619e-02	8.045230480896066461e-02	7.451874214204302904e-02	9.724731393000068599e-03	8.038626727371468716e-03
3.628327660241463377e+02	5.147789231353877559e-01	2.495078291393805214e-01	6.485169276979339814e-02	8.111684284735563855e-02	7.506213988340013077e-02	9.919428356851433051e-03	8.197116450613261066e-03
3.676705362378016275e+02	5.127946787167014797e-01	2.493282474013114591e-01	6.547876405749855633e-02	8.176659678048883717e-02	7.559560086007235946e-02	1.011464849219272794e-02	8.355436274516622047e-03
3.725083064514568036e+02	5.108466547237219268e-01	2.491437428863332859e-01	6.609858472711534205e-02	8.240181303225924125e-02	7.611927764157354337e-02	1.031034725204067401e-02	8.513552319737972829e-03
3.773460766651120935e+02	5.089339408727875380e-01	2.489547863935843985e-01	6.671127296920131844e-02	8.302273755622197049e-02	7.663332143469435420e-02	1.050648131159534482e-02	8.671432044697054836e-03
3.821838468787673833e+02	5.070556598253614933e-01	2.487618164615962857e-01	6.731694596910565986e-02	8.362961554262428321e-02	7.713788202561383534e-02	1.070300854651117656e-02	8.829044211969255818e-03
3.870216170924226162e+02	5.052109655547739608e-01	2.485652414907293384e-01	6.791571979217395083e-02	8.422269115113693860e-02	7.763310772834440543e-02	1.089988801084766819e-02	8.986358854775770844e-03
3.918593873060780197e+02	5.033990418091337515e-01	2.483654417267904813e-01	6.850770928192433107e-02	8.480220726747070281e-02	7.811914533905067737e-02	1.109707991477316275e-02	9.143347243638863878e-03
3.966971575197332527e+02	5.016191006643441197e-01	2.481627711149088367e-01	6.909302797017535802e-02	8.536840528218882229e-02	7.859614009581354643e-02	1.129454560208868232e-02	9.299981853262631257e-03
4.015349277333884856e+02	4.998703811615475279e-01	2.479575590321529133e-01	6.967178799817698442e-02	8.592152489013903105e-02	7.906423564343939558e-02	1.149224752763283730e-02	9.456236329693303716e-03
4.063726979470438323e+02	4.981521480236933419e-01	2.477501119068171720e-01	7.024410004786432737e-02	8.646180390903453195e-02	7.952357400294192413e-02	1.169014923462334370e-02	9.612085457807282782e-03
4.112104681606991221e+02	4.964636904462629285e-01	2.475407147317872925e-01	7.081007328241620269e-02	8.698947811581154987e-02	7.997429554534868368e-02	1.188821533198554901e-02	9.767505129169696751e-03
4.160482383743544119e+02	4.948043209575069823e-01	2.473296324789094058e-01	7.136981529535878221e-02	8.750478109948366112e-02	8.041653896950805291e-02	1.208641147171366816e-02	9.922472310301310577e-03
4.208860085880095880e+02	4.931733743438502238e-01	2.471171114208351727e-01	7.192343206750981266e-02	8.800794412929875687e-02	8.085044128359475391e-02	1.228470432630607984e-02	1.007696501138704952e-02
4.257237788016648778e+02	4.915702066363984990e-01	2.469033803663908677e-01	7.247102793110865582e-02	8.849919603708486515e-02	8.127613779003182992e-02	1.248306156631192806e-02	1.023096225545516540e-02
4.305615490153201677e+02	4.899941941547433233e-01	2.466886518151245877e-01	7.301270554052574635e-02	8.897876311274642569e-02	8.169376207356682240e-02	1.268145183802264070e-02	1.038444404805228052e-02
4.353993192289755143e+02	4.884447326045059934e-01	2.464731230363136627e-01	7.354856584898832039e-02	8.944686901194219553e-02	8.210344599225730122e-02	1.287984474133843996e-02	1.053739134743590482e-02
4.402370894426308041e+02	4.869212362252902659e-01	2.462569770773711531e-01	7.407870809080077668e-02	8.990373467504206295e-02	8.250531967113793053e-02	1.307821080783678168e-02	1.068978603530288188e-02
4.450748596562860939e+02	4.854231369859271505e-01	2.460403837062657417e-01	7.460322976857591826e-02	9.034957825652058239e-02	8.289951149835660116e-02	1.327652147906673019e-02	1.084161088806914405e-02
4.499126298699413837e+02	4.839498838240955392e-01	2.458235002922684043e-01	7.512222664502936353e-02	9.078461506400253844e-02	8.328614812358192676e-02	1.347474908509052431e-02	1.099284954871351111e-02
4.547504000835967304e+02	4.825009419275892442e-01	2.456064726290568545e-01	7.563579273892188926e-02	9.120905750622915198e-02	8.366535445849777874e-02	1.367286682329114586e-02	1.114348649919573962e-02
4.595881702972519065e+02	4.810757920546748223e-01	2.453894357039451968e-01	7.614402032476602633e-02	9.162311504926304306e-02	8.403725367921355272e-02	1.387084873746237922e-02	1.129350703345674729e-02
4.644259405109071963e+02	4.796739298911503746e-01	2.451725144167599124e-01	7.664699993594135952e-02	9.202699418029708367e-02	8.440196723043039140e-02	1.406866969719572022e-02	1.144289723100693976e-02
4.692637107245624861e+02	4.782948654418652801e-01	2.449558242516533257e-01	7.714482037089002986e-02	9.242089837847508593e-02	8.475961483121483009e-02	1.426630537757659668e-02	1.159164393110659330e-02
4.741014809382177759e+02	4.769381224546071496e-01	2.447394719049297285e-01	7.763756870208871064e-02	9.280502809217351656e-02	8.511031448224151696e-02	1.446373223920052395e-02	1.173973470754059896e-02
4.789392511518730657e+02	4.756032378743921818e-01	2.445235558717593904e-01	7.812533028751629527e-02	9.317958072223063437e-02	8.545418247437668036e-02	1.466092750851822647e-02	1.188715784398832256e-02
4.837770213655284124e+02	4.742897613263239442e-01	2.443081669944668077e-01	7.860818878435826829e-02	9.354475061064515540e-02	8.579133339848238338e-02	1.485786915851722463e-02	1.203390230998789383e-02
4.886147915791837022e+02	4.729972546252994015e-01	2.440933889749042351e-01	7.908622616470857569e-02	9.390072903429970419e-02	8.612188015633071014e-02	1.505453588974602769e-02	1.217995773749301798e-02
4.934525617928388783e+02	4.717252913109519774e-01	2.438792988532572092e-01	7.955952273304853217e-02	9.424770420329456333e-02	8.644593397252425815e-02	1.525090711168580401e-02	1.232531439801925859e-02
4.982903320064942250e+02	4.704734562063234149e-01	2.436659674554763066e-01	8.002815714529923352e-02	9.458586126350664036e-02	8.676360440732705515e-02	1.544696292447327729e-02	1.246996318037567157e-02
5.031281022201495148e+02	4.692413449988510621e-01	2.434534598113839710e-01	8.049220642926069313e-02	9.491538230301491130e-02	8.707499937031661086e-02	1.564268410097749765e-02	1.261389556897682743e-02
5.079658724338048046e+02	4.680285638423479777e-01	2.432418355453735415e-01	8.095174600626493799e-02	9.523644636205916281e-02	8.738022513477429476e-02	1.583805206923226058e-02	1.275710362272939463e-02
5.128036426474600376e+02	4.668347289787354581e-01	2.430311492414906627e-01	8.140684971388491287e-02	9.554922944622148973e-02	8.767938635273724024e-02	1.603304889522499943e-02	1.289957995448675308e-02
5.176414128611153274e+02	4.656594663783668042e-01	2.428214507845712078e-01	8.185758982955364249e-02	9.585390454254294479e-02	8.797258607064015190e-02	1.622765726604224329e-02	1.304131771106444883e-02
5.224791830747705035e+02	4.645024113978540869e-01	2.426127856789998816e-01	8.230403709495974496e-02	9.615064163830677746e-02	8.825992574548117975e-02	1.642186047337098470e-02	1.318231055380877578e-02
5.273169532884259070e+02	4.633632084543773955e-01	2.424051953465517217e-01	8.274626074109701912e-02	9.643960774224002996e-02	8.854150526145024291e-02	1.661564239735471155e-02	1.332255263971023236e-02
5.321547235020811968e+02	4.622415107155221081e-01	2.421987174046830171e-01	8.318432851385580695e-02	9.672096690790185636e-02	8.881742294696311213e-02	1.680898749080219495e-02	1.346203860305321583e-02
5.369924937157364866e+02	4.611369798037464607e-01	2.419933859265490095e-01	8.361830670005328259e-02	9.699488025904444422e-02	8.908777559204851537e-02	1.700188076374667054e-02	1.360076353759292686e-02
5.418302639293917764e+02	4.600492855146410265e-01	2.417892316839420630e-01	8.404826015380890969e-02	9.726150601674701801e-02	8.935265846603954176e-02	1.719430776835255414e-02	1.373872297925015848e-02
5.466680341430470662e+02	4.589781055481920724e-01	2.415862823742661869e-01	8.447425232317938570e-02	9.752099952813854389e-02	8.961216533552426866e-02	1.738625458416643080e-02	1.387591288931437628e-02
5.515058043567023560e+02	4.579231252523099926e-01	2.413845628325907711e-01	8.489634527697499655e-02	9.777351329653752310e-02	8.986638848251397860e-02	1.757770780370863581e-02	1.401232963814529227e-02
5.563435745703576458e+02	4.568840373779312625e-01	2.411840952297584495e-01	8.531459973168624422e-02	9.801919701285040365e-02	9.011541872279031640e-02	1.776865451840151100e-02	1.414796998936294903e-02
5.611813447840129356e+02	4.558605418450435987e-01	2.409848992574577242e-01	8.572907507845635433e-02	9.825819758808129745e-02	9.035934542439590100e-02	1.795908230483000620e-02	1.428283108451622319e-02
5.660191149976681118e+02	4.548523455190253140e-01	2.407869923011123625e-01	8.613982941004118266e-02	9.849065918681701448e-02	9.059825652623558490e-02	1.814897921133016082e-02	1.441691042821950826e-02
5.708568852113234016e+02	4.538591619967268231e-01	2.405903896013833476e-01	8.654691954770341034e-02	9.871672326156123722e-02	9.083223855675814917e-02	1.833833374490069154e-02	1.455020587374734886e-02
5.756946554249786914e+02	4.528807114017590063e-01	2.403951044050271491e-01	8.695040106799349633e-02	9.893652858780140058e-02	9.106137665269051218e-02	1.852713485843275956e-02	1.468271560907667347e-02
5.805324256386339812e+02	4.519167201884824459e-01	2.402011481058058673e-01	8.735032832937424108e-02	9.915021129970041924e-02	9.128575457779879165e-02	1.871537193825283801e-02	1.481443814336633885e-02
5.853701958522892710e+02	4.509669209542278012e-01	2.400085303760988997e-01	8.774675449865039500e-02	9.935790492631386972e-02	9.150545474165286408e-02	1.890303479197341305e-02	1.494537229386365233e-02
5.902079660659445608e+02	4.500310522593007900e-01	2.398172592898241140e-01	8.813973157716881168e-02	9.955974042824078385e-02	9.172055821837253597e-02	1.909011363664622415e-02	1.507551717322761116e-02
5.950457362795999643e+02	4.491088584543568851e-01	2.396273414372356025e-01	8.852931042675835083e-02	9.975584623462319112e-02	9.193114476533567614e-02	1.927659908721253770e-02	1.520487217725864128e-02
5.998835064932552541e+02	4.482000895147529862e-01	2.394387820321293436e-01	8.891554079538210864e-02	9.994634828041668029e-02	9.213729284183008739e-02	1.946248214524499628e-02	1.533343697302467189e-02
6.047212767069104302e+02	4.473045008815090817e-01	2.392515850119524834e-01	8.929847134247802243e-02	1.001313700438597881e-01	9.233907962763256150e-02	1.964775418797545456e-02	1.546121148737348086e-02
6.095590469205657200e+02	4.464218533085334006e-01	2.390657531312803119e-01	8.967814966396626952e-02	1.003110325840763650e-01	9.253658104149993513e-02	1.983240695760319500e-02	1.558819589582137802e-02
6.143968171342210098e+02	4.455519127157873127e-01	2.388812880490935042e-01	9.005462231690544717e-02	1.004854545787500497e-01	9.272987175955829664e-02	2.001643255087789605e-02	1.571439061180833138e-02
6.192345873478761860e+02	4.446944500480831675e-01	2.386981904102619401e-01	9.042793484378097713e-02	1.006547523618153278e-01	9.291902523357788157e-02	2.019982340895171147e-02	1.583979627630983586e-02
6.240723575615315895e+02	4.438492411392290782e-01	2.385164599216125780e-01	9.079813179641232912e-02	1.008190399611138821e-01	9.310411370912222151e-02	2.038257230749482285e-02	1.596441374779592956e-02
6.289101277751868793e+02	4.430160665812499232e-01	2.383360954229361561e-01	9.116525675946707263e-02	1.009784291359697300e-01	9.328520824356119345e-02	2.056467234706886582e-02	1.608824409252787233e-02
6.337478979888421691e+02	4.421947115984306009e-01	2.381570949532629544e-01	9.152935237357236187e-02	1.011330294146402659e-01	9.346237872393875490e-02	2.074611694375256762e-02	1.621128857518323169e-02
6.385856682024975726e+02	4.413849659259423408e-01	2.379794558127174831e-01	9.189046035801536061e-02	1.012829481316043501e-01	9.363569388468691301e-02	2.092689982001409016e-02	1.633354864980017876e-02
6.434234384161527487e+02	4.405866236928267510e-01	2.378031746202403929e-01	9.224862153302669510e-02	1.014282904646519046e-01	9.380522132517846168e-02	2.110701499582452040e-02	1.645502595103202209e-02
6.482612086298080385e+02	4.397994833091258271e-01	2.376282473674486695e-01	9.260387584164145314e-02	1.015691594717428731e-01	9.397102752711175566e-02	2.128645678000703340e-02	1.657572228570316358e-02
6.530989788434633283e+02	4.390233473569585820e-01	2.374546694688857706e-01	9.295626237113459311e-02	1.017056561276060977e-01	9.413317787172158224e-02	2.146521976181629127e-02	1.669563962465776819e-02
6.579367490571185044e+02	4.382580224853558359e-01	2.372824358088985730e-01	9.330581937402797343e-02	1.018378793600519666e-01	9.429173665681084282e-02	2.164329880274271783e-02	1.681478009489274089e-02
6.627745192707737942e+02	4.375033193086752537e-01	2.371115407853613133e-01	9.365258428866797547e-02	1.019659260859746286e-01	9.444676711359846488e-02	2.182068902853636500e-02	1.693314597196660456e-02
6.676122894844290840e+02	4.367590523084312060e-01	2.369419783504529420e-01	9.399659375937316486e-02	1.020898912470225850e-01	9.459833142337935319e-02	2.199738582144508334e-02	1.705073967267620866e-02
6.724500596980843738e+02	4.360250397383802490e-01	2.367737420486807354e-01	9.433788365615274063e-02	1.022098678449184228e-01	9.474649073399314669e-02	2.217338481266191777e-02	1.716756374799326135e-02
6.772878299117396637e+02	4.353011035327143397e-01	2.366068250523304106e-01	9.467648909399727086e-02	1.023259469764103563e-01	9.489130517609854765e-02	2.234868187497656561e-02	1.728362087625292046e-02
6.821256001253949535e+02	4.345870692172215111e-01	2.364412201945111647e-01	9.501244445174364395e-02	1.024382178678404504e-01	9.503283387925086367e-02	2.252327311562593234e-02	1.739891385658680692e-02
6.869633703390502433e+02	4.338827658232811135e-01	2.362769199999532332e-01	9.534578339051721918e-02	1.025467679093162304e-01	9.517113498778063951e-02	2.269715486933889317e-02	1.751344560259302657e-02
6.918011405527055331e+02	4.331880258045691101e-01	2.361139167137050188e-01	9.567653887175456284e-02	1.026516826884735778e-01	9.530626567647171310e-02	2.287032369157032674e-02	1.762721913623595607e-02
6.966389107663608229e+02	4.325026849563552989e-01	2.359522023278676217e-01	9.600474317481075270e-02	1.027530460238208210e-01	9.543828216603728043e-02	2.304277635191979978e-02	1.774023758196863546e-02
7.014766809800161127e+02	4.318265823372798851e-01	2.357917686064953111e-01	9.633042791415560857e-02	1.028509399976550998e-01	9.556723973839321984e-02	2.321450982773010790e-02	1.785250416107096380e-02
7.063144511936714025e+02	4.311595601935050981e-01	2.356326071087820884e-01	9.665362405616363672e-02	1.029454449885434247e-01	9.569319275172784300e-02	2.338552129786121078e-02	1.796402218619686658e-02
7.111522214073266923e+02	4.305014638851414333e-01	2.354747092106469486e-01	9.697436193550308670e-02	1.030366397033620485e-01	9.581619465536772573e-02	2.355580813663498210e-02	1.807479505612391568e-02
7.159899916209819821e+02	4.298521418148537054e-01	2.353180661248228944e-01	9.729267127112950497e-02	1.031246012088889719e-01	9.593629800443957689e-02	2.372536790794643052e-02	1.818482625069900438e-02
7.208277618346371582e+02	4.292114453585584855e-01	2.351626689195476516e-01	9.760858118188962818e-02	1.032094049629451865e-01	9.605355447432824267e-02	2.389419835953706869e-02	1.829411932597380455e-02
7.256655320482924481e+02	4.285792287981268767e-01	2.350085085359485682e-01	9.792212020174159703e-02	1.032911248450815167e-01	9.616801487493129019e-02	2.406229741742622538e-02	1.840267790952401089e-02
7.305033022619478515e+02	4.279553492560138062e-01	2.348555758042065178e-01	9.823331629459799985e-02	1.033698331868085907e-01	9.627972916471057296e-02	2.422966318049612350e-02	1.851050569594638040e-02
7.353410724756030277e+02	4.273396666317371140e-01	2.347038614585802707e-01	9.854219686879789331e-02	1.034456008013683176e-01	9.638874646454173578e-02	2.439629391522676882e-02	1.861760644252789462e-02
7.401788426892584312e+02	4.267320435401338319e-01	2.345533561513652443e-01	9.884878879121448969e-02	1.035184970130459264e-01	9.649511507136240840e-02	2.456218805057661103e-02	1.872398396508141022e-02
7.450166129029136073e+02	4.261323452513266496e-01	2.344040504658576052e-01	9.915311840100526908e-02	1.035885896860225253e-01	9.659888247162033703e-02	2.472734417300517448e-02	1.882964213394239250e-02
7.498543831165690108e+02	4.255404396323340110e-01	2.342559349283885595e-01	9.945521152301123324e-02	1.036559452527683334e-01	9.670009535452250837e-02	2.489176102163388749e-02	1.893458487012142713e-02
7.546921533302243006e+02	4.249561970902636654e-01	2.341090000194908094e-01	9.975509348081217087e-02	1.037206287419778217e-01	9.679879962508679270e-02	2.505543748354136652e-02	1.903881614160739255e-02
7.595299235438793630e+02	4.243794905170298892e-01	2.339632361842539365e-01	1.000527891094448035e-01	1.037827038060480100e-01	9.689504041699739667e-02	2.521837258918963043e-02	1.914233995981630063e-02
7.643676937575347665e+02	4.238101952355400326e-01	2.338186338419223909e-01	1.003483227677909456e-01	1.038422327481021284e-01	9.698886210526586060e-02	2.538056550797766417e-02	1.924516037618093783e-02
7.692054639711900563e+02	4.232481889472956560e-01	2.336751833947864621e-01	1.006417183506422564e-01	1.038992765485608066e-01	9.708030831869916832e-02	2.554201554391897014e-02	1.934728147887664410e-02
7.740432341848452324e+02	4.226933516813597413e-01	2.335328752364125016e-01	1.009329993004488696e-01	1.039538948912637206e-01	9.716942195217677380e-02	2.570272213143967588e-02	1.944870738967862181e-02
7.788810043985006359e+02	4.221455657446410714e-01	2.333916997592566378e-01	1.012221886187586878e-01	1.040061461891447908e-01	9.725624517873827923e-02	2.586268483129400969e-02	1.954944226094637236e-02
7.837187746121558121e+02	4.216047156734500367e-01	2.332516473617025077e-01	1.015093088773542512e-01	1.040560876094643733e-01	9.734081946148383235e-02	2.602190332659391064e-02	1.964949027273090246e-02
7.885565448258112156e+02	4.210706881862826823e-01	2.331127084545615846e-01	1.017943822290939965e-01	1.041037750986022331e-01	9.742318556528903328e-02	2.618037741894969211e-02	1.974885563000061336e-02
7.933943150394665054e+02	4.205433721377914713e-01	2.329748734670714083e-01	1.020774304184648429e-01	1.041492634064152406e-01	9.750338356833646025e-02	2.633810702471870921e-02	1.984754255998171651e-02
7.982320852531219089e+02	4.200226584739030766e-01	2.328381328524257166e-01	1.023584747918526716e-01	1.041926061101640794e-01	9.758145287346581265e-02	2.649509217135910880e-02	1.994555530960934533e-02
8.030698554667769713e+02	4.195084401880456171e-01	2.327024770928671771e-01	1.026375363075375108e-01	1.042338556380134895e-01	9.765743221934479468e-02	2.665133299388575128e-02	2.004289814308546011e-02
8.079076256804323748e+02	4.190006122784490361e-01	2.325678967043719736e-01	1.029146355454199635e-01	1.042730632921105016e-01	9.773135969146282132e-02	2.680682973142550773e-02	2.013957533953994114e-02
8.127453958940876646e+02	4.184990717064843158e-01	2.324343822409540294e-01	1.031897927164854845e-01	1.043102792712456567e-01	9.780327273294980861e-02	2.696158272386925056e-02	2.023559119079122032e-02
8.175831661077428407e+02	4.180037173560083308e-01	2.323019242986138488e-01	1.034630276720127223e-01	1.043455526931019173e-01	9.787320815522208839e-02	2.711559240861778630e-02	2.033094999920299906e-02
8.224209363213982442e+02	4.175144499936835896e-01	2.321705135189560953e-01	1.037343599125325755e-01	1.043789316160967096e-01	9.794120214845775108e-02	2.726885931741922231e-02	2.042565607563371494e-02
8.272587065350534203e+02	4.170311722302416646e-01	2.320401405924979732e-01	1.040038085965439285e-01	1.044104630608218287e-01	9.800729029190355379e-02	2.742138407329521715e-02	2.051971373747546457e-02
8.320964767487085965e+02	4.165537884826622239e-01	2.319107962616895613e-01	1.042713925489923144e-01	1.044401930310868143e-01	9.807150756401571134e-02	2.757316738755364802e-02	2.061312730677926017e-02
8.369342469623640000e+02	4.160822049372397968e-01	2.317824713236655565e-01	1.045371302695176502e-01	1.044681665345710136e-01	9.813388835243672115e-02	2.772421005688529769e-02	2.070590110846350432e-02
8.417720171760191761e+02	4.156163295135114621e-01	2.316551566327460510e-01	1.048010399404767645e-01	1.044944276030896624e-01	9.819446646381047028e-02	2.787451296054227132e-02	2.079803946860278932e-02
8.466097873896745796e+02	4.151560718290207563e-01	2.315288431027044402e-01	1.050631394347466135e-01	1.045190193124797412e-01	9.825327513343785901e-02	2.802407705759585310e-02	2.088954671279411035e-02
8.514475576033297557e+02	4.147013431648926551e-01	2.314035217088173391e-01	1.053234463233141266e-01	1.045419838021107023e-01	9.831034703477528613e-02	2.817290338427158244e-02	2.098042716459773416e-02
8.562853278169851592e+02	4.142520564321963694e-01	2.312791834897118814e-01	1.055819778826577876e-01	1.045633622940258800e-01	9.836571428877805001e-02	2.832099305135944364e-02	2.107068514405002757e-02
8.611230980306403353e+02	4.138081261390743060e-01	2.311558195490243106e-01	1.058387511019269756e-01	1.045831951117201369e-01	9.841940847309101070e-02	2.846834724169703540e-02	2.116032496624563330e-02
8.659608682442956251e+02	4.133694683586142671e-01	2.310334210568828206e-01	1.060937826899241293e-01	1.046015216985592133e-01	9.847146063108870584e-02	2.861496720772375296e-02	2.124935093998651936e-02
8.707986384579510286e+02	4.129360006974450159e-01	2.309119792512265845e-01	1.063470890818950104e-01	1.046183806358463031e-01	9.852190128076714071e-02	2.876085426910393247e-02	2.133776736649540748e-02
8.756364086716062047e+02	4.125076422650350572e-01	2.307914854389725989e-01	1.065986864461323375e-01	1.046338096605416157e-01	9.857076042348940359e-02	2.890600981041710829e-02	2.142557853819126654e-02
8.804741788852616082e+02	4.120843136436750931e-01	2.306719309970408083e-01	1.068485906903977878e-01	1.046478456826403225e-01	9.861806755258731294e-02	2.905043527891345428e-02	2.151278873752458104e-02
8.853119490989170117e+02	4.116659368591261692e-01	2.305533073732475013e-01	1.070968174681671548e-01	1.046605248022144247e-01	9.866385166182134459e-02	2.919413218233263621e-02	2.159940223587016386e-02
8.901497193125721878e+02	4.112524353519149134e-01	2.304356060870760559e-01	1.073433821847036840e-01	1.046718823261242187e-01	9.870814125370080960e-02	2.933710208678427800e-02	2.168542329247542810e-02
8.949874895262273640e+02	4.108437339492595486e-01	2.303188187303339962e-01	1.075883000029641962e-01	1.046819527844045639e-01	9.875096434766668374e-02	2.947934661468835232e-02	2.177085615346200168e-02
8.998252597398827675e+02	4.104397588376094141e-01	2.302029369677043025e-01	1.078315858493424512e-01	1.046907699463317520e-01	9.879234848813883696e-02	2.962086744277378503e-02	2.185570505087875565e-02
9.046630299535379436e+02	4.100404375357821207e-01	2.300879525371984646e-01	1.080732544192545275e-01	1.046983668361760877e-01	9.883232075243016113e-02	2.976166630013370520e-02	2.193997420180422708e-02
9.095008001671932334e+02	4.096456988686832390e-01	2.299738572505182488e-01	1.083133201825703246e-01	1.047047757486457009e-01	9.887090775852937219e-02	2.990174496633569642e-02	2.202366780749666700e-02
9.143385703808486369e+02	4.092554729415932568e-01	2.298606429933332251e-01	1.085517973888956017e-01	1.047100282640269636e-01	9.890813567275474893e-02	3.004110526958555030e-02	2.210679005258985377e-02
9.191763405945038130e+02	4.088696911150074276e-01	2.297483017254798587e-01	1.087887000727085773e-01	1.047141552630266453e-01	9.894403021728061243e-02	3.017974908494304442e-02	2.218934510433294774e-02
9.240141108081592165e+02	4.084882859800147981e-01	2.296368254810878529e-01	1.090240420583553915e-01	1.047171869413212469e-01	9.897861667753882209e-02	3.031767833258824929e-02	2.227133711187269036e-02
9.288518810218145063e+02	4.081111913342027053e-01	2.295262063686394072e-01	1.092578369649080672e-01	1.047191528238183983e-01	9.901191990949710642e-02	3.045489497613699387e-02	2.235277020557636246e-02
9.336896512354697961e+02	4.077383421580735856e-01	2.294164365709664144e-01	1.094900982108890780e-01	1.047200817786357596e-01	9.904396434681621286e-02	3.059140102100409847e-02	2.243364849639386746e-02
9.385274214491247449e+02	4.073696745919623829e-01	2.293075083451898144e-01	1.097208390188662008e-01	1.047200020308022839e-01	9.907477400788783362e-02	3.072719851281303233e-02	2.251397607525748579e-02
9.433651916627801484e+02	4.070051259134407351e-01	2.291994140226062404e-01	1.099500724199212187e-01	1.047189411756869470e-01	9.910437250275531962e-02	3.086228953585072599e-02	2.259375701251777405e-02
9.482029618764355519e+02	4.066446345151981112e-01	2.290921460085254546e-01	1.101778112579961805e-01	1.047169261921597622e-01	9.913278303991891749e-02	3.099667621156626529e-02	2.267299535741426619e-02
9.530407320900908417e+02	4.062881398833863011e-01	2.289856967820626532e-01	1.104040681941206165e-01	1.047139834554901283e-01	9.916002843302747227e-02	3.113036069711224915e-02	2.275169513757951262e-02
9.578785023037459041e+02	4.059355825764180969e-01	2.288800588958891380e-01	1.106288557105230275e-01	1.047101387499872888e-01	9.918613110745853889e-02	3.126334518392759332e-02	2.282986035857522897e-02
9.627162725174014213e+02	4.055869042042081762e-01	2.287752249759447687e-01	1.108521861146300747e-01	1.047054172813874917e-01	9.921111310678847051e-02	3.139563189636069424e-02	2.290749500345923978e-02
9.675540427310568248e+02	4.052420474078460289e-01	2.286711877211152211e-01	1.110740715429565512e-01	1.046998436889927664e-01	9.923499609915460706e-02	3.152722309033172132e-02	2.298460303238196445e-02
9.723918129447120009e+02	4.049009558396911568e-01	2.285679399028771597e-01	1.112945239648892859e-01	1.046934420575658109e-01	9.925780138351110449e-02	3.165812105203306276e-02	2.306118838221129716e-02
9.772295831583674044e+02	4.045635741438801114e-01	2.284654743649135733e-01	1.115135551863679908e-01	1.046862359289856131e-01	9.927954989578009759e-02	3.178832809666678333e-02	2.313725496618470115e-02
9.820673533720223531e+02	4.042298479372363196e-01	2.283637840227023263e-01	1.117311768534661326e-01	1.046782483136682040e-01	9.930026221490029226e-02	3.191784656721808472e-02	2.321280667358744873e-02
9.869051235856777566e+02	4.038997237905734838e-01	2.282628618630801187e-01	1.119474004558743269e-01	1.046695017017570672e-01	9.931995856877415263e-02	3.204667883326379335e-02	2.328784736945590031e-02
9.917428937993331601e+02	4.035731492103826201e-01	2.281627009437836862e-01	1.121622373302895437e-01	1.046600180740875352e-01	9.933865884011582048e-02	3.217482728981484186e-02	2.336238089430480239e-02
9.965806640129884499e+02	4.032500726208952946e-01	2.280632943929710443e-01	1.123756986637124422e-01	1.046498189129293765e-01	9.935638257220116842e-02	3.230229435619188377e-02	2.343641106387762615e-02
