0.000000000000000000e+00	9.980861203390666292e-01	4.551259252660170677e-25	3.232611670476039090e-03	3.119813056408450233e-24	9.062417759463166529e-04	1.185029317691097374e-03	5.705878379230810722e-23
4.837770213655283591e+00	9.786892517129285318e-01	1.794773843465339788e-02	3.382594543977372747e-03	8.230846008337641120e-05	2.105557564818952981e-03	1.185458965550476723e-03	1.709342116792978629e-05
9.675540427310567182e+00	9.602233160288938807e-01	3.468769570033412158e-02	3.629518216916974814e-03	3.196453193267254555e-04	3.328080647041179937e-03	1.186898371293070974e-03	3.484881937407772475e-05
1.451331064096584811e+01	9.426335377827347317e-01	5.029924082346173136e-02	3.964818303025219662e-03	6.983910022130993076e-04	4.570478230363331923e-03	1.189805452072360825e-03	5.373150930957323234e-05
1.935108085462113081e+01	9.258686059298952831e-01	6.485654329507888061e-02	4.380554009511020488e-03	1.205888946153403467e-03	5.829667183312021994e-03	1.194589759852529446e-03	7.415397937679653274e-05
2.418885106827641707e+01	9.098804495349702703e-01	7.842891360256819266e-02	4.869365346323102639e-03	1.830381112149525626e-03	7.102797133566183391e-03	1.201616217492352005e-03	9.648015611030272894e-05
2.902662128193169622e+01	8.946240280610314732e-01	9.108112145691807382e-02	5.424433200403202052e-03	2.560947747117637771e-03	8.387234683293762205e-03	1.211208592505974482e-03	1.210293619098109944e-04
3.386439149558698603e+01	8.800571353410627795e-01	1.028736931765944218e-01	6.039442085256972390e-03	3.387451118845379808e-03	9.680548668098263101e-03	1.223652726238010687e-03	1.480799870841468038e-04
3.870216170924226162e+01	8.661402163364703144e-01	1.138631895933632093e-01	6.708545388658386510e-03	4.300482962844578809e-03	1.098049639103301257e-02	1.239199535010795071e-03	1.778728957995564478e-04
4.353993192289755143e+01	8.528361958462414849e-01	1.241024657559663263e-01	7.426332952973095300e-03	5.291315397450889468e-03	1.228501076763461111e-02	1.258067798699886693e-03	2.106145842133929399e-04
4.837770213655283413e+01	8.401103183850879841e-01	1.336409136239707640e-01	8.187800833489376762e-03	6.351855079491789020e-03	1.359218832212610514e-02	1.280446751164889159e-03	2.464801078486709507e-04
5.321547235020811684e+01	8.279299985000895257e-01	1.425246888660031408e-01	8.988323090332242873e-03	7.474600387768016996e-03	1.490027797886446168e-02	1.306498486001575260e-03	2.856157941206854652e-04
5.805324256386339954e+01	8.162646808431780476e-01	1.507969228035923315e-01	9.823625479053958720e-03	8.652601435539440666e-03	1.620767059677369684e-02	1.336360190183693859e-03	3.281417548584287494e-04
6.289101277751868224e+01	8.050857093614988136e-01	1.584979204736335912e-01	1.068976091388655278e-02	9.879422726238465749e-03	1.751288919793161925e-02	1.370146217324530588e-03	3.741542126659326301e-04
6.772878299117397205e+01	7.943662050094472127e-01	1.656653457187472200e-01	1.158308658594994073e-02	1.114910827881233912e-02	1.881457984468013975e-02	1.407950011505376122e-03	4.237276540372328371e-04
7.256655320482924765e+01	7.840809514252139456e-01	1.723343941552409331e-01	1.250024262647133483e-02	1.245614906047603533e-02	2.011150312262130826e-02	1.449845891886907380e-03	4.769168212690396715e-04
7.740432341848452324e+01	7.742062880511445533e-01	1.785379548127219163e-01	1.343813221232347151e-02	1.379545257529206023e-02	2.140252618965734002e-02	1.495890707636666865e-03	5.337585544033296219e-04
8.224209363213981305e+01	7.647200102113068665e-01	1.843067611873885625e-01	1.439390301796444199e-02	1.516231446693132832e-02	2.268661535384577238e-02	1.546125372068190684e-03	5.942734936741350801e-04
8.707986384579510286e+01	7.556012756915077011e-01	1.896695324024242346e-01	1.536492992419167397e-02	1.655239200325598486e-02	2.396282914528255481e-02	1.600576284291878272e-03	6.584676522252482390e-04
9.191763405945040688e+01	7.468305173967755284e-01	1.946531051234899889e-01	1.634879890003630709e-02	1.796167931904317852e-02	2.523031184950751821e-02	1.659256646121667466e-03	7.263338682050469314e-04
9.675540427310566827e+01	7.383893616891360479e-01	1.992825568348666476e-01	1.734329197964891434e-02	1.938648430127837968e-02	2.648828747205871081e-02	1.722167681462360425e-03	7.978531447280885151e-04
1.015931744867609581e+02	7.302605520345085699e-01	2.035813210421268393e-01	1.834637326118903483e-02	2.082340700902498773e-02	2.773605410579461222e-02	1.789299764917627556e-03	8.729958856176022559e-04
1.064309447004162337e+02	7.224278776118400192e-01	2.075712949301509735e-01	1.935617585955289044e-02	2.226931952695854894e-02	2.897297867446492134e-02	1.860633465906027292e-03	9.517230343058299003e-04
1.112687149140715235e+02	7.148761065603025378e-01	2.112729399706589073e-01	2.037098974927843351e-02	2.372134715827146217e-02	3.019849202775045510e-02	1.936140514149702887e-03	1.033987122767789308e-03
1.161064851277267991e+02	7.075909235615869264e-01	2.147053759410586793e-01	2.138925043817524116e-02	2.517685086883806461e-02	3.141208436461843945e-02	2.015784692005777399e-03	1.119733236896095115e-03
1.209442553413820747e+02	7.005588714741615153e-01	2.178864687861624405e-01	2.240952841615819965e-02	2.663341090030855660e-02	3.261330096335875867e-02	2.099522658742012694e-03	1.208899904287762984e-03
1.257820255550373645e+02	6.937672967548835778e-01	2.208329127260516556e-01	2.343051932743668228e-02	2.808881147520034607e-02	3.380173819808629521e-02	2.187304711514308567e-03	1.301419910006374565e-03
1.306197957686926259e+02	6.872042984206739868e-01	2.235603069869556148e-01	2.445103481764178757e-02	2.954102652210154750e-02	3.497703982282103496e-02	2.279075487482471688e-03	1.397221045502670565e-03
1.354575659823479441e+02	6.808586803191413184e-01	2.260832275073215158e-01	2.546999401067940108e-02	3.098820635381678568e-02	3.613889350549744084e-02	2.374774611200882075e-03	1.496226795521763938e-03
1.402953361960032339e+02	6.747199064921641787e-01	2.284152939481844669e-01	2.648641557309075120e-02	3.242866523569200299e-02	3.728702759541280276e-02	2.474337291140820717e-03	1.598356967494027597e-03
1.451331064096584669e+02	6.687780594305738902e-01	2.305692323153888112e-01	2.749941032649910397e-02	3.386086978547257070e-02	3.842120810870684050e-02	2.577694868939961383e-03	1.703528267597776129e-03
1.499708766233137851e+02	6.630238010312832220e-01	2.325569334810645428e-01	2.850817437133372836e-02	3.528342814989691295e-02	3.954123591747624178e-02	2.684775324730680202e-03	1.811654827393606101e-03
1.548086468369690749e+02	6.574483360805483123e-01	2.343895078729385517e-01	2.951198268746289821e-02	3.669507990682342735e-02	4.064694412907313842e-02	2.795503741671207052e-03	1.922648684661365688e-03
1.596464170506243647e+02	6.520433780985863681e-01	2.360773365824657688e-01	3.051018317964724128e-02	3.809468664504861435e-02	4.173819564301965018e-02	2.909802732591196435e-03	2.036420221819872523e-03
1.644841872642796261e+02	6.468011173915472201e-01	2.376301191263265888e-01	3.150219113785421299e-02	3.948122317711398599e-02	4.281488087379606289e-02	3.027592831465014418e-03	2.152878565075513288e-03
1.693219574779349159e+02	6.417141911669100862e-01	2.390569180804716642e-01	3.248748408446352348e-02	4.085376934333345700e-02	4.387691562853127808e-02	3.148792852240974924e-03	2.271931947227599346e-03
1.741597276915902057e+02	6.367756555777902561e-01	2.403662007915405296e-01	3.346559698225117646e-02	4.221150236801455430e-02	4.492423912934509489e-02	3.273320217382073415e-03	2.393488036854820016e-03
1.789974979052454671e+02	6.319789595704380369e-01	2.415658783570616419e-01	3.443611777877512992e-02	4.355368973140883587e-02	4.595681217076498515e-02	3.401091258312594588e-03	2.517454236417270876e-03
1.838352681189008138e+02	6.273179204174293977e-01	2.426633420533058916e-01	3.539868326440649693e-02	4.487968252332095315e-02	4.697461540326958868e-02	3.532021489814608783e-03	2.643737951631547171e-03
1.886730383325560467e+02	6.227867008267353732e-01	2.436654973779479594e-01	3.635297522276394883e-02	4.618890924654293906e-02	4.797764773459897020e-02	3.666025860278024004e-03	2.772246834311283166e-03
1.935108085462113081e+02	6.183797875240329978e-01	2.445787958637414550e-01	3.729871685372319196e-02	4.748087004037088860e-02	4.896592484102119808e-02	3.803018979576969910e-03	2.902889000711654337e-03
1.983485787598666263e+02	6.140919712123324992e-01	2.454092648091832085e-01	3.823566945049379495e-02	4.875513129641458748e-02	4.993947778125821385e-02	3.942915326223118792e-03	3.035573227272837880e-03
2.031863489735219162e+02	6.099183278192641389e-01	2.461625350625787911e-01	3.916362931348913584e-02	5.001132064073600392e-02	5.089835170625373745e-02	4.085629435332609714e-03	3.170209125523690621e-03
2.080241191871772060e+02	6.058542009482306145e-01	2.468438669869883195e-01	4.008242488486718491e-02	5.124912225805854787e-02	5.184260465841423332e-02	4.231076068836926024e-03	3.306707297782211091e-03
2.128618894008324673e+02	6.018951854551044534e-01	2.474581747251804464e-01	4.099191408869558295e-02	5.246827253538260266e-02	5.277230645437284290e-02	4.379170369268941751e-03	3.444979475173142944e-03
2.176996596144877287e+02	5.980371120772702831e-01	2.480100488759207356e-01	4.189198186269925406e-02	5.366855600383252378e-02	5.368753764571762566e-02	4.529827998362820525e-03	3.584938639374784207e-03
2.225374298281430470e+02	5.942760330465933771e-01	2.485037776856283964e-01	4.278253786848693063e-02	5.484980155895184672e-02	5.458838855249120020e-02	4.682965261620246171e-03	3.726499129406141489e-03
2.273752000417983652e+02	5.906082086223665151e-01	2.489433668526210564e-01	4.366351436802935748e-02	5.601187894096416181e-02	5.547495836461058955e-02	4.838499219914951278e-03	3.869576734671528479e-03
2.322129702554535982e+02	5.870300944844650815e-01	2.493325580348008663e-01	4.453486425497986401e-02	5.715469545773219778e-02	5.634735430667551365e-02	4.996347789132556116e-03	4.014088775392125365e-03
2.370507404691088880e+02	5.835383299308424254e-01	2.496748461456832768e-01	4.539655923019249306e-02	5.827819293428330993e-02	5.720569086193161290e-02	5.156429828772708147e-03	4.159954171472374056e-03
2.418885106827641494e+02	5.801297268271492502e-01	2.499734955181098783e-01	4.624858811150592275e-02	5.938234487383056009e-02	5.805008905143407838e-02	5.318665220375355315e-03	4.307093500773114501e-03
2.467262808964194392e+02	5.768012592596676313e-01	2.502315550097902741e-01	4.709095526852791896e-02	6.046715381621017849e-02	5.888067576471747722e-02	5.482974936572129580e-03	4.455429047692527345e-03
2.515640511100747290e+02	5.735500538459389341e-01	2.504518721199611719e-01	4.792367917377697573e-02	6.153264888058260218e-02	5.969758313852122772e-02	5.649281101507155900e-03	4.604884842890087648e-03
2.564018213237300188e+02	5.703733806604420753e-01	2.506371061819139823e-01	4.874679106211869672e-02	6.257888348010999524e-02	6.050094798034733740e-02	5.817507043318764781e-03	4.755386694927305272e-03
2.612395915373852517e+02	5.672686447354629014e-01	2.507897406919002981e-01	4.956033369097678082e-02	6.360593319713214733e-02	6.129091123383988843e-02	5.987577339324317779e-03	4.906862214541930778e-03
2.660773617510405415e+02	5.642333780998952664e-01	2.509120948309621069e-01	5.036436019430479138e-02	6.461389380811842498e-02	6.206761748317403404e-02	6.159417854504487498e-03	5.059240832219112638e-03
2.709151319646958882e+02	5.612652323211478889e-01	2.510063342325309921e-01	5.115893302377750446e-02	6.560287944837975282e-02	6.283121449382796098e-02	6.332955773840555358e-03	5.212453809673494622e-03
2.757529021783511780e+02	5.583619715176001419e-01	2.510744810451781550e-01	5.194412297110207605e-02	6.657302090718458798e-02	6.358185278728459289e-02	6.508119629018430802e-03	5.366434245810210515e-03
2.805906723920064678e+02	5.555214658111751191e-01	2.511184233366646756e-01	5.272000826576129368e-02	6.752446404453947559e-02	6.431968524737180504e-02	6.684839319975982054e-03	5.521117077689866558e-03
2.854284426056617008e+02	5.527416851915840645e-01	2.511399238824177371e-01	5.348667374288556403e-02	6.845736832147096551e-02	6.504486675610132718e-02	6.863046131735705060e-03	5.676439076982776194e-03
2.902662128193169337e+02	5.500206937656485495e-01	2.511406283787351867e-01	5.424421007630954999e-02	6.937190543618382277e-02	6.575755385700779443e-02	7.042672746932498312e-03	5.832338842360635517e-03
2.951039830329722804e+02	5.473566443668411718e-01	2.511220731183810839e-01	5.499271307220437999e-02	7.026825805897404797e-02	6.645790444412150166e-02	7.223653254416373404e-03	5.988756788239370937e-03
2.999417532466276270e+02	5.447477735018064759e-01	2.510856921637686368e-01	5.573228301898913717e-02	7.114661865924455653e-02	6.714607747483225531e-02	7.405923154281953552e-03	6.145635130254871112e-03
3.047795234602828600e+02	5.421923966121373617e-01	2.510328240506214947e-01	5.646302408951742180e-02	7.200718841841106943e-02	6.782223270501637480e-02	7.589419359650633086e-03	6.302917867823521272e-03
3.096172936739380930e+02	5.396889036310974497e-01	2.509647180528511989e-01	5.718504379180707614e-02	7.285017622289594041e-02	6.848653044490725372e-02	7.774080195507047236e-03	6.460550764111811818e-03
3.144550638875934396e+02	5.372357548163027019e-01	2.508825400373754233e-01	5.789845246483578400e-02	7.367579773179085134e-02	6.913913133429037960e-02	7.959845394868993521e-03	6.618481323713575754e-03
3.192928341012487294e+02	5.348314768406110531e-01	2.507873779357203681e-01	5.860336281616225496e-02	7.448427451412789613e-02	6.978019613569749757e-02	8.146656092548942851e-03	6.776658768309561445e-03
3.241306043149040192e+02	5.324746591246259930e-01	2.506802468574934051e-01	5.929988949835453965e-02	7.527583325103295864e-02	7.040988554436307389e-02	8.334454816745792347e-03	6.935034010561853118e-03
3.289683745285592522e+02	5.301639503952976229e-01	2.505620938691684452e-01	5.998814872141332299e-02	7.605070499834813702e-02	7.102836001378749764e-02	8.523185478687390904e-03	7.093559626475105448e-03
3.338061447422145420e+02	5.278980554561166771e-01	2.504338024600932799e-01	6.066825789857127615e-02	7.680912450560214988e-02	7.163577959582921595e-02	8.712793360527396058e-03	7.252189826437448021e-03
3.386439149558698318e+02	5.256757321553375828e-01	2.502961967161907442e-01	6.134033532302921032e-02	7.755132958748074679e-02	7.223230379431848369e-02	8.903225101684442838e-03	7.410880425136204784e-03
3.434816851695251216e+02	5.234957885395500332e-01	2.501500452204882263e-01	6.200449987335779345e-02	7.827756054420384468e-02	7.281809143125340944e-02	9.094428683796906138e-03	7.569588810527144891e-03
3.483194553831804114e+02	5.213570801807433375e-01	2.499960646983546142e-01	6.266087074545013957e-02	7.898805962745472642e-02	7.339330052470073584e-02	9.286353414453062810e-03	7.728273912020739225e-03
3.531572255968357013e+02	5.192585076657756371e-01	2.498349234241542816e-01	6.330956720905678292e-02	7.968307054872923734e-02	7.395808817758273146e-02	9.478949909843745886e-03	7.886896168034810903e-03
3.579949958104909342e+02	5.171990142378831701e-01	2.496672444049337358e-01	6.395070838707077321e-02	8.036283802718070801e-02	7.451261047658595815e-02	9.672170076472988431e-03	8.045417493049832752e-03
3.628327660241463377e+02	5.151775835805344483e-01	2.494936083557334205e-01	6.458441305585774228e-02	8.102760737423068960e-02	7.505702240047852636e-02	9.865967092051163359e-03	8.203801244291061487e-03
3.676705362378016275e+02	5.131932377345668206e-01	2.493145564801624858e-01	6.521079946504447500e-02	8.167762411239738729e-02	7.559147773717038443e-02	1.006029538568511093e-02	8.362012188150448611e-03
3.725083064514568036e+02	5.112450351401267579e-01	2.491305930689809156e-01	6.582998517528991511e-02	8.231313362596281991e-02	7.611612900889545841e-02	1.025511061747028281e-02	8.520016466450909196e-03
3.773460766651120935e+02	5.093320687954897563e-01	2.489421879285994010e-01	6.644208691266588473e-02	8.293438084125866194e-02	7.663112740493605024e-02	1.045036965758130640e-02	8.677781562645909760e-03
3.821838468787673833e+02	5.074534645253441223e-01	2.487497786506272512e-01	6.704722043837080259e-02	8.354160993449821770e-02	7.713662272134888531e-02	1.064603056494920624e-02	8.835276268038472908e-03
3.870216170924226162e+02	5.056083793516070735e-01	2.485537727328700208e-01	6.764550043258933665e-02	8.413506406522065773e-02	7.763276330718825446e-02	1.084205256560610668e-02	8.992470648095501548e-03
3.918593873060780197e+02	5.037959999602887873e-01	2.483545495614980780e-01	6.823704039139474875e-02	8.471498513354271120e-02	7.811969601675565478e-02	1.103839603077122131e-02	9.149336008925718772e-03
3.966971575197332527e+02	5.020155412583401366e-01	2.481524622634699029e-01	6.882195253566826543e-02	8.528161355953337019e-02	7.859756616743707180e-02	1.123502245474553886e-02	9.305844863982557988e-03
4.015349277333884856e+02	5.002662450148116502e-01	2.479478394377004347e-01	6.940034773108259836e-02	8.583518808314037629e-02	7.906651750271839751e-02	1.143189443267662864e-02	9.461970901046862226e-03
4.063726979470438323e+02	4.985473785810169978e-01	2.477409867729080117e-01	6.997233541826484993e-02	8.637594558320207949e-02	7.952669215999717822e-02	1.162897563824944608e-02	9.617688949538322207e-03
4.112104681606991221e+02	4.968582336847408021e-01	2.475321885595549165e-01	7.053802355231636456e-02	8.690412091417692997e-02	7.997823064283489380e-02	1.182623080135392774e-02	9.772974948199088935e-03
4.160482383743544119e+02	4.951981252938451594e-01	2.473217091028101222e-01	7.109751855092644179e-02	8.741994675931437364e-02	8.042127179731747844e-02	1.202362568577538225e-02	9.927805913187943282e-03
4.208860085880095880e+02	4.935663905449340083e-01	2.471097940430109219e-01	7.165092525037160265e-02	8.792365349907724226e-02	8.085595279221498288e-02	1.222112706694936102e-02	1.008215990661879072e-02
4.257237788016648778e+02	4.919623877330114858e-01	2.468966715896741826e-01	7.219834686874292140e-02	8.841546909370522067e-02	8.128240910265159547e-02	1.241870270981858433e-02	1.023601600557293503e-02
4.305615490153201677e+02	4.903854953583332565e-01	2.466825536747137559e-01	7.273988497579153556e-02	8.889561897888441366e-02	8.170077449701745875e-02	1.261632134682575193e-02	1.038935427161072692e-02
4.353993192289755143e+02	4.888351112268944365e-01	2.464676370301492614e-01	7.327563946882703627e-02	8.936432597355753460e-02	8.211118102687148257e-02	1.281395265607266319e-02	1.054215572080451253e-02
4.402370894426308041e+02	4.873106516012259970e-01	2.462521041952457357e-01	7.380570855414417264e-02	8.982181019897469976e-02	8.251375901960195103e-02	1.301156723967280410e-02	1.069440229431158421e-02
4.450748596562860939e+02	4.858115503983864158e-01	2.460361244577006778e-01	7.433018873349234168e-02	9.026828900814579115e-02	8.290863707362727819e-02	1.320913660232167323e-02	1.084607682950274390e-02
4.499126298699413837e+02	4.843372584322345187e-01	2.458198547331925110e-01	7.484917479513746030e-02	9.070397692491224961e-02	8.329594205593444933e-02	1.340663313010633483e-02	1.099716303165938595e-02
4.547504000835967304e+02	4.828872426972563581e-01	2.456034403873224858e-01	7.536275980909962202e-02	9.112908559190928404e-02	8.367579910176642377e-02	1.360403006957324606e-02	1.114764544624945002e-02
4.595881702972519065e+02	4.814609856913945607e-01	2.453870160037178727e-01	7.587103512618079137e-02	9.154382372673933177e-02	8.404833161628294524e-02	1.380130150707106762e-02	1.129750943179030388e-02
4.644259405109071963e+02	4.800579847754911644e-01	2.451707061018180422e-01	7.637409038042539122e-02	9.194839708572359604e-02	8.441366127803108521e-02	1.399842234838302377e-02	1.144674113330450618e-02
4.692637107245624861e+02	4.786777515671086780e-01	2.449546258076342464e-01	7.687201349468397726e-02	9.234300843464236797e-02	8.477190804407358504e-02	1.419536829866147737e-02	1.159532745637250825e-02
4.741014809382177759e+02	4.773198113666356490e-01	2.447388814805587787e-01	7.736489068897448029e-02	9.272785752591458652e-02	8.512319015663312449e-02	1.439211584267554266e-02	1.174325604178462316e-02
4.789392511518730657e+02	4.759837026137188620e-01	2.445235712990981303e-01	7.785280649135954689e-02	9.310314108170540670e-02	8.546762415112084399e-02	1.458864222538096105e-02	1.189051524079298532e-02
4.837770213655284124e+02	4.746689763721861910e-01	2.443087858082164110e-01	7.833584375107933984e-02	9.346905278248535121e-02	8.580532486542667703e-02	1.478492543281990403e-02	1.203709409096284134e-02
4.886147915791837022e+02	4.733751958417440897e-01	2.440946084307991371e-01	7.881408365369979574e-02	9.382578326059794194e-02	8.613640545035745888e-02	1.498094417335702443e-02	1.218298229262124513e-02
4.934525617928388783e+02	4.721019358948408406e-01	2.438811159455844535e-01	7.928760573805472556e-02	9.417352009842293314e-02	8.646097738111688247e-02	1.517667785925683535e-02	1.232817018589999966e-02
4.982903320064942250e+02	4.708487826371894336e-01	2.436683789337541761e-01	7.975648791477754629e-02	9.451244783075145317e-02	8.677915046972899116e-02	1.537210658860624357e-02	1.247264872836876051e-02
5.031281022201495148e+02	4.696153329905404239e-01	2.434564621962339304e-01	8.022080648623473864e-02	9.484274795101556299e-02	8.709103287831365670e-02	1.556721112758514998e-02	1.261640947325318868e-02
5.079658724338048046e+02	4.684011942963822728e-01	2.432454251436178549e-01	8.068063616768778035e-02	9.516459892104030260e-02	8.739673113312909636e-02	1.576197289308696112e-02	1.275944454823230850e-02
5.128036426474600376e+02	4.672059839393333802e-01	2.430353221605081604e-01	8.113605010952455732e-02	9.547817618400919470e-02	8.769635013930279777e-02	1.595637393569002485e-02	1.290174663480840068e-02
5.176414128611153274e+02	4.660293289890651280e-01	2.428262029459417326e-01	8.158711992041391137e-02	9.578365218035592155e-02	8.798999319617738235e-02	1.615039692298021745e-02	1.304330894824220002e-02
5.224791830747705035e+02	4.648708658596701904e-01	2.426181128314679747e-01	8.203391569124916793e-02	9.608119636631556881e-02	8.827776201320387817e-02	1.634402512322418941e-02	1.318412521804553789e-02
5.273169532884259070e+02	4.637302399854584256e-01	2.424110930783388851e-01	8.247650601975756168e-02	9.637097523488728779e-02	8.855975672631913320e-02	1.653724238939210597e-02	1.332418966902310792e-02
5.321547235020811968e+02	4.626071055122265019e-01	2.422051811551768075e-01	8.291495803566271972e-02	9.665315233897836533e-02	8.883607591474937393e-02	1.673003314352816337e-02	1.346349700285458077e-02
5.369924937157364866e+02	4.615011250031068046e-01	2.420004109973966089e-01	8.334933742629702103e-02	9.692788831651574788e-02	8.910681661818563304e-02	1.692238236146662370e-02	1.360204238020795015e-02
5.418302639293917764e+02	4.604119691581584628e-01	2.417968132495750266e-01	8.377970846256964366e-02	9.719534091732678904e-02	8.937207435428111413e-02	1.711427555789064511e-02	1.373982140337465067e-02
5.466680341430470662e+02	4.593393165469136785e-01	2.415944154918818199e-01	8.420613402520392421e-02	9.745566503160510430e-02	8.963194313642426636e-02	1.730569877173073270e-02	1.387683009941674539e-02
5.515058043567023560e+02	4.582828533531439485e-01	2.413932424516150588e-01	8.462867563116602265e-02	9.770901271979101632e-02	8.988651549174464517e-02	1.749663855189931630e-02	1.401306490381627398e-02
5.563435745703576458e+02	4.572422731311543975e-01	2.411933162008141340e-01	8.504739346021306101e-02	9.795553324370834258e-02	9.013588247931213215e-02	1.768708194335756601e-02	1.414852264461663803e-02
5.611813447840129356e+02	4.562172765729591850e-01	2.409946563408609244e-01	8.546234638149621810e-02	9.819537309881105902e-02	9.038013370849276584e-02	1.787701647351032722e-02	1.428320052704582475e-02
5.660191149976681118e+02	4.552075712857292511e-01	2.407972801749195535e-01	8.587359198015975803e-02	9.842867604740419829e-02	9.061935735742773779e-02	1.806643013892472033e-02	1.441709611861112170e-02
5.708568852113234016e+02	4.542128715789431892e-01	2.406012028690098781e-01	8.628118658388288231e-02	9.865558315271336087e-02	9.085364019160425963e-02	1.825531139236782896e-02	1.455020733465493994e-02
5.756946554249786914e+02	4.532328982607056744e-01	2.404064376024577510e-01	8.668518528931642986e-02	9.887623281368677908e-02	9.108306758248971291e-02	1.844364913015858823e-02	1.468253242436132026e-02
5.805324256386339812e+02	4.522673784427314048e-01	2.402129957084166989e-01	8.708564198837105697e-02	9.909076080042268642e-02	9.130772352620276922e-02	1.863143267982894299e-02	1.481406995720267045e-02
5.853701958522892710e+02	4.513160453535227101e-01	2.400208868051099953e-01	8.748260939431823369e-02	9.929930029012273840e-02	9.152769066219713923e-02	1.881865178808905803e-02	1.494481880981632198e-02
5.902079660659445608e+02	4.503786381592996269e-01	2.398301189183997817e-01	8.787613906766904293e-02	9.950198190348004401e-02	9.174305029193567662e-02	1.900529660909143492e-02	1.507477815330050645e-02
5.950457362795999643e+02	4.494549017922653822e-01	2.396406985962504788e-01	8.826628144180011237e-02	9.969893374141755582e-02	9.195388239753463089e-02	1.919135769298853031e-02	1.520394744091943182e-02
5.998835064932552541e+02	4.485445867858177116e-01	2.394526310156160909e-01	8.865308584829890981e-02	9.989028142209870065e-02	9.216026566035896705e-02	1.937682597477842494e-02	1.533232639620718193e-02
6.047212767069104302e+02	4.476474491163399128e-01	2.392659200822473964e-01	8.903660054200414342e-02	1.000761481181391410e-01	9.236227747955193246e-02	1.956169276343314861e-02	1.545991500146028270e-02
6.095590469205657200e+02	4.467632500512254690e-01	2.390805685238810707e-01	8.941687272571988143e-02	1.002566545939535120e-01	9.255999399048311926e-02	1.974594973130408895e-02	1.558671348660884901e-02
6.143968171342210098e+02	4.458917560028142768e-01	2.388965779772443954e-01	8.979394857458468382e-02	1.004319192431766122e-01	9.275349008310064536e-02	1.992958890379895390e-02	1.571272231845636386e-02
6.192345873478761860e+02	4.450327383879353893e-01	2.387139490692793686e-01	9.016787326007963399e-02	1.006020581261038160e-01	9.294283942017474154e-02	2.011260264932472619e-02	1.583794219027827299e-02
6.240723575615315895e+02	4.441859734927692260e-01	2.385326814929645545e-01	9.053869097366112895e-02	1.007671850070995245e-01	9.312811445542068522e-02	2.029498366949108665e-02	1.596237401176968732e-02
6.289101277751868793e+02	4.433512423427619087e-01	2.383527740780879700e-01	9.090644495000685388e-02	1.009274113919273047e-01	9.330938645149051969e-02	2.047672498956869952e-02	1.608601889933262627e-02
6.337478979888421691e+02	4.425283305773367037e-01	2.381742248573010812e-01	9.127117748986486589e-02	1.010828465649589170e-01	9.348672549782392760e-02	2.065781994919692333e-02	1.620887816669345366e-02
6.385856682024975726e+02	4.417170283291655397e-01	2.379970311277627981e-01	9.163292998249773780e-02	1.012335976262237064e-01	9.366020052834946041e-02	2.083826219333537177e-02	1.633095331584119222e-02
6.434234384161527487e+02	4.409171301077759453e-01	2.378211895086620176e-01	9.199174292771504502e-02	1.013797695282627059e-01	9.382987933902849076e-02	2.101804566345391589e-02	1.645224602827772067e-02
6.482612086298080385e+02	4.401284346872817443e-01	2.376466959948879409e-01	9.234765595748938016e-02	1.015214651127554768e-01	9.399582860523464367e-02	2.119716458895573238e-02	1.657275815657086385e-02
6.530989788434633283e+02	4.393507449980398882e-01	2.374735460071011328e-01	9.270070785715188444e-02	1.016587851468904596e-01	9.415811389896273920e-02	2.137561347882799972e-02	1.669249171620168851e-02
6.579367490571185044e+02	4.385838680220446317e-01	2.373017344384397986e-01	9.305093658616502006e-02	1.017918283594524964e-01	9.431679970586148709e-02	2.155338711351498238e-02	1.681144887769740401e-02
6.627745192707737942e+02	4.378276146918836376e-01	2.371312556980824382e-01	9.339837929847098763e-02	1.019206914766036254e-01	9.447194944208531231e-02	2.173048053700824683e-02	1.692963195904147872e-02
6.676122894844290840e+02	4.370817997930895316e-01	2.369621037518722939e-01	9.374307236241537222e-02	1.020454692573359856e-01	9.462362547096088428e-02	2.190688904914886090e-02	1.704704341835279816e-02
6.724500596980843738e+02	4.363462418697289236e-01	2.367942721601959122e-01	9.408505138024668424e-02	1.021662545285773049e-01	9.477188911946468619e-02	2.208260819813647607e-02	1.716368584682574985e-02
6.772878299117396637e+02	4.356207631330822894e-01	2.366277541132958961e-01	9.442435120719300246e-02	1.022831382199322903e-01	9.491680069450854351e-02	2.225763377324025544e-02	1.727956196192345986e-02
6.821256001253949535e+02	4.349051893732741592e-01	2.364625424641859930e-01	9.476100597011773152e-02	1.023962093980442939e-01	9.505841949903032218e-02	2.243196179770672732e-02	1.739467460081644754e-02
6.869633703390502433e+02	4.341993498737223289e-01	2.362986297593253626e-01	9.509504908575730497e-02	1.025055553005640441e-01	9.519680384788761773e-02	2.260558852185971454e-02	1.750902671405921845e-02
6.918011405527055331e+02	4.335030773282810834e-01	2.361360082671990490e-01	9.542651327854417831e-02	1.026112613697136300e-01	9.533201108355256193e-02	2.277851041638753390e-02	1.762262135949748884e-02
6.966389107663608229e+02	4.328162077609613023e-01	2.359746700049420165e-01	9.575543059801880363e-02	1.027134112854354298e-01	9.546409759160630337e-02	2.295072416581277891e-02	1.773546169639886663e-02
7.014766809800161127e+02	4.321385804481159831e-01	2.358146067631350928e-01	9.608183243583506838e-02	1.028120869981171276e-01	9.559311881603206607e-02	2.312222666214009195e-02	1.784755097980003299e-02
7.063144511936714025e+02	4.314700378429867089e-01	2.356558101288924179e-01	9.640574954236397209e-02	1.029073687608851317e-01	9.571912927430609175e-02	2.329301499867738809e-02	1.795889255506366577e-02
7.111522214073266923e+02	4.308104255025109186e-01	2.354982715073532518e-01	9.672721204290057884e-02	1.029993351614602315e-01	9.584218257228577231e-02	2.346308646402612413e-02	1.806948985263843663e-02
7.159899916209819821e+02	4.301595920162967213e-01	2.353419821416821156e-01	9.704624945347965770e-02	1.030880631535699560e-01	9.596233141889494445e-02	2.363243853623623117e-02	1.817934638301565986e-02
7.208277618346371582e+02	4.295173889376757703e-01	2.351869331316757683e-01	9.736289069630592319e-02	1.031736280879135825e-01	9.607962764060640204e-02	2.380106887712147429e-02	1.828846573187631677e-02
7.256655320482924481e+02	4.288836707167505424e-01	2.350331154510685305e-01	9.767716411480466265e-02	1.032561037426764222e-01	9.619412219572165412e-02	2.396897532673109010e-02	1.839685155542232151e-02
7.305033022619478515e+02	4.282582946353554743e-01	2.348805199636214147e-01	9.798909748829900956e-02	1.033355623535908291e-01	9.630586518844880262e-02	2.413615589797357686e-02	1.850450757588610606e-02
7.353410724756030277e+02	4.276411207438570172e-01	2.347291374380752471e-01	9.829871804632023258e-02	1.034120746435424759e-01	9.641490588277877583e-02	2.430260877138869582e-02	1.861143757721271663e-02
7.401788426892584312e+02	4.270320117997207232e-01	2.345789585620423334e-01	9.860605248255753519e-02	1.034857098517208140e-01	9.652129271616116668e-02	2.446833229006375315e-02	1.871764540090882500e-02
7.450166129029136073e+02	4.264308332077768049e-01	2.344299739549070838e-01	9.891112696845401342e-02	1.035565357623134813e-01	9.662507331298035573e-02	2.463332495469033531e-02	1.882313494205311091e-02
7.498543831165690108e+02	4.258374529621203330e-01	2.342821741798002400e-01	9.921396716645540514e-02	1.036246187327451856e-01	9.672629449783336220e-02	2.479758541875782055e-02	1.892791014546280418e-02
7.546921533302243006e+02	4.252517415895848973e-01	2.341355497547085440e-01	9.951459824291845890e-02	1.036900237214616882e-01	9.682500230861046386e-02	2.496111248387997139e-02	1.903197500201112002e-02
7.595299235438793630e+02	4.246735720947302783e-01	2.339900911627763869e-01	9.981304488068584724e-02	1.037528143152607607e-01	9.692124200938016798e-02	2.512390509525105550e-02	1.913533354509061590e-02
7.643676937575347665e+02	4.241028199062903403e-01	2.338457888618532543e-01	1.001093312913342859e-01	1.038130527561715588e-01	9.701505810308000410e-02	2.528596233722807049e-02	1.923798984721760211e-02
7.692054639711900563e+02	4.235393628250272990e-01	2.337026332933365425e-01	1.004034812271029919e-01	1.038707999678851607e-01	9.710649434401470714e-02	2.544728342903562410e-02	1.933994801677283576e-02
7.740432341848452324e+02	4.229830809729430707e-01	2.335606148903565660e-01	1.006955179925091287e-01	1.039261155817387261e-01	9.719559375016355307e-02	2.560786772059019112e-02	1.944121219487391847e-02
7.788810043985006359e+02	4.224338567437999070e-01	2.334197240853474187e-01	1.009854644556572173e-01	1.039790579622565381e-01	9.728239861529860977e-02	2.576771468844051352e-02	1.954178655237495330e-02
7.837187746121558121e+02	4.218915747549042417e-01	2.332799513170442929e-01	1.012733430592493711e-01	1.040296842322512988e-01	9.736695052091581815e-02	2.592682393182100392e-02	1.964167528698909995e-02
7.885565448258112156e+02	4.213561218001117825e-01	2.331412870369454771e-01	1.015591758313030141e-01	1.040780502974892052e-01	9.744929034798067990e-02	2.608519516881506808e-02	1.974088262052986834e-02
7.933943150394665054e+02	4.208273868040112720e-01	2.330037217152746420e-01	1.018429843955830222e-01	1.041242108709230924e-01	9.752945828849066134e-02	2.624282823262534883e-02	1.983941279626701137e-02
7.982320852531219089e+02	4.203052607772486682e-01	2.328672458464767225e-01	1.021247899817547128e-01	1.041682194964975022e-01	9.760749385685624224e-02	2.639972306794801174e-02	1.993727007639316609e-02
8.030698554667769713e+02	4.197896367729533895e-01	2.327318499542783692e-01	1.024046134352645659e-01	1.042101285725303000e-01	9.768343590110284413e-02	2.655587972744818254e-02	2.003445873959730852e-02
8.079076256804323748e+02	4.192804098442316496e-01	2.325975245963423366e-01	1.026824752269549917e-01	1.042499893746753753e-01	9.775732261389540045e-02	2.671129836833379192e-02	2.013098307874138307e-02
8.127453958940876646e+02	4.187774770026915228e-01	2.324642603685428965e-01	1.029583954624198328e-01	1.042878520784709939e-01	9.782919154338808043e-02	2.686597924902513201e-02	2.022684739863647371e-02
8.175831661077428407e+02	4.182807371779683203e-01	2.323320479088874235e-01	1.032323938911066524e-01	1.043237657814790054e-01	9.789907960390105413e-02	2.701992272591746333e-02	2.032205601391503386e-02
8.224209363213982442e+02	4.177900911782178595e-01	2.322008779011084378e-01	1.035044899151724429e-01	1.043577785250196649e-01	9.796702308642658841e-02	2.717312925023418826e-02	2.041661324699580587e-02
8.272587065350534203e+02	4.173054416515483700e-01	2.320707410779478397e-01	1.037747025980987198e-01	1.043899373155072891e-01	9.803305766896666662e-02	2.732559936496797501e-02	2.051052342613815527e-02
8.320964767487085965e+02	4.168266930483620070e-01	2.319416282241545668e-01	1.040430506730720267e-01	1.044202881453919901e-01	9.809721842670424130e-02	2.747733370190753172e-02	2.060379088358262403e-02
8.369342469623640000e+02	4.163537515845788795e-01	2.318135301792144665e-01	1.043095525511361504e-01	1.044488760137127353e-01	9.815953984201052085e-02	2.762833297874758148e-02	2.069641995377467444e-02
8.417720171760191761e+02	4.158865252057165618e-01	2.316864378398311719e-01	1.045742263291214724e-01	1.044757449462670601e-01	9.822005581429028853e-02	2.777859799627978299e-02	2.078841497166862215e-02
8.466097873896745796e+02	4.154249235518008287e-01	2.315603421621745261e-01	1.048370897973576743e-01	1.045009380154030137e-01	9.827879966966765468e-02	2.792812963566233819e-02	2.087978027110887896e-02
8.514475576033297557e+02	4.149688579230825236e-01	2.314352341639125399e-01	1.050981604471751263e-01	1.045244973594385007e-01	9.833580417051430989e-02	2.807692885576612216e-02	2.097052018328573325e-02
8.562853278169851592e+02	4.145182412465377442e-01	2.313111049260417607e-01	1.053574554782005929e-01	1.045464642017138318e-01	9.839110152482273552e-02	2.822499669059517005e-02	2.106063903526297215e-02
8.611230980306403353e+02	4.140729880431290866e-01	2.311879455945296535e-01	1.056149918054528208e-01	1.045668788692827034e-01	9.844472339542623129e-02	2.837233424677956112e-02	2.115014114857470887e-02
8.659608682442956251e+02	4.136330143958060757e-01	2.310657473817823437e-01	1.058707860662432415e-01	1.045857808112473364e-01	9.849670090906836872e-02	2.851894270113855545e-02	2.123903083788891699e-02
8.707986384579510286e+02	4.131982379182244647e-01	2.309445015679493507e-01	1.061248546268868248e-01	1.046032086167431041e-01	9.854706466532373033e-02	2.866482329831214829e-02	2.132731240973523290e-02
8.756364086716062047e+02	4.127685777241647536e-01	2.308241995020769988e-01	1.063772135892285947e-01	1.046192000325784494e-01	9.859584474537234910e-02	2.880997734845908848e-02	2.141499016129462876e-02
8.804741788852616082e+02	4.123439543976303856e-01	2.307048326031208574e-01	1.066278787969904135e-01	1.046337919805351707e-01	9.864307072062987458e-02	2.895440622501950501e-02	2.150206837924870454e-02
8.853119490989170117e+02	4.119242899636071376e-01	2.305863923608272026e-01	1.068768658419430445e-01	1.046470205743350035e-01	9.868877166123572742e-02	2.909811136254039296e-02	2.158855133868636811e-02
8.901497193125721878e+02	4.115095078594669387e-01	2.304688703364926872e-01	1.071241900699082955e-01	1.046589211362776717e-01	9.873297614440137981e-02	2.924109425456215827e-02	2.167444330206576633e-02
8.949874895262273640e+02	4.110995329069976334e-01	2.303522581636105182e-01	1.073698665865959467e-01	1.046695282135560040e-01	9.877571226262078785e-02	2.938335645156454554e-02	2.175974851822942702e-02
8.998252597398827675e+02	4.106942912850434779e-01	2.302365475484121071e-01	1.076139102632797662e-01	1.046788755942534149e-01	9.881700763174519619e-02	2.952489955897033558e-02	2.184447122147056483e-02
9.046630299535379436e+02	4.102937105027395503e-01	2.301217302703105205e-01	1.078563357423173996e-01	1.046869963230292466e-01	9.885688939892436911e-02	2.966572523520511970e-02	2.192861563064865335e-02
9.095008001671932334e+02	4.098977193733254754e-01	2.300077981822537254e-01	1.080971574425180770e-01	1.046939227164971065e-01	9.889538425041637104e-02	2.980583518981166219e-02	2.201218594835240364e-02
9.143385703808486369e+02	4.095062479885231421e-01	2.298947432109936795e-01	1.083363895643627561e-01	1.046996863783017928e-01	9.893251841926779810e-02	2.994523118161732111e-02	2.209518636010830359e-02
9.191763405945038130e+02	4.091192276934642602e-01	2.297825573572775948e-01	1.085740460950805064e-01	1.047043182138996664e-01	9.896831769286668079e-02	3.008391501695301118e-02	2.217762103363302498e-02
9.240141108081592165e+02	4.087365910621539311e-01	2.296712326959672590e-01	1.088101408135852960e-01	1.047078484450479768e-01	9.900280742036994541e-02	3.022188854792233481e-02	2.225949411812794959e-02
9.288518810218145063e+02	4.083582718734570793e-01	2.295607613760912991e-01	1.090446872952770541e-01	1.047103066240081121e-01	9.903601252000746036e-02	3.035915367071943469e-02	2.234080974361428093e-02
9.336896512354697961e+02	4.079842050875941428e-01	2.294511356208357722e-01	1.092776989167108803e-01	1.047117216474679618e-01	9.906795748626463782e-02	3.049571232399424237e-02	2.242157202030706231e-02
9.385274214491247449e+02	4.076143268231345318e-01	2.293423477274779687e-01	1.095091888601380653e-01	1.047121217701882379e-01	9.909866639694547841e-02	3.063156648726378037e-02	2.250178503802665458e-02
9.433651916627801484e+02	4.072485743344747000e-01	2.292343900672670909e-01	1.097391701179224882e-01	1.047115346183779133e-01	9.912816292011805697e-02	3.076671817936826522e-02	2.258145286564618853e-02
9.482029618764355519e+02	4.068868859897897816e-01	2.291272550852564704e-01	1.099676554968360698e-01	1.047099872028036394e-01	9.915647032094433710e-02	3.090116945697075207e-02	2.266057955057355217e-02
9.530407320900908417e+02	4.065292012494472473e-01	2.290209353000911274e-01	1.101946576222366247e-01	1.047075059316378426e-01	9.918361146839607678e-02	3.103492241309911345e-02	2.273916911826658754e-02
9.578785023037459041e+02	4.061754606448711447e-01	2.289154233037536401e-01	1.104201889421312921e-01	1.047041166230504861e-01	9.920960884185875406e-02	3.116797917572914495e-02	2.281722557178014060e-02
9.627162725174014213e+02	4.058256057578469300e-01	2.288107117612726005e-01	1.106442617311291926e-01	1.046998445175490872e-01	9.923448453762540034e-02	3.130034190640774289e-02	2.289475289134370456e-02
9.675540427310568248e+02	4.054795792002559573e-01	2.287067934103955980e-01	1.108668880942860757e-01	1.046947142900717109e-01	9.925826027528199258e-02	3.143201279891492950e-02	2.297175503396841484e-02
9.723918129447120009e+02	4.051373245942300194e-01	2.286036610612307562e-01	1.110880799708442584e-01	1.046887500618374212e-01	9.928095740398623636e-02	3.156299407796372275e-02	2.304823593308222632e-02
9.772295831583674044e+02	4.047987865527157836e-01	2.285013075958587381e-01	1.113078491378707846e-01	1.046819754119588525e-01	9.930259690864154387e-02	3.169328799793678236e-02	2.312419949819213144e-02
9.820673533720223531e+02	4.044639106604396850e-01	2.283997259679180492e-01	1.115262072137967048e-01	1.046744133888212330e-01	9.932319941596784441e-02	3.182289684165880150e-02	2.319964961457225347e-02
9.869051235856777566e+02	4.041326434552642288e-01	2.282989092021659172e-01	1.117431656618603775e-01	1.046660865212324376e-01	9.934278520047101768e-02	3.195182291920368317e-02	2.327459014297683648e-02
9.917428937993331601e+02	4.038049324099269310e-01	2.281988503940170221e-01	1.119587357934574701e-01	1.046570168293480679e-01	9.936137419031246254e-02	3.208006856673547430e-02	2.334902491937704272e-02
9.965806640129884499e+02	4.034807259141525715e-01	2.280995427090619365e-01	1.121729287714003237e-01	1.046472258353761953e-01	9.937898597308064685e-02	3.220763614538221103e-02	2.342295775472057889e-02
