0.000000000000000000e+00	9.947281282197608654e-01	1.201212030902106635e-33	5.166013844483467211e-03	2.350843201699568075e-32	2.170313563824257785e-03	1.095706082297433085e-03	1.477941101391387390e-26
4.837770213655283591e+00	9.756185975834397173e-01	1.798959008965814524e-02	5.132477081569880063e-03	8.074436342679276767e-05	3.199308430067963546e-03	1.106625469288132413e-03	3.281869291533127665e-05
9.675540427310567182e+00	9.574322802584017689e-01	3.476427267461000559e-02	5.204046295144460453e-03	3.135901927396615089e-04	4.263588622982739627e-03	1.117495984843331052e-03	6.488768164389439571e-05
1.451331064096584811e+01	9.401143848362092381e-01	5.040423518212931026e-02	5.371621074799937980e-03	6.852047714392244795e-04	5.359022723997020066e-03	1.128824562395477904e-03	9.686855939573091713e-05
1.935108085462113081e+01	9.236136094525353446e-01	6.498438705758832756e-02	5.626767736519324228e-03	1.183199254192856230e-03	6.481781863765949218e-03	1.141067061256447347e-03	1.293492845076856239e-04
2.418885106827641707e+01	9.078819145056453710e-01	7.857470714250840149e-02	5.961673055454295468e-03	1.796065256074708648e-03	7.628319288558195292e-03	1.154632205565292490e-03	1.628502565597693885e-04
2.902662128193169622e+01	8.928743102849736601e-01	9.124056818374798317e-02	6.369101131632749248e-03	2.513115640214032189e-03	8.795351280750150422e-03	1.169885244299786629e-03	1.978299447476540834e-04
3.386439149558698603e+01	8.785486585292912043e-01	1.030430399796543051e-01	6.842353179087363665e-03	3.324429226997236385e-03	9.979839344113363570e-03	1.187151351413310999e-03	2.346900998092863963e-04
3.870216170924226162e+01	8.648654869984891969e-01	1.140391725698391284e-01	7.375230042813676196e-03	4.220799166206726238e-03	1.117897357046526013e-02	1.206718783878127409e-03	2.737805786740466667e-04
4.353993192289755143e+01	8.517878162032971323e-01	1.242822607826043479e-01	7.961997260961875544e-03	5.193684730516023168e-03	1.239015710974990248e-02	1.228841814220810831e-03	3.154038090161425051e-04
4.837770213655283413e+01	8.392809974935689921e-01	1.338220913675095269e-01	8.597352501802019153e-03	6.235166304675123124e-03	1.361099167075017179e-02	1.253743453019974486e-03	3.598189190405074096e-04
5.321547235020811684e+01	8.273125617583821922e-01	1.427051738597384656e-01	9.276395216334516053e-03	7.337903359586334454e-03	1.483926398442912860e-02	1.281617975795112984e-03	4.072455561004975546e-04
5.805324256386339954e+01	8.158520780403414330e-01	1.509749562474110296e-01	9.994598357999545310e-03	8.495095214358075811e-03	1.607293316637890476e-02	1.312633267743485484e-03	4.578674161338662832e-04
6.289101277751868224e+01	8.048710214123857565e-01	1.586720264424488769e-01	1.074778203082018060e-02	9.700444402396665375e-03	1.731011891904075950e-02	1.346932998874875078e-03	5.118355043991011351e-04
6.772878299117397205e+01	7.943426495082925864e-01	1.658343004897104012e-01	1.153208893654064822e-02	1.094812246971436399e-02	1.854909051826973340e-02	1.384638641247474275e-03	5.692711465910165521e-04
7.256655320482924765e+01	7.842418871381263701e-01	1.724971983875580039e-01	1.234396149993657876e-02	1.223273804495202816e-02	1.978825653246946148e-02	1.425851339218063042e-03	6.302687681057550159e-04
7.740432341848452324e+01	7.745452184573147214e-01	1.786938083355220919e-01	1.318012055951878377e-02	1.354930703118922657e-02	2.102615522593436620e-02	1.470653642882301148e-03	6.948984580047688764e-04
8.224209363213981305e+01	7.652305861929917796e-01	1.844550401710128018e-01	1.403754551836357972e-02	1.489322477949283838e-02	2.226144560122331542e-02	1.519111114192869426e-03	7.632083330890517036e-04
8.707986384579510286e+01	7.562772974639105916e-01	1.898097687068562855e-01	1.491345585681645367e-02	1.626024011338257635e-02	2.349289903836594001e-02	1.571273814601071911e-03	8.352267164333700969e-04
9.191763405945040688e+01	7.476659357607360334e-01	1.947849676345619341e-01	1.580529391536448017e-02	1.764643108201173136e-02	2.471939149148353124e-02	1.627177682468327344e-03	9.109641437403931787e-04
9.675540427310566827e+01	7.393782786820324304e-01	1.994058346144422789e-01	1.671070886208755879e-02	1.904818232791339813e-02	2.593989620600433213e-02	1.686845807934853969e-03	9.904152099516395392e-04
1.015931744867609581e+02	7.313972210478842939e-01	2.036959081328080234e-01	1.762754176480743271e-02	2.046216396268433352e-02	2.715347692207959254e-02	1.750289612411157951e-03	1.073560267691592296e-03
1.064309447004162337e+02	7.237067030379610300e-01	2.076771766682531939e-01	1.855381169338382943e-02	2.188531185100472606e-02	2.835928153207351032e-02	1.817509939371145678e-03	1.160366988318998387e-03
1.112687149140715235e+02	7.162916430240714449e-01	2.113701806733546684e-01	1.948770278258373304e-02	2.331480920995593342e-02	2.955653616211770945e-02	1.888498062671515720e-03	1.250791795611386464e-03
1.161064851277267991e+02	7.091378747889609535e-01	2.147941078447710983e-01	2.042755219059620014e-02	2.474806943672940018e-02	3.074453964969882380e-02	1.963236618198350731e-03	1.344781181411548515e-03
1.209442553413820747e+02	7.022320888433788433e-01	2.179668821235801746e-01	2.137183889260303379e-02	2.618272008354746022e-02	3.192265839109553749e-02	2.041700464246500642e-03	1.442272911914774898e-03
1.257820255550373645e+02	6.955617775723866858e-01	2.209052468386012158e-01	2.231917325286575382e-02	2.761658790396690627e-02	3.309032153420733008e-02	2.123857475668556455e-03	1.543197132669798383e-03
1.306197957686926259e+02	6.891151839595731632e-01	2.236248423782713213e-01	2.326828732257017751e-02	2.904768489973417328e-02	3.424701649392953434e-02	2.209669276486169506e-03	1.647477379801786214e-03
1.354575659823479441e+02	6.828812536543702461e-01	2.261402787512563628e-01	2.421802581419987485e-02	3.047419530202943871e-02	3.539228476873535617e-02	2.299091915335538337e-03	1.755031504439495378e-03
1.402953361960032339e+02	6.768495901631113032e-01	2.284652033722614772e-01	2.516733770650495319e-02	3.189446342529833611e-02	3.652571803853243287e-02	2.392076487819533390e-03	1.865772516838366943e-03
1.451331064096584669e+02	6.710104129588918553e-01	2.306123643873521090e-01	2.611526843720909929e-02	3.330698233594366064e-02	3.764695452517561464e-02	2.488569709559695226e-03	1.979609356234408955e-03
1.499708766233137851e+02	6.653545183187763445e-01	2.325936698324012064e-01	2.706095264346940199e-02	3.471038328195524131e-02	3.875567559824536629e-02	2.588514443480913977e-03	2.096447592038007575e-03
1.548086468369690749e+02	6.598732427094785580e-01	2.344202428989457798e-01	2.800360741278440369e-02	3.610342583311088038e-02	3.985160260984793590e-02	2.691850184618711350e-03	2.216190061580199967e-03
1.596464170506243647e+02	6.545584285544073788e-01	2.361024735636771676e-01	2.894252600954832708e-02	3.748498868470215295e-02	4.093449394326452440e-02	2.798513505512517999e-03	2.338737449254453971e-03
1.644841872642796261e+02	6.494023922259541948e-01	2.376500668209186318e-01	2.987707204478521825e-02	3.885406108084094035e-02	4.200414226127757722e-02	2.908438465037097107e-03	2.463988811552872502e-03
1.693219574779349159e+02	6.443978941171645269e-01	2.390720877416852019e-01	3.080667405877747511e-02	4.020973481630001067e-02	4.306037194093674525e-02	3.021556983327292750e-03	2.591842052175193870e-03
1.741597276915902057e+02	6.395381106565218854e-01	2.403770035681996597e-01	3.173082048833830715e-02	4.155119677854820365e-02	4.410303668240041913e-02	3.137799185267585271e-03	2.722194351090441271e-03
1.789974979052454671e+02	6.348166081385301363e-01	2.415727230389858315e-01	3.264905499237749642e-02	4.287772199416898383e-02	4.513201728030426935e-02	3.257093714846701765e-03	2.854942551153117139e-03
1.838352681189008138e+02	6.302273182511506366e-01	2.426666331268146348e-01	3.356097211118300172e-02	4.418866714621321606e-02	4.614721954687019123e-02	3.379368022517842407e-03	2.989983505616999968e-03
1.886730383325560467e+02	6.257645151889641433e-01	2.436656333597776447e-01	3.446621323649588092e-02	4.548346453124347405e-02	4.714857237668054757e-02	3.504548627556237569e-03	3.127214389648655044e-03
1.935108085462113081e+02	6.214227942482319911e-01	2.445761678845526643e-01	3.536446287100059732e-02	4.676161642688816955e-02	4.813602594370766652e-02	3.632561357266981487e-03	3.266532978718453013e-03
1.983485787598666263e+02	6.171970518068550238e-01	2.454042554204539095e-01	3.625544515729438311e-02	4.802268984264907586e-02	4.910955002180934087e-02	3.763331564766744623e-03	3.407837896538111044e-03
2.031863489735219162e+02	6.130824665985976640e-01	2.461555172430766603e-01	3.713892065774481582e-02	4.926631162850424184e-02	5.006913242048129098e-02	3.896784326942394957e-03	3.551028835019472314e-03
2.080241191871772060e+02	6.090744821969041878e-01	2.468352033272088464e-01	3.801468336790015529e-02	5.049216391752837929e-02	5.101477752819927325e-02	4.032844624077201214e-03	3.696006748548415471e-03
2.128618894008324673e+02	6.051687906291922658e-01	2.474482167701435587e-01	3.888255794728879416e-02	5.169997988032192654e-02	5.194650495618987479e-02	4.171437502530563231e-03	3.842674024699574333e-03
2.176996596144877287e+02	6.013613170477063452e-01	2.479991366085540494e-01	3.974239715253773120e-02	5.288953977050606103e-02	5.286434827594165692e-02	4.312488221759632097e-03	3.990934633361026621e-03
2.225374298281430470e+02	5.976482053878711120e-01	2.484922391346423287e-01	4.059407945876008367e-02	5.406066724191015832e-02	5.376835384421000535e-02	4.455922386880255444e-03	4.140694256092549395e-03
2.273752000417983652e+02	5.940258049496143222e-01	2.489315178103137238e-01	4.143750685611392870e-02	5.521322591935738655e-02	5.465857970968169416e-02	4.601666067879964586e-03	4.291860397405642021e-03
2.322129702554535982e+02	5.904906578413708917e-01	2.493207018716288581e-01	4.227260280932312875e-02	5.634711620614890615e-02	5.553509459585041080e-02	4.749645906516786371e-03	4.444342479527635045e-03
2.370507404691088880e+02	5.870394872304371958e-01	2.496632737097126964e-01	4.309931036877966137e-02	5.746227231246328615e-02	5.639797695501452129e-02	4.899789211864141562e-03	4.598051922095144732e-03
2.418885106827641494e+02	5.836691863470380159e-01	2.499624851086262867e-01	4.391759042262054907e-02	5.855865948993031755e-02	5.724731408864452975e-02	5.052024045393609455e-03	4.752902208113327608e-03
2.467262808964194392e+02	5.803768081929299161e-01	2.502213724154088714e-01	4.472742007989385926e-02	5.963627145861231937e-02	5.808320132968187305e-02	5.206279296423541383e-03	4.908808937416278897e-03
2.515640511100747290e+02	5.771595559085868077e-01	2.504427707125463920e-01	4.552879117560165029e-02	6.069512801353559722e-02	5.890574128262401205e-02	5.362484748702127900e-03	5.065689868769926614e-03
2.564018213237300188e+02	5.740147737560328256e-01	2.506293270584988298e-01	4.632170888903563294e-02	6.173527279876470097e-02	5.971504311752478394e-02	5.520571138838176357e-03	5.223464951671489588e-03
2.612395915373852517e+02	5.709399386771997209e-01	2.507835128575988670e-01	4.710619046740732729e-02	6.275677123780565303e-02	6.051122191429503944e-02	5.680470207241389811e-03	5.382056348818448598e-03
2.660773617510405415e+02	5.679326523903234225e-01	2.509076354165977740e-01	4.788226404732097430e-02	6.375970860986585054e-02	6.129439805392767476e-02	5.842114742185969614e-03	5.541388450144691877e-03
2.709151319646958882e+02	5.649906339893489005e-01	2.510038487413664421e-01	4.864996756714726200e-02	6.474418826219104084e-02	6.206469665349445552e-02	6.005438617566739162e-03	5.701387879251527090e-03
2.757529021783511780e+02	5.621117130136099593e-01	2.510741636237358021e-01	4.940934776383146265e-02	6.571032994934648819e-02	6.282224704197077181e-02	6.170376824875459590e-03	5.861983492996380128e-03
2.805906723920064678e+02	5.592938229571994269e-01	2.511204570651727752e-01	5.016045924811312479e-02	6.665826829091378580e-02	6.356718227413916955e-02	6.336865499886322126e-03	6.023106374941714254e-03
2.854284426056617008e+02	5.565349951894462688e-01	2.511444810809133621e-01	5.090336365254818224e-02	6.758815133963948230e-02	6.429963868000462823e-02	6.504841944503668774e-03	6.184689823310825056e-03
2.902662128193169337e+02	5.538333532597917719e-01	2.511478709253047725e-01	5.163812884710993617e-02	6.850013925259852698e-02	6.501975544732470358e-02	6.674244644191483326e-03	6.346669334045300197e-03
2.951039830329722804e+02	5.511871075621073146e-01	2.511321527764257544e-01	5.236482821750530758e-02	6.939440305842831114e-02	6.572767423501599260e-02	6.845013281373107591e-03	6.508982579510846390e-03
2.999417532466276270e+02	5.485945503351283836e-01	2.510987509155492847e-01	5.308354000167823245e-02	7.027112351414904756e-02	6.642353881534739102e-02	7.017088745160644445e-03	6.671569383353597588e-03
3.047795234602828600e+02	5.460540509772113804e-01	2.510489944346717683e-01	5.379434668028486299e-02	7.113049004551580401e-02	6.710749474296848205e-02	7.190413137746602852e-03	6.834371691967692890e-03
3.096172936739380930e+02	5.435640516550418466e-01	2.509841235031456397e-01	5.449733441721690136e-02	7.197269976524892088e-02	6.777968904895141644e-02	7.364929777765289766e-03	6.997333542996624772e-03
3.144550638875934396e+02	5.411230631872611108e-01	2.509052952224109512e-01	5.519259254652136848e-02	7.279795656386460478e-02	6.844026995814490866e-02	7.540583200908198072e-03	7.160401031255387433e-03
3.192928341012487294e+02	5.387296611852213646e-01	2.508135890959130032e-01	5.588021310231876260e-02	7.360647026817729310e-02	6.908938662825257759e-02	7.717319158055978290e-03	7.323522272427608962e-03
3.241306043149040192e+02	5.363824824342421360e-01	2.507100121395106629e-01	5.656029038855768520e-02	7.439845586287269219e-02	6.972718890915252654e-02	7.895084611169493616e-03	7.486647364861453470e-03
3.289683745285592522e+02	5.340802214998328079e-01	2.505955036560152949e-01	5.723292058566455814e-02	7.517413277085596701e-02	7.035382712107431102e-02	8.073827727163767135e-03	7.649728349759944701e-03
3.338061447422145420e+02	5.318216275443574670e-01	2.504709396959447498e-01	5.789820139135237048e-02	7.593372418836451254e-02	7.096945185034089776e-02	8.253497869971291451e-03	7.812719170035344399e-03
3.386439149558698318e+02	5.296055013405700507e-01	2.503371372251236293e-01	5.855623169304369213e-02	7.667745647110169038e-02	7.157421376146934355e-02	8.434045590985032870e-03	7.975575628073152887e-03
3.434816851695251216e+02	5.274306924693346055e-01	2.501948580184040760e-01	5.920711126954173592e-02	7.740555856789652078e-02	7.216826342450417819e-02	8.615422618056508067e-03	8.138255342629067968e-03
3.483194553831804114e+02	5.252960966896730310e-01	2.500448122975125753e-01	5.985094051974939461e-02	7.811826149862705071e-02	7.275175115653249869e-02	8.797581843210420388e-03	8.300717705061702589e-03
3.531572255968357013e+02	5.232006534700598399e-01	2.498876621298448397e-01	6.048782021639108331e-02	7.881579787336197296e-02	7.332482687639962915e-02	8.980477309224436586e-03	8.462923835084866508e-03
3.579949958104909342e+02	5.211433436706029987e-01	2.497240246039226508e-01	6.111785128283670626e-02	7.949840144987825596e-02	7.388763997170957887e-02	9.164064195210716926e-03	8.624836536205769330e-03
3.628327660241463377e+02	5.191231873664292618e-01	2.495544747961946364e-01	6.174113459126121667e-02	8.016630672690161497e-02	7.444033917725596805e-02	9.348298801324744084e-03	8.786420250999266157e-03
3.676705362378016275e+02	5.171392418032230154e-01	2.493795485428953740e-01	6.235777078049888067e-02	8.081974857059391615e-02	7.498307246408543458e-02	9.533138532716646865e-03	8.947641016353480303e-03
3.725083064514568036e+02	5.151905994764574004e-01	2.491997450297764594e-01	6.296786009206782608e-02	8.145896187197637639e-02	7.551598693844958909e-02	9.718541882830715462e-03	9.108466418808332590e-03
3.773460766651120935e+02	5.132763863264089288e-01	2.490155292116796315e-01	6.357150222294914721e-02	8.208418123313233894e-02	7.603922874995069914e-02	9.904468416149938767e-03	9.268865550095936948e-03
3.821838468787673833e+02	5.113957600415608429e-01	2.488273340731350924e-01	6.416879619380617961e-02	8.269564068017698499e-02	7.655294300823305143e-02	1.009087875047421333e-02	9.428808962980154279e-03
3.870216170924226162e+02	5.095479084634840783e-01	2.486355627404321367e-01	6.475984023142364321e-02	8.329357340111628871e-02	7.705727370761530914e-02	1.027773453881323205e-02	9.588268627481941891e-03
3.918593873060780197e+02	5.077320480867314467e-01	2.484405904549228938e-01	6.534473166423436508e-02	8.387821150684300620e-02	7.755236365909970453e-02	1.046499845096811668e-02	9.747217887567291225e-03
3.966971575197332527e+02	5.059474226477056469e-01	2.482427664166770576e-01	6.592356682988276262e-02	8.444978581363513093e-02	7.803835442923144627e-02	1.065263415486924700e-02	9.905631418365536470e-03
4.015349277333884856e+02	5.041933017968507347e-01	2.480424155070071746e-01	6.649644099385045026e-02	8.500852564563145253e-02	7.851538628531766484e-02	1.084060629773181579e-02	1.006348518397754375e-02
4.063726979470438323e+02	5.024689798488842785e-01	2.478398398978221839e-01	6.706344827824017862e-02	8.555465865586188434e-02	7.898359814654758171e-02	1.102888048708497958e-02	1.022075639592569252e-02
4.112104681606991221e+02	5.007737746061332595e-01	2.476353205552453141e-01	6.762468159988009597e-02	8.608841066450517721e-02	7.944312754058684145e-02	1.121742327172540674e-02	1.037742347229063042e-02
4.160482383743544119e+02	4.991070262503543575e-01	2.474291186444421142e-01	6.818023261697180037e-02	8.661000551313627338e-02	7.989411056524760302e-02	1.140620212264120345e-02	1.053346599757342371e-02
4.208860085880095880e+02	4.974680962987205191e-01	2.472214768421485132e-01	6.873019168356254982e-02	8.711966493380896015e-02	8.033668185486256275e-02	1.159518541394783525e-02	1.068886468331592399e-02
4.257237788016648778e+02	4.958563666199355957e-01	2.470126205629618599e-01	6.927464781117516346e-02	8.761760843189705938e-02	8.077097455101676926e-02	1.178434240387358882e-02	1.084360132950685195e-02
4.305615490153201677e+02	4.942712385066999059e-01	2.468027591050593605e-01	6.981368863697857974e-02	8.810405318169040045e-02	8.119712027731397497e-02	1.197364321582839418e-02	1.099765878679629869e-02
4.353993192289755143e+02	4.927121318009943240e-01	2.465920867206356504e-01	7.034740039792775068e-02	8.857921393380950581e-02	8.161524911787640391e-02	1.216305881958633893e-02	1.115102091953692684e-02
4.402370894426308041e+02	4.911784840688796505e-01	2.463807836160038511e-01	7.087586791034460043e-02	8.904330293356632620e-02	8.202548959929722994e-02	1.235256101260906111e-02	1.130367256966614831e-02
4.450748596562860939e+02	4.896697498217209010e-01	2.461690168859791139e-01	7.139917455445107808e-02	8.949652984945757894e-02	8.242796867578401632e-02	1.254212240153424439e-02	1.145559952143995926e-02
4.499126298699413837e+02	4.881853997809457724e-01	2.459569413868602228e-01	7.191740226340256892e-02	8.993910171103249029e-02	8.282281171724925617e-02	1.273171638385076770e-02	1.160678846702580327e-02
4.547504000835967304e+02	4.867249201836343908e-01	2.457447005520407846e-01	7.243063151640403985e-02	9.037122285542836808e-02	8.321014250012086222e-02	1.292131712977954289e-02	1.175722697295885494e-02
4.595881702972519065e+02	4.852878121264095346e-01	2.455324271540174352e-01	7.293894133552332459e-02	9.079309488191543431e-02	8.359008320066081688e-02	1.311089956437682530e-02	1.190690344746347072e-02
4.644259405109071963e+02	4.838735909452617223e-01	2.453202440163137488e-01	7.344240928584538919e-02	9.120491661383753335e-02	8.396275439059466827e-02	1.330043934987466814e-02	1.205580710863909076e-02
4.692637107245624861e+02	4.824817856290949392e-01	2.451082646786084118e-01	7.394111147863900724e-02	9.160688406737704792e-02	8.432827503486839404e-02	1.348991286827127579e-02	1.220392795350776390e-02
4.741014809382177759e+02	4.811119382649208243e-01	2.448965940181391798e-01	7.443512257723298997e-02	9.199919042661196256e-02	8.468676249136120049e-02	1.367929720418222840e-02	1.235125672791849080e-02
4.789392511518730657e+02	4.797636035127628706e-01	2.446853288302532348e-01	7.492451580532261124e-02	9.238202602436901278e-02	8.503833251239532875e-02	1.386857012796196241e-02	1.249778489730187132e-02
4.837770213655284124e+02	4.784363481084568659e-01	2.444745583707849945e-01	7.540936295744887774e-02	9.275557832841142825e-02	8.538309924789434791e-02	1.405771007910339501e-02	1.264350461826697566e-02
4.886147915791837022e+02	4.771297503926489880e-01	2.442643648627669806e-01	7.588973441141397269e-02	9.312003193253166888e-02	8.572117525005194805e-02	1.424669614992222187e-02	1.278840871103105112e-02
4.934525617928388783e+02	4.758433998644027163e-01	2.440548239698148714e-01	7.636569914241496393e-02	9.347556855214891880e-02	8.605267147938282235e-02	1.443550806953120685e-02	1.293249063267141834e-02
4.982903320064942250e+02	4.745768967579264141e-01	2.438460052383729648e-01	7.683732473869558932e-02	9.382236702403923267e-02	8.637769731203613632e-02	1.462412618810863228e-02	1.307574445118791368e-02
5.031281022201495148e+02	4.733298516410306966e-01	2.436379725108643313e-01	7.730467741853197516e-02	9.416060330985208393e-02	8.669636054826047877e-02	1.481253146146407733e-02	1.321816482036326963e-02
5.079658724338048046e+02	4.721018850340095163e-01	2.434307843116539916e-01	7.776782204838374180e-02	9.449045050309101690e-02	8.700876742191682167e-02	1.500070543590375192e-02	1.335974695540808818e-02
5.128036426474600376e+02	4.708926270477263309e-01	2.432244942076095262e-01	7.822682216205549544e-02	9.481207883925898972e-02	8.731502261094351014e-02	1.518863023339674101e-02	1.350048660937633836e-02
5.176414128611153274e+02	4.697017170397611019e-01	2.430191511449255881e-01	7.868173998072697239e-02	9.512565570888972810e-02	8.761522924868399287e-02	1.537628853704279229e-02	1.364038005033678218e-02
5.224791830747705035e+02	4.685288032875483677e-01	2.428147997637691569e-01	7.913263643372211997e-02	9.543134567320638029e-02	8.790948893599415115e-02	1.556366357684159027e-02	1.377942403928522110e-02
5.273169532884259070e+02	4.673735426775035284e-01	2.426114806922011202e-01	7.957957117989825080e-02	9.572931048216677674e-02	8.819790175405239907e-02	1.575073911576276020e-02	1.391761580878209809e-02
5.321547235020811968e+02	4.662356004091987027e-01	2.424092308207330126e-01	8.002260262954735692e-02	9.601970909467202886e-02	8.848056627780083450e-02	1.593749943611539113e-02	1.405495304229965187e-02
5.369924937157364866e+02	4.651146497137075286e-01	2.422080835587894221e-01	8.046178796671032973e-02	9.630269770073078550e-02	8.875757958995099395e-02	1.612392932621528954e-02	1.419143385426259799e-02
5.418302639293917764e+02	4.640103715852962329e-01	2.420080690742629215e-01	8.089718317181451845e-02	9.657842974538667635e-02	8.902903729549278833e-02	1.631001406734773271e-02	1.432705677076614309e-02
5.466680341430470662e+02	4.629224545256868661e-01	2.418092145172701102e-01	8.132884304455254010e-02	9.684705595423019620e-02	8.929503353664923482e-02	1.649573942102311799e-02	1.446182071095500170e-02
5.515058043567023560e+02	4.618505943001707803e-01	2.416115442291453252e-01	8.175682122692828901e-02	9.710872436032912114e-02	8.955566100822404119e-02	1.668109161652252259e-02	1.459572496904704315e-02
5.563435745703576458e+02	4.607944937048925604e-01	2.414150799376396650e-01	8.218117022640276936e-02	9.736358033242394072e-02	8.981101097329317884e-02	1.686605733872988816e-02	1.472876919698519992e-02
5.611813447840129356e+02	4.597538623446692507e-01	2.412198409392302956e-01	8.260194143907891029e-02	9.761176660424573936e-02	9.006117327919450910e-02	1.705062371624725681e-02	1.486095338770121628e-02
5.660191149976681118e+02	4.587284164207487969e-01	2.410258442693852254e-01	8.301918517287038002e-02	9.785342330482449391e-02	9.030623637377398205e-02	1.723477830978922126e-02	1.499227785897501788e-02
5.708568852113234016e+02	4.577178785279483741e-01	2.408331048615731385e-01	8.343295067060496617e-02	9.808868798966574598e-02	9.054628732184882844e-02	1.741850910085261314e-02	1.512274323787345630e-02
5.756946554249786914e+02	4.567219774606479654e-01	2.406416356957564173e-01	8.384328613301830768e-02	9.831769567268250354e-02	9.078141182185225921e-02	1.760180448065718287e-02	1.525235044575238945e-02
5.805324256386339812e+02	4.557404480271490255e-01	2.404514479370570557e-01	8.425023874159784376e-02	9.854057885877789968e-02	9.101169422262608832e-02	1.778465323935292039e-02	1.538110068380620955e-02
5.853701958522892710e+02	4.547730308719348247e-01	2.402625510652392493e-01	8.465385468124182744e-02	9.875746757698175560e-02	9.123721754033067843e-02	1.796704455548953430e-02	1.550899541914909849e-02
5.902079660659445608e+02	4.538194723054013724e-01	2.400749529956117123e-01	8.505417916270176237e-02	9.896848941405217426e-02	9.145806347544398196e-02	1.814896798574350614e-02	1.563603637141250044e-02
5.950457362795999643e+02	4.528795241406515237e-01	2.398886601919112405e-01	8.545125644478016036e-02	9.917376954845932846e-02	9.167431242982322648e-02	1.833041345489799454e-02	1.576222549984354973e-02
5.998835064932552541e+02	4.519529435369720183e-01	2.397036777716939071e-01	8.584512985625936121e-02	9.937343078467586466e-02	9.188604352380563833e-02	1.851137124607088458e-02	1.588756499088939123e-02
6.047212767069104302e+02	4.510394928496342937e-01	2.395200096047250538e-01	8.623584181753961297e-02	9.956759358770368717e-02	9.209333461332566695e-02	1.869183199118614608e-02	1.601205724625264643e-02
6.095590469205657200e+02	4.501389394856840087e-01	2.393376584048269862e-01	8.662343386196763584e-02	9.975637611777277147e-02	9.229626230702860090e-02	1.887178666168368157e-02	1.613570487140345705e-02
6.143968171342210098e+02	4.492510557654030845e-01	2.391566258156131164e-01	8.700794665683979356e-02	9.993989426515266505e-02	9.249490198336177138e-02	1.905122655946277915e-02	1.625851066453391780e-02
6.192345873478761860e+02	4.483756187891476119e-01	2.389769124905099795e-01	8.738942002406557830e-02	1.001182616850223445e-01	9.268932780762635659e-02	1.923014330805434408e-02	1.638047760594089214e-02
6.240723575615315895e+02	4.475124103092829597e-01	2.387985181674411317e-01	8.776789296048020939e-02	1.002915898323482741e-01	9.287961274897388320e-02	1.940852884401700687e-02	1.650160884782362822e-02
6.289101277751868793e+02	4.466612166069545697e-01	2.386214417385232323e-01	8.814340365779621544e-02	1.004599879967249809e-01	9.306582859733328328e-02	1.958637540855223333e-02	1.662190770448270655e-02
6.337478979888421691e+02	4.458218283734473042e-01	2.384456813151011878e-01	8.851598952218625582e-02	1.006235633371362348e-01	9.324804598025530911e-02	1.976367553933367285e-02	1.674137764290732286e-02
6.385856682024975726e+02	4.449940405959033063e-01	2.382712342884283352e-01	8.888568719349083935e-02	1.007824209165984752e-01	9.342633437966239851e-02	1.994042206254588445e-02	1.686002227373813861e-02
6.434234384161527487e+02	4.441776524471785503e-01	2.380980973862770189e-01	8.925253256404622193e-02	1.009366637366515135e-01	9.360076214849312459e-02	2.011660808512768725e-02	1.697784534259322645e-02
6.482612086298080385e+02	4.433724671796355210e-01	2.379262667257465991e-01	8.961656079712866652e-02	1.010863927716647015e-01	9.377139652723143204e-02	2.029222698721543788e-02	1.709485072174497106e-02
6.530989788434633283e+02	4.425782920226769002e-01	2.377557378625183293e-01	8.997780634501317820e-02	1.012317070029296329e-01	9.393830366031162560e-02	2.046727241478152326e-02	1.721104240213609110e-02
6.579367490571185044e+02	4.417949380838407381e-01	2.375865058367901961e-01	9.033630296664536818e-02	1.013727034525130632e-01	9.410154861239124202e-02	2.064173827246350637e-02	1.732642448572321858e-02
6.627745192707737942e+02	4.410222202532844138e-01	2.374185652161095728e-01	9.069208374492625235e-02	1.015094772168464304e-01	9.426119538448439472e-02	2.081561871657933160e-02	1.744100117813685707e-02
6.676122894844290840e+02	4.402599571114985122e-01	2.372519101353073867e-01	9.104518110361087269e-02	1.016421215000304495e-01	9.441730692994920737e-02	2.098890814832408969e-02	1.755477678164672414e-02
6.724500596980843738e+02	4.395079708400964624e-01	2.370865343337237585e-01	9.139562682382210146e-02	1.017707276468355765e-01	9.456994517032341063e-02	2.116160120714396381e-02	1.766775568842191349e-02
6.772878299117396637e+02	4.387660871355391623e-01	2.369224311899034152e-01	9.174345206018205690e-02	1.018953851753809786e-01	9.471917101100311986e-02	2.133369276428295769e-02	1.777994237407546849e-02
6.821256001253949535e+02	4.380341351256584193e-01	2.367595937539264395e-01	9.208868735656386417e-02	1.020161818094767470e-01	9.486504435676015867e-02	2.150517791649815547e-02	1.789134139148343058e-02
6.869633703390502433e+02	4.373119472888525316e-01	2.365980147775301745e-01	9.243136266146749491e-02	1.021332035106155417e-01	9.500762412709372329e-02	2.167605197993926341e-02	1.800195736486848858e-02
6.918011405527055331e+02	4.365993593758343838e-01	2.364376867421671968e-01	9.277150734302337665e-02	1.022465345096017220e-01	9.514696827141327917e-02	2.184631048418837415e-02	1.811179498413888200e-02
6.966389107663608229e+02	4.358962103338184235e-01	2.362786018851348313e-01	9.310915020362849071e-02	1.023562573378070523e-01	9.528313378404933143e-02	2.201594916645582475e-02	1.822085899947325713e-02
7.014766809800161127e+02	4.352023422330395519e-01	2.361207522239034406e-01	9.344431949421963535e-02	1.024624528580440619e-01	9.541617671908962650e-02	2.218496396592821440e-02	1.832915421614267695e-02
7.063144511936714025e+02	4.345176001955033951e-01	2.359641295787614224e-01	9.377704292818905829e-02	1.025652002950488695e-01	9.554615220503867579e-02	2.235335101826469578e-02	1.843668548956106309e-02
7.111522214073266923e+02	4.338418323258724785e-01	2.358087255938880467e-01	9.410734769494803753e-02	1.026645772655666866e-01	9.567311445929854719e-02	2.252110665023768568e-02	1.854345772055571856e-02
7.159899916209819821e+02	4.331748896443974317e-01	2.356545317569574971e-01	9.443526047314397542e-02	1.027606598080342826e-01	9.579711680246985606e-02	2.268822737451432411e-02	1.864947585084982332e-02
7.208277618346371582e+02	4.325166260218093472e-01	2.355015394173705923e-01	9.476080744353714003e-02	1.028535224118546088e-01	9.591821167247144286e-02	2.285470988457492802e-02	1.875474485874904784e-02
7.256655320482924481e+02	4.318668981160914133e-01	2.353497398032051435e-01	9.508401430154302114e-02	1.029432380462597940e-01	9.603645063847811303e-02	2.302055104976499442e-02	1.885926975502464492e-02
7.305033022619478515e+02	4.312255653110534936e-01	2.351991240369686875e-01	9.540490626944669872e-02	1.030298781887595688e-01	9.615188441467582836e-02	2.318574791047716896e-02	1.896305557898567140e-02
7.353410724756030277e+02	4.305924896566383220e-01	2.350496831502333905e-01	9.572350810829557965e-02	1.031135128531728284e-01	9.626456287383405863e-02	2.335029767345975921e-02	1.906610739473320326e-02
7.401788426892584312e+02	4.299675358108898671e-01	2.349014080972261775e-01	9.603984412947701166e-02	1.031942106172408363e-01	9.637453506069502962e-02	2.351419770724854849e-02	1.916843028758964673e-02
7.450166129029136073e+02	4.293505709835194750e-01	2.347542897674435580e-01	9.635393820598722736e-02	1.032720386498214155e-01	9.648184920518036722e-02	2.367744553771855900e-02	1.927002936069647371e-02
7.498543831165690108e+02	4.287414648810080608e-01	2.346083189973553473e-01	9.666581378339844655e-02	1.033470627376636836e-01	9.658655273541498498e-02	2.384003884375263463e-02	1.937090973177390055e-02
7.546921533302243006e+02	4.281400896531857847e-01	2.344634865812577351e-01	9.697549389053057578e-02	1.034193473117638179e-01	9.668869229056908932e-02	2.400197545302372795e-02	1.947107653003632075e-02
7.595299235438793630e+02	4.275463198412343124e-01	2.343197832813318504e-01	9.728300114983418068e-02	1.034889554733026407e-01	9.678831373351880207e-02	2.416325333788787652e-02	1.957053489325742690e-02
7.643676937575347665e+02	4.269600323270584807e-01	2.341771998369606145e-01	9.758835778749139211e-02	1.035559490191663573e-01	9.688546216332620531e-02	2.432387061138489848e-02	1.966928996497921411e-02
7.692054639711900563e+02	4.263811062839776289e-01	2.340357269733530088e-01	9.789158564324140777e-02	1.036203884670521824e-01	9.698018192753979361e-02	2.448382552334397999e-02	1.976734689185919921e-02
7.740432341848452324e+02	4.258094231286895237e-01	2.338953554095216658e-01	9.819270617993700045e-02	1.036823330801609350e-01	9.707251663431633315e-02	2.464311645659125402e-02	1.986471082115050246e-02
7.788810043985006359e+02	4.252448664744607476e-01	2.337560758656569426e-01	9.849174049283876409e-02	1.037418408914791146e-01	9.716250916436543206e-02	2.480174192325674404e-02	1.996138689830945223e-02
7.837187746121558121e+02	4.246873220855014175e-01	2.336178790699375840e-01	9.878870931865336991e-02	1.037989687276533041e-01	9.725020168271791832e-02	2.495970056117795613e-02	2.005738026472568894e-02
7.885565448258112156e+02	4.241366778324826003e-01	2.334807557648153897e-01	9.908363304432241114e-02	1.038537722324597984e-01	9.733563565031969067e-02	2.511699113039750353e-02	2.015269605556991445e-02
7.933943150394665054e+02	4.235928236491582344e-01	2.333446967128091354e-01	9.937653171556791454e-02	1.039063058898731240e-01	9.741885183545205551e-02	2.527361250975229331e-02	2.024733939775447827e-02
7.982320852531219089e+02	4.230556514900541409e-01	2.332096927018406374e-01	9.966742504520108292e-02	1.039566230467366681e-01	9.749989032498061758e-02	2.542956369355178770e-02	2.034131540800236324e-02
8.030698554667769713e+02	4.225250552891877676e-01	2.330757345501432987e-01	9.995633242120013917e-02	1.040047759350394146e-01	9.757879053543375147e-02	2.558484378834291820e-02	2.043462919102006017e-02
8.079076256804323748e+02	4.220009309197865210e-01	2.329428131107721955e-01	1.002432729145634194e-01	1.040508156938028256e-01	9.765559122391286040e-02	2.573945200975935946e-02	2.052728583777019625e-02
8.127453958940876646e+02	4.214831761549712175e-01	2.328109192757421841e-01	1.005282652869437798e-01	1.040947923905818362e-01	9.773033049883569912e-02	2.589338767945288319e-02	2.061929042383978464e-02
8.175831661077428407e+02	4.209716906293744509e-01	2.326800439798190900e-01	1.008113279980700216e-01	1.041367550425843502e-01	9.780304583051473155e-02	2.604665022210457884e-02	2.071064800790017174e-02
8.224209363213982442e+02	4.204663758016638497e-01	2.325501782039877119e-01	1.010924792129610783e-01	1.041767516374137031e-01	9.787377406157235504e-02	2.619923916251377591e-02	2.080136363025487933e-02
8.272587065350534203e+02	4.199671349179429636e-01	2.324213129786180110e-01	1.013717368089388365e-01	1.042148291534386179e-01	9.794255141719455937e-02	2.635115412276261074e-02	2.089144231147170572e-02
8.320964767487085965e+02	4.194738729760019713e-01	2.322934393863503588e-01	1.016491183824447531e-01	1.042510335797951632e-01	9.800941351522532430e-02	2.650239481945415240e-02	2.098088905109555743e-02
8.369342469623640000e+02	4.189864966903931731e-01	2.321665485647186611e-01	1.019246412556659570e-01	1.042854099360256276e-01	9.807439537610307401e-02	2.665296106102218662e-02	2.106970882643859067e-02
8.417720171760191761e+02	4.185049144583060099e-01	2.320406317085293435e-01	1.021983224829761394e-01	1.043180022913590826e-01	9.813753143264172807e-02	2.680285274511063492e-02	2.115790659144443572e-02
8.466097873896745796e+02	4.180290363262181841e-01	2.319156800720128808e-01	1.024701788571961703e-01	1.043488537836382846e-01	9.819885553965766734e-02	2.695206985602080843e-02	2.124548727562334399e-02
8.514475576033297557e+02	4.175587739573008994e-01	2.317916849707635785e-01	1.027402269156797721e-01	1.043780066378981464e-01	9.825840098344504336e-02	2.710061246222465747e-02	2.133245578305520418e-02
8.562853278169851592e+02	4.170940405995550160e-01	2.316686377834819011e-01	1.030084829462291074e-01	1.044055021846004572e-01	9.831620049110108284e-02	2.724848071394223026e-02	2.141881699145755172e-02
8.611230980306403353e+02	4.166347510546585808e-01	2.315465299535330590e-01	1.032749629928450541e-01	1.044313808775299002e-01	9.837228623970348251e-02	2.739567484078161974e-02	2.150457575131570903e-02
8.659608682442956251e+02	4.161808216475050837e-01	2.314253529903348983e-01	1.035396828613170117e-01	1.044556823113564903e-01	9.842668986534179598e-02	2.754219514943975072e-02	2.158973688507243027e-02
8.707986384579510286e+02	4.157321701964133420e-01	2.313050984705866675e-01	1.038026581246567492e-01	1.044784452388692053e-01	9.847944247200486612e-02	2.768804202146234877e-02	2.167430518637435133e-02
8.756364086716062047e+02	4.152887159839904196e-01	2.311857580393497091e-01	1.040639041283808602e-01	1.044997075878860565e-01	9.853057464032609347e-02	2.783321591106151585e-02	2.175828541937284769e-02
8.804741788852616082e+02	4.148503797286302031e-01	2.310673234109908436e-01	1.043234359956460994e-01	1.045195064778454280e-01	9.858011643618871944e-02	2.797771734298938953e-02	2.184168231807681951e-02
8.853119490989170117e+02	4.144170835566295397e-01	2.309497863699977449e-01	1.045812686322419999e-01	1.045378782360837644e-01	9.862809741919298379e-02	2.812154691046635929e-02	2.192450058575511757e-02
8.901497193125721878e+02	4.139887509749066163e-01	2.308331387716757166e-01	1.048374167314448380e-01	1.045548584138046300e-01	9.867454665098698841e-02	2.826470527316241391e-02	2.200674489438637568e-02
8.949874895262273640e+02	4.135653068443046476e-01	2.307173725427340560e-01	1.050918947787370383e-01	1.045704818017440391e-01	9.871949270346347394e-02	2.840719315523019053e-02	2.208841988415412988e-02
8.998252597398827675e+02	4.131466773534666626e-01	2.306024796817702227e-01	1.053447170563960034e-01	1.045847824455369418e-01	9.876296366682421612e-02	2.854901134338835855e-02	2.216953016298513213e-02
9.046630299535379436e+02	4.127327899932657918e-01	2.304884522596588603e-01	1.055958976479559330e-01	1.045977936607900283e-01	9.880498715751408201e-02	2.869016068505399544e-02	2.225008030612891236e-02
9.095008001671932334e+02	4.123235735317765105e-01	2.303752824198528615e-01	1.058454504425468817e-01	1.046095480478654166e-01	9.884559032602666107e-02	2.883064208652263635e-02	2.233007485577668400e-02
9.143385703808486369e+02	4.119189579897744591e-01	2.302629623786029700e-01	1.060933891391141332e-01	1.046200775063803323e-01	9.888479986458321991e-02	2.897045651119480383e-02	2.240951832071774730e-02
9.191763405945038130e+02	4.115188746167504630e-01	2.301514844251015823e-01	1.063397272505217650e-01	1.046294132494273998e-01	9.892264201468714546e-02	2.910960497784769244e-02	2.248841517603164877e-02
9.240141108081592165e+02	4.111232558674258741e-01	2.300408409215568273e-01	1.065844781075437481e-01	1.046375858175204870e-01	9.895914257455547258e-02	2.924808855895089446e-02	2.256676986281442102e-02
9.288518810218145063e+02	4.107320353787576317e-01	2.299310243032018919e-01	1.068276548627458827e-01	1.046446250922706545e-01	9.899432690642948063e-02	2.938590837902497685e-02	2.264458678793726532e-02
9.336896512354697961e+02	4.103451479474202190e-01	2.298220270782445618e-01	1.070692704942618062e-01	1.046505603097970249e-01	9.902821994376619086e-02	2.952306561304175389e-02	2.272187032383614358e-02
9.385274214491247449e+02	4.099625295077539144e-01	2.297138418277617777e-01	1.073093378094662625e-01	1.046554200738771395e-01	9.906084619831265203e-02	2.965956148486524266e-02	2.279862480833075647e-02
9.433651916627801484e+02	4.095841171101665124e-01	2.296064612055431220e-01	1.075478694485486608e-01	1.046592323688413095e-01	9.909222976706451302e-02	2.979539726573212158e-02	2.287485454447152691e-02
9.482029618764355519e+02	4.092098488999796890e-01	2.294998779378875087e-01	1.077848778879899050e-01	1.046620245722156978e-01	9.912239433911108899e-02	2.993057427277074842e-02	2.295056380041313876e-02
9.530407320900908417e+02	4.088396640967078000e-01	2.293940848233567420e-01	1.080203754439453545e-01	1.046638234671183748e-01	9.915136320236844769e-02	3.006509386755771424e-02	2.302575680931339547e-02
9.578785023037459041e+02	4.084735029737596168e-01	2.292890747324894118e-01	1.082543742755367328e-01	1.046646552544129305e-01	9.917915925020216739e-02	3.019895745471090284e-02	2.310043776925605613e-02
9.627162725174014213e+02	4.081113068385533449e-01	2.291848406074785127e-01	1.084868863880557033e-01	1.046645455646238176e-01	9.920580498794177859e-02	3.033216648051816414e-02	2.317461084319649700e-02
9.675540427310568248e+02	4.077530180130348181e-01	2.290813754618153675e-01	1.087179236360817786e-01	1.046635194696179938e-01	9.923132253928826363e-02	3.046472243160065069e-02	2.324828015892897726e-02
9.723918129447120009e+02	4.073985798145897674e-01	2.289786723799033807e-01	1.089474977265168926e-01	1.046616014940568995e-01	9.925573365261658454e-02	3.059662683360992591e-02	2.332144980907444737e-02
9.772295831583674044e+02	4.070479365373412262e-01	2.288767245166436759e-01	1.091756202215395377e-01	1.046588156266230196e-01	9.927905970717471051e-02	3.072788124995794873e-02	2.339412385108777942e-02
9.820673533720223531e+02	4.067010334338233557e-01	2.287755250969954746e-01	1.094023025414804923e-01	1.046551853310251912e-01	9.930132171918090722e-02	3.085848728057911938e-02	2.346630630728342021e-02
9.869051235856777566e+02	4.063578166970227001e-01	2.286750674155132446e-01	1.096275559676225808e-01	1.046507335567866959e-01	9.932254034782073138e-02	3.098844656072353640e-02	2.353800116487848176e-02
9.917428937993331601e+02	4.060182334427794859e-01	2.285753448358628093e-01	1.098513916449269517e-01	1.046454827498201900e-01	9.934273590114559016e-02	3.111776075978065978e-02	2.360921237605230830e-02
9.965806640129884499e+02	4.056822316925398630e-01	2.284763507903186386e-01	1.100738205846876205e-01	1.046394548627933851e-01	9.936192834187422551e-02	3.124643158013260674e-02	2.367994385802162094e-02
