0.000000000000000000e+00	9.931253272010885924e-01	9.175584604784860927e-35	6.621907447135260902e-03	1.065529045120802259e-36	2.439505269081026356e-03	1.066318758062406377e-03	9.008462911075485806e-27
4.837770213655283591e+00	9.741476086458710215e-01	1.797733708668052335e-02	6.602117825608682343e-03	8.303429490994670135e-05	3.351496954462780328e-03	1.084000113535349636e-03	7.463754298990873152e-06
9.675540427310567182e+00	9.560875947044494838e-01	3.473899188100369045e-02	6.669720398402259609e-03	3.222227431495759947e-04	4.315417835248290881e-03	1.101570131286638094e-03	1.754098182728022529e-05
1.451331064096584811e+01	9.388907044228342880e-01	5.036557692141108850e-02	6.817787252533946511e-03	7.034996855749167232e-04	5.325463154401782924e-03	1.119429851908621031e-03	3.059738670243634706e-05
1.935108085462113081e+01	9.225058460734960608e-01	6.493236643608740755e-02	7.039868478503651973e-03	1.213815480823277710e-03	6.376263482139166335e-03	1.137943282282186759e-03	4.695544203530180159e-05
2.418885106827641707e+01	9.068851887059867778e-01	7.850964993334873243e-02	7.329960151966530453e-03	1.841067291957826455e-03	7.462854761085547552e-03	1.157440074131368393e-03	6.689775689033856520e-05
2.902662128193169622e+01	8.919839487734464445e-01	9.116306236752924619e-02	7.682474443338746690e-03	2.574034501651684820e-03	8.580650360799189566e-03	1.178218020560548897e-03	9.067020804127159895e-05
3.386439149558698603e+01	8.777601908374773609e-01	1.029538924322931925e-01	8.092211714225756858e-03	3.402318448281288488e-03	9.725415007978658807e-03	1.200545382723581253e-03	1.184848523873625561e-04
3.870216170924226162e+01	8.641746414199279469e-01	1.139393704304769439e-01	8.554334468914692041e-03	4.316286195702618081e-03	1.089324046753947263e-02	1.224663057967441144e-03	1.505226348380432383e-04
4.353993192289755143e+01	8.511905151318152063e-01	1.241729370735577959e-01	9.064343037904378300e-03	5.307018068535411873e-03	1.208052285802825761e-02	1.250786600039811500e-03	1.869359054862544428e-04
4.837770213655283413e+01	8.387733522672098374e-01	1.337044944741973551e-01	9.618052878599856262e-03	6.366258702569247210e-03	1.328394149257506283e-02	1.279108101246728820e-03	2.278507589690130259e-04
5.321547235020811684e+01	8.268908671036934166e-01	1.425806405115998543e-01	1.021157338591139989e-02	7.486371376515072937e-03	1.450043914380458494e-02	1.309797945789753721e-03	2.733692080531238060e-04
5.805324256386339954e+01	8.155128062012152457e-01	1.508448876712626952e-01	1.084128811260666111e-02	8.660295406834543630e-03	1.572720363786849970e-02	1.343006442899035259e-03	3.235712026805006203e-04
6.289101277751868224e+01	8.046108160380720520e-01	1.585378673877133049e-01	1.150383630590224790e-02	9.881506401860317562e-03	1.696165068905567536e-02	1.378865347806160126e-03	3.785165049574768935e-04
6.772878299117397205e+01	7.941583193665163742e-01	1.656975208506781538e-01	1.219609567297882426e-02	1.114397918494134700e-02	1.820140789231425305e-02	1.417489278066191676e-03	4.382464298722284625e-04
7.256655320482924765e+01	7.841303997113908686e-01	1.723592771714964333e-01	1.291516629389101445e-02	1.244215320897191709e-02	1.944429979650722992e-02	1.458977032239234693e-03	5.027854608706955070e-04
7.740432341848452324e+01	7.745036934733612322e-01	1.785562197471743107e-01	1.365835560574702942e-02	1.377090029645094277e-02	2.068833398634696910e-02	1.503412817475905956e-03	5.721427488110955801e-04
8.224209363213981305e+01	7.652562891339682594e-01	1.843192416039947101e-01	1.442316438707859534e-02	1.512549455022444041e-02	2.193168810573811744e-02	1.550867392116020036e-03	6.463135022473783745e-04
8.707986384579510286e+01	7.563676330930112490e-01	1.896771904507932593e-01	1.520727367603304063e-02	1.650158429034083094e-02	2.317269775972533030e-02	1.601399129003603034e-03	7.252802764601011445e-04
9.191763405945040688e+01	7.478184416998540085e-01	1.946570041236388993e-01	1.600853256041851261e-02	1.789516588204424774e-02	2.440984523641291995e-02	1.655055004842063060e-03	8.090141681566870779e-04
9.675540427310566827e+01	7.395906190692702609e-01	1.992838370584896213e-01	1.682494678174087377e-02	1.930255932889030773e-02	2.564174899411766906e-02	1.711871520559246759e-03	8.974759222995197516e-04
1.015931744867609581e+02	7.316671802995459162e-01	2.035811783862196966e-01	1.765466809920634983e-02	2.072038551333424058e-02	2.686715386265205868e-02	1.771875557321479777e-03	9.906169570876449670e-04
1.064309447004162337e+02	7.240321797358659772e-01	2.075709622050334324e-01	1.849598436324511111e-02	2.214554497495200072e-02	2.808492191102990310e-02	1.835085172527000036e-03	1.088380312713938631e-03
1.112687149140715235e+02	7.166706439456353994e-01	2.112736705485092070e-01	1.934731025145514788e-02	2.357519812374784737e-02	2.929402393705622665e-02	1.901510339820973146e-03	1.190701529142558284e-03
1.161064851277267991e+02	7.095685090944580109e-01	2.147084295331828097e-01	2.020717862298797296e-02	2.500674679281134072e-02	3.049353153722258319e-02	1.971153636905192876e-03	1.297509457799536203e-03
1.209442553413820747e+02	7.027125624320943453e-01	2.178930991375179205e-01	2.107423245031332312e-02	2.643781704094442034e-02	3.168260971809234300e-02	2.044010884664320717e-03	1.408727011740839663e-03
1.257820255550373645e+02	6.960903876169620697e-01	2.208443570341757922e-01	2.194721729002220567e-02	2.786624312181565366e-02	3.286051001294038737e-02	2.120071740895955546e-03	1.524271858555546104e-03
1.306197957686926259e+02	6.896903136257042100e-01	2.235777768695438317e-01	2.282497425686954434e-02	2.929005254174131545e-02	3.402656406982051962e-02	2.199320251712813187e-03	1.644057059975531686e-03
1.354575659823479441e+02	6.835013670111282913e-01	2.261079013583805475e-01	2.370643346763118969e-02	3.070745213336808013e-02	3.518017767948292823e-02	2.281735363480832252e-03	1.767991661895871236e-03
1.402953361960032339e+02	6.775132272874822004e-01	2.284483105370646028e-01	2.459060792356608169e-02	3.211681507736404567e-02	3.632082521366392092e-02	2.367291397966108085e-03	1.895981238260754801e-03
1.451331064096584669e+02	6.717161852366573260e-01	2.306116854961772489e-01	2.547658780234378015e-02	3.351666880873626492e-02	3.744804444623076739e-02	2.455958493185338327e-03	2.027928392036932020e-03
1.499708766233137851e+02	6.661011039425709379e-01	2.326098678918995244e-01	2.636353513222966169e-02	3.490568374860517770e-02	3.856143173149491343e-02	2.547703012288059145e-03	2.163733216279431579e-03
1.548086468369690749e+02	6.606593823737294535e-01	2.344539155158635313e-01	2.725067882312425319e-02	3.628266280619940609e-02	3.966063751571595464e-02	2.642487922643587187e-03	2.303293718091503454e-03
1.596464170506243647e+02	6.553829213458864933e-01	2.361541541845708914e-01	2.813731003073774092e-02	3.764653159950610839e-02	4.074536215941441941e-02	2.740273147160567253e-03	2.446506208091467002e-03
1.644841872642796261e+02	6.502640917078260641e-01	2.377202261921919635e-01	2.902277783175352677e-02	3.899632934644087917e-02	4.181535204960116353e-02	2.841015889731580198e-03	2.593265657822490904e-03
1.693219574779349159e+02	6.452957046036880140e-01	2.391611355544066286e-01	2.990648518930357283e-02	4.033120038160199067e-02	4.287039598242205901e-02	2.944670936568886174e-03	2.743466027376480383e-03
1.741597276915902057e+02	6.404709836749474805e-01	2.404852902558641259e-01	3.078788518944937727e-02	4.165038625666254296e-02	4.391032179801550306e-02	3.051190935079323933e-03	2.897000565349370452e-03
1.789974979052454671e+02	6.357835390742138104e-01	2.417005416997562717e-01	3.166647753064318754e-02	4.295321838524451125e-02	4.493499325059237270e-02	3.160526651816229337e-03	3.053762083101539335e-03
1.838352681189008138e+02	6.312273431714702232e-01	2.428142215448476360e-01	3.254180524933936169e-02	4.423911119572394857e-02	4.594430709788028394e-02	3.272627210943351937e-03	3.213643205163060120e-03
1.886730383325560467e+02	6.267967078412703952e-01	2.438331761030271827e-01	3.341345166604241940e-02	4.550755575784900392e-02	4.693819039513069669e-02	3.387440314549734592e-03	3.376536597498447281e-03
1.935108085462113081e+02	6.224862632267762486e-01	2.447637984589798865e-01	3.428103753712045954e-02	4.675811385132350867e-02	4.791659797987416619e-02	3.504912446064865818e-03	3.542335175228868930e-03
1.983485787598666263e+02	6.182909378834108294e-01	2.456120584628714576e-01	3.514421839868613062e-02	4.799041244662897998e-02	4.887951013452997151e-02	3.624989057939721065e-03	3.710932291300907127e-03
2.031863489735219162e+02	6.142059402113253519e-01	2.463835307369416916e-01	3.600268208975600237e-02	4.920413857033785476e-02	4.982693041483674673e-02	3.747614744681189783e-03	3.882221907489325809e-03
2.080241191871772060e+02	6.102267410918796875e-01	2.470834208275680677e-01	3.685614644274765039e-02	5.039903452901861591e-02	5.075888363287318211e-02	3.872733402254439992e-03	4.056098749026523266e-03
2.128618894008324673e+02	6.063490576489464212e-01	2.477165896256458277e-01	3.770435713016637158e-02	5.157489346755923104e-02	5.167541398418776244e-02	4.000288374799695033e-03	4.232458444062853035e-03
2.176996596144877287e+02	6.025688380610767503e-01	2.482875761699905037e-01	3.854708565707281459e-02	5.273155523934624361e-02	5.257658330925611689e-02	4.130222589546340799e-03	4.411197649079491925e-03
2.225374298281430470e+02	5.988822473554574755e-01	2.488006189408715207e-01	3.938412748961395149e-02	5.386890256724098658e-02	5.346246948013787248e-02	4.262478680747942492e-03	4.592214161298502177e-03
2.273752000417983652e+02	5.952856541191522410e-01	2.492596757436887911e-01	4.021530031054455084e-02	5.498685747569836968e-02	5.433316490381489422e-02	4.396999103406374135e-03	4.775407019062909847e-03
2.322129702554535982e+02	5.917756180673805488e-01	2.496684422761778765e-01	4.104044239326856691e-02	5.608537797568498989e-02	5.518877513426202058e-02	4.533726237501572304e-03	4.960676591092595678e-03
2.370507404691088880e+02	5.883488784125681104e-01	2.500303694663438270e-01	4.185941108649218062e-02	5.716445498527680108e-02	5.602941758583303289e-02	4.672602483395156027e-03	5.147924655459260555e-03
2.418885106827641494e+02	5.850023429816201270e-01	2.503486796625460364e-01	4.267208140210529410e-02	5.822410946995963676e-02	5.685522034104080469e-02	4.813570349031114429e-03	5.337054469065431392e-03
2.467262808964194392e+02	5.817330780323384243e-01	2.506263817517628834e-01	4.347834469939832608e-02	5.926438978772218674e-02	5.766632104627374827e-02	4.956572529514727439e-03	5.527970828358031580e-03
2.515640511100747290e+02	5.785382987231432184e-01	2.508662852770275897e-01	4.427810745917910157e-02	6.028536922502720358e-02	5.846286588942316287e-02	5.101551979611628103e-03	5.720580121956328132e-03
2.564018213237300188e+02	5.754153601932872064e-01	2.510710136203243015e-01	4.507129014178177379e-02	6.128714371067624928e-02	5.924500865379970366e-02	5.248451979672290671e-03	5.914790375826733081e-03
2.612395915373852517e+02	5.723617492135768536e-01	2.512430163128414606e-01	4.585782612335887604e-02	6.226982969545129948e-02	6.001290984309411852e-02	5.397216195453043326e-03	6.110511291592770657e-03
2.660773617510405415e+02	5.693750763702528639e-01	2.513845805303795422e-01	4.663766070522017831e-02	6.323356218622672165e-02	6.076673587248897918e-02	5.547788732272778550e-03	6.307654278527398406e-03
2.709151319646958882e+02	5.664530687471481807e-01	2.514978418278808747e-01	4.741075019132989787e-02	6.417849292400155947e-02	6.150665832135677330e-02	5.700114183914781890e-03	6.506132479736444554e-03
2.757529021783511780e+02	5.635935630735403601e-01	2.515847941634740126e-01	4.817706102939849078e-02	6.510478869600823393e-02	6.223285324328598628e-02	5.854137676655261045e-03	6.705860793006150448e-03
2.805906723920064678e+02	5.607944993072674356e-01	2.516472992590878532e-01	4.893656901130875869e-02	6.601262977271288301e-02	6.294550052946301655e-02	6.009804908774263842e-03	6.906755886754428232e-03
2.854284426056617008e+02	5.580539146246803472e-01	2.516870953415717982e-01	4.968925852889898714e-02	6.690220846113784092e-02	6.364478332170485364e-02	6.167062185880419628e-03	7.108736211494307358e-03
2.902662128193169337e+02	5.553699377908831725e-01	2.517058053053495836e-01	5.043512188139024494e-02	6.777372776651137409e-02	6.433088747168673460e-02	6.325856452358379414e-03	7.311722007189056308e-03
2.951039830329722804e+02	5.527407838854564437e-01	2.517049443349147486e-01	5.117415863099183254e-02	6.862740015478584199e-02	6.500400104314160710e-02	6.486135319226725426e-03	7.515635306851414614e-03
2.999417532466276270e+02	5.501647493604994166e-01	2.516859270229397372e-01	5.190637500344950223e-02	6.946344640906600143e-02	6.566431385402551890e-02	6.647847088674455063e-03	7.720399936714134395e-03
3.047795234602828600e+02	5.476402074093498218e-01	2.516500740173995276e-01	5.263178333051590774e-02	7.028209457345650779e-02	6.631201705584567618e-02	6.810940775525786521e-03	7.925941513275589281e-03
3.096172936739380930e+02	5.451656036257671589e-01	2.515986182288987849e-01	5.335040153152406650e-02	7.108357897827362326e-02	6.694730274753710186e-02	6.975366125865885628e-03	8.132187437502241822e-03
3.144550638875934396e+02	5.427394519346934176e-01	2.515327106273257396e-01	5.406225263143193266e-02	7.186813934097355250e-02	6.757036362145066311e-02	7.141073633044153074e-03	8.339066886449418223e-03
3.192928341012487294e+02	5.403603307769530018e-01	2.514534256550260416e-01	5.476736431288140722e-02	7.263601993752939745e-02	6.818139263917954995e-02	7.308014551256778769e-03	8.546510802542766835e-03
3.241306043149040192e+02	5.380268795314100405e-01	2.513617662818892762e-01	5.546576849997873065e-02	7.338746883934374465e-02	6.878058273510564979e-02	7.476140906896353196e-03	8.754451880745113893e-03
3.289683745285592522e+02	5.357377951591892895e-01	2.512586687260584539e-01	5.615750097165572025e-02	7.412273721111493907e-02	6.936812654569046721e-02	7.645405507843358595e-03	8.962824553816877218e-03
3.338061447422145420e+02	5.334918290555747955e-01	2.511450068624020981e-01	5.684260100261401272e-02	7.484207866538378218e-02	6.994421616266938146e-02	7.815761950862233631e-03	9.171564975862852437e-03
3.386439149558698318e+02	5.312877840961529596e-01	2.510215963394222816e-01	5.752111102998744979e-02	7.554574866977627201e-02	7.050904290843289235e-02	7.987164627253408658e-03	9.380611004343866050e-03
3.434816851695251216e+02	5.291245118646417112e-01	2.508891984239025041e-01	5.819307634398215856e-02	7.623400400322680182e-02	7.106279713199534220e-02	8.159568726902185001e-03	9.589902180718428912e-03
3.483194553831804114e+02	5.270009100506781730e-01	2.507485235913207156e-01	5.885854480086962631e-02	7.690710225771756059e-02	7.160566802406044540e-02	8.332930240855469795e-03	9.799379709867146390e-03
3.531572255968357013e+02	5.249159200066054742e-01	2.506002348788585188e-01	5.951756655681676028e-02	7.756530138230449678e-02	7.213784344979454199e-02	8.507205962548232414e-03	1.000898643844103965e-02
3.579949958104909342e+02	5.228685244530190124e-01	2.504449510167232051e-01	6.017019382113766163e-02	7.820885926641878150e-02	7.265950979801316656e-02	8.682353487792983382e-03	1.021866683226419631e-02
3.628327660241463377e+02	5.208577453235030408e-01	2.502832493524582147e-01	6.081648062764651030e-02	7.883803335963715520e-02	7.317085184557528543e-02	8.858331213637594265e-03	1.042836695291114550e-02
3.676705362378016275e+02	5.188826417396187329e-01	2.501156685819451164e-01	6.145648262287906061e-02	7.945308032530497278e-02	7.367205263586167063e-02	9.035098336189352486e-03	1.063803443357003685e-02
3.725083064514568036e+02	5.169423081077882953e-01	2.499427112998930667e-01	6.209025687003243144e-02	8.005425572557357816e-02	7.416329337029137214e-02	9.212614847496188725e-03	1.084761845429398769e-02
3.773460766651120935e+02	5.150358723302687070e-01	2.497648463817644104e-01	6.271786166754980685e-02	8.064181373557977039e-02	7.464475331190176255e-02	9.390841531569554465e-03	1.105706971673498656e-02
3.821838468787673833e+02	5.131624941229190329e-01	2.495825112082926123e-01	6.333935638134843837e-02	8.121600688464980511e-02	7.511660970008463001e-02	9.569739959627390422e-03	1.126634041844712560e-02
3.870216170924226162e+02	5.113213634329438761e-01	2.493961137430112385e-01	6.395480128975604417e-02	8.177708582255502345e-02	7.557903767563374509e-02	9.749272484630021676e-03	1.147538422683903186e-02
3.918593873060780197e+02	5.095116989502399552e-01	2.492060344725218479e-01	6.456425744028365665e-02	8.232529910898098158e-02	7.603221021531705870e-02	9.929402235176529659e-03	1.168415625284886274e-02
3.966971575197332527e+02	5.077327467063910138e-01	2.490126282185842754e-01	6.516778651742080597e-02	8.286089302449767269e-02	7.647629807524165824e-02	1.011009310882430949e-02	1.189261302440917586e-02
4.015349277333884856e+02	5.059837787557438515e-01	2.488162258305119390e-01	6.576545072069379938e-02	8.338411140143597855e-02	7.691146974233001310e-02	1.029130976488994154e-02	1.210071245976341442e-02
4.063726979470438323e+02	5.042640919333636340e-01	2.486171357657921965e-01	6.635731265227873266e-02	8.389519547318498305e-02	7.733789139327368334e-02	1.047301761678525248e-02	1.230841384069051095e-02
4.112104681606991221e+02	5.025730066850041533e-01	2.484156455663279472e-01	6.694343521350794302e-02	8.439438374052672664e-02	7.775572686037442172e-02	1.065518282393851032e-02	1.251567778568929250e-02
4.160482383743544119e+02	5.009098659645471185e-01	2.482120232372065083e-01	6.752388150965349389e-02	8.488191185372073733e-02	7.816513760372426067e-02	1.083777228334699243e-02	1.272246622316989054e-02
4.208860085880095880e+02	4.992740341946600990e-01	2.480065185344444978e-01	6.809871476241215194e-02	8.535801250913913063e-02	7.856628268921417302e-02	1.102075362080371865e-02	1.292874236469515430e-02
4.257237788016648778e+02	4.976648962867001313e-01	2.477993641677309344e-01	6.866799822955528543e-02	8.582291535933631033e-02	7.895931877189708847e-02	1.120409518183797248e-02	1.313447067831123409e-02
4.305615490153201677e+02	4.960818567161473513e-01	2.475907769237905842e-01	6.923179513124320950e-02	8.627684693551461448e-02	7.934440008426411894e-02	1.138776602240623194e-02	1.333961686200289647e-02
4.353993192289755143e+02	4.945243386500962623e-01	2.473809587156194367e-01	6.979016858253671296e-02	8.672003058141934673e-02	7.972167842902413981e-02	1.157173589936734935e-02	1.354414781730579539e-02
4.402370894426308041e+02	4.929917831235562375e-01	2.471700975624941954e-01	7.034318153167049004e-02	8.715268639776410642e-02	8.009130317600596238e-02	1.175597526077323818e-02	1.374803162310486715e-02
4.450748596562860939e+02	4.914836482615234092e-01	2.469583685053351463e-01	7.089089670368220464e-02	8.757503119634987843e-02	8.045342126282942208e-02	1.194045523600393600e-02	1.395123750964511432e-02
4.499126298699413837e+02	4.899994085439850489e-01	2.467459344616969030e-01	7.143337654901825429e-02	8.798727846310008816e-02	8.080817719901668694e-02	1.212514762577364229e-02	1.415373583277843711e-02
4.547504000835967304e+02	4.885385541111993413e-01	2.465329470243793342e-01	7.197068319676315495e-02	8.838963832928842246e-02	8.115571307323886374e-02	1.231002489203225983e-02	1.435549804846770333e-02
4.595881702972519065e+02	4.871005901067654853e-01	2.463195472073867742e-01	7.250287841216294937e-02	8.878231755028696826e-02	8.149616856341498905e-02	1.249506014778501220e-02	1.455649668756695686e-02
4.644259405109071963e+02	4.856850360561614233e-01	2.461058661427163174e-01	7.303002355813563440e-02	8.916551949120972431e-02	8.182968094940053227e-02	1.268022714685091909e-02	1.475670533089460702e-02
4.692637107245624861e+02	4.842914252785741613e-01	2.458920257312259827e-01	7.355217956048214212e-02	8.953944411887113097e-02	8.215638512802211912e-02	1.286550027357923412e-02	1.495609858461446028e-02
4.741014809382177759e+02	4.829193043299891408e-01	2.456781392506178774e-01	7.406940687653090771e-02	8.990428799951992456e-02	8.247641363023235084e-02	1.305085453254133630e-02	1.515465205593769134e-02
4.789392511518730657e+02	4.815682324756362376e-01	2.454643119233712034e-01	7.458176546696722309e-02	9.026024430184768910e-02	8.278989664017555317e-02	1.323626553821419770e-02	1.535234232915718040e-02
4.837770213655284124e+02	4.802377811900105931e-01	2.452506414472715723e-01	7.508931477061535353e-02	9.060750280480693586e-02	8.309696201597062404e-02	1.342170950467011341e-02	1.554914694202412691e-02
4.886147915791837022e+02	4.789275336828036633e-01	2.450372184910085127e-01	7.559211368195720149e-02	9.094624990980706980e-02	8.339773531203134582e-02	1.360716323528615886e-02	1.574504436247540703e-02
4.934525617928388783e+02	4.776370844491837908e-01	2.448241271571491573e-01	7.609022053118605355e-02	9.127666865688791042e-02	8.369233980275789242e-02	1.379260411248569088e-02	1.594001396571891743e-02
4.982903320064942250e+02	4.763660388429674097e-01	2.446114454146433581e-01	7.658369306660764431e-02	9.159893874449909212e-02	8.398089650744601509e-02	1.397801008752309199e-02	1.613403601168285004e-02
5.031281022201495148e+02	4.751140126713144785e-01	2.443992455028728417e-01	7.707258843921359348e-02	9.191323655254129976e-02	8.426352421627145151e-02	1.416335967032193895e-02	1.632709162283384891e-02
5.079658724338048046e+02	4.738806318096693282e-01	2.441875943091238732e-01	7.755696318926430521e-02	9.221973516834965079e-02	8.454033951721851015e-02	1.434863191937589891e-02	1.651916276236790534e-02
5.128036426474600376e+02	4.726655318357484425e-01	2.439765537212387203e-01	7.803687323472932591e-02	9.251860441532400170e-02	8.481145682383128825e-02	1.453380643172071975e-02	1.671023221277696466e-02
5.176414128611153274e+02	4.714683576814552857e-01	2.437661809570843552e-01	7.851237386144406527e-02	9.281001088393191212e-02	8.507698840367559912e-02	1.471886333298490918e-02	1.690028355479336261e-02
5.224791830747705035e+02	4.702887633016705760e-01	2.435565288723692268e-01	7.898351971485086109e-02	9.309411796483103851e-02	8.533704440740837172e-02	1.490378326752594788e-02	1.708930114671341344e-02
5.273169532884259070e+02	4.691264113589352358e-01	2.433476462482374592e-01	7.945036479320202738e-02	9.337108588387639518e-02	8.559173289835934895e-02	1.508854738865819320e-02	1.727727010410076702e-02
5.321547235020811968e+02	4.679809729231040882e-01	2.431395780599745760e-01	7.991296244211057442e-02	9.364107173879537838e-02	8.584115988253736285e-02	1.527313734897794116e-02	1.746417627986951437e-02
5.369924937157364866e+02	4.668521271851069354e-01	2.429323657280718640e-01	8.037136535034246354e-02	9.390422953733056077e-02	8.608542933898064020e-02	1.545753529079061002e-02	1.765000624474641691e-02
5.418302639293917764e+02	4.657395611840087213e-01	2.427260473528124185e-01	8.082562554675133681e-02	9.416071023666477968e-02	8.632464325037687847e-02	1.564172383664434729e-02	1.783474726811105915e-02
5.466680341430470662e+02	4.646429695466097187e-01	2.425206579334667767e-01	8.127579439826385088e-02	9.441066178395772501e-02	8.655890163388524350e-02	1.582568607997393573e-02	1.801838729921232188e-02
5.515058043567023560e+02	4.635620542388760312e-01	2.423162295731121907e-01	8.172192260882985004e-02	9.465422915783675006e-02	8.678830257209746435e-02	1.600940557585836879e-02	1.820091494875900745e-02
5.563435745703576458e+02	4.624965243285330541e-01	2.421127916700241411e-01	8.216406021925794223e-02	9.489155441069613284e-02	8.701294224408126499e-02	1.619286633189502556e-02	1.838231947088215384e-02
5.611813447840129356e+02	4.614460957581987821e-01	2.419103710965250231e-01	8.260225660786216229e-02	9.512277671167131132e-02	8.723291495645335569e-02	1.637605279919296039e-02	1.856259074546616136e-02
5.660191149976681118e+02	4.604104911284697121e-01	2.417089923661166484e-01	8.303656049185101362e-02	9.534803239016501064e-02	8.744831317443442498e-02	1.655894986348749667e-02	1.874171926084549494e-02
5.708568852113234016e+02	4.593894394904107226e-01	2.415086777896686965e-01	8.346701992939478676e-02	9.556745497981185278e-02	8.765922755284237533e-02	1.674154283637794075e-02	1.891969609686350653e-02
5.756946554249786914e+02	4.583826761469330102e-01	2.413094476213839268e-01	8.389368232231182720e-02	9.578117526277768468e-02	8.786574696698397358e-02	1.692381744668985596e-02	1.909651290828961318e-02
5.805324256386339812e+02	4.573899424625769705e-01	2.411113201952137519e-01	8.431659441931825538e-02	9.598932131429811776e-02	8.806795854340887519e-02	1.710575983196317360e-02	1.927216190859079928e-02
5.853701958522892710e+02	4.564109856812448296e-01	2.409143120523525861e-01	8.473580231978995736e-02	9.619201854736897372e-02	8.826594769049318778e-02	1.728735653006702525e-02	1.944663585405329714e-02
5.902079660659445608e+02	4.554455587514588122e-01	2.407184380603984708e-01	8.515135147798916226e-02	9.638938975750854787e-02	8.845979812882281967e-02	1.746859447094201503e-02	1.961992802825002560e-02
5.950457362795999643e+02	4.544934201587422229e-01	2.405237115247283453e-01	8.556328670771121137e-02	9.658155516751859571e-02	8.864959192134984345e-02	1.764946096847036863e-02	1.979203222684927654e-02
5.998835064932552541e+02	4.535543337647497952e-01	2.403301442926002174e-01	8.597165218731069036e-02	9.676863247217729058e-02	8.883540950329774089e-02	1.782994371247421939e-02	1.996294274275991001e-02
6.047212767069104302e+02	4.526280686527932029e-01	2.401377468504603263e-01	8.637649146506870546e-02	9.695073688280338164e-02	8.901732971179381060e-02	1.801003076084209398e-02	2.013265435160833255e-02
6.095590469205657200e+02	4.517143989794300540e-01	2.399465284149025213e-01	8.677784746486597034e-02	9.712798117163617961e-02	8.919542981520937885e-02	1.818971053178345537e-02	2.030116229754229396e-02
6.143968171342210098e+02	4.508131038318050621e-01	2.397564970176964683e-01	8.717576249212898032e-02	9.730047571598127165e-02	8.936978554219048021e-02	1.836897179621108100e-02	2.046846227935655155e-02
6.192345873478761860e+02	4.499239670904496835e-01	2.395676595852749835e-01	8.757027824001897831e-02	9.746832854207636287e-02	8.954047111036378404e-02	1.854780367025078355e-02	2.063455043693532276e-02
6.240723575615315895e+02	4.490467772972653870e-01	2.393800220130439527e-01	8.796143579583566574e-02	9.763164536863631893e-02	8.970755925470423608e-02	1.872619560787796775e-02	2.079942333800641890e-02
6.289101277751868793e+02	4.481813275284303733e-01	2.391935892348550918e-01	8.834927564760956809e-02	9.779052965004020326e-02	8.987112125555252184e-02	1.890413739368031545e-02	2.096307796520189420e-02
6.337478979888421691e+02	4.473274152719867724e-01	2.390083652879588794e-01	8.873383769085901873e-02	9.794508261912732161e-02	9.003122696627204047e-02	1.908161913574582536e-02	2.112551170342004750e-02
6.385856682024975726e+02	4.464848423098781716e-01	2.388243533737341162e-01	8.911516123548963997e-02	9.809540332957225606e-02	9.018794484053685445e-02	1.925863125867532943e-02	2.128672232748353432e-02
6.434234384161527487e+02	4.456534146042213651e-01	2.386415559144711152e-01	8.949328501281558768e-02	9.824158869781252079e-02	9.034134195924249655e-02	1.943516449671844198e-02	2.144670799008838863e-02
6.482612086298080385e+02	4.448329421876090484e-01	2.384599746064673120e-01	8.986824718268376921e-02	9.838373354450527519e-02	9.049148405703383302e-02	1.961120988703198703e-02	2.160546721003870838e-02
6.530989788434633283e+02	4.440232390572514953e-01	2.382796104696768558e-01	9.024008534068342358e-02	9.852193063549227747e-02	9.063843554844441819e-02	1.978675876305966905e-02	2.176299886076183202e-02
6.579367490571185044e+02	4.432241230727768100e-01	2.381004638941395524e-01	9.060883652542489619e-02	9.865627072225477412e-02	9.078225955364337130e-02	1.996180274803183510e-02	2.191930215909874621e-02
6.627745192707737942e+02	4.424354158575187768e-01	2.379225346834006327e-01	9.097453722587296732e-02	9.878684258184262934e-02	9.092301792378636172e-02	2.013633374858407252e-02	2.207437665436457960e-02
6.676122894844290840e+02	4.416569427031324935e-01	2.377458220951173817e-01	9.133722338872055091e-02	9.891373305626385837e-02	9.106077126596835714e-02	2.031034394849332361e-02	2.222822221767404086e-02
6.724500596980843738e+02	4.408885324773856862e-01	2.375703248790373701e-01	9.169693042579074582e-02	9.903702709132278237e-02	9.119557896777662209e-02	2.048382580253015409e-02	2.238083903152662466e-02
6.772878299117396637e+02	4.401300175349827648e-01	2.373960413125194291e-01	9.205369322145527666e-02	9.915680777489724318e-02	9.132749922144293986e-02	2.065677203042578028e-02	2.253222757964653059e-02
6.821256001253949535e+02	4.393812336312867828e-01	2.372229692337582685e-01	9.240754614005884660e-02	9.927315637464634301e-02	9.145658904759505770e-02	2.082917561095245368e-02	2.268238863707227812e-02
6.869633703390502433e+02	4.386420198388115144e-01	2.370511060728623109e-01	9.275852303333965987e-02	9.938615237514239475e-02	9.158290431860750813e-02	2.100102977611568653e-02	2.283132326049096619e-02
6.918011405527055331e+02	4.379122184663634676e-01	2.368804488809253539e-01	9.310665724783721842e-02	9.949587351442178151e-02	9.170649978155302751e-02	2.117232800545690644e-02	2.297903277881226808e-02
6.966389107663608229e+02	4.371916749807198688e-01	2.367109943572219821e-01	9.345198163227919075e-02	9.960239581995097846e-02	9.182742908075582078e-02	2.134306402046495799e-02	2.312551878397723845e-02
7.014766809800161127e+02	4.364802379307344826e-01	2.365427388746497994e-01	9.379452854493998404e-02	9.970579364400500300e-02	9.194574477994869877e-02	2.151323177909498022e-02	2.327078312199713783e-02
7.063144511936714025e+02	4.357777588737700714e-01	2.363756785035321384e-01	9.413432986096414989e-02	9.980613969845684996e-02	9.206149838403634988e-02	2.168282547039309185e-02	2.341482788421743455e-02
7.111522214073266923e+02	4.350840923043608477e-01	2.362098090338879686e-01	9.447141697964871188e-02	9.990350508897738457e-02	9.217474036046759134e-02	2.185183950922535423e-02	2.355765539880229006e-02
7.159899916209819821e+02	4.343990955850129398e-01	2.360451259962690340e-01	9.480582083167839180e-02	9.999795934864612323e-02	9.228552016021937532e-02	2.202026853110942289e-02	2.369926822243492021e-02
7.208277618346371582e+02	4.337226288790576034e-01	2.358816246812565909e-01	9.513757188630911354e-02	1.000895704709740819e-01	9.239388623839631109e-02	2.218810738714738218e-02	2.383966913222913125e-02
7.256655320482924481e+02	4.330545550854743575e-01	2.357193001577053970e-01	9.546670015849505198e-02	1.001784049423408429e-01	9.249988607444881161e-02	2.235535113905813553e-02	2.397886111784761770e-02
7.305033022619478515e+02	4.323947397756063848e-01	2.355581472898159723e-01	9.579323521595493884e-02	1.002645277738484358e-01	9.260356619201427775e-02	2.252199505430780430e-02	2.411684737382248020e-02
7.353410724756030277e+02	4.317430511316946440e-01	2.353981607531107911e-01	9.611720618617418388e-02	1.003480025325955843e-01	9.270497217838492843e-02	2.268803460133660826e-02	2.425363129207360954e-02
7.401788426892584312e+02	4.310993598871609156e-01	2.352393350493859892e-01	9.643864176333943883e-02	1.004288913723759835e-01	9.280414870360685631e-02	2.285346544488060447e-02	2.438921645462061027e-02
7.450166129029136073e+02	4.304635392685730588e-01	2.350816645207040867e-01	9.675757021520257906e-02	1.005072550638052842e-01	9.290113953921461110e-02	2.301828344138677485e-02	2.452360662648399650e-02
7.498543831165690108e+02	4.298354649392294169e-01	2.349251433624902630e-01	9.707401938987163248e-02	1.005831530238816274e-01	9.299598757660604287e-02	2.318248463451990857e-02	2.465680574877149311e-02
7.546921533302243006e+02	4.292150149443022533e-01	2.347697656357899121e-01	9.738801672252622721e-02	1.006566433449850445e-01	9.308873484506192952e-02	2.334606525075970385e-02	2.478881793194532765e-02
7.595299235438793630e+02	4.286020696574834865e-01	2.346155252787414380e-01	9.769958924205569828e-02	1.007277828233213990e-01	9.317942252941531500e-02	2.350902169508661474e-02	2.491964744926644312e-02
7.643676937575347665e+02	4.279965117290782661e-01	2.344624161173149146e-01	9.800876357761802160e-02	1.007966269868170173e-01	9.326809098737559589e-02	2.367135054675488168e-02	2.504929873041170096e-02
7.692054639711900563e+02	4.273982260354945995e-01	2.343104318753639614e-01	9.831556596511811796e-02	1.008632301224701711e-01	9.335477976651214427e-02	2.383304855515123305e-02	2.517777635526015009e-02
7.740432341848452324e+02	4.268070996300800113e-01	2.341595661840348286e-01	9.862002225360423646e-02	1.009276453031661830e-01	9.343952762090276809e-02	2.399411263573780762e-02	2.530508504784453189e-02
7.788810043985006359e+02	4.262230216952583861e-01	2.340098125905738791e-01	9.892215791158139038e-02	1.009899244139629004e-01	9.352237252745182472e-02	2.415453986607776424e-02	2.543122967046426014e-02
7.837187746121558121e+02	4.256458834959217508e-01	2.338611645665724936e-01	9.922199803324099898e-02	1.010501181778534346e-01	9.360335170188344156e-02	2.431432748194216689e-02	2.555621521795618106e-02
7.885565448258112156e+02	4.250755783340352534e-01	2.337136155156847028e-01	9.951956734460601361e-02	1.011082761810135483e-01	9.368250161441486756e-02	2.447347287349662878e-02	2.568004681211952245e-02
7.933943150394665054e+02	4.245120015044135942e-01	2.335671587808520744e-01	9.981489020959109781e-02	1.011644468975408523e-01	9.375985800511520141e-02	2.463197358156633821e-02	2.580272969629143071e-02
7.982320852531219089e+02	4.239550502516310493e-01	2.334217876510666090e-01	1.001079906359772786e-01	1.012186777136933197e-01	9.383545589895470052e-02	2.478982729397802634e-02	2.592426923006965062e-02
8.030698554667769713e+02	4.234046237280270630e-01	2.332774953677016760e-01	1.003988922813011525e-01	1.012710149516347080e-01	9.390932962054976407e-02	2.494703184197746490e-02	2.604467088417891305e-02
8.079076256804323748e+02	4.228606229527722138e-01	2.331342751304379401e-01	1.006876184586583262e-01	1.013215038926944117e-01	9.398151280860908563e-02	2.510358519672111627e-02	2.616394023547768607e-02
8.127453958940876646e+02	4.223229507719610809e-01	2.329921201028108402e-01	1.009741921424210931e-01	1.013701888001494744e-01	9.405203843008579090e-02	2.525948546584058998e-02	2.628208296210201092e-02
8.175831661077428407e+02	4.217915118196985391e-01	2.328510234174025750e-01	1.012586359738706226e-01	1.014171129415364359e-01	9.412093879404104246e-02	2.541473089007850739e-02	2.639910483874319952e-02
8.224209363213982442e+02	4.212662124801492824e-01	2.327109781807022437e-01	1.015409722667437592e-01	1.014623186105009373e-01	9.418824556522398250e-02	2.556931983999450111e-02	2.651501173205624701e-02
8.272587065350534203e+02	4.207469608505200465e-01	2.325719774776542070e-01	1.018212230126948337e-01	1.015058471481925517e-01	9.425398977737342587e-02	2.572325081274001030e-02	2.662980959619587820e-02
8.320964767487085965e+02	4.202336667049463292e-01	2.324340143759151545e-01	1.020994098866727928e-01	1.015477389642129580e-01	9.431820184624600811e-02	2.587652242890055299e-02	2.674350446847718193e-02
8.369342469623640000e+02	4.197262414592562441e-01	2.322970819298376122e-01	1.023755542522140349e-01	1.015880335571248405e-01	9.438091158237611744e-02	2.602913342940425812e-02	2.685610246515788765e-02
8.417720171760191761e+02	4.192245981365849694e-01	2.321611731841974613e-01	1.026496771666518260e-01	1.016267695345296068e-01	9.444214820357248186e-02	2.618108267249534896e-02	2.696760977733940468e-02
8.466097873896745796e+02	4.187286513338144278e-01	2.320262811776815648e-01	1.029217993862423797e-01	1.016639846327213048e-01	9.450194034715626856e-02	2.633236913077137420e-02	2.707803266698372707e-02
8.514475576033297557e+02	4.182383171888149342e-01	2.318923989461504631e-01	1.031919413712088091e-01	1.016997157359246923e-01	9.456031608194574722e-02	2.648299188828294806e-02	2.718737746304348765e-02
8.562853278169851592e+02	4.177535133484636676e-01	2.317595195256900997e-01	1.034601232907031293e-01	1.017339988951248553e-01	9.461730291999216613e-02	2.663295013769482328e-02	2.729565055770242707e-02
8.611230980306403353e+02	4.172741589374193705e-01	2.316276359554660658e-01	1.037263650276873811e-01	1.017668693464960361e-01	9.467292782807172624e-02	2.678224317750707573e-02	2.740285840272355805e-02
8.659608682442956251e+02	4.168001745276307402e-01	2.314967412803924929e-01	1.039906861837345819e-01	1.017983615294372202e-01	9.472721723893842705e-02	2.693087040933529394e-02	2.750900750590250590e-02
8.707986384579510286e+02	4.163314821085581929e-01	2.313668285536270020e-01	1.042531060837502549e-01	1.018285091042216983e-01	9.478019706234216968e-02	2.707883133524859737e-02	2.761410442762341974e-02
8.756364086716062047e+02	4.158680050580884635e-01	2.312378908389028098e-01	1.045136437806154645e-01	1.018573449692682931e-01	9.483189269581704384e-02	2.722612555516434538e-02	2.771815577751497381e-02
8.804741788852616082e+02	4.154096681141234981e-01	2.311099212127079305e-01	1.047723180597521925e-01	1.018849012780411872e-01	9.488232903524408679e-02	2.737275276429849274e-02	2.782116821120402678e-02
8.853119490989170117e+02	4.149563973468246569e-01	2.309829127663208803e-01	1.050291474436119699e-01	1.019112094555858217e-01	9.493153048519310799e-02	2.751871275067041892e-02	2.792314842716454859e-02
8.901497193125721878e+02	4.145081201314945729e-01	2.308568586077118234e-01	1.052841501960886245e-01	1.019363002147078839e-01	9.497952096904783981e-02	2.766400539266124226e-02	2.802410316365947646e-02
8.949874895262273640e+02	4.140647651220790149e-01	2.307317518633172915e-01	1.055373443268562417e-01	1.019602035718022992e-01	9.502632393891892459e-02	2.780863065662452296e-02	2.812403919577323094e-02
8.998252597398827675e+02	4.136262622252727672e-01	2.306075856796965806e-01	1.057887475956330869e-01	1.019829488623393565e-01	9.507196238534883215e-02	2.795258859454834155e-02	2.822296333253263359e-02
9.046630299535379436e+02	4.131925425752127623e-01	2.304843532250766269e-01	1.060383775163726561e-01	1.020045647560147845e-01	9.511645884681300955e-02	2.809587934176773286e-02	2.832088241411408192e-02
9.095008001671932334e+02	4.127635385087434772e-01	2.303620476907925763e-01	1.062862513613826720e-01	1.020250792715702709e-01	9.515983541902138521e-02	2.823850311472646951e-02	2.841780330913479952e-02
9.143385703808486369e+02	4.123391835412394957e-01	2.302406622926301272e-01	1.065323861653731108e-01	1.020445197912914354e-01	9.520211376402416825e-02	2.838046020878723721e-02	2.851373291202614207e-02
9.191763405945038130e+02	4.119194123429700261e-01	2.301201902720757253e-01	1.067767987294341858e-01	1.020629130751895819e-01	9.524331511912614845e-02	2.852175099608923736e-02	2.860867814048684288e-02
9.240141108081592165e+02	4.115041607159927728e-01	2.300006248974802159e-01	1.070195056249453880e-01	1.020802852748737416e-01	9.528346030561317404e-02	2.866237592345225252e-02	2.870264593301425846e-02
9.288518810218145063e+02	4.110933655715620083e-01	2.298819594651411446e-01	1.072605231974164824e-01	1.020966619471193881e-01	9.532256973729490157e-02	2.880233551032625877e-02	2.879564324651165755e-02
9.336896512354697961e+02	4.106869649080389650e-01	2.297641873003087032e-01	1.074998675702614620e-01	1.021120680671399605e-01	9.536066342886741209e-02	2.894163034678569682e-02	2.888767705396962093e-02
9.385274214491247449e+02	4.102848977892913362e-01	2.296473017581196485e-01	1.077375546485065949e-01	1.021265280415675630e-01	9.539776100409946835e-02	2.908026109156747543e-02	2.897875434221974106e-02
9.433651916627801484e+02	4.098871043235690625e-01	2.295312962244639987e-01	1.079736001224333858e-01	1.021400657211485319e-01	9.543388170384624336e-02	2.921822847015182259e-02	2.906888210975873757e-02
9.482029618764355519e+02	4.094935256428456904e-01	2.294161641167879462e-01	1.082080194711575877e-01	1.021527044131603085e-01	9.546904439389378161e-02	2.935553327288519671e-02	2.915806736464128524e-02
9.530407320900908417e+02	4.091041038826123688e-01	2.293018988848373463e-01	1.084408279661451535e-01	1.021644668935549199e-01	9.550326757263798150e-02	2.949217635314429695e-02	2.924631712243974668e-02
9.578785023037459041e+02	4.087187821621144912e-01	2.291884940113447788e-01	1.086720406746662648e-01	1.021753754188352015e-01	9.553656937860149911e-02	2.962815862554045096e-02	2.933363840426916197e-02
9.627162725174014213e+02	4.083375045650191049e-01	2.290759430126641238e-01	1.089016724631882982e-01	1.021854517376692140e-01	9.556896759779180683e-02	2.976348106416349878e-02	2.942003823487583658e-02
9.675540427310568248e+02	4.079602161205034827e-01	2.289642394393550662e-01	1.091297380007086315e-01	1.021947171022485057e-01	9.560047967090400112e-02	2.989814470086438886e-02	2.950552364078785558e-02
9.723918129447120009e+02	4.075868627847535897e-01	2.288533768767212206e-01	1.093562517620285807e-01	1.022031922793954495e-01	9.563112270037135709e-02	3.003215062357572976e-02	2.959010164852602515e-02
9.772295831583674044e+02	4.072173914228635061e-01	2.287433489453039870e-01	1.095812280309691050e-01	1.022108975614252346e-01	9.566091345726705775e-02	3.016549997466948935e-02	2.967377928287362118e-02
9.820673533720223531e+02	4.068517497911253167e-01	2.286341493013350767e-01	1.098046809035293780e-01	1.022178527767676065e-01	9.568986838806003981e-02	3.029819394935110571e-02	2.975656356520347753e-02
9.869051235856777566e+02	4.064898865197009714e-01	2.285257716371500158e-01	1.100266242909891529e-01	1.022240773003535164e-01	9.571800362122817596e-02	3.043023379408926407e-02	2.983846151186091492e-02
9.917428937993331601e+02	4.061317510956659604e-01	2.284182096815648988e-01	1.102470719229559359e-01	1.022295900637717331e-01	9.574533497373180491e-02	3.056162080508062484e-02	2.991948013260111242e-02
9.965806640129884499e+02	4.057772938464168644e-01	2.283114572002186149e-01	1.104660373503577042e-01	1.022344095652003015e-01	9.577187795735041254e-02	3.069235632674878131e-02	2.999962642907945398e-02
