0.000000000000000000e+00	9.928057080649940191e-01	1.534783118150351950e-32	6.741244350754511776e-03	1.572099862477478858e-26	2.607025898653493427e-03	1.084505711642121681e-03	2.609231020038549731e-22
4.837770213655283591e+00	9.738562087986397664e-01	1.796830619247380412e-02	6.720774837249156829e-03	8.313934843681293593e-05	3.500402563367000734e-03	1.102008346032658714e-03	7.643939845055003145e-06
9.675540427310567182e+00	9.558228879826179414e-01	3.472231088170119051e-02	6.786830654073641375e-03	3.226116139294366307e-04	4.446631636992987371e-03	1.119399838709081007e-03	1.781141801992029673e-05
1.451331064096584811e+01	9.386512678927040332e-01	5.034250076686120484e-02	6.932573842025706139e-03	7.043076945995217168e-04	5.439872772624670949e-03	1.137066052884466065e-03	3.089500434454421645e-05
1.935108085462113081e+01	9.222903524665959640e-01	6.490403404996765435e-02	7.151637371589521924e-03	1.215138971501123193e-03	6.474722378300194585e-03	1.155357458762323788e-03	4.724132932737208515e-05
2.418885106827641707e+01	9.066923994058389003e-01	7.847709330695423757e-02	7.438093628951102793e-03	1.842967744728108434e-03	7.546183595360993722e-03	1.174591683959048255e-03	6.715466025169415285e-05
2.902662128193169622e+01	8.918127073142503303e-01	9.112721498562439959e-02	7.786424995388625814e-03	2.576542322702612270e-03	8.649638289764401133e-03	1.195055890933824534e-03	9.090022737985909589e-05
3.386439149558698603e+01	8.776094168780989024e-01	1.029155970787672680e-01	8.191496381258109652e-03	3.405436455363409706e-03	9.780820922459845454e-03	1.217008992962894526e-03	1.187073171336569955e-04
3.870216170924226162e+01	8.640433251591591590e-01	1.138993864181746807e-01	8.648529584990259644e-03	4.319992822485224822e-03	1.093579417381989119e-02	1.240683719429389129e-03	1.507721479853477977e-04
4.353993192289755143e+01	8.510777121332694373e-01	1.241319469395209818e-01	9.153079356100511654e-03	5.311270307512753856e-03	1.211092620541061315e-02	1.266288540484976398e-03	1.872605437445938581e-04
4.837770213655283413e+01	8.386781786644473824e-01	1.336631101786398268e-01	9.701011049231605607e-03	6.370994805176619438e-03	1.330286945012931418e-02	1.294009460472006056e-03	2.283104179470018917e-04
5.321547235020811684e+01	8.268124951582495052e-01	1.425394091762281767e-01	1.028847976373432026e-02	7.491513327856700113e-03	1.450854082896797445e-02	1.324011688871515541e-03	2.740340821354713156e-04
5.805324256386339954e+01	8.154504601881318315e-01	1.508042968900356329e-01	1.091191087028215920e-02	8.665751191249786156e-03	1.572510329941184323e-02	1.356441196960461075e-03	3.245203899717714717e-04
6.289101277751868224e+01	8.045637684353300623e-01	1.584983501407906947e-01	1.156798183254299957e-02	9.887172074456693910e-03	1.694994864678624202e-02	1.391426167818117119e-03	3.798367283187004746e-04
6.772878299117397205e+01	7.941258873264354090e-01	1.656594600501318237e-01	1.225360523802536405e-02	1.114974076319720162e-02	1.818068143575036003e-02	1.429078346814188771e-03	4.400308656890565724e-04
7.256655320482924765e+01	7.841119417936177616e-01	1.723230098653313613e-01	1.296591295790800250e-02	1.244788839755349430e-02	1.941510404463249115e-02	1.469494299237418707e-03	5.051326677629648654e-04
7.740432341848452324e+01	7.744986066205091779e-01	1.785220410063250995e-01	1.370224136097529175e-02	1.377648005749377430e-02	2.065120271043240432e-02	1.512756581281124663e-03	5.751556890265734729e-04
8.224209363213981305e+01	7.652640058723173544e-01	1.842874081152131582e-01	1.446011751174290129e-02	1.513078453049325652e-02	2.188713451710785213e-02	1.558934830189065163e-03	6.500986489796984269e-04
8.707986384579510286e+01	7.563876189419248552e-01	1.896479238367157760e-01	1.523724628749122990e-02	1.650644611590167121e-02	2.312121526423551940e-02	1.608086778979397804e-03	7.299468007948034954e-04
9.191763405945040688e+01	7.478501927747289724e-01	1.946304940098096126e-01	1.603149835325039241e-02	1.789945833035364031e-02	2.435190815731399366e-02	1.660259200804418099e-03	8.146731997820736131e-04
9.675540427310566827e+01	7.396336598639210447e-01	1.992602439057098163e-01	1.684089893781996750e-02	1.930613938752580999e-02	2.557781326487608420e-02	1.715488787667565542e-03	9.042398785227969771e-04
1.015931744867609581e+02	7.317210616349238972e-01	2.035606361052870183e-01	1.766361735767877500e-02	2.072310933395518293e-02	2.679765769121952163e-02	1.773802967905279684e-03	9.985989350734716247e-04
1.064309447004162337e+02	7.240964768629487569e-01	2.075535805697194258e-01	1.849795723916189058e-02	2.214726873048604092e-02	2.801028641696497873e-02	1.835220666548198617e-03	1.097693540213837702e-03
1.112687149140715235e+02	7.167449547911932672e-01	2.112595374214949751e-01	1.934234739257087790e-02	2.357577877624508073e-02	2.921465376282502899e-02	1.899753012402539184e-03	1.201458869311371018e-03
1.161064851277267991e+02	7.096524526392062882e-01	2.146976129186228266e-01	2.019533329495389051e-02	2.500604277889072885e-02	3.040981543493166336e-02	1.967403995436991029e-03	1.309822964000762662e-03
1.209442553413820747e+02	7.028057772114946200e-01	2.178856490729265960e-01	2.105556914115979880e-02	2.643568888127476382e-02	3.159492111283768168e-02	2.038171077821897010e-03	1.422707528527785825e-03
1.257820255550373645e+02	6.961925303356305550e-01	2.208403073334248845e-01	2.192181042544775679e-02	2.786255396062295095e-02	3.276920754389116286e-02	2.112045761744756143e-03	1.540028665281072563e-03
1.306197957686926259e+02	6.898010578770351620e-01	2.235771467279160374e-01	2.279290701843366893e-02	2.928466862191403744e-02	3.393199211009496896e-02	2.189014116918126199e-03	1.661697553731124929e-03
1.354575659823479441e+02	6.836204020943423831e-01	2.261106968298420838e-01	2.366779670648932674e-02	3.070024321233976936e-02	3.508266683581582474e-02	2.269057270501828507e-03	1.787621076711956103e-03
1.402953361960032339e+02	6.776402571148690823e-01	2.284545258931909573e-01	2.454549916288973135e-02	3.210765478858665367e-02	3.622069280681083914e-02	2.352151861980077401e-03	1.917702397715730003e-03
1.451331064096584669e+02	6.718509273243051805e-01	2.306213044754910069e-01	2.542511032203931959e-02	3.350543497321631370e-02	3.734559497300301428e-02	2.438270465364896118e-03	2.051841492623403436e-03
1.499708766233137851e+02	6.662432884783549003e-01	2.326228648477501049e-01	2.630579713000830849e-02	3.489225864065641225e-02	3.845695730927085193e-02	2.527381980939151073e-03	2.189935639063485782e-03
1.548086468369690749e+02	6.608087513567854065e-01	2.344702564703950998e-01	2.718679264638478379e-02	3.626693337726847460e-02	3.955441831022894067e-02	2.619451998604996942e-03	2.331879866375542731e-03
1.596464170506243647e+02	6.555392277922104105e-01	2.361737977957820422e-01	2.806739147410521398e-02	3.762838966365095877e-02	4.063766679657483671e-02	2.714443134765766232e-03	2.477567368953944617e-03
1.644841872642796261e+02	6.504270989170302109e-01	2.377431246405867227e-01	2.894694549547304277e-02	3.897567173078314573e-02	4.170643801206970480e-02	2.812315344540742851e-03	2.626889885559636779e-03
1.693219574779349159e+02	6.454651854823036938e-01	2.391872353552675357e-01	2.982485989401989501e-02	4.030792904483385813e-02	4.276050999161350175e-02	2.913026210992162093e-03	2.779738047012544379e-03
1.741597276915902057e+02	6.406467201120008559e-01	2.405145330027439465e-01	3.070058944321253300e-02	4.162440837846409503e-02	4.379970018217631961e-02	3.016531212931704200e-03	2.936001694513702773e-03
1.789974979052454671e+02	6.359653213651118575e-01	2.417328647443796330e-01	3.157363504426854983e-02	4.292444642925832832e-02	4.482386229956196455e-02	3.122783972769065022e-03	3.095570170693639524e-03
1.838352681189008138e+02	6.314149694865235363e-01	2.428495586182388699e-01	3.244354049651963778e-02	4.420746294853857006e-02	4.583288340511371128e-02	3.231736485767486809e-03	3.258332585341140210e-03
1.886730383325560467e+02	6.269899837354460104e-01	2.438714578823316104e-01	3.330988948485946038e-02	4.547295434626135585e-02	4.682668118753096492e-02	3.343339331979908700e-03	3.424178057633644762e-03
1.935108085462113081e+02	6.226850011875268986e-01	2.448049530841220900e-01	3.417230276983868054e-02	4.672048773998083854e-02	4.780520143595372307e-02	3.457541872054224578e-03	3.592995936566542505e-03
1.983485787598666263e+02	6.184949569136557468e-01	2.456560120068925213e-01	3.503043556692694849e-02	4.794969541799349450e-02	4.876841569139473559e-02	3.574292428016635770e-03	3.764676001162906797e-03
2.031863489735219162e+02	6.144150654448734539e-01	2.464302076335782021e-01	3.588397510235569882e-02	4.916026968877000580e-02	4.971631906446054294e-02	3.693538450067844221e-03	3.939108641937265690e-03
2.080241191871772060e+02	6.104408034387867055e-01	2.471327442593763413e-01	3.673263833379050020e-02	5.035195809063850586e-02	5.064892820810708990e-02	3.815226670357557779e-03	4.116185024986254021e-03
2.128618894008324673e+02	6.065678934684818335e-01	2.477684818757326934e-01	3.757616982486083890e-02	5.152455893741815507e-02	5.156627943492637922e-02	3.939303244638061446e-03	4.295797239984999391e-03
2.176996596144877287e+02	6.027922888601489060e-01	2.483419589401894001e-01	3.841433976330340533e-02	5.267791717732197426e-02	5.246842696916170778e-02	4.065713882637237916e-03	4.477838433280405088e-03
2.225374298281430470e+02	5.991101595105058353e-01	2.488574136389938019e-01	3.924694211315404163e-02	5.381192054396002900e-02	5.335544132430356662e-02	4.194403967935029197e-03	4.662202927190663496e-03
2.273752000417983652e+02	5.955178786196632101e-01	2.493188037422871539e-01	4.007379289205852818e-02	5.492649597968599084e-02	5.422740779772926289e-02	4.325318668074704803e-03	4.848786326544010476e-03
2.322129702554535982e+02	5.920120102793204886e-01	2.497298251450803253e-01	4.089472856536438550e-02	5.602160631284822112e-02	5.508442507441964342e-02	4.458403035591173777e-03	5.037485613418516903e-03
2.370507404691088880e+02	5.885892978601571235e-01	2.500939291810491127e-01	4.170960454920941834e-02	5.709724717173712133e-02	5.592660393231905364e-02	4.593602100592704754e-03	5.228199230978286191e-03
2.418885106827641494e+02	5.852466531459856736e-01	2.504143387904181339e-01	4.251829381533914209e-02	5.815344411916927719e-02	5.675406604240151864e-02	4.730860955489621378e-03	5.420827157239462360e-03
2.467262808964194392e+02	5.819811461657004026e-01	2.506940636178175419e-01	4.332068559086751924e-02	5.919024999272161358e-02	5.756694285697051827e-02	4.870124832423555414e-03	5.615270969541645216e-03
2.515640511100747290e+02	5.787899956772822874e-01	2.509359141109720470e-01	4.411668414664580290e-02	6.020774243662994907e-02	5.836537458015275681e-02	5.011339173913550299e-03	5.811433900446418346e-03
2.564018213237300188e+02	5.756705602611443817e-01	2.511425146863866531e-01	4.490620766832481570e-02	6.120602161230121602e-02	5.914950921495087249e-02	5.154449697200486763e-03	6.009220885734393829e-03
2.612395915373852517e+02	5.726203299829188964e-01	2.513163160238126026e-01	4.568918720458859523e-02	6.218520807526114330e-02	5.991950168159760476e-02	5.299402452738776956e-03	6.208538605125287976e-03
2.660773617510405415e+02	5.696369185884198050e-01	2.514596065471830233e-01	4.646556568740389109e-02	6.314544080717397756e-02	6.067551300230638461e-02	5.446143877253970499e-03	6.409295516301823092e-03
2.709151319646958882e+02	5.667180561959744844e-01	2.515745231458884068e-01	4.723529701947237064e-02	6.408687539233133557e-02	6.141770954784224468e-02	5.594620841756554885e-03	6.611401882777459896e-03
2.757529021783511780e+02	5.638615824536117316e-01	2.516630611866920164e-01	4.799834522439203749e-02	6.500968232871710828e-02	6.214626234164419283e-02	5.744780694875837104e-03	6.814769796109939291e-03
2.805906723920064678e+02	5.610654401307391126e-01	2.517270838632559293e-01	4.875468365533254522e-02	6.591404546441823054e-02	6.286134641751678354e-02	5.896571301853114309e-03	7.019313192927163075e-03
2.854284426056617008e+02	5.583276691159444471e-01	2.517683309271350756e-01	4.950429425830818464e-02	6.680016055076973269e-02	6.356314022717626799e-02	6.049941079510293834e-03	7.224947867198885411e-03
2.902662128193169337e+02	5.556464007944256212e-01	2.517884268411932358e-01	5.024716688639197654e-02	6.766823390420007023e-02	6.425182509418649046e-02	6.204839027488667780e-03	7.431591478156874750e-03
2.951039830329722804e+02	5.530198527802980824e-01	2.517888883936826860e-01	5.098329866145768358e-02	6.851848116928169197e-02	6.492758471105285201e-02	6.361214756032471454e-03	7.639163554237465847e-03
2.999417532466276270e+02	5.504463239806628438e-01	2.517711318086945371e-01	5.171269338026297790e-02	6.935112617599531459e-02	6.559060467646039838e-02	6.519018510573137276e-03	7.847585493393672076e-03
3.047795234602828600e+02	5.479241899698370499e-01	2.517364793863239858e-01	5.243536096189917173e-02	7.016639988468588440e-02	6.624107206984494733e-02	6.678201193352701834e-03	8.056780560099048236e-03
3.096172936739380930e+02	5.454518986535739078e-01	2.516861657036849054e-01	5.315131693383030181e-02	7.096453941262664822e-02	6.687917506067612983e-02	6.838714382308506978e-03	8.266673879342241807e-03
3.144550638875934396e+02	5.430279662044258382e-01	2.516213434058466314e-01	5.386058195392918330e-02	7.174578713651734441e-02	6.750510255000799487e-02	7.000510347426140527e-03	8.477192427889504792e-03
3.192928341012487294e+02	5.406509732506441512e-01	2.515430886138403377e-01	5.456318136609045188e-02	7.251038986562415023e-02	6.811904384201791784e-02	7.163542064753348690e-03	8.688265023072263421e-03
3.241306043149040192e+02	5.383195613021699577e-01	2.514524059750838370e-01	5.525914478716146411e-02	7.325859808062600009e-02	6.872118834340898430e-02	7.327763228254432007e-03	8.899822309337964907e-03
3.289683745285592522e+02	5.360324293983481647e-01	2.513502333798962596e-01	5.594850572308218001e-02	7.399066523356424840e-02	6.931172528869444793e-02	7.493128259672246320e-03	9.111796742784969080e-03
3.338061447422145420e+02	5.337883309630115924e-01	2.512374463662043755e-01	5.663130121226570696e-02	7.470684710460387401e-02	6.989084348951768444e-02	7.659592316553438633e-03	9.324122573885892593e-03
3.386439149558698318e+02	5.315860708535204981e-01	2.511148622330803826e-01	5.730757149438187037e-02	7.540740121160356690e-02	7.045873110628587954e-02	7.827111298581749046e-03	9.536735828588592881e-03
3.434816851695251216e+02	5.294245025912304170e-01	2.509832438823826339e-01	5.797735970282871104e-02	7.609258626876366782e-02	7.101557544051295690e-02	7.995641852354198886e-03	9.749574287969863667e-03
3.483194553831804114e+02	5.273025257616776873e-01	2.508433034064961875e-01	5.864071157929090505e-02	7.676266169087228586e-02	7.156156274637610892e-02	8.165141374725605472e-03	9.962577466603686482e-03
3.531572255968357013e+02	5.252190835735444097e-01	2.506957054389764017e-01	5.929767520889085708e-02	7.741788713990661874e-02	7.209687806009240640e-02	8.335568014838153073e-03	1.017568658979364424e-02
3.579949958104909342e+02	5.231731605661827933e-01	2.505410702837871928e-01	5.994830077453760370e-02	7.805852211096585280e-02	7.262170504581684505e-02	8.506880674944549553e-03	1.038884456980764676e-02
3.628327660241463377e+02	5.211637804561467524e-01	2.503799768377862334e-01	6.059264032917175552e-02	7.868482555471760509e-02	7.313622585685172761e-02	8.679039010125776457e-03	1.060199598124252074e-02
3.676705362378016275e+02	5.191900041138070021e-01	2.502129653201390913e-01	6.123074758469140844e-02	7.929705553373123106e-02	7.364062101104029701e-02	8.852003426997240298e-03	1.081508703563608884e-02
3.725083064514568036e+02	5.172509276617091034e-01	2.500405398214377017e-01	6.186267771642501440e-02	7.989546891025010866e-02	7.413506927929454371e-02	9.025735081490651041e-03	1.102806555543518405e-02
3.773460766651120935e+02	5.153456806868824680e-01	2.498631706844537670e-01	6.248848718209283615e-02	8.048032106312191791e-02	7.461974758627919202e-02	9.200195875792665373e-03	1.124088094741946056e-02
3.821838468787673833e+02	5.134734245598153723e-01	2.496812967276664796e-01	6.310823355426924131e-02	8.105186563176158820e-02	7.509483092234102430e-02	9.375348454515654642e-03	1.145348417567291360e-02
3.870216170924226162e+02	5.116333508532907581e-01	2.494953273219670531e-01	6.372197536542405227e-02	8.161035428516659473e-02	7.556049226583552714e-02	9.551156200170567503e-03	1.166582773418762056e-02
3.918593873060780197e+02	5.098246798547205749e-01	2.493056443302536229e-01	6.432977196468263326e-02	8.215603651414009334e-02	7.601690251506112994e-02	9.727583228006868310e-03	1.187786561917731146e-02
3.966971575197332527e+02	5.080466591660321996e-01	2.491126039189865693e-01	6.493168338550207863e-02	8.268915944500353221e-02	7.646423042906598522e-02	9.904594380279845012e-03	1.208955330117198260e-02
4.015349277333884856e+02	5.062985623855512651e-01	2.489165382501745960e-01	6.552777022351419234e-02	8.320996767319874254e-02	7.690264257664328196e-02	1.008215522000126263e-02	1.230084769695886232e-02
4.063726979470438323e+02	5.045796878666840568e-01	2.487177570616997402e-01	6.611809352383649085e-02	8.371870311528892272e-02	7.733230329287821281e-02	1.026023202422527390e-02	1.251170714142944146e-02
4.112104681606991221e+02	5.028893575485453571e-01	2.485165491433674045e-01	6.670271467719871006e-02	8.421560487797140337e-02	7.775337464265433263e-02	1.043879177691769966e-02	1.272209135938721751e-02
4.160482383743544119e+02	5.012269158539905956e-01	2.483131837155775068e-01	6.728169532427649702e-02	8.470090914281010186e-02	7.816601639056805495e-02	1.061780216145331336e-02	1.293196143736600849e-02
4.208860085880095880e+02	4.995917286508101962e-01	2.481079117170564563e-01	6.785509726766429661e-02	8.517484906548551671e-02	7.857038597673890457e-02	1.079723155278244917e-02	1.314127979550427754e-02
4.257237788016648778e+02	4.979831822721174639e-01	2.479009670076634253e-01	6.842298239095762069e-02	8.563765468844294904e-02	7.896663849803862989e-02	1.097704900930519464e-02	1.335001015951679457e-02
4.305615490153201677e+02	4.964006825922209765e-01	2.476925674918866727e-01	6.898541258445058111e-02	8.608955286589778377e-02	7.935492669429625168e-02	1.115722426448860667e-02	1.355811753280119353e-02
4.353993192289755143e+02	4.948436541545124800e-01	2.474829161682729206e-01	6.954244967698763880e-02	8.653076720022899460e-02	7.973540093906689163e-02	1.133772771825970402e-02	1.376556816871341536e-02
4.402370894426308041e+02	4.933115393481273259e-01	2.472722021096868394e-01	7.009415537353917702e-02	8.696151798885957962e-02	8.010820923458179810e-02	1.151853042820454379e-02	1.397232954304276561e-02
4.450748596562860939e+02	4.918037976303437642e-01	2.470606013789728717e-01	7.064059119810008058e-02	8.738202218078584826e-02	8.047349721052370064e-02	1.169960410060134730e-02	1.417837032671431623e-02
4.499126298699413837e+02	4.903199047918856968e-01	2.468482778842890912e-01	7.118181844153664839e-02	8.779249334197609944e-02	8.083140812629732719e-02	1.188092108131354879e-02	1.438366035874353091e-02
4.547504000835967304e+02	4.888593522624740118e-01	2.466353841781001865e-01	7.171789811403309067e-02	8.819314162891433995e-02	8.118208287648825960e-02	1.206245434656659683e-02	1.458817061946542093e-02
4.595881702972519065e+02	4.874216464541473726e-01	2.464220622035528940e-01	7.224889090181198237e-02	8.858417376961554013e-02	8.152565999922543882e-02	1.224417749363048563e-02	1.479187320405814070e-02
4.644259405109071963e+02	4.860063081400294305e-01	2.462084439917107126e-01	7.277485712782494343e-02	8.896579305148678840e-02	8.186227568718298930e-02	1.242606473142830216e-02	1.499474129637868268e-02
4.692637107245624861e+02	4.846128718663716972e-01	2.459946523128943852e-01	7.329585671613064735e-02	8.933819931545300408e-02	8.219206380097639209e-02	1.260809087108940262e-02	1.519674914312630146e-02
4.741014809382177759e+02	4.832408853958409245e-01	2.457808012851603330e-01	7.381194915969588322e-02	8.970158895580739034e-02	8.251515588472552176e-02	1.279023131646436946e-02	1.539787202834739036e-02
4.789392511518730657e+02	4.818899091801492895e-01	2.455669969427479171e-01	7.432319349137384012e-02	9.005615492528552812e-02	8.283168118357388254e-02	1.297246205461750554e-02	1.559808624829378196e-02
4.837770213655284124e+02	4.805595158602497530e-01	2.453533377671396065e-01	7.482964825782982554e-02	9.040208674489765006e-02	8.314176666296874130e-02	1.315475964631131027e-02	1.579736908664481840e-02
4.886147915791837022e+02	4.792492897924310880e-01	2.451399151832027445e-01	7.533137149620058870e-02	9.073957051808764773e-02	8.344553702952138552e-02	1.333710121649617567e-02	1.599569879010205933e-02
4.934525617928388783e+02	4.779588265987553264e-01	2.449268140227187918e-01	7.582842071328795008e-02	9.106878894881827169e-02	8.374311475327980703e-02	1.351946444481742782e-02	1.619305454436412509e-02
4.982903320064942250e+02	4.766877327403794551e-01	2.447141129574526563e-01	7.632085286710058036e-02	9.138992136321122395e-02	8.403462009125907406e-02	1.370182755615078837e-02	1.638941645048788698e-02
5.031281022201495148e+02	4.754356251123961763e-01	2.445018849037730313e-01	7.680872435057091441e-02	9.170314373439811262e-02	8.432017111208596483e-02	1.388416931117636421e-02	1.658476550164109109e-02
5.079658724338048046e+02	4.742021306589156437e-01	2.442901974007011534e-01	7.729209097728566291e-02	9.200862871026320444e-02	8.459988372162523251e-02	1.406646899700036632e-02	1.677908356025038100e-02
5.128036426474600376e+02	4.729868860071920755e-01	2.440791129631410816e-01	7.777100796907947255e-02	9.230654564378293347e-02	8.487387168946533555e-02	1.424870641783293132e-02	1.697235333554777265e-02
5.176414128611153274e+02	4.717895371196741960e-01	2.438686894119296011e-01	7.824552994535156902e-02	9.259706062568855145e-02	8.514224667615036268e-02	1.443086188572963342e-02	1.716455836151767680e-02
5.224791830747705035e+02	4.706097389629303462e-01	2.436589801822340029e-01	7.871571091397490394e-02	9.288033651919908040e-02	8.540511826105394444e-02	1.461291621140355969e-02	1.735568297524574949e-02
5.273169532884259070e+02	4.694471551924654373e-01	2.434500346117261238e-01	7.918160426367606974e-02	9.315653299659065745e-02	8.566259397079896420e-02	1.479485069511413814e-02	1.754571229567017041e-02
5.321547235020811968e+02	4.683014578525084848e-01	2.432418982098661919e-01	7.964326275777278141e-02	9.342580657738601413e-02	8.591477930813454233e-02	1.497664711763831841e-02	1.773463220273513441e-02
5.369924937157364866e+02	4.671723270899084679e-01	2.430346129095416197e-01	8.010073852916339832e-02	9.368831066796444451e-02	8.616177778118856712e-02	1.515828773132907488e-02	1.792242931694585512e-02
5.418302639293917764e+02	4.660594508813291070e-01	2.428282173022239254e-01	8.055408307647037025e-02	9.394419560240772904e-02	8.640369093302084635e-02	1.533975525126574091e-02	1.810909097932366860e-02
5.466680341430470662e+02	4.649625247729858302e-01	2.426227468577297486e-01	8.100334726124608364e-02	9.419360868441212231e-02	8.664061837140797639e-02	1.552103284650010323e-02	1.829460523175945388e-02
5.515058043567023560e+02	4.638812516322144419e-01	2.424182341296002019e-01	8.144858130615607872e-02	9.443669423010937758e-02	8.687265779879647931e-02	1.570210413140181102e-02	1.847896079776298328e-02
5.563435745703576458e+02	4.628153414102043062e-01	2.422147089470461090e-01	8.188983479406036770e-02	9.467359361165252063e-02	8.709990504236642117e-02	1.588295315710617009e-02	1.866214706360549980e-02
5.611813447840129356e+02	4.617645109152738736e-01	2.420121985943432530e-01	8.232715666791931564e-02	9.490444530143338220e-02	8.732245408415213739e-02	1.606356440306702660e-02	1.884415405985234021e-02
5.660191149976681118e+02	4.607284835961010239e-01	2.418107279785045582e-01	8.276059523145545826e-02	9.512938491680948683e-02	8.754039709117160395e-02	1.624392276871707008e-02	1.902497244328215514e-02
5.708568852113234016e+02	4.597069893343593283e-01	2.416103197859999219e-01	8.319019815050746058e-02	9.534854526522817952e-02	8.775382444551994843e-02	1.642401356523756281e-02	1.920459347918895485e-02
5.756946554249786914e+02	4.586997642462458669e-01	2.414109946292448128e-01	8.361601245501704138e-02	9.556205638964476723e-02	8.796282477438684133e-02	1.660382250743918861e-02	1.938300902406287288e-02
5.805324256386339812e+02	4.577065504924154316e-01	2.412127711835305721e-01	8.403808454159374108e-02	9.577004561414019512e-02	8.816748497996061695e-02	1.678333570575541236e-02	1.956021150864538372e-02
5.853701958522892710e+02	4.567270960958684789e-01	2.410156663150248846e-01	8.445646017660628224e-02	9.597263758965179914e-02	8.836789026918595580e-02	1.696253965834952637e-02	1.973619392135440853e-02
5.902079660659445608e+02	4.557611547673657837e-01	2.408196952004292846e-01	8.487118449975301904e-02	9.616995433973786478e-02	8.856412418334451420e-02	1.714142124333620926e-02	1.991094979207465657e-02
5.950457362795999643e+02	4.548084857379702806e-01	2.406248714388420917e-01	8.528230202806712235e-02	9.636211530630395261e-02	8.875626862743125900e-02	1.731996771111836766e-02	2.008447317630824083e-02
5.998835064932552541e+02	4.538688535983396721e-01	2.404312071563389219e-01	8.568985666031568582e-02	9.654923739522507098e-02	8.894440389930170776e-02	1.749816667683967361e-02	2.025675863968061374e-02
6.047212767069104302e+02	4.529420281444174190e-01	2.402387131037485302e-01	8.609389168175449192e-02	9.673143502180357733e-02	8.912860871856764788e-02	1.767600611295305421e-02	2.042780124279664281e-02
6.095590469205657200e+02	4.520277842291895998e-01	2.400473987480714888e-01	8.649444976920313277e-02	9.690882015600874033e-02	8.930896025522157278e-02	1.785347434190531074e-02	2.059759652644155975e-02
6.143968171342210098e+02	4.511259016201965566e-01	2.398572723579577848e-01	8.689157299640756782e-02	9.708150236744833572e-02	8.948553415797190491e-02	1.803056002893775947e-02	2.076614049712146096e-02
6.192345873478761860e+02	4.502361648625057278e-01	2.396683410836339401e-01	8.728530283966005887e-02	9.724958887002786712e-02	8.965840458227315735e-02	1.820725217500272428e-02	2.093342961293795726e-02
6.240723575615315895e+02	4.493583631468694994e-01	2.394806110316430592e-01	8.767568018364785276e-02	9.741318456625706890e-02	8.982764421803697552e-02	1.838354010979552366e-02	2.109946076979146018e-02
6.289101277751868793e+02	4.484922901828102826e-01	2.392940873347378927e-01	8.806274532750471562e-02	9.757239209116753964e-02	8.999332431701184687e-02	1.855941348490153242e-02	2.126423128790765407e-02
6.337478979888421691e+02	4.476377440763867899e-01	2.391087742172443298e-01	8.844653799104122693e-02	9.772731185580928182e-02	9.015551471982050091e-02	1.873486226705774194e-02	2.142773889868153370e-02
6.385856682024975726e+02	4.467945272124136391e-01	2.389246750561921095e-01	8.882709732113121259e-02	9.787804209029693503e-02	9.031428388264581275e-02	1.890987673152813922e-02	2.158998173183350813e-02
6.434234384161527487e+02	4.459624461409166241e-01	2.387417924384894474e-01	8.920446189823376393e-02	9.802467888638023708e-02	9.046969890355714694e-02	1.908444745559216907e-02	2.175095830287198176e-02
6.482612086298080385e+02	4.451413114676208704e-01	2.385601282144004520e-01	8.957866974303162200e-02	9.816731623951585606e-02	9.062182554847030003e-02	1.925856531214544670e-02	2.191066750085680914e-02
6.530989788434633283e+02	4.443309377482798084e-01	2.383796835475672782e-01	8.994975832316831621e-02	9.830604609042060960e-02	9.077072827673544897e-02	1.943222146341178069e-02	2.206910857645810395e-02
6.579367490571185044e+02	4.435311433866638842e-01	2.382004589618023360e-01	9.031776456006757048e-02	9.844095836608864059e-02	9.091647026634847029e-02	1.960540735476555899e-02	2.222628113030482300e-02
6.627745192707737942e+02	4.427417505360389804e-01	2.380224543848617480e-01	9.068272483582007215e-02	9.857214102025750602e-02	9.105911343878188291e-02	1.977811470866343985e-02	2.238218510161760905e-02
6.676122894844290840e+02	4.419625850039731740e-01	2.378456691893971187e-01	9.104467500012355941e-02	9.869968007331005044e-02	9.119871848343269471e-02	1.995033551868425140e-02	2.253682075712041752e-02
6.724500596980843738e+02	4.411934761603205635e-01	2.376701022312693035e-01	9.140365037726347341e-02	9.882365965160130883e-02	9.133534488168519594e-02	2.012206204367596174e-02	2.269018868022545585e-02
6.772878299117396637e+02	4.404342568482392806e-01	2.374957518853966776e-01	9.175968577312239305e-02	9.894416202620109901e-02	9.146905093058727010e-02	2.029328680200854357e-02	2.284228976048600576e-02
6.821256001253949535e+02	4.396847632981077392e-01	2.373226160792976935e-01	9.211281548220745519e-02	9.906126765104514287e-02	9.159989376613988932e-02	2.046400256593150502e-02	2.299312518331180638e-02
6.869633703390502433e+02	4.389448350442122782e-01	2.371506923244788290e-01	9.246307329468569924e-02	9.917505520048844336e-02	9.172792938619954428e-02	2.063420235603483435e-02	2.314269641994161700e-02
6.918011405527055331e+02	4.382143148440849623e-01	2.369799777458069523e-01	9.281049250341819046e-02	9.928560160625675424e-02	9.185321267299455250e-02	2.080387943581205046e-02	2.329100521766775886e-02
6.966389107663608229e+02	4.374930486003780206e-01	2.368104691089981118e-01	9.315510591098469240e-02	9.939298209379285320e-02	9.197579741525596653e-02	2.097302730632409282e-02	2.343805359030740054e-02
7.014766809800161127e+02	4.367808852851669532e-01	2.366421628463443172e-01	9.349694583669108938e-02	9.949727021799562032e-02	9.209573632996503889e-02	2.114163970096270828e-02	2.358384380891541746e-02
7.063144511936714025e+02	4.360776768665795555e-01	2.364750550807931673e-01	9.383604412355259217e-02	9.959853789835113047e-02	9.221308108371890910e-02	2.130971058031196769e-02	2.372837839273380864e-02
7.111522214073266923e+02	4.353832782376561017e-01	2.363091416484866258e-01	9.417243214524635697e-02	9.969685545345567668e-02	9.232788231371721888e-02	2.147723412710656615e-02	2.387166010037259853e-02
7.159899916209819821e+02	4.346975471473470964e-01	2.361444181198594505e-01	9.450614081302760594e-02	9.979229163493207044e-02	9.244018964837207031e-02	2.164420474128555399e-02	2.401369192121730403e-02
7.208277618346371582e+02	4.340203441335637735e-01	2.359808798193896995e-01	9.483720058260412811e-02	9.988491366074071787e-02	9.255005172754465770e-02	2.181061703514011393e-02	2.415447706705808537e-02
7.256655320482924481e+02	4.333515324581981853e-01	2.358185218440889963e-01	9.516564146096417875e-02	9.997478724788838589e-02	9.265751622241172325e-02	2.197646582855393091e-02	2.429401896393576857e-02
7.305033022619478515e+02	4.326909780440355568e-01	2.356573390808139323e-01	9.549149301315354443e-02	1.000619766445377118e-01	9.276262985496545876e-02	2.214174614433490201e-02	2.443232124420002122e-02
7.353410724756030277e+02	4.320385494134849624e-01	2.354973262224744623e-01	9.581478436899780460e-02	1.001465446615215776e-01	9.286543841715068359e-02	2.230645320363666001e-02	2.456938773877501495e-02
7.401788426892584312e+02	4.313941176290578827e-01	2.353384777832104313e-01	9.613554422976623715e-02	1.002285527032666657e-01	9.296598678964329565e-02	2.247058242146859897e-02	2.470522246962797083e-02
7.450166129029136073e+02	4.307575562355292487e-01	2.351807881126030675e-01	9.645380087477443964e-02	1.003080607981312045e-01	9.306431896027408945e-02	2.263412940229298648e-02	2.483982964243608774e-02
7.498543831165690108e+02	4.301287412037158031e-01	2.350242514089828372e-01	9.676958216792237721e-02	1.003851276281624155e-01	9.316047804210243755e-02	2.279708993570779205e-02	2.497321363944745437e-02
7.546921533302243006e+02	4.295075508758139926e-01	2.348688617318923366e-01	9.708291556416578927e-02	1.004598105582794054e-01	9.325450629114417911e-02	2.295945999221381956e-02	2.510537901253152848e-02
7.595299235438793630e+02	4.288938659122385477e-01	2.347146130137581499e-01	9.739382811591865141e-02	1.005321656648876932e-01	9.334644512375830927e-02	2.312123571906482891e-02	2.523633047641492613e-02
7.643676937575347665e+02	4.282875692399075729e-01	2.345614990708223824e-01	9.770234647938441652e-02	1.006022477639319235e-01	9.343633513369722920e-02	2.328241343619920009e-02	2.536607290209831958e-02
7.692054639711900563e+02	4.276885460019238527e-01	2.344095136133814428e-01	9.800849692081482767e-02	1.006701104383935647e-01	9.352421610882515057e-02	2.344298963225186286e-02	2.549461131045030471e-02
7.740432341848452324e+02	4.270966835086009716e-01	2.342586502553760108e-01	9.831230532269444322e-02	1.007358060652405324e-01	9.361012704750976132e-02	2.360296096064509741e-02	2.562195086597416835e-02
7.788810043985006359e+02	4.265118711897887271e-01	2.341089025233740462e-01	9.861379718984980558e-02	1.007993858418361477e-01	9.369410617469180191e-02	2.376232423575687716e-02	2.574809687074360032e-02
7.837187746121558121e+02	4.259340005484523739e-01	2.339602638649851685e-01	9.891299765548217104e-02	1.008608998118147027e-01	9.377619095763764512e-02	2.392107642916544222e-02	2.587305475850341582e-02
7.885565448258112156e+02	4.253629651154639535e-01	2.338127276567427970e-01	9.920993148712288490e-02	1.009203968904312937e-01	9.385641812137968110e-02	2.407921466596876434e-02	2.599683008893148919e-02
7.933943150394665054e+02	4.247986604055632442e-01	2.336662872114877998e-01	9.950462309251065229e-02	1.009779248893936665e-01	9.393482366384972582e-02	2.423673622117763007e-02	2.611942854205810335e-02
7.982320852531219089e+02	4.242409838744508055e-01	2.335209357852854051e-01	9.979709652539024700e-02	1.010335305411838996e-01	9.401144287071032390e-02	2.439363851618105150e-02	2.624085591283905824e-02
8.030698554667769713e+02	4.236898348769754796e-01	2.333766665839047960e-01	1.000873754912322555e-01	1.010872595228777815e-01	9.408631032988883092e-02	2.454991911528269302e-02	2.636111810587891610e-02
8.079076256804323748e+02	4.231451146263807139e-01	2.332334727688891163e-01	1.003754833528734264e-01	1.011391564794699022e-01	9.415945994581963185e-02	2.470557572230713470e-02	2.648022113030083780e-02
8.127453958940876646e+02	4.226067261545754516e-01	2.330913474632418381e-01	1.006614431360775136e-01	1.011892650467125093e-01	9.423092495339922825e-02	2.486060617727462244e-02	2.659817109475956509e-02
8.175831661077428407e+02	4.220745742733978401e-01	2.329502837567534457e-01	1.009452775350167253e-01	1.012376278734762047e-01	9.430073793165913432e-02	2.501500845314318447e-02	2.671497420259411407e-02
8.224209363213982442e+02	4.215485655368396700e-01	2.328102747109913606e-01	1.012270089176736110e-01	1.012842866436405032e-01	9.436893081716174470e-02	2.516878065261682687e-02	2.683063674711687330e-02
8.272587065350534203e+02	4.210286082042020150e-01	2.326713133639740361e-01	1.015066593311636095e-01	1.013292820975223996e-01	9.443553491712405878e-02	2.532192100501861817e-02	2.694516510703585596e-02
8.320964767487085965e+02	4.205146122041535928e-01	2.325333927345490936e-01	1.017842505069785353e-01	1.013726540528509801e-01	9.450058092227393847e-02	2.547442786322752853e-02	2.705856574200687925e-02
8.369342469623640000e+02	4.200064890996644817e-01	2.323965058264941819e-01	1.020598038661511830e-01	1.014144414252961396e-01	9.456409891944413115e-02	2.562629970067780219e-02	2.717084518831257636e-02
8.417720171760191761e+02	4.195041520537884927e-01	2.322606456323574042e-01	1.023333405243415789e-01	1.014546822485595384e-01	9.462611840390854068e-02	2.577753510841974613e-02	2.728201005466518447e-02
8.466097873896745796e+02	4.190075157962689922e-01	2.321258051370540809e-01	1.026048812968451962e-01	1.014934136940355974e-01	9.468666829146575592e-02	2.592813279224079337e-02	2.739206701813005559e-02
8.514475576033297557e+02	4.185164965909442536e-01	2.319919773212347214e-01	1.028744467035236920e-01	1.015306720900506082e-01	9.474577693027438907e-02	2.607809156984571344e-02	2.750102282016704536e-02
8.562853278169851592e+02	4.180310122039286314e-01	2.318591551644384186e-01	1.031420569736586634e-01	1.015664929406877998e-01	9.480347211244513628e-02	2.622741036809489099e-02	2.760888426278685845e-02
8.611230980306403353e+02	4.175509818725471889e-01	2.317273316480449596e-01	1.034077320507290620e-01	1.016009109442062019e-01	9.485978108539387665e-02	2.637608822029957611e-02	2.771565820481953352e-02
8.659608682442956251e+02	4.170763262750024070e-01	2.315964997580380047e-01	1.036714915971129747e-01	1.016339600110609948e-01	9.491473056296065303e-02	2.652412426357302760e-02	2.782135155829235443e-02
8.707986384579510286e+02	4.166069675007518791e-01	2.314666524875913234e-01	1.039333549987142280e-01	1.016656732815330588e-01	9.496834673629891976e-02	2.667151773623653230e-02	2.792597128491449213e-02
8.756364086716062047e+02	4.161428290215773429e-01	2.313377828394883873e-01	1.041933413695148303e-01	1.016960831429753742e-01	9.502065528453954024e-02	2.681826797527921136e-02	2.802952439266575418e-02
8.804741788852616082e+02	4.156838356633255627e-01	2.312098838283861146e-01	1.044514695560537221e-01	1.017252212466836503e-01	9.507168138523389156e-02	2.696437441387066966e-02	2.813201793248683302e-02
8.853119490989170117e+02	4.152299135783025785e-01	2.310829484829317881e-01	1.047077581418328351e-01	1.017531185243987363e-01	9.512144972458050352e-02	2.710983657892540588e-02	2.823345899506861378e-02
8.901497193125721878e+02	4.147809902183033359e-01	2.309569698477425270e-01	1.049622254516510839e-01	1.017798052044479734e-01	9.516998450743938132e-02	2.725465408871806730e-02	2.833385470773799875e-02
8.949874895262273640e+02	4.143369943082598761e-01	2.308319409852554738e-01	1.052148895558671915e-01	1.018053108275330243e-01	9.521730946713836963e-02	2.739882665054852243e-02	2.843321223143794804e-02
8.998252597398827675e+02	4.138978558204904346e-01	2.307078549774563836e-01	1.054657682745921282e-01	1.018296642621708270e-01	9.526344787507549927e-02	2.754235405845585627e-02	2.853153875779926643e-02
9.046630299535379436e+02	4.134635059495347376e-01	2.305847049274943883e-01	1.057148791818121880e-01	1.018528937197952372e-01	9.530842255012163255e-02	2.768523619098028216e-02	2.862884150630195731e-02
9.095008001671932334e+02	4.130338770875586762e-01	2.304624839611893461e-01	1.059622396094432872e-01	1.018750267695259781e-01	9.535225586782719587e-02	2.782747300897211659e-02	2.872512772152380905e-02
9.143385703808486369e+02	4.126089028003142034e-01	2.303411852284386885e-01	1.062078666513176228e-01	1.018960903526117262e-01	9.539496976943717677e-02	2.796906455344685960e-02	2.882040467047409724e-02
9.191763405945038130e+02	4.121885178036397424e-01	2.302208019045293153e-01	1.064517771671033980e-01	1.019161107965541879e-01	9.543658577071802152e-02	2.811001094348551665e-02	2.891467964001018590e-02
9.240141108081592165e+02	4.117726579404866749e-01	2.301013271913605329e-01	1.066939877861586422e-01	1.019351138289196768e-01	9.547712497060051318e-02	2.825031237417929136e-02	2.900795993433498421e-02
9.288518810218145063e+02	4.113612601584590300e-01	2.299827543185834766e-01	1.069345149113199722e-01	1.019531245908448097e-01	9.551660805964209966e-02	2.838996911461775033e-02	2.910025287257320126e-02
9.336896512354697961e+02	4.109542624878525507e-01	2.298650765446614008e-01	1.071733747226270850e-01	1.019701676502425963e-01	9.555505532831268245e-02	2.852898150591965873e-02	2.919156578642437966e-02
9.385274214491247449e+02	4.105516040201812045e-01	2.297482871578561681e-01	1.074105831809840789e-01	1.019862670147152900e-01	9.559248667510719666e-02	2.866734995930565050e-02	2.928190601789077210e-02
9.433651916627801484e+02	4.101532248871779252e-01	2.296323794771449323e-01	1.076461560317585053e-01	1.020014461441802328e-01	9.562892161448870165e-02	2.880507495421187267e-02	2.937128091707815608e-02
9.482029618764355519e+02	4.097590662402584294e-01	2.295173468530714023e-01	1.078801088083187892e-01	1.020157279632145919e-01	9.566437928466547946e-02	2.894215703644386142e-02	2.945969784006770287e-02
9.530407320900908417e+02	4.093690702304362272e-01	2.294031826685349884e-01	1.081124568355113086e-01	1.020291348731252740e-01	9.569887845520549940e-02	2.907859681636983107e-02	2.954716414685708281e-02
9.578785023037459041e+02	4.089831799886775032e-01	2.292898803395221341e-01	1.083432152330777720e-01	1.020416887637495135e-01	9.573243753449164894e-02	2.921439496715260223e-02	2.963368719936905135e-02
9.627162725174014213e+02	4.086013396066851544e-01	2.291774333157828303e-01	1.085723989190138239e-01	1.020534110249922133e-01	9.576507457702110315e-02	2.934955222301941988e-02	2.971927435952574290e-02
9.675540427310568248e+02	4.082234941181015486e-01	2.290658350814554212e-01	1.088000226128699038e-01	1.020643225581054914e-01	9.579680729055191357e-02	2.948406937756891527e-02	2.980393298738699681e-02
9.723918129447120009e+02	4.078495894801199562e-01	2.289550791556431708e-01	1.090261008389952074e-01	1.020744437867160820e-01	9.582765304310024435e-02	2.961794728211446237e-02	2.988767043935105366e-02
9.772295831583674044e+02	4.074795725554936632e-01	2.288451590929446444e-01	1.092506479297254973e-01	1.020837946676059760e-01	9.585762886979111441e-02	2.975118684406324182e-02	2.997049406641600147e-02
9.820673533720223531e+02	4.071133910949346069e-01	2.287360684839414293e-01	1.094736780285158612e-01	1.020923947012516431e-01	9.588675147956587930e-02	2.988378902533028736e-02	3.005241121250037950e-02
9.869051235856777566e+02	4.067509937198913739e-01	2.286278009556447499e-01	1.096952050930191519e-01	1.021002629421271929e-01	9.591503726174942235e-02	3.001575484078679995e-02	3.013342921282141304e-02
9.917428937993331601e+02	4.063923299056972360e-01	2.285203501719040298e-01	1.099152428981110124e-01	1.021074180087764016e-01	9.594250229247992812e-02	3.014708535674210862e-02	3.021355539232937690e-02
9.965806640129884499e+02	4.060373499650800078e-01	2.284137098337794269e-01	1.101338050388624007e-01	1.021138780936588081e-01	9.596916234100426324e-02	3.027778168945855983e-02	3.029279706419657145e-02
