0.000000000000000000e+00	1.014145413059587275e+00	3.523563186932311222e-32	1.141710244344408841e-29	2.364759471200528440e-31	1.076029413115356016e-30	7.735499812619803818e-33	3.457019001761773581e-29
4.837770213655283591e+00	9.941045483364566726e-01	1.415045848812046536e-02	5.395342663640014273e-04	5.824489385471238664e-04	2.415574538531314354e-03	1.402159075994117510e-03	9.506894155735461744e-04
9.675540427310567182e+00	9.748421289975268689e-01	2.768470426802030829e-02	1.615229413124089335e-03	1.612192611184098696e-03	4.761161955388788780e-03	2.197589635758091797e-03	1.432406178585061019e-03
1.451331064096584811e+01	9.563190585100032060e-01	4.062819445780549432e-02	2.858373345147514726e-03	2.696376113974227520e-03	7.039243810724052711e-03	2.830756617594304934e-03	1.773410204338589239e-03
1.935108085462113081e+01	9.385035626495520367e-01	5.300528581812261747e-02	4.151722737975151525e-03	3.753594501467187507e-03	9.252194675754004879e-03	3.406057333868555293e-03	2.072995342847833676e-03
2.418885106827641707e+01	9.213666833034557246e-01	6.483932562190335147e-02	5.456116630254221646e-03	4.770543604509592910e-03	1.140229415950797486e-02	3.949904697017698509e-03	2.360545042938849009e-03
2.902662128193169622e+01	9.048810560674384051e-01	7.615270513232894056e-02	6.757035757392681335e-03	5.748178191709708493e-03	1.349173280210156332e-02	4.470468190400804509e-03	2.644236918215323549e-03
3.386439149558698603e+01	8.890205461498873474e-01	8.696690194213269054e-02	8.048073921747229964e-03	6.689959344264464688e-03	1.552261622761767247e-02	4.971390726298334853e-03	2.925924747639700035e-03
3.870216170924226162e+01	8.737601150812436268e-01	9.730251814047627401e-02	9.325766234486609907e-03	7.599386197512143434e-03	1.749696871833018516e-02	5.454994124715022499e-03	3.205664562823604558e-03
4.353993192289755143e+01	8.590757519831240252e-01	1.071793162346653672e-01	1.058791943034747239e-02	8.479547718102909207e-03	1.941673652810165657e-02	5.923066338511922754e-03	3.483074826734061484e-03
4.837770213655283413e+01	8.449444242660948401e-01	1.166162534046072258e-01	1.183303076422986821e-02	9.333098408720395811e-03	2.128379102699762965e-02	6.377083265914160019e-03	3.757731923023268326e-03
5.321547235020811684e+01	8.313440351786630655e-01	1.256315142966800968e-01	1.306005286715173838e-02	1.016231234107463702e-02	2.309993170719564295e-02	6.818292566388569828e-03	4.029274102433562724e-03
5.805324256386339954e+01	8.182533845813031448e-01	1.342425424578812254e-01	1.426827481599809988e-02	1.096914327901779389e-02	2.486688906274345939e-02	7.247759594464428523e-03	4.297419268179156204e-03
6.289101277751868224e+01	8.056521318356764105e-01	1.424660704790163268e-01	1.545724723452177561e-02	1.175527744718053887e-02	2.658632735052833540e-02	7.666399802232313522e-03	4.561958910431485048e-03
6.772878299117397205e+01	7.935207604232977774e-01	1.503181489045462560e-01	1.662672782589962733e-02	1.252217769688620218e-02	2.825984723812649535e-02	8.075004160958410004e-03	4.822746809872477392e-03
7.256655320482924765e+01	7.818405441228647446e-01	1.578141739617032746e-01	1.777663887772922696e-02	1.327112008638730092e-02	2.988898834352967868e-02	8.474259827033411852e-03	5.079687840339634081e-03
7.740432341848452324e+01	7.705935146430267224e-01	1.649689141583840779e-01	1.890703313353208140e-02	1.400322412213646922e-02	3.147523167138392003e-02	8.864767131742667949e-03	5.332728199381455043e-03
8.224209363213981305e+01	7.597624306312983355e-01	1.717965357968807283e-01	2.001806609017565963e-02	1.471947776407422394e-02	3.302000195011689510e-02	9.247053602157393262e-03	5.581847224884310850e-03
8.707986384579510286e+01	7.493307479904048884e-01	1.783106274483471365e-01	2.110997343848475261e-02	1.542075811549970671e-02	3.452466987411262345e-02	9.621585550952091448e-03	5.827050641786389942e-03
9.191763405945040688e+01	7.392825914395486642e-01	1.845242234309006912e-01	2.218305268765159710e-02	1.610784855681058475e-02	3.599055425489557786e-02	9.988777666792101467e-03	6.068365022988286665e-03
9.675540427310566827e+01	7.296027272626406379e-01	1.904498263323821661e-01	2.323764821344826911e-02	1.678145294814559207e-02	3.741892408510450602e-02	1.034900095783431589e-02	6.305833260032044779e-03
1.015931744867609581e+02	7.202765371893161683e-01	1.960994286170242573e-01	2.427413911394260548e-02	1.744220741542213543e-02	3.881100051886591379e-02	1.070258933787288438e-02	6.539510867143538513e-03
1.064309447004162337e+02	7.112899933578548106e-01	2.014845333535975891e-01	2.529292936844450279e-02	1.809069014335273548e-02	4.016795877201672499e-02	1.104984509333745146e-02	6.769462970983872695e-03
1.112687149140715235e+02	7.026296343120655985e-01	2.066161741010066610e-01	2.629443988570033530e-02	1.872742952423589111e-02	4.149092994547469437e-02	1.139104342724602502e-02	6.995761863858439289e-03
1.161064851277267991e+02	6.942825419868726700e-01	2.115049339857889843e-01	2.727910210108073705e-02	1.935291094976911153e-02	4.278100277491182074e-02	1.172643624159216275e-02	7.218485019572206014e-03
1.209442553413820747e+02	6.862363196397537335e-01	2.161609640045237535e-01	2.824735284300583169e-02	1.996758248247041539e-02	4.403922530975044186e-02	1.205625529115492145e-02	7.437713488928581092e-03
1.257820255550373645e+02	6.784790706874170851e-01	2.205940005827775885e-01	2.919963023858683504e-02	2.057185960158956772e-02	4.526660652437304588e-02	1.238071481826767684e-02	7.653530606575917501e-03
1.306197957686926259e+02	6.709993784091432545e-01	2.248133824208978782e-01	3.013637046937555145e-02	2.116612918405622393e-02	4.646411786431429297e-02	1.270001375877565473e-02	7.866020953024846149e-03
1.354575659823479441e+02	6.637862864801155061e-01	2.288280666557081511e-01	3.105800522177604855e-02	2.175075285274539333e-02	4.763269473008725080e-02	1.301433759351745476e-02	8.075269525637966683e-03
1.402953361960032339e+02	6.568292802998184632e-01	2.326466443659581940e-01	3.196495970437172179e-02	2.232606980106766753e-02	4.877323790118484603e-02	1.332385990658015162e-02	8.281361080606787842e-03
1.451331064096584669e+02	6.501182690822263632e-01	2.362773554482339167e-01	3.285765112721229786e-02	2.289239918373007360e-02	4.988661490269157006e-02	1.362874370080348341e-02	8.484379614690137558e-03
1.499708766233137851e+02	6.436435686760333397e-01	2.397281028889332033e-01	3.373648755685766665e-02	2.345004214773571335e-02	5.097366131683947477e-02	1.392914251213781679e-02	8.684407961050634797e-03
1.548086468369690749e+02	6.373958850846183077e-01	2.430064664568624966e-01	3.460186707640355158e-02	2.399928356469858970e-02	5.203518204174573808e-02	1.422520135715625404e-02	8.881527478102904660e-03
1.596464170506243647e+02	6.313662986567896152e-01	2.461197158400034724e-01	3.545417719240620547e-02	2.454039351485163764e-02	5.307195249947695842e-02	1.451705754200666512e-02	9.075817814053218843e-03
1.644841872642796261e+02	6.255462489206323751e-01	2.490748232490345715e-01	3.629379444106353020e-02	2.507362856431533116e-02	5.408471979549691472e-02	1.480484135613632964e-02	9.267356732908746744e-03
1.693219574779349159e+02	6.199275200339864345e-01	2.518784755092693395e-01	3.712108415459718785e-02	2.559923286993795802e-02	5.507420383147017262e-02	1.508867667004292618e-02	9.456219990283688467e-03
1.741597276915902057e+02	6.145022268262284593e-01	2.545370856617899524e-01	3.793640035584221193e-02	2.611743914004173092e-02	5.604109837331296140e-02	1.536868145294598489e-02	9.642481249426402765e-03
1.789974979052454671e+02	6.092628014071124198e-01	2.570568040937052934e-01	3.874008575485695521e-02	2.662846947448538337e-02	5.698607207630545374e-02	1.564496822350568833e-02	9.826212029616410853e-03
1.838352681189008138e+02	6.042019803194569327e-01	2.594435292166524798e-01	3.953247182614041261e-02	2.713253610339759828e-02	5.790976946900530664e-02	1.591764444443629842e-02	1.000748168049855197e-02
1.886730383325560467e+02	5.993127922134443564e-01	2.617029177118803118e-01	4.031387894896699964e-02	2.762984204059325960e-02	5.881281189763147565e-02	1.618681286998333024e-02	1.018635737708791997e-02
1.935108085462113081e+02	5.945885460212322338e-01	2.638403943595085122e-01	4.108461659657364207e-02	2.812058166493000555e-02	5.969579843251902884e-02	1.645257185368596484e-02	1.036290413113813078e-02
1.983485787598666263e+02	5.900228196114689627e-01	2.658611614688389801e-01	4.184498356258228857e-02	2.860494124059217297e-02	6.055930673818078758e-02	1.671501562257073775e-02	1.053718481535367325e-02
2.031863489735219162e+02	5.856094489041485662e-01	2.677702079259108858e-01	4.259526821521620460e-02	2.908309938541717155e-02	6.140389390844874090e-02	1.697423452287112264e-02	1.070926019757485921e-02
2.080241191871772060e+02	5.813425174270610007e-01	2.695723178738315129e-01	4.333574877165410899e-02	2.955522749483564110e-02	6.223009726810849879e-02	1.723031524150070437e-02	1.087918898259597825e-02
2.128618894008324673e+02	5.772163462958584956e-01	2.712720790407849303e-01	4.406669358633098083e-02	3.002149012772326042e-02	6.303843514238258172e-02	1.748334100679274986e-02	1.104702785971439262e-02
2.176996596144877287e+02	5.732254846005067073e-01	2.728738907300143346e-01	4.478836144819611093e-02	3.048204535941106269e-02	6.382940759556307575e-02	1.773339177142903983e-02	1.121283155446705683e-02
2.225374298281430470e+02	5.693647001815953512e-01	2.743819714854939251e-01	4.550100188292346970e-02	3.093704510623356344e-02	6.460349714004151589e-02	1.798054437999411365e-02	1.137665288330542285e-02
2.273752000417983652e+02	5.656289707806624323e-01	2.758003664464482863e-01	4.620485545687588735e-02	3.138663542527737882e-02	6.536116941693317917e-02	1.822487272318905338e-02	1.153854281020119665e-02
2.322129702554535982e+02	5.620134755493336742e-01	2.771329544033441228e-01	4.690015408028425786e-02	3.183095679240076359e-02	6.610287384944420197e-02	1.846644788040704976e-02	1.169855050437333677e-02
2.370507404691088880e+02	5.585135869027031408e-01	2.783834545674662153e-01	4.758712130764231746e-02	3.227014436110475781e-02	6.682904427008362624e-02	1.870533825209844472e-02	1.185672339848886300e-02
2.418885106827641494e+02	5.551248627029750082e-01	2.795554330656968567e-01	4.826597263375789759e-02	3.270432820443135852e-02	6.754009952277749418e-02	1.894160968312601917e-02	1.201310724682271361e-02
2.467262808964194392e+02	5.518430387599568832e-01	2.806523091716489060e-01	4.893691578426000860e-02	3.313363354172849107e-02	6.823644404089922177e-02	1.917532557812347965e-02	1.216774618297040804e-02
2.515640511100747290e+02	5.486640216355431754e-01	2.816773612838471830e-01	4.960015099965374430e-02	3.355818095184311817e-02	6.891846840218979198e-02	1.940654700971439217e-02	1.232068277679583199e-02
2.564018213237300188e+02	5.455838817398515062e-01	2.826337326612212708e-01	5.025587131225168341e-02	3.397808657407302979e-02	6.958654986150114574e-02	1.963533282031980701e-02	1.247195809036877323e-02
2.612395915373852517e+02	5.425988467071737320e-01	2.835244369257549635e-01	5.090426281550268495e-02	3.439346229801570898e-02	7.024105286225885980e-02	1.986173971817564374e-02	1.262161173270556422e-02
2.660773617510405415e+02	5.397052950403912197e-01	2.843523633417390784e-01	5.154550492539428097e-02	3.480441594329296284e-02	7.088232952750363192e-02	2.008582236809182409e-02	1.276968191317410031e-02
2.709151319646958882e+02	5.368997500129600864e-01	2.851202818806901074e-01	5.217977063372951363e-02	3.521105142999689241e-02	7.151072013133635830e-02	2.030763347741100858e-02	1.291620549346308641e-02
2.757529021783511780e+02	5.341788738180176521e-01	2.858308480806309171e-01	5.280722675317926773e-02	3.561346894059133628e-02	7.212655355155803139e-02	2.052722387756287376e-02	1.306121803804686198e-02
2.805906723920064678e+02	5.315394619545871224e-01	2.864866077080749363e-01	5.342803415409084350e-02	3.601176507390989323e-02	7.273014770426369791e-02	2.074464260155828646e-02	1.320475386310220045e-02
2.854284426056617008e+02	5.289784378412607513e-01	2.870900012307191496e-01	5.404234799309641513e-02	3.640603299181355279e-02	7.332180996111904714e-02	2.095993695772427334e-02	1.334684608385385517e-02
2.902662128193169337e+02	5.264928476481381958e-01	2.876433681085242000e-01	5.465031793361486978e-02	3.679636255900496644e-02	7.390183755001854260e-02	2.117315259994454607e-02	1.348752666034166471e-02
2.951039830329722804e+02	5.240798553381659231e-01	2.881489509105510383e-01	5.525208835837872035e-02	3.718284047644117990e-02	7.447051793979568568e-02	2.138433359463949926e-02	1.362682644161489383e-02
2.999417532466276270e+02	5.217367379093861279e-01	2.886088992646216878e-01	5.584779857414720605e-02	3.756555040873942736e-02	7.502812920962897980e-02	2.159352248469397981e-02	1.376477520836954550e-02
3.047795234602828600e+02	5.194608808299477909e-01	2.890252736465871997e-01	5.643758300878893436e-02	3.794457310593073868e-02	7.557494040376097622e-02	2.180076035051904323e-02	1.390140171405221045e-02
3.096172936739380930e+02	5.172497736580630168e-01	2.894000490157104255e-01	5.702157140093332827e-02	3.831998651988201277e-02	7.611121187212280259e-02	2.200608686841536848e-02	1.403673372446004840e-02
3.144550638875934396e+02	5.151010058394079882e-01	2.897351183024057253e-01	5.759988898240165495e-02	3.869186591567794903e-02	7.663719559743258081e-02	2.220954036639006396e-02	1.417079805587103704e-02
3.192928341012487294e+02	5.130122626747755099e-01	2.900322957543267077e-01	5.817265665363562099e-02	3.906028397822914472e-02	7.715313550931311715e-02	2.241115787756488981e-02	1.430362061174197084e-02
3.241306043149040192e+02	5.109813214510731116e-01	2.902933201465485724e-01	5.873999115234594670e-02	3.942531091435070439e-02	7.765926778595227953e-02	2.261097519130223638e-02	1.443522641801410489e-02
3.289683745285592522e+02	5.090060477290450081e-01	2.905198578613591986e-01	5.930200521560514970e-02	3.978701455053699348e-02	7.815582114380795198e-02	2.280902690216488407e-02	1.456563965706782204e-02
3.338061447422145420e+02	5.070843917813631085e-01	2.907135058429488605e-01	5.985880773560842139e-02	4.014546042664133424e-02	7.864301711583965293e-02	2.300534645681676094e-02	1.469488370036879828e-02
3.386439149558698318e+02	5.052143851749907322e-01	2.908757944320750077e-01	6.041050390932488356e-02	4.050071188565504410e-02	7.912107031872880891e-02	2.319996619896404558e-02	1.482298113984847378e-02
3.434816851695251216e+02	5.033941374919680412e-01	2.910081900855711612e-01	6.095719538225850831e-02	4.085283015976709509e-02	7.959018870953139813e-02	2.339291741242917333e-02	1.494995381806174875e-02
3.483194553831804114e+02	5.016218331830089028e-01	2.911120979853726309e-01	6.149898038653395238e-02	4.120187445287437633e-02	8.005057383218862344e-02	2.358423036244416959e-02	1.507582285716455375e-02
3.531572255968357013e+02	4.998957285485233770e-01	2.911888645415421362e-01	6.203595387351806129e-02	4.154790201970209873e-02	8.050242105430384376e-02	2.377393433524429417e-02	1.520060868675341369e-02
3.579949958104909342e+02	4.982141488419002950e-01	2.912397797935956101e-01	6.256820764118248279e-02	4.189096824168454802e-02	8.094591979457770037e-02	2.396205767603816483e-02	1.532433107060838032e-02
3.628327660241463377e+02	4.965754854900928383e-01	2.912660797142552216e-01	6.309583045640743126e-02	4.223112669974821848e-02	8.138125374127741507e-02	2.414862782542609443e-02	1.544700913237994494e-02
3.676705362378016275e+02	4.949781934267516448e-01	2.912689484195885581e-01	6.361890817242057961e-02	4.256842924413140744e-02	8.180860106210104121e-02	2.433367135433442408e-02	1.556866138025946207e-02
3.725083064514568036e+02	4.934207885333433685e-01	2.912495202893324309e-01	6.413752384155935182e-02	4.290292606136755088e-02	8.222813460578276556e-02	2.451721399752996439e-02	1.568930573067164880e-02
3.773460766651120935e+02	4.919018451838758077e-01	2.912088820010460544e-01	6.465175782353860257e-02	4.323466573855305750e-02	8.264002209577155089e-02	2.469928068577539187e-02	1.580895953102656043e-02
3.821838468787673833e+02	4.904199938890308474e-01	2.911480744815896915e-01	6.516168788939956380e-02	4.356369532501441766e-02	8.304442631630172544e-02	2.487989557668335988e-02	1.592763958156740572e-02
3.870216170924226162e+02	4.889739190356737764e-01	2.910680947792844142e-01	6.566738932131004070e-02	4.389006039148390936e-02	8.344150529116135806e-02	2.505908208432416212e-02	1.604536215634919452e-02
3.918593873060780197e+02	4.875623567178746787e-01	2.909698978599710717e-01	6.616893500837951747e-02	4.421380508688796396e-02	8.383141245545200348e-02	2.523686290763933748e-02	1.616214302338236583e-02
3.966971575197332527e+02	4.861840926557297049e-01	2.908543983300563296e-01	6.666639553864724121e-02	4.453497219284754949e-02	8.421429682062114841e-02	2.541326005771099572e-02	1.627799746397399702e-02
4.015349277333884856e+02	4.848379601984258436e-01	2.907224720895098535e-01	6.715983928739527320e-02	4.485360317598535707e-02	8.459030313303776694e-02	2.558829488393441279e-02	1.639294029129837599e-02
4.063726979470438323e+02	4.835228384081323161e-01	2.905749579176544195e-01	6.764933250193286285e-02	4.516973823813032890e-02	8.495957202637023642e-02	2.576198809913927273e-02	1.650698586822738761e-02
4.112104681606991221e+02	4.822376502214430483e-01	2.904126589944763803e-01	6.813493938299321206e-02	4.548341636450616704e-02	8.532224016801515099e-02	2.593435980370292424e-02	1.662014812445003487e-02
4.160482383743544119e+02	4.809813606852264001e-01	2.902363443600736725e-01	6.861672216287770243e-02	4.579467536998637484e-02	8.567844039981604987e-02	2.610542950869714635e-02	1.673244057290951964e-02
4.208860085880095880e+02	4.797529752638670653e-01	2.900467503147521331e-01	6.909474118047845281e-02	4.610355194349536473e-02	8.602830187330098854e-02	2.627521615810796823e-02	1.684387632558493123e-02
4.257237788016648778e+02	4.785515382150049568e-01	2.898445817621778664e-01	6.956905495330369116e-02	4.641008169063109284e-02	8.637195017965866584e-02	2.644373815016660967e-02	1.695446810864389281e-02
4.305615490153201677e+02	4.773761310309960759e-01	2.896305134978987006e-01	7.003972024662682982e-02	4.671429917458206488e-02	8.670950747466417419e-02	2.661101335782771124e-02	1.706422827699119460e-02
4.353993192289755143e+02	4.762258709434304960e-01	2.894051914454495167e-01	7.050679213987456895e-02	4.701623795540801898e-02	8.704109259875662807e-02	2.677705914842976737e-02	1.717316882823771707e-02
4.402370894426308041e+02	4.750999094881524498e-01	2.891692338421714137e-01	7.097032409036498068e-02	4.731593062775105857e-02	8.736682119246297340e-02	2.694189240257096815e-02	1.728130141611283060e-02
4.450748596562860939e+02	4.739974311283302044e-01	2.889232323767839117e-01	7.143036799450241947e-02	4.761340885704087866e-02	8.768680580735430108e-02	2.710552953223237596e-02	1.738863736334265997e-02
4.499126298699413837e+02	4.729176519332225492e-01	2.886677532806692925e-01	7.188697424653139878e-02	4.790870341425539081e-02	8.800115601271342458e-02	2.726798649817905457e-02	1.749518767401564770e-02
4.547504000835967304e+02	4.718598183103854260e-01	2.884033383747482970e-01	7.234019179494789731e-02	4.820184420929524149e-02	8.830997849808540356e-02	2.742927882666841566e-02	1.760096304545604243e-02
4.595881702972519065e+02	4.708232057891521549e-01	2.881305060737490153e-01	7.279006819666249128e-02	4.849286032302849159e-02	8.861337717187563190e-02	2.758942162549388177e-02	1.770597387962509831e-02
4.644259405109071963e+02	4.698071178533094749e-01	2.878497523495988086e-01	7.323664966900578221e-02	4.878178003805937191e-02	8.891145325615350259e-02	2.774842959939078507e-02	1.781023029406899813e-02
4.692637107245624861e+02	4.688108848209763813e-01	2.875615516555992124e-01	7.367998113966310603e-02	4.906863086827260162e-02	8.920430537781333380e-02	2.790631706483039098e-02	1.791374213243173905e-02
4.741014809382177759e+02	4.678338627697715690e-01	2.872663578129747153e-01	7.412010629462219280e-02	4.935343958720311841e-02	8.949202965623793971e-02	2.806309796422668326e-02	1.801651897455050153e-02
4.789392511518730657e+02	4.668754325054361165e-01	2.869646048613238576e-01	7.455706762421367151e-02	4.963623225527839800e-02	8.977471978760451221e-02	2.821878587957980106e-02	1.811857014615032846e-02
4.837770213655284124e+02	4.659349985721479848e-01	2.866567078744380326e-01	7.499090646732138599e-02	4.991703424597924987e-02	9.005246712596698400e-02	2.837339404557876615e-02	1.821990472815425421e-02
4.886147915791837022e+02	4.650119883028413503e-01	2.863430637428934222e-01	7.542166305383637970e-02	5.019587027096254761e-02	9.032536076124310365e-02	2.852693536218546544e-02	1.832053156562434004e-02
4.934525617928388783e+02	4.641058509079082350e-01	2.860240519247658209e-01	7.584937654542522889e-02	5.047276440418801968e-02	9.059348759422994335e-02	2.867942240672075038e-02	1.842045927634852406e-02
4.982903320064942250e+02	4.632160566007280100e-01	2.857000351657619786e-01	7.627408507468100285e-02	5.074774010508917299e-02	9.085693240876600851e-02	2.883086744547279021e-02	1.851969625908756259e-02
5.031281022201495148e+02	4.623420957585313018e-01	2.853713601900101371e-01	7.669582578272157725e-02	5.102082024082709583e-02	9.111577794115370554e-02	2.898128244484697233e-02	1.861825070149572200e-02
5.079658724338048046e+02	4.614834781171687772e-01	2.850383583626999728e-01	7.711463485529840289e-02	5.129202710766397888e-02	9.137010494695126106e-02	2.913067908207580409e-02	1.871613058772836694e-02
5.128036426474600376e+02	4.606397319984090744e-01	2.847013463257159760e-01	7.753054755747541826e-02	5.156138245149201327e-02	9.161999226523839801e-02	2.927906875550660010e-02	1.881334370574911513e-02
5.176414128611153274e+02	4.598104035684489888e-01	2.843606266073606670e-01	7.794359826693599003e-02	5.182890748755163146e-02	9.186551688045675734e-02	2.942646259448393475e-02	1.890989765434858416e-02
5.224791830747705035e+02	4.589950561263713147e-01	2.840164882072198638e-01	7.835382050597294867e-02	5.209462291937189821e-02	9.210675398192090524e-02	2.957287146884324952e-02	1.900579984988638033e-02
5.273169532884259070e+02	4.581932694213367574e-01	2.836692071571791374e-01	7.876124697221505155e-02	5.235854895696424177e-02	9.234377702109265729e-02	2.971830599803122058e-02	1.910105753276750834e-02
5.321547235020811968e+02	4.574046389973462912e-01	2.833190470595607358e-01	7.916590956814056890e-02	5.262070533429977215e-02	9.257665776670745417e-02	2.986277655986796162e-02	1.919567777366382524e-02
5.369924937157364866e+02	4.566287755644566349e-01	2.829662596033096222e-01	7.956783942942691201e-02	5.288111132609898263e-02	9.280546635783804010e-02	3.000629329896545294e-02	1.928966747949085667e-02
5.418302639293917764e+02	4.558653043953780903e-01	2.826110850591206924e-01	7.996706695218343264e-02	5.313978576396149317e-02	9.303027135497692057e-02	3.014886613481606442e-02	1.938303339914981827e-02
5.466680341430470662e+02	4.551138647464252340e-01	2.822537527543618197e-01	8.036362181911187175e-02	5.339674705186250175e-02	9.325113978921639735e-02	3.029050476956445664e-02	1.947578212904426537e-02
5.515058043567023560e+02	4.543741093018353050e-01	2.818944815286146266e-01	8.075753302463817285e-02	5.365201318104138167e-02	9.346813720960113481e-02	3.043121869547549957e-02	1.956792011838045034e-02
5.563435745703576458e+02	4.536457036405077137e-01	2.815334801706186330e-01	8.114882889905671026e-02	5.390560174430686358e-02	9.368132772872590774e-02	3.057101720211062579e-02	1.965945367426010643e-02
5.611813447840129356e+02	4.529283257242555649e-01	2.811709478373763949e-01	8.153753713172683104e-02	5.415752994978235979e-02	9.389077406664733672e-02	3.070990938322411962e-02	1.975038896657399165e-02
5.660191149976681118e+02	4.522216654066988362e-01	2.808070744561421139e-01	8.192368479335990217e-02	5.440781463411387825e-02	9.409653759317679333e-02	3.084790414339077386e-02	1.984073203270419680e-02
5.708568852113234016e+02	4.515254239619634902e-01	2.804420411099912691e-01	8.230729835743333389e-02	5.465647227516215456e-02	9.429867836861779984e-02	3.098501020437561398e-02	1.993048878204290233e-02
5.756946554249786914e+02	4.508393136323831096e-01	2.800760204076363502e-01	8.268840372076660672e-02	5.490351900419974951e-02	9.449725518300958194e-02	3.112123611125607731e-02	2.001966500033501919e-02
5.805324256386339812e+02	4.501630571944354453e-01	2.797091768381309018e-01	8.306702622329338592e-02	5.514897061763301273e-02	9.469232559393542248e-02	3.125659023830661132e-02	2.010826635385169064e-02
5.853701958522892710e+02	4.494963875421736366e-01	2.793416671110741656e-01	8.344319066706161470e-02	5.539284258826800145e-02	9.488394596295240957e-02	3.139108079465514900e-02	2.019629839340152458e-02
5.902079660659445608e+02	4.488390472874451143e-01	2.789736404829064598e-01	8.381692133449283877e-02	5.563515007613863833e-02	9.507217149069664697e-02	3.152471582972075220e-02	2.028376655818604421e-02
5.950457362795999643e+02	4.481907883762175637e-01	2.786052390698608994e-01	8.418824200593053031e-02	5.587590793891467761e-02	9.525705625071610727e-02	3.165750323844106207e-02	2.037067617950563334e-02
5.998835064932552541e+02	4.475513717203605246e-01	2.782365981481127459e-01	8.455717597650587447e-02	5.611513074190647293e-02	9.543865322208090751e-02	3.178945076629802191e-02	2.045703248432194366e-02
6.047212767069104302e+02	4.469205668442564616e-01	2.778678464416474703e-01	8.492374607234849659e-02	5.635283276768254107e-02	9.561701432081895491e-02	3.192056601415008132e-02	2.054284059868251300e-02
6.095590469205657200e+02	4.462981515456407866e-01	2.774991063983469064e-01	8.528797466616844236e-02	5.658902802531559639e-02	9.579219043022314806e-02	3.205085644287843094e-02	2.062810555101319762e-02
6.143968171342210098e+02	4.456839115700957921e-01	2.771304944547719473e-01	8.564988369223455744e-02	5.682373025927185684e-02	9.596423143007393186e-02	3.218032937785486602e-02	2.071283227528364010e-02
6.192345873478761860e+02	4.450776402986442726e-01	2.767621212901015815e-01	8.600949466077359440e-02	5.705695295795801258e-02	9.613318622481989428e-02	3.230899201323841202e-02	2.079702561405086594e-02
6.240723575615315895e+02	4.444791384479144236e-01	2.763940920696692505e-01	8.636682867181315337e-02	5.728870936193946467e-02	9.629910277075699743e-02	3.243685141610743589e-02	2.088069032138594600e-02
6.289101277751868793e+02	4.438882137823657592e-01	2.760265066785190791e-01	8.672190642849098019e-02	5.751901247184314225e-02	9.646202810224539792e-02	3.256391453043402939e-02	2.096383106568835281e-02
6.337478979888421691e+02	4.433046808380883275e-01	2.756594599453886518e-01	8.707474824985167450e-02	5.774787505595738168e-02	9.662200835700132662e-02	3.269018818090678458e-02	2.104645243239252478e-02
6.385856682024975726e+02	4.427283606577078201e-01	2.752930418575068039e-01	8.742537408315163849e-02	5.797530965754103816e-02	9.677908880050024865e-02	3.281567907660813688e-02	2.112855892657098528e-02
6.434234384161527487e+02	4.421590805359453813e-01	2.749273377665803486e-01	8.777380351569182004e-02	5.820132860185355667e-02	9.693331384952547092e-02	3.294039381455202142e-02	2.121015497543808637e-02
6.482612086298080385e+02	4.415966737754026816e-01	2.745624285863282332e-01	8.812005578619717949e-02	5.842594400291704904e-02	9.708472709489564256e-02	3.306433888308749069e-02	2.129124493075838093e-02
6.530989788434633283e+02	4.410409794521577553e-01	2.741983909819070142e-01	8.846414979576103232e-02	5.864916777002107673e-02	9.723337132340278965e-02	3.318752066517354632e-02	2.137183307116348810e-02
6.579367490571185044e+02	4.404918421907744741e-01	2.738352975515569998e-01	8.880610411837162876e-02	5.887101161398054089e-02	9.737928853899160964e-02	3.330994544153041692e-02	2.145192360438101867e-02
6.627745192707737942e+02	4.399491119483455726e-01	2.734732170007865282e-01	8.914593701103783185e-02	5.909148705315638711e-02	9.752251998320905779e-02	3.343161939367216701e-02	2.153152066937911308e-02
6.676122894844290840e+02	4.394126438072034624e-01	2.731122143093969723e-01	8.948366642352952038e-02	5.931060541924872143e-02	9.766310615495268910e-02	3.355254860682534146e-02	2.161062833842998174e-02
6.724500596980843738e+02	4.388822977759476163e-01	2.727523508916404604e-01	8.981931000774870388e-02	5.952837786287135113e-02	9.780108682954462285e-02	3.367273907273825306e-02	2.168925061909561872e-02
6.772878299117396637e+02	4.383579385984536225e-01	2.723936847497899216e-01	9.015288512674554666e-02	5.974481535891645184e-02	9.793650107715709541e-02	3.379219669238515966e-02	2.176739145613887719e-02
6.821256001253949535e+02	4.378394355705395591e-01	2.720362706213887427e-01	9.048440886339370604e-02	5.995992871171777067e-02	9.806938728061445620e-02	3.391092727856967470e-02	2.184505473336277939e-02
6.869633703390502433e+02	4.373266623639811002e-01	2.716801601204386074e-01	9.081389802873870987e-02	6.017372856002034531e-02	9.819978315259567103e-02	3.402893655843122755e-02	2.192224427538099624e-02
6.918011405527055331e+02	4.368194968575779269e-01	2.713254018727712658e-01	9.114136917003207161e-02	6.038622538176449672e-02	9.832772575226007838e-02	3.414623017585857040e-02	2.199896384932219923e-02
6.966389107663608229e+02	4.363178209749862257e-01	2.709720416458413772e-01	9.146683857846397980e-02	6.059742949869139500e-02	9.845325150131868652e-02	3.426281369381396769e-02	2.207521716647095275e-02
7.014766809800161127e+02	4.358215205290438821e-01	2.706201224731678567e-01	9.179032229660634423e-02	6.080735108077740814e-02	9.857639619957192512e-02	3.437869259657162085e-02	2.215100788384758226e-02
7.063144511936714025e+02	4.353304850723259123e-01	2.702696847736413832e-01	9.211183612557787004e-02	6.101600015050393649e-02	9.869719503993433507e-02	3.449387229187367288e-02	2.222633960572956840e-02
7.111522214073266923e+02	4.348446077536782806e-01	2.699207664659072359e-01	9.243139563194219255e-02	6.122338658696929725e-02	9.881568262296573646e-02	3.460835811300721349e-02	2.230121588511667710e-02
7.159899916209819821e+02	4.343637851804888483e-01	2.695734030780245760e-01	9.274901615434953672e-02	6.142952012984895932e-02	9.893189297092737367e-02	3.472215532080520639e-02	2.237564022514209813e-02
7.208277618346371582e+02	4.338879172864629208e-01	2.692276278525936317e-01	9.306471280993235118e-02	6.163441038321008925e-02	9.904585954138128701e-02	3.483526910557452339e-02	2.244961608043178486e-02
7.256655320482924481e+02	4.334169072046816229e-01	2.688834718475364705e-01	9.337850050046442307e-02	6.183806681918625758e-02	9.915761524035006380e-02	3.494770458895388177e-02	2.252314685841394146e-02
7.305033022619478515e+02	4.329506611457293319e-01	2.685409640327078851e-01	9.369039391829306340e-02	6.204049878151769032e-02	9.926719243505353896e-02	3.505946682570446060e-02	2.259623592058071159e-02
7.353410724756030277e+02	4.324890882806858294e-01	2.682001313825067568e-01	9.400040755205320286e-02	6.224171548896261646e-02	9.937462296623848779e-02	3.517056080543587426e-02	2.266888658370396284e-02
7.401788426892584312e+02	4.320321006287858867e-01	2.678609989646508760e-01	9.430855569217214129e-02	6.244172603858458986e-02	9.947993816011632684e-02	3.528099145427000816e-02	2.274110212100688769e-02
7.450166129029136073e+02	4.315796129495588773e-01	2.675235900252712629e-01	9.461485243617319407e-02	6.264053940892076733e-02	9.958316883992390789e-02	3.539076363644530487e-02	2.281288576329331200e-02
7.498543831165690108e+02	4.311315426392666739e-01	2.671879260704767556e-01	9.491931169378621524e-02	6.283816446303595871e-02	9.968434533712115797e-02	3.549988215586358936e-02	2.288424070003624092e-02
7.546921533302243006e+02	4.306878096314664672e-01	2.668540269445321966e-01	9.522194719187263012e-02	6.303460995146668855e-02	9.978349750223930448e-02	3.560835175758197274e-02	2.295517008042732149e-02
7.595299235438793630e+02	4.302483363015323081e-01	2.665219109047889390e-01	9.552277247917217995e-02	6.322988451505988372e-02	9.988065471539267492e-02	3.571617712925179849e-02	2.302567701438878664e-02
7.643676937575347665e+02	4.298130473749752212e-01	2.661915946934999555e-01	9.582180093087869222e-02	6.342399668771012133e-02	9.997584589646647812e-02	3.582336290250680289e-02	2.309576457354924756e-02
7.692054639711900563e+02	4.293818698394090694e-01	2.658630936066465056e-01	9.611904575305135756e-02	6.361695489899962808e-02	1.000690995149926127e-01	3.592991365430243944e-02	2.316543579218491300e-02
7.740432341848452324e+02	4.289547328600143983e-01	2.655364215598987054e-01	9.641451998686804969e-02	6.380876747674460447e-02	1.001604435997250769e-01	3.603583390820831733e-02	2.323469366812742562e-02
7.788810043985006359e+02	4.285315676983597055e-01	2.652115911518267977e-01	9.670823651272701660e-02	6.399944264945178762e-02	1.002499057479260131e-01	3.614112813565554388e-02	2.330354116363977587e-02
7.837187746121558121e+02	4.281123076344444112e-01	2.648886137244755301e-01	9.700020805420279946e-02	6.418898854868859694e-02	1.003375131343730020e-01	3.624580075714078919e-02	2.337198120626142461e-02
7.885565448258112156e+02	4.276968878918341321e-01	2.645674994214092801e-01	9.729044718186218021e-02	6.437741321137042949e-02	1.004232925200978649e-01	3.634985614338870352e-02	2.344001668962393883e-02
7.933943150394665054e+02	4.272852455657624171e-01	2.642482572433312860e-01	9.757896631694548684e-02	6.456472458196813036e-02	1.005072702608666713e-01	3.645329861647435277e-02	2.350765047423820919e-02
7.982320852531219089e+02	4.268773195540805365e-01	2.639308951013760729e-01	9.786577773491880738e-02	6.475093051463894078e-02	1.005894723154106274e-01	3.655613245090724717e-02	2.357488538825441848e-02
8.030698554667769713e+02	4.264730504909399755e-01	2.636154198681702199e-01	9.815089356890192851e-02	6.493603877528378310e-02	1.006699242534165872e-01	3.665836187467834406e-02	2.364172422819579497e-02
8.079076256804323748e+02	4.260723806830977733e-01	2.633018374267530604e-01	9.843432581297699435e-02	6.512005704353386604e-02	1.007486512632861236e-01	3.675999107027168311e-02	2.370816975966719142e-02
8.127453958940876646e+02	4.256752540487385716e-01	2.629901527174438036e-01	9.871608632538238226e-02	6.530299291466927503e-02	1.008256781596714446e-01	3.686102417564174338e-02	2.377422471803946821e-02
8.175831661077428407e+02	4.252816160587125638e-01	2.626803697827405637e-01	9.899618683159662480e-02	6.548485390147226748e-02	1.009010293907961348e-01	3.696146528515809743e-02	2.383989180911056868e-02
8.224209363213982442e+02	4.248914136800911456e-01	2.623724918103304549e-01	9.927463892731623607e-02	6.566564743601770171e-02	1.009747290455685065e-01	3.706131845051850032e-02	2.390517370974430331e-02
8.272587065350534203e+02	4.245045953219486190e-01	2.620665211742890799e-01	9.955145408133179996e-02	6.584538087140318074e-02	1.010468008604949591e-01	3.716058768163166270e-02	2.397007306848757471e-02
8.320964767487085965e+02	4.241211107832781324e-01	2.617624594745429079e-01	9.982664363830634491e-02	6.602406148342111758e-02	1.011172682264004502e-01	3.725927694747087349e-02	2.403459250616701154e-02
8.369342469623640000e+02	4.237409112029578151e-01	2.614603075746660399e-01	1.001002188214596827e-01	6.620169647217508113e-02	1.011861541949629489e-01	3.735739017689961028e-02	2.409873461646566684e-02
8.417720171760191761e+02	4.233639490116836157e-01	2.611600656380791419e-01	1.003721907351622505e-01	6.637829296364247678e-02	1.012534814850684084e-01	3.745493125947018526e-02	2.416250196648068310e-02
8.466097873896745796e+02	4.229901778857901307e-01	2.608617331627169356e-01	1.006425703674422717e-01	6.655385801118567091e-02	1.013192724889927232e-01	3.755190404619649508e-02	2.422589709726259699e-02
8.514475576033297557e+02	4.226195527028830945e-01	2.605653090142256989e-01	1.009113685924092479e-01	6.672839859701358567e-02	1.013835492784164599e-01	3.764831235030187406e-02	2.428892252433692903e-02
8.562853278169851592e+02	4.222520294992111456e-01	2.602707914577523929e-01	1.011785961725973487e-01	6.690192163359559574e-02	1.014463336102785912e-01	3.774415994794291795e-02	2.435158073820887364e-02
8.611230980306403353e+02	4.218875654287068677e-01	2.599781781883824805e-01	1.014442637612314596e-01	6.707443396502960065e-02	1.015076469324744796e-01	3.783945057891033303e-02	2.441387420485164120e-02
8.659608682442956251e+02	4.215261187236296059e-01	2.596874663602816158e-01	1.017083819044190540e-01	6.724594236836611838e-02	1.015675103894037867e-01	3.793418794730755994e-02	2.447580536617911112e-02
8.707986384579510286e+02	4.211676486567460520e-01	2.593986526145953264e-01	1.019709610432708441e-01	6.741645355488976032e-02	1.016259448273732630e-01	3.802837572220817142e-02	2.453737664050334791e-02
8.756364086716062047e+02	4.208121155049871498e-01	2.591117331061568718e-01	1.022320115159525422e-01	6.758597417136025243e-02	1.016829707998597038e-01	3.812201753829257134e-02	2.459859042297768764e-02
8.804741788852616082e+02	4.204594805145212000e-01	2.588267035290524043e-01	1.024915435596709112e-01	6.775451080121393244e-02	1.017386085726374317e-01	3.821511699646516769e-02	2.465944908602575592e-02
8.853119490989170117e+02	4.201097058671870998e-01	2.585435591410907841e-01	1.027495673125961850e-01	6.792206996572777711e-02	1.017928781287754519e-01	3.830767766445236644e-02	2.471995497975711109e-02
8.901497193125721878e+02	4.197627546482327610e-01	2.582622947872229013e-01	1.030060928157234684e-01	6.808865812514697247e-02	1.018457991735082641e-01	3.839970307738246880e-02	2.478011043236997071e-02
8.949874895262273640e+02	4.194185908153064690e-01	2.579829049219531933e-01	1.032611300146754479e-01	6.825428167977765082e-02	1.018973911389847442e-01	3.849119673834781874e-02	2.483991775054145146e-02
8.998252597398827675e+02	4.190771791686507819e-01	2.577053836307859336e-01	1.035146887614486200e-01	6.841894697104600187e-02	1.019476731888993848e-01	3.858216211895016540e-02	2.489937921980589497e-02
9.046630299535379436e+02	4.187384853224510040e-01	2.574297246507447068e-01	1.037667788161051458e-01	6.858266028252511803e-02	1.019966642230095144e-01	3.867260265982964962e-02	2.495849710492164739e-02
9.095008001671932334e+02	4.184024756772918296e-01	2.571559213900044272e-01	1.040174098484124843e-01	6.874542784093067016e-02	1.020443828815424669e-01	3.876252177117812947e-02	2.501727365022677826e-02
9.143385703808486369e+02	4.180691173936778027e-01	2.568839669466717601e-01	1.042665914394326071e-01	6.890725581708662117e-02	1.020908475494964468e-01	3.885192283323743445e-02	2.507571107998412055e-02
9.191763405945038130e+02	4.177383783665750694e-01	2.566138541267491968e-01	1.045143330830629602e-01	6.906815032686221267e-02	1.021360763608382960e-01	3.894080919678308272e-02	2.513381159871605486e-02
9.240141108081592165e+02	4.174102272009329595e-01	2.563455754613167548e-01	1.047606441875307132e-01	6.922811743208120983e-02	1.021800872026018409e-01	3.902918418359396791e-02	2.519157739152939196e-02
9.288518810218145063e+02	4.170846331881475355e-01	2.560791232229635006e-01	1.050055340768422385e-01	6.938716314140430663e-02	1.022228977188899268e-01	3.911705108690863297e-02	2.524901062443079408e-02
9.336896512354697961e+02	4.167615662834277535e-01	2.558144894414989268e-01	1.052490119921894451e-01	6.954529341118599606e-02	1.022645253147832639e-01	3.920441317186851987e-02	2.530611344463295706e-02
9.385274214491247449e+02	4.164409970840298181e-01	2.555516659189760453e-01	1.054910870933145339e-01	6.970251414630659892e-02	1.023049871601591221e-01	3.929127367594872217e-02	2.536288798085205645e-02
9.433651916627801484e+02	4.161228968083233726e-01	2.552906442440522339e-01	1.057317684598347296e-01	6.985883120098047849e-02	1.023443001934227214e-01	3.937763580937675423e-02	2.541933634359664490e-02
9.482029618764355519e+02	4.158072372756577151e-01	2.550314158057171432e-01	1.059710650925286268e-01	7.001425037954123187e-02	1.023824811251541900e-01	3.946350275553967002e-02	2.547546062544838938e-02
9.530407320900908417e+02	4.154939908869954568e-01	2.547739718064127024e-01	1.062089859145853299e-01	7.016877743720489891e-02	1.024195464416736562e-01	3.954887767138000332e-02	2.553126290133492238e-02
9.578785023037459041e+02	4.151831306062829241e-01	2.545183032745710339e-01	1.064455397728179820e-01	7.032241808081177159e-02	1.024555124085271551e-01	3.963376368778095959e-02	2.558674522879511581e-02
9.627162725174014213e+02	4.148746299425281059e-01	2.542644010765940932e-01	1.066807354388428913e-01	7.047517796954770597e-02	1.024903950738958042e-01	3.971816390994126200e-02	2.564190964823702054e-02
9.675540427310568248e+02	4.145684629325581683e-01	2.540122559282983472e-01	1.069145816102254343e-01	7.062706271564569982e-02	1.025242102719305104e-01	3.980208141773992903e-02	2.569675818318880103e-02
9.723918129447120009e+02	4.142646041244287813e-01	2.537618584058464744e-01	1.071470869115942331e-01	7.077807788506834674e-02	1.025569736260147774e-01	3.988551926609146259e-02	2.575129284054282486e-02
9.772295831583674044e+02	4.139630285614601113e-01	2.535131989561879018e-01	1.073782598957244427e-01	7.092822899817198545e-02	1.025887005519575540e-01	3.996848048529172415e-02	2.580551561079326081e-02
9.820673533720223531e+02	4.136637117668738317e-01	2.532662679070278866e-01	1.076081090445915045e-01	7.107752153035318265e-02	1.026194062611184427e-01	4.005096808135483188e-02	2.585942846826731756e-02
9.869051235856777566e+02	4.133666297290081171e-01	2.530210554763454023e-01	1.078366427703962988e-01	7.122596091267807683e-02	1.026491057634671966e-01	4.013298503634147446e-02	2.591303337135047319e-02
9.917428937993331601e+02	4.130717588870864154e-01	2.527775517814782602e-01	1.080638694165628605e-01	7.137355253249533238e-02	1.026778138705795734e-01	4.021453430867881484e-02	2.596633226270575467e-02
9.965806640129884499e+02	4.127790761175192391e-01	2.525357468477936185e-01	1.082897972587095886e-01	7.152030173403318980e-02	1.027055451985714740e-01	4.029561883347240747e-02	2.601932706948744192e-02
