0.000000000000000000e+00	9.911111465222639527e-01	1.692236146347392234e-32	7.528474854878826859e-03	2.596817991051121668e-31	3.264481213490513963e-03	1.198506300353629778e-03	1.412198725198732220e-20
4.837770213655283591e+00	9.723106764472478902e-01	1.789161129835808300e-02	7.503082273183124887e-03	8.308192477933927403e-05	4.090034336748012492e-03	1.215575443590288622e-03	8.547167080265658437e-06
9.675540427310567182e+00	9.544168491737471394e-01	3.458128346092360222e-02	7.559210769981317656e-03	3.223549603665140260e-04	4.971004067200743455e-03	1.232523013411515080e-03	1.938344535616592061e-05
1.451331064096584811e+01	9.373759652250761576e-01	5.014826952888117723e-02	7.690533910193692382e-03	7.036728392185037390e-04	5.901505794829778849e-03	1.249664341178125405e-03	3.299725160956023617e-05
1.935108085462113081e+01	9.211377414540687925e-01	6.466660009729041647e-02	7.891155960011610529e-03	1.213913957142710850e-03	6.876089613229466498e-03	1.267286836733123824e-03	4.982097251098529665e-05
2.418885106827641707e+01	9.056550884344169994e-01	7.820542766914978516e-02	8.155583280289613671e-03	1.840911583006171531e-03	7.889710635390401183e-03	1.285651960950314181e-03	7.023532778390144252e-05
2.902662128193169622e+01	8.908839024755804692e-01	9.082934829532207655e-02	8.478697609810280714e-03	2.573388725540260054e-03	8.937701290270392077e-03	1.304997065964169038e-03	9.457342849947637049e-05
3.386439149558698603e+01	8.767828712979085504e-01	1.025987019988191529e-01	8.855731113708020796e-03	3.400897348712785592e-03	1.001574546896017576e-02	1.325537111844574730e-03	1.231245510339207586e-04
3.870216170924226162e+01	8.633132924681410358e-01	1.135698533830787615e-01	9.282243080566306148e-03	4.313761647525879428e-03	1.111985439791807022e-02	1.347466267901396668e-03	1.561376458556477302e-04
4.353993192289755143e+01	8.504389037547948060e-01	1.237954537315236192e-01	9.754098159388333369e-03	5.303025115138759044e-03	1.224634412484318542e-02	1.370959406263334325e-03	1.938245990350701844e-04
4.837770213655283413e+01	8.381257246183573262e-01	1.333246858194439000e-01	1.026744603481955127e-02	6.360401149998175241e-03	1.339181451031769450e-02	1.396173494870715055e-03	2.363632631797147970e-04
5.321547235020811684e+01	8.263419081029814706e-01	1.422034925786845039e-01	1.081870244570521528e-02	7.478226968269014591e-03	1.455312962541061537e-02	1.423248896550371708e-03	2.839002733859488778e-04
5.805324256386339954e+01	8.150576024447206969e-01	1.504747906803748092e-01	1.140453145832866742e-02	8.649420602370646097e-03	1.572739946203115247e-02	1.452310580400360211e-03	3.365536627607869672e-04
6.289101277751868224e+01	8.042448217565100199e-01	1.581786700306592741e-01	1.202182891152521471e-02	9.867440780913540321e-03	1.691196286897995657e-02	1.483469251300940407e-03	3.944152910981057547e-04
6.772878299117397205e+01	7.938773251922777163e-01	1.653525801087435965e-01	1.266770695632988067e-02	1.112624949886298689e-02	1.810437163240020270e-02	1.516822402984059018e-03	4.575530993886175362e-04
7.256655320482924765e+01	7.839305040319741735e-01	1.720315040152603503e-01	1.333947961792020069e-02	1.242027709939560846e-02	1.930237562470416349e-02	1.552455299734739743e-03	5.260132019978869299e-04
7.740432341848452324e+01	7.743812761661060806e-01	1.782481210416907713e-01	1.403464931238142428e-02	1.374438970071872011e-02	2.050390895106986300e-02	1.590441891462630224e-03	5.998218275575759083e-04
8.224209363213981305e+01	7.652079874927377734e-01	1.840329585180913996e-01	1.475089425527326310e-02	1.509385881214746206e-02	2.170707702728999836e-02	1.630845666568921494e-03	6.789871188782580771e-04
8.707986384579510286e+01	7.563903197720265315e-01	1.894145336464145568e-01	1.548605670313540905e-02	1.646433299403160175e-02	2.291014452713344141e-02	1.673720446741475913e-03	7.635008015041181394e-04
9.191763405945040688e+01	7.479092045133507449e-01	1.944194859800489894e-01	1.623813197295270044e-02	1.785181142574086485e-02	2.411152414146861336e-02	1.719111127537919625e-03	8.533397298873998107e-04
9.675540427310566827e+01	7.397467424980983530e-01	1.990727011666220958e-01	1.700525818822835877e-02	1.925261925489950635e-02	2.530976609521707124e-02	1.767054368361390109e-03	9.484673195605997000e-04
1.015931744867609581e+02	7.318861285673466943e-01	2.033974265303969964e-01	1.778570670370184861e-02	2.066338460944970937e-02	2.650354837177249651e-02	1.817579235195406710e-03	1.048834873124284252e-03
1.064309447004162337e+02	7.243115813281044701e-01	2.074153790325735380e-01	1.857787316391250332e-02	2.208101716195800049e-02	2.769166759785161511e-02	1.870707799241825599e-03	1.154382807345429246e-03
1.112687149140715235e+02	7.170082774546102655e-01	2.111468461122891771e-01	1.938026915376596382e-02	2.350268814289625807e-02	2.887303054485486353e-02	1.926455694398019215e-03	1.265041788172876309e-03
1.161064851277267991e+02	7.099622902825031279e-01	2.146107798779438025e-01	2.019151440202119827e-02	2.492581170646288036e-02	3.004664620572053413e-02	1.984832636315317454e-03	1.380733780020576432e-03
1.209442553413820747e+02	7.031605324135976609e-01	2.178248850874897613e-01	2.101032950119462173e-02	2.634802755889231740e-02	3.121161840897002451e-02	2.045842905599456509e-03	1.501373015243626964e-03
1.257820255550373645e+02	6.965907020675932149e-01	2.208057013273901636e-01	2.183552910978627665e-02	2.776718476516215617e-02	3.236713893417662857e-02	2.109485797544451407e-03	1.626866889334667140e-03
1.306197957686926259e+02	6.902412329344240760e-01	2.235686797729187492e-01	2.266601560498276990e-02	2.918132665557423427e-02	3.351248109545748588e-02	2.175756040633158774e-03	1.757116786997156652e-03
1.354575659823479441e+02	6.841012472971849112e-01	2.261282548872290965e-01	2.350077315609280446e-02	3.058867675888574111e-02	3.464699376179935369e-02	2.244644185890089846e-03	1.892018843905637080e-03
1.402953361960032339e+02	6.781605122107241534e-01	2.284979113930402650e-01	2.433886219093369177e-02	3.198762569352221752e-02	3.577009578509367238e-02	2.316136969034060782e-03	2.031464648639668639e-03
1.451331064096584669e+02	6.724093985351558000e-01	2.306902468287613805e-01	2.517941422922042455e-02	3.337671895293953944e-02	3.688127080868500857e-02	2.390217647249429436e-03	2.175341888976203755e-03
1.499708766233137851e+02	6.668388426367677368e-01	2.327170299803061060e-01	2.602162705872097456e-02	3.475464552543746505e-02	3.798006243103786705e-02	2.466866312274299585e-03	2.323534946443292157e-03
1.548086468369690749e+02	6.614403105811543782e-01	2.345892554606338887e-01	2.686476023154065612e-02	3.612022729268293125e-02	3.906606970080926666e-02	2.546060181391684822e-03	2.475925442774881344e-03
1.596464170506243647e+02	6.562057646549416257e-01	2.363171946911078458e-01	2.770813085939216602e-02	3.747240915489560842e-02	4.013894292118511814e-02	2.627773867804637960e-03	2.632392741660845043e-03
1.644841872642796261e+02	6.511276320632484182e-01	2.379104435219971114e-01	2.855110968810296510e-02	3.881024983409823992e-02	4.119837974280583098e-02	2.711979631778293088e-03	2.792814408957071566e-03
1.693219574779349159e+02	6.461987756600989785e-01	2.393779667137943823e-01	2.939311743291479415e-02	4.013291331005638257e-02	4.224412152597677855e-02	2.798647613840191378e-03	2.957066634306402056e-03
1.741597276915902057e+02	6.414124665783985657e-01	2.407281394863956259e-01	3.023362135734727202e-02	4.143966084654143733e-02	4.327594995413885232e-02	2.887746051244734647e-03	3.125024616921432893e-03
1.789974979052454671e+02	6.367623586348712950e-01	2.419687863295307273e-01	3.107213207953427730e-02	4.272984356836077163e-02	4.429368388176950500e-02	2.979241478827720190e-03	3.296562918093684687e-03
1.838352681189008138e+02	6.322424643935626865e-01	2.431072172550753918e-01	3.190820059100366729e-02	4.400289555222352406e-02	4.529717640100080350e-02	3.073098915302294697e-03	3.471555782819600675e-03
1.886730383325560467e+02	6.278471327791723677e-01	2.441502616599587616e-01	3.274141547386266726e-02	4.525832739696140222e-02	4.628631211228339398e-02	3.169282035977994717e-03	3.649877432771360571e-03
1.935108085462113081e+02	6.235710281386391829e-01	2.451042999572515535e-01	3.357140030327761260e-02	4.649572024091267602e-02	4.726100458539861382e-02	3.267753332819452097e-03	3.831402332688874524e-03
1.983485787598666263e+02	6.194091106560886129e-01	2.459752931226238115e-01	3.439781122300181182e-02	4.771472019641519180e-02	4.822119399803023038e-02	3.368474262700551624e-03	4.016005432127802734e-03
2.031863489735219162e+02	6.153566180324970825e-01	2.467688102936513583e-01	3.522033468251362792e-02	4.891503317335037238e-02	4.916684493995619049e-02	3.471405384653072738e-03	4.203562384366383436e-03
2.080241191871772060e+02	6.114090483472607307e-01	2.474900545503815052e-01	3.603868532508155975e-02	5.009642006554428095e-02	5.009794437171364440e-02	3.576506486855818810e-03	4.393949744150605144e-03
2.128618894008324673e+02	6.075621440243061944e-01	2.481438869970970518e-01	3.685260401677816627e-02	5.125869227557268426e-02	5.101449972733097110e-02	3.683736704060719402e-03	4.587045145842233787e-03
2.176996596144877287e+02	6.038118768304708839e-01	2.487348492573063230e-01	3.766185600712310816e-02	5.240170755514285406e-02	5.191653715141189562e-02	3.793054626106146660e-03	4.782727463426899792e-03
2.225374298281430470e+02	6.001544338386319843e-01	2.492671844865961828e-01	3.846622921265084594e-02	5.352536613974276380e-02	5.280409986150266799e-02	3.904418398124493220e-03	4.980876953739284997e-03
2.273752000417983652e+02	5.965862042925097475e-01	2.497448570010836477e-01	3.926553261527265803e-02	5.462960715766622399e-02	5.367724662727614560e-02	4.017785813010721525e-03	5.181375384169040546e-03
2.322129702554535982e+02	5.931037673142139921e-01	2.501715706127536909e-01	4.005959476783963608e-02	5.571440529484621845e-02	5.453605035862983674e-02	4.133114396680926186e-03	5.384106146023844540e-03
2.370507404691088880e+02	5.897038803994792966e-01	2.505507857569493901e-01	4.084826239981417806e-02	5.677976769816498598e-02	5.538059679532077867e-02	4.250361486614749607e-03	5.588954354644699168e-03
2.418885106827641494e+02	5.863834686491553594e-01	2.508857354916566584e-01	4.163139911642572966e-02	5.782573110106385694e-02	5.621098329125119586e-02	4.369484304142666649e-03	5.795806937292685007e-03
2.467262808964194392e+02	5.831396146888977450e-01	2.511794404429714134e-01	4.240888418512370889e-02	5.885235915635373544e-02	5.702731768697749670e-02	4.490440020908421752e-03	6.004552709755588309e-03
2.515640511100747290e+02	5.799695492321655932e-01	2.514347227662313555e-01	4.318061140354904903e-02	5.985973996213376364e-02	5.782971726444333105e-02	4.613185819908286779e-03	6.215082442556792673e-03
2.564018213237300188e+02	5.768706422445788462e-01	2.516542191877101375e-01	4.394648804362705219e-02	6.084798376766563377e-02	5.861830777833725720e-02	4.737678951482011611e-03	6.427288917587231643e-03
2.612395915373852517e+02	5.738403946704478953e-01	2.518403931874927393e-01	4.470643386674064135e-02	6.181722084692872071e-02	5.939322255884911528e-02	4.863876784605366405e-03	6.641066975923762099e-03
2.660773617510405415e+02	5.708764306848590486e-01	2.519955463801504258e-01	4.546038020527586043e-02	6.276759952840067769e-02	6.015460168094770299e-02	4.991736853810814674e-03	6.856313557543728364e-03
2.709151319646958882e+02	5.679764904371072953e-01	2.521218291461008731e-01	4.620826910614217464e-02	6.369928437037342128e-02	6.090259119562795032e-02	5.121216902041072529e-03	7.072927733595517352e-03
2.757529021783511780e+02	5.651384232535109353e-01	2.522212505630498369e-01	4.695005253216057856e-02	6.461245447182883961e-02	6.163734241887992849e-02	5.252274919719942918e-03	7.290810731838338193e-03
2.805906723920064678e+02	5.623601812697429647e-01	2.522956876836534024e-01	4.768569161748358043e-02	6.550730190956594035e-02	6.235901127441566272e-02	5.384869180305806337e-03	7.509865955820983242e-03
2.854284426056617008e+02	5.596398134647748712e-01	2.523468942024960082e-01	4.841515597346438687e-02	6.638403029289381696e-02	6.306775768645504765e-02	5.518958272575398040e-03	7.729998998328842415e-03
2.902662128193169337e+02	5.569754600703565872e-01	2.523765085526372132e-01	4.913842304162920754e-02	6.724285342778640873e-02	6.376374501911932779e-02	5.654501129868926522e-03	7.951117649590661376e-03
2.951039830329722804e+02	5.543653473316705327e-01	2.523860614693262949e-01	4.985547749062749223e-02	6.808399408293848432e-02	6.444713955921203830e-02	5.791457056512087399e-03	8.173131900701352190e-03
2.999417532466276270e+02	5.518077825963929595e-01	2.523769830560023131e-01	5.056631065424137955e-02	6.890768285066861676e-02	6.511811003938261511e-02	5.929785751616110413e-03	8.395953942684332774e-03
3.047795234602828600e+02	5.493011497108887253e-01	2.523506093853829513e-01	5.127092000772825314e-02	6.971415709608880240e-02	6.577682719886988882e-02	6.069447330443431682e-03	8.619498161586290966e-03
3.096172936739380930e+02	5.468439047036623979e-01	2.523081886662805751e-01	5.196930867995044889e-02	7.050365998840207871e-02	6.642346337921013755e-02	6.210402343514009188e-03	8.843681129968772661e-03
3.144550638875934396e+02	5.444345717374875493e-01	2.522508870047641683e-01	5.266148499891423057e-02	7.127643960860213790e-02	6.705819215247045550e-02	6.352611793615526789e-03	9.068421595134431440e-03
3.192928341012487294e+02	5.420717393128556827e-01	2.521797937863988204e-01	5.334746206849726863e-02	7.203274812823408368e-02	6.768118797973191048e-02	6.496037150869715671e-03	9.293640464401028631e-03
3.241306043149040192e+02	5.397540567065228778e-01	2.520959267045299601e-01	5.402725737429055208e-02	7.277284105423501015e-02	6.829262589770004888e-02	6.640640365996796843e-03	9.519260787713219180e-03
3.289683745285592522e+02	5.374802306299922838e-01	2.520002364579352894e-01	5.470089241661755391e-02	7.349697653520900764e-02	6.889268123146323475e-02	6.786383881910437038e-03	9.745207737860686267e-03
3.338061447422145420e+02	5.352490220937644594e-01	2.518936111396275490e-01	5.536839236892181215e-02	7.420541472480424172e-02	6.948152933155261890e-02	6.933230643766676547e-03	9.971408588551181063e-03
3.386439149558698318e+02	5.330592434641149291e-01	2.517768803371555064e-01	5.602978575983305620e-02	7.489841719815260035e-02	7.005934533358224026e-02	7.081144107581925293e-03	1.019779269056839653e-02
3.434816851695251216e+02	5.309097557000216350e-01	2.516508189634090731e-01	5.668510417733416823e-02	7.557624641760531115e-02	7.062630393886382141e-02	7.230088247527338870e-03	1.042429144622727434e-02
3.483194553831804114e+02	5.287994657586775338e-01	2.515161508356808517e-01	5.733438199355533199e-02	7.623916524425269903e-02	7.118257921449945569e-02	7.380027561999581362e-03	1.065083828232317106e-02
3.531572255968357013e+02	5.267273241587751009e-01	2.513735520195658490e-01	5.797765610881904647e-02	7.688743649195450836e-02	7.172834441155667706e-02	7.530927078561213718e-03	1.087736862175628372e-02
3.579949958104909342e+02	5.246923226914593785e-01	2.512236539531880197e-01	5.861496571365085173e-02	7.752132252082916120e-02	7.226377180002488410e-02	7.682752357837555751e-03	1.110381985399879444e-02
3.628327660241463377e+02	5.226934922695043451e-01	2.510670463662211249e-01	5.924635206755540784e-02	7.814108486735728276e-02	7.278903251934051855e-02	7.835469496450999521e-03	1.133013130455908478e-02
3.676705362378016275e+02	5.207299009058820038e-01	2.509042800072168178e-01	5.987185829343701082e-02	7.874698390844889206e-02	7.330429644335059725e-02	7.989045129068159112e-03	1.155624420358534847e-02
3.725083064514568036e+02	5.188006518134731238e-01	2.507358691918633031e-01	6.049152918661777206e-02	7.933927855700366460e-02	7.380973205866124542e-02	8.143446429630135652e-03	1.178210165373960380e-02
3.773460766651120935e+02	5.169048816182028050e-01	2.505622941839641404e-01	6.110541103747588881e-02	7.991822598666244171e-02	7.430550635538951676e-02	8.298641111831310535e-03	1.200764859746268100e-02
3.821838468787673833e+02	5.150417586783890833e-01	2.503840034201507692e-01	6.171355146679105563e-02	8.048408138360550745e-02	7.479178472940384292e-02	8.454597428907603338e-03	1.223283178374096752e-02
3.870216170924226162e+02	5.132104815035604117e-01	2.502014155886154723e-01	6.231599927294459440e-02	8.103709772339963424e-02	7.526873089520112747e-02	8.611284172790927699e-03	1.245759973447667368e-02
3.918593873060780197e+02	5.114102772664396168e-01	2.500149215714741469e-01	6.291280429017813425e-02	8.157752557103305213e-02	7.573650680862628604e-02	8.768670672682644940e-03	1.268190271055496740e-02
3.966971575197332527e+02	5.096404004021984901e-01	2.498248862597337028e-01	6.350401725716744994e-02	8.210561290240517285e-02	7.619527259869536551e-02	8.926726793095180953e-03	1.290569267769347411e-02
4.015349277333884856e+02	5.079001312894718678e-01	2.496316502492490763e-01	6.408968969521737502e-02	8.262160494565731761e-02	7.664518650783325171e-02	9.085422931407525007e-03	1.312892327215242454e-02
4.063726979470438323e+02	5.061887750079787640e-01	2.494355314254999567e-01	6.466987379542932235e-02	8.312574404084163704e-02	7.708640483988506154e-02	9.244730014977166691e-03	1.335154976637693662e-02
4.112104681606991221e+02	5.045056601679310804e-01	2.492368264445030124e-01	6.524462231423648617e-02	8.361826951652948092e-02	7.751908191530403058e-02	9.404619497848041784e-03	1.357352903463669193e-02
4.160482383743544119e+02	5.028501378067231631e-01	2.490358121166929006e-01	6.581398847674109487e-02	8.409941758205723150e-02	7.794337003296063215e-02	9.565063357091287480e-03	1.379481951872245545e-02
4.208860085880095880e+02	5.012215803486887999e-01	2.488327467001540394e-01	6.637802588732628906e-02	8.456942123419784740e-02	7.835941943805534160e-02	9.726034088813001813e-03	1.401538119375346329e-02
4.257237788016648778e+02	4.996193806239827007e-01	2.486278711091659543e-01	6.693678844704971376e-02	8.502851017713074222e-02	7.876737829565408355e-02	9.887504703860806529e-03	1.423517553414475889e-02
4.305615490153201677e+02	4.980429509429018520e-01	2.484214100436306083e-01	6.749033027735876211e-02	8.547691075466133659e-02	7.916739266939851194e-02	1.004944872325874532e-02	1.445416547977885699e-02
4.353993192289755143e+02	4.964917222221965631e-01	2.482135730445851063e-01	6.803870564969791146e-02	8.591484589371456426e-02	7.955960650497474751e-02	1.021184017339794164e-02	1.467231540242188402e-02
4.402370894426308041e+02	4.949651431601467255e-01	2.480045554806577512e-01	6.858196892060684779e-02	8.634253505819547425e-02	7.994416161795311893e-02	1.037465358100848369e-02	1.488959107242031690e-02
4.450748596562860939e+02	4.934626794573858666e-01	2.477945394700081516e-01	6.912017447193528896e-02	8.676019421237346485e-02	8.032119768563902862e-02	1.053786396793618928e-02	1.510595962571078046e-02
4.499126298699413837e+02	4.919838130806492571e-01	2.475836947419906842e-01	6.965337665582456428e-02	8.716803579300634597e-02	8.069085224259987810e-02	1.070144684574614140e-02	1.532138953117195140e-02
4.547504000835967304e+02	4.905280415668054061e-01	2.473721794425026432e-01	7.018162974412966992e-02	8.756626868947588183e-02	8.105326067955732905e-02	1.086537821017337195e-02	1.553585055834447171e-02
4.595881702972519065e+02	4.890948773646999759e-01	2.471601408867169503e-01	7.070498788197705775e-02	8.795509823125800819e-02	8.140855624535547896e-02	1.102963453543950693e-02	1.574931374554182015e-02
4.644259405109071963e+02	4.876838472124977453e-01	2.469477162626556588e-01	7.122350504517382941e-02	8.833472618209939342e-02	8.175687005173681854e-02	1.119419276845285208e-02	1.596175136837246072e-02
4.692637107245624861e+02	4.862944915483609076e-01	2.467350332888329778e-01	7.173723500120254837e-02	8.870535074031671297e-02	8.209833108067646212e-02	1.135903032290809002e-02	1.617313690869104023e-02
4.741014809382177759e+02	4.849263639524359903e-01	2.465222108289837621e-01	7.224623127355400687e-02	8.906716654467700112e-02	8.243306619404326685e-02	1.152412507330054757e-02	1.638344502399416078e-02
4.789392511518730657e+02	4.835790306182545795e-01	2.463093594666949937e-01	7.275054710916654954e-02	8.942036468535648208e-02	8.276120014537323433e-02	1.168945534886889001e-02	1.659265151727406726e-02
4.837770213655284124e+02	4.822520698517730464e-01	2.460965820425717321e-01	7.325023544875573778e-02	8.976513271951176709e-02	8.308285559355581273e-02	1.185499992747900827e-02	1.680073330734173018e-02
4.886147915791837022e+02	4.809450715963894396e-01	2.458839741563968451e-01	7.374534889983318242e-02	9.010165469103091629e-02	8.339815311824846922e-02	1.202073802946095928e-02	1.700766839962896196e-02
4.934525617928388783e+02	4.796576369823828401e-01	2.456716246365803769e-01	7.423593971222612609e-02	9.043011115406394962e-02	8.370721123684819742e-02	1.218664931140983620e-02	1.721343585747748053e-02
4.982903320064942250e+02	4.783893778993171253e-01	2.454596159790446708e-01	7.472205975592217941e-02	9.075067919996121502e-02	8.401014642286147582e-02	1.235271385996064911e-02	1.741801577392150871e-02
5.031281022201495148e+02	4.771399165900468420e-01	2.452480247575494765e-01	7.520376050107552279e-02	9.106353248727618033e-02	8.430707312552541965e-02	1.251891218554648105e-02	1.762138924396885672e-02
5.079658724338048046e+02	4.759088852650465995e-01	2.450369220073293774e-01	7.568109300002154316e-02	9.136884127451400106e-02	8.459810379054442941e-02	1.268522521614846160e-02	1.782353833738437726e-02
5.128036426474600376e+02	4.746959257358674966e-01	2.448263735837923893e-01	7.615410787115729774e-02	9.166677245533157159e-02	8.488334888181628402e-02	1.285163429104541066e-02	1.802444607197839152e-02
5.176414128611153274e+02	4.735006890666002000e-01	2.446164404979144502e-01	7.662285528455448080e-02	9.195748959591666660e-02	8.516291690403116066e-02	1.301812115457035880e-02	1.822409638740160945e-02
5.224791830747705035e+02	4.723228352422937926e-01	2.444071792298556922e-01	7.708738494918093709e-02	9.224115297429448523e-02	8.543691442603630615e-02	1.318466794988057411e-02	1.842247411944713045e-02
5.273169532884259070e+02	4.711620328533465685e-01	2.441986420222253540e-01	7.754774610161471737e-02	9.251791962132908942e-02	8.570544610486674486e-02	1.335125721274716022e-02	1.861956497485926787e-02
5.321547235020811968e+02	4.700179587949467885e-01	2.439908771543266575e-01	7.800398749614240179e-02	9.278794336320506098e-02	8.596861471035027735e-02	1.351787186536976271e-02	1.881535550664794817e-02
5.369924937157364866e+02	4.688902979806981453e-01	2.437839291986274581e-01	7.845615739614109074e-02	9.305137486519145240e-02	8.622652115020232322e-02	1.368449521022148396e-02	1.900983308990693635e-02
5.418302639293917764e+02	4.677787430696205284e-01	2.435778392606188225e-01	7.890430356664986100e-02	9.330836167650534418e-02	8.647926449553246242e-02	1.385111092392861051e-02	1.920298589813325407e-02
5.466680341430470662e+02	4.666829942057659220e-01	2.433726452031478860e-01	7.934847326804296552e-02	9.355904827610712904e-02	8.672694200669092690e-02	1.401770305118937333e-02	1.939480288004468561e-02
5.515058043567023560e+02	4.656027587697368353e-01	2.431683818562405397e-01	7.978871325072291187e-02	9.380357611927253592e-02	8.696964915938884544e-02	1.418425599873556452e-02	1.958527373689169029e-02
5.563435745703576458e+02	4.645377511414393590e-01	2.429650812133615223e-01	8.022506975075723024e-02	9.404208368479929914e-02	8.720747967103154030e-02	1.435075452934048840e-02	1.977438890025946805e-02
5.611813447840129356e+02	4.634876924734442905e-01	2.427627726149982623e-01	8.065758848638762690e-02	9.427470652271766061e-02	8.744052552720908700e-02	1.451718375587637312e-02	1.996213951035563303e-02
5.660191149976681118e+02	4.624523104743674673e-01	2.425614829203961709e-01	8.108631465534543725e-02	9.450157730238471776e-02	8.766887700829273378e-02	1.468352913542406157e-02	2.014851739477838827e-02
5.708568852113234016e+02	4.614313392017185822e-01	2.423612366682184605e-01	8.151129293291117794e-02	9.472282586085277456e-02	8.789262271609050992e-02	1.484977646343754211e-02	2.033351504775989665e-02
5.756946554249786914e+02	4.604245188636998387e-01	2.421620562268535504e-01	8.193256747066095247e-02	9.493857925141103993e-02	8.811184960051893222e-02	1.501591186796555864e-02	2.051712560987905068e-02
5.805324256386339812e+02	4.594315956294686698e-01	2.419639619350443249e-01	8.235018189584576709e-02	9.514896179220838635e-02	8.832664298625157728e-02	1.518192180393236092e-02	2.069934284823779849e-02
5.853701958522892710e+02	4.584523214474077735e-01	2.417669722334710447e-01	8.276417931135376937e-02	9.535409511487358269e-02	8.853708659930867308e-02	1.534779304747934704e-02	2.088016113709472224e-02
5.902079660659445608e+02	4.574864538709739192e-01	2.415711037878765233e-01	8.317460229620868284e-02	9.555409821305597962e-02	8.874326259355518054e-02	1.551351269036921159e-02	2.105957543894947451e-02
5.950457362795999643e+02	4.565337558917232363e-01	2.413763716042842955e-01	8.358149290656119446e-02	9.574908749081717518e-02	8.894525157707766638e-02	1.567906813445396619e-02	2.123758128607150172e-02
5.998835064932552541e+02	4.555939957791341199e-01	2.411827891368248378e-01	8.398489267713259154e-02	9.593917681081035043e-02	8.914313263841290580e-02	1.584444708620802444e-02	2.141417476246624055e-02
6.047212767069104302e+02	4.546669469268724839e-01	2.409903683886500392e-01	8.438484262307316408e-02	9.612447754218991780e-02	8.933698337260410904e-02	1.600963755132740404e-02	2.158935248627196282e-02
6.095590469205657200e+02	4.537523877051652388e-01	2.407991200063857029e-01	8.478138324220006738e-02	9.630509860819951029e-02	8.952687990706248433e-02	1.617462782939590310e-02	2.176311159258024347e-02
6.143968171342210098e+02	4.528501013189673019e-01	2.406090533685413813e-01	8.517455451758228213e-02	9.648114653339173730e-02	8.971289692721454156e-02	1.633940650861896021e-02	2.193544971667296326e-02
6.192345873478761860e+02	4.519598756716278198e-01	2.404201766682702579e-01	8.556439592044191855e-02	9.665272549043744943e-02	8.989510770191722067e-02	1.650396246062582270e-02	2.210636497766873057e-02
6.240723575615315895e+02	4.510815032337760488e-01	2.402324969908453678e-01	8.595094641334379004e-02	9.681993734648706995e-02	9.007358410862491283e-02	1.666828483534048277e-02	2.227585596257153008e-02
6.289101277751868793e+02	4.502147809171667681e-01	2.400460203861949637e-01	8.633424445364697164e-02	9.698288170905018657e-02	9.024839665829430257e-02	1.683236305592172508e-02	2.244392171071431935e-02
6.337478979888421691e+02	4.493595099532379789e-01	2.398607519368168850e-01	8.671432799719364093e-02	9.714165597136344144e-02	9.041961452001441579e-02	1.699618681377254928e-02	2.261056169859039511e-02
6.385856682024975726e+02	4.485154957761497974e-01	2.396766958213712995e-01	8.709123450221269158e-02	9.729635535722060136e-02	9.058730554535061874e-02	1.715974606361908225e-02	2.277577582506522952e-02
6.434234384161527487e+02	4.476825479100859373e-01	2.394938553742315124e-01	8.746500093341674775e-02	9.744707296524121598e-02	9.075153629239327002e-02	1.732303101865911160e-02	2.293956439696154953e-02
6.482612086298080385e+02	4.468604798606122253e-01	2.393122331412536052e-01	8.783566376627309491e-02	9.759389981255769952e-02	9.091237204950212980e-02	1.748603214578013654e-02	2.310192811501043594e-02
6.530989788434633283e+02	4.460491090098981926e-01	2.391318309320099311e-01	8.820325899143013904e-02	9.773692487790332228e-02	9.106987685873957350e-02	1.764874016084690481e-02	2.326286806016122574e-02
6.579367490571185044e+02	4.452482565156194450e-01	2.389526498687139233e-01	8.856782211928240778e-02	9.787623514408584635e-02	9.122411353898629560e-02	1.781114602405823449e-02	2.342238568024310186e-02
6.627745192707737942e+02	4.444577472133680596e-01	2.387746904320501018e-01	8.892938818465846718e-02	9.801191563983427391e-02	9.137514370873424385e-02	1.797324093537290904e-02	2.358048277697118167e-02
6.676122894844290840e+02	4.436774095224090275e-01	2.385979525041082017e-01	8.928799175161708512e-02	9.814404948100778625e-02	9.152302780855271769e-02	1.813501633000431934e-02	2.373716149329011330e-02
6.724500596980843738e+02	4.429070753546287542e-01	2.384224354086083575e-01	8.964366691833799972e-02	9.827271791115840816e-02	9.166782512322402265e-02	1.829646387398359622e-02	2.389242430104814366e-02
6.772878299117396637e+02	4.421465800265316215e-01	2.382481379485909267e-01	8.999644732209487186e-02	9.839800034144036145e-02	9.180959380354608568e-02	1.845757545979072323e-02	2.404627398899472288e-02
6.821256001253949535e+02	4.413957621741475545e-01	2.380750584417342386e-01	9.034636614429858437e-02	9.851997438986084821e-02	9.194839088780001890e-02	1.861834320205330018e-02	2.419871365109478589e-02
6.869633703390502433e+02	4.406544636707211970e-01	2.379031947534523961e-01	9.069345611560029885e-02	9.863871591986864140e-02	9.208427232288141084e-02	1.877875943331242664e-02	2.434974667515293900e-02
6.918011405527055331e+02	4.399225295470611807e-01	2.377325443279152684e-01	9.103774952104412566e-02	9.875429907827798504e-02	9.221729298509476203e-02	1.893881669985521612e-02	2.449937673174082051e-02
6.966389107663608229e+02	4.391998079144336931e-01	2.375631042171237328e-01	9.137927820526028921e-02	9.886679633252667965e-02	9.234750670061059319e-02	1.909850775761337202e-02	2.464760776342101237e-02
7.014766809800161127e+02	4.384861498898917076e-01	2.373948711081647900e-01	9.171807357769014291e-02	9.897627850726860299e-02	9.247496626558583677e-02	1.925782556812727711e-02	2.479444397426099067e-02
7.063144511936714025e+02	4.377814095239360714e-01	2.372278413487626525e-01	9.205416661783516474e-02	9.908281482030147080e-02	9.259972346594833037e-02	1.941676329457500683e-02	2.493988981963066176e-02
7.111522214073266923e+02	4.370854437304112494e-01	2.370620109712341939e-01	9.238758788052262028e-02	9.918647291783215525e-02	9.272182909684642538e-02	1.957531429786558627e-02	2.508394999627711758e-02
7.159899916209819821e+02	4.363981122185427997e-01	2.368973757149511472e-01	9.271836750118128689e-02	9.928731890908237823e-02	9.284133298176551474e-02	1.973347213279590118e-02	2.522662943267036523e-02
7.208277618346371582e+02	4.357192774270289282e-01	2.367339310474034508e-01	9.304653520112092513e-02	9.938541740023834614e-02	9.295828399131335351e-02	1.989123054427057238e-02	2.536793327961388289e-02
7.256655320482924481e+02	4.350488044601035220e-01	2.365716721839526970e-01	9.337212029280976544e-02	9.948083152774911397e-02	9.307273006167629537e-02	2.004858346358411383e-02	2.550786690111392363e-02
7.305033022619478515e+02	4.343865610254914467e-01	2.364105941063592842e-01	9.369515168514490344e-02	9.957362299097829994e-02	9.318471821274922073e-02	2.020552500476469407e-02	2.564643586550161350e-02
7.353410724756030277e+02	4.337324173741808342e-01	2.362506915801604046e-01	9.401565788871057983e-02	9.966385208421522923e-02	9.329429456594173775e-02	2.036204946097876223e-02	2.578364593680196326e-02
7.401788426892584312e+02	4.330862462419429737e-01	2.360919591709716714e-01	9.433366702102009838e-02	9.975157772805119671e-02	9.340150436166366754e-02	2.051815130099584814e-02	2.591950306634410034e-02
7.450166129029136073e+02	4.324479227925305813e-01	2.359343912597808290e-01	9.464920681173721873e-02	9.983685750012795401e-02	9.350639197649325551e-02	2.067382516571279055e-02	2.605401338460695479e-02
7.498543831165690108e+02	4.318173245624919443e-01	2.357779820572965257e-01	9.496230460787337402e-02	9.991974766526505458e-02	9.360900094003106464e-02	2.082906586473666846e-02	2.618718319329494185e-02
7.546921533302243006e+02	4.311943314075392664e-01	2.356227256174120710e-01	9.527298737895721625e-02	1.000003032049736618e-01	9.370937395144354753e-02	2.098386837302568253e-02	2.631901895763814545e-02
7.595299235438793630e+02	4.305788254504137602e-01	2.354686158498393578e-01	9.558128172217354723e-02	1.000785778463644665e-01	9.380755289569968347e-02	2.113822782758725122e-02	2.644952729891162160e-02
7.643676937575347665e+02	4.299706910301920870e-01	2.353156465319655444e-01	9.588721386746862363e-02	1.001546240904576668e-01	9.390357885950463557e-02	2.129213952423254785e-02	2.657871498716863137e-02
7.692054639711900563e+02	4.293698146529824622e-01	2.351638113199809588e-01	9.619080968261947695e-02	1.002284932399033629e-01	9.399749214693417509e-02	2.144559891438676744e-02	2.670658893418260960e-02
7.740432341848452324e+02	4.287760849439596345e-01	2.350131037593234107e-01	9.649209467826480591e-02	1.003002354261206125e-01	9.408933229477416116e-02	2.159860160195430784e-02	2.683315618659282489e-02
7.788810043985006359e+02	4.281893926006924977e-01	2.348635172944822103e-01	9.679109401289531789e-02	1.003698996358639850e-01	9.417913808756882277e-02	2.175114334023817847e-02	2.695842391924879039e-02
7.837187746121558121e+02	4.276096303477170957e-01	2.347150452782012509e-01	9.708783249780178481e-02	1.004375337372260951e-01	9.426694757238220090e-02	2.190322002891281067e-02	2.708239942874857489e-02
7.885565448258112156e+02	4.270366928923141070e-01	2.345676809801187368e-01	9.738233460197889824e-02	1.005031845050852746e-01	9.435279807327692780e-02	2.205482771104956552e-02	2.720509012716624403e-02
7.933943150394665054e+02	4.264704768814479574e-01	2.344214175948785284e-01	9.767462445698364693e-02	1.005668976460072223e-01	9.443672620551445129e-02	2.220596257019418276e-02	2.732650353596381004e-02
7.982320852531219089e+02	4.259108808598285889e-01	2.342762482497454668e-01	9.796472586174663488e-02	1.006287178226095008e-01	9.451876788948120056e-02	2.235662092749537630e-02	2.744664728008307242e-02
8.030698554667769713e+02	4.253578052290586942e-01	2.341321660117558490e-01	9.825266228733538221e-02	1.006886886773983719e-01	9.459895836434471794e-02	2.250679923888388931e-02	2.756552908221297088e-02
8.079076256804323748e+02	4.248111522078302227e-01	2.339891638944310848e-01	9.853845688166830430e-02	1.007468528560866994e-01	9.467733220144435025e-02	2.265649409230121453e-02	2.768315675722798561e-02
8.127453958940876646e+02	4.242708257931357974e-01	2.338472348640818765e-01	9.882213247417866164e-02	1.008032520304023433e-01	9.475392331742053809e-02	2.280570220497728229e-02	2.779953820679339008e-02
8.175831661077428407e+02	4.237367317224618457e-01	2.337063718457277339e-01	9.910371158042761974e-02	1.008579269203959544e-01	9.482876498708724122e-02	2.295442042075634265e-02	2.791468141413311344e-02
8.224209363213982442e+02	4.232087774369331368e-01	2.335665677286553610e-01	9.938321640666564205e-02	1.009109173162574952e-01	9.490188985605171879e-02	2.310264570747032342e-02	2.802859443895614963e-02
8.272587065350534203e+02	4.226868720453769712e-01	2.334278153716382032e-01	9.966066885434182732e-02	1.009622620996504655e-01	9.497332995308591097e-02	2.325037515435898414e-02	2.814128541253749921e-02
8.320964767487085965e+02	4.221709262892795467e-01	2.332901076078373326e-01	9.993609052456048358e-02	1.010119992645728965e-01	9.504311670225384923e-02	2.339760596953606095e-02	2.825276253294972673e-02
8.369342469623640000e+02	4.216608525086061876e-01	2.331534372494034890e-01	1.002095027224848556e-01	1.010601659377541456e-01	9.511128093479916112e-02	2.354433547750077113e-02	2.836303406044128270e-02
8.417720171760191761e+02	4.211565646084592385e-01	2.330177970917979013e-01	1.004809264616874226e-01	1.011067983985963897e-01	9.517785290079715244e-02	2.369056111669391729e-02	2.847210831295790903e-02
8.466097873896745796e+02	4.206579780265475299e-01	2.328831799178493478e-01	1.007503824684466281e-01	1.011519320986698084e-01	9.524286228057540771e-02	2.383628043709792865e-02	2.857999366180336703e-02
8.514475576033297557e+02	4.201650097014439367e-01	2.327495785015626928e-01	1.010178911859900275e-01	1.011956016807700337e-01	9.530633819590728084e-02	2.398149109788011435e-02	2.868669852743599077e-02
8.562853278169851592e+02	4.196775780416068247e-01	2.326169856116946100e-01	1.012834727786836309e-01	1.012378409975468185e-01	9.536830922098227248e-02	2.412619086507846247e-02	2.879223137539754437e-02
8.611230980306403353e+02	4.191956028951430713e-01	2.324853940151095921e-01	1.015471471361673733e-01	1.012786831297123741e-01	9.542880339315752691e-02	2.427037760932931540e-02	2.889660071237093800e-02
8.659608682442956251e+02	4.187190055202912320e-01	2.323547964799301258e-01	1.018089338774369190e-01	1.013181604038379396e-01	9.548784822349432044e-02	2.441404930363621703e-02	2.899981508236348579e-02
8.707986384579510286e+02	4.182477085566033703e-01	2.322251857784924656e-01	1.020688523548717863e-01	1.013563044097470639e-01	9.554547070708374612e-02	2.455720402117931439e-02	2.910188306301245489e-02
8.756364086716062047e+02	4.177816359968063997e-01	2.320965546901204435e-01	1.023269216582097657e-01	1.013931460175138272e-01	9.560169733316545293e-02	2.469983993316459195e-02	2.920281326200967545e-02
8.804741788852616082e+02	4.173207131593226760e-01	2.319688960037271930e-01	1.025831606184682554e-01	1.014287153940742620e-01	9.565655409504326967e-02	2.484195530671237662e-02	2.930261431364214117e-02
8.853119490989170117e+02	4.168648666614317988e-01	2.318422025202554193e-01	1.028375878118121950e-01	1.014630420194590626e-01	9.571006649980173808e-02	2.498354850278440564e-02	2.940129487544552306e-02
8.901497193125721878e+02	4.164140243930560259e-01	2.317164670549657080e-01	1.030902215633691943e-01	1.014961547026554667e-01	9.576225957782735776e-02	2.512461797414882597e-02	2.949886362496764378e-02
8.949874895262273640e+02	4.159681154911505918e-01	2.315916824395814755e-01	1.033410799509921069e-01	1.015280815971063566e-01	9.581315789213810941e-02	2.526516226338256649e-02	2.959532925663901914e-02
8.998252597398827675e+02	4.155270703146846101e-01	2.314678415242992227e-01	1.035901808089691872e-01	1.015588502158541045e-01	9.586278554752518388e-02	2.540518000091038231e-02	2.969070047874759408e-02
9.046630299535379436e+02	4.150908204201939067e-01	2.313449371796715837e-01	1.038375417316823729e-01	1.015884874463369447e-01	9.591116619951049749e-02	2.554466990308003338e-02	2.978498601051495984e-02
9.095008001671932334e+02	4.146592985378922958e-01	2.312229622983710542e-01	1.040831800772140381e-01	1.016170195648452290e-01	9.595832306312350457e-02	2.568363077027293467e-02	2.987819457927131869e-02
9.143385703808486369e+02	4.142324385483249771e-01	2.311019097968405600e-01	1.043271129709024414e-01	1.016444722506450182e-01	9.600427892150101283e-02	2.582206148504974028e-02	2.997033491772656960e-02
9.191763405945038130e+02	4.138101754595508996e-01	2.309817726168381380e-01	1.045693573088464917e-01	1.016708705997762391e-01	9.604905613431337363e-02	2.595996101033025069e-02	3.006141576133493018e-02
9.240141108081592165e+02	4.133924453848383807e-01	2.308625437268812253e-01	1.048099297613601655e-01	1.016962391385324571e-01	9.609267664602046122e-02	2.609732838760705706e-02	3.015144584575060738e-02
9.288518810218145063e+02	4.129791855208621021e-01	2.307442161235965239e-01	1.050488467763769918e-01	1.017206018366294262e-01	9.613516199396093809e-02	2.623416273519238104e-02	3.024043390437203271e-02
9.336896512354697961e+02	4.125703341263875501e-01	2.306267828329808256e-01	1.052861245828051046e-01	1.017439821200689931e-01	9.617653331627804003e-02	2.637046324649753443e-02	3.032838866597232369e-02
9.385274214491247449e+02	4.121658305014306301e-01	2.305102369115777372e-01	1.055217791938334870e-01	1.017664028837053924e-01	9.621681135968514209e-02	2.650622918834443995e-02	3.041531885241356009e-02
9.433651916627801484e+02	4.117656149668794119e-01	2.303945714475753581e-01	1.057558264101895740e-01	1.017878865035203584e-01	9.625601648707433899e-02	2.664145989930870317e-02	3.050123317644267903e-02
9.482029618764355519e+02	4.113696288445675697e-01	2.302797795618286847e-01	1.059882818233490176e-01	1.018084548486136304e-01	9.629416868497125970e-02	2.677615478809363195e-02	3.058614033956669198e-02
9.530407320900908417e+02	4.109778144377866926e-01	2.301658544088117653e-01	1.062191608186979636e-01	1.018281292929151260e-01	9.633128757083904425e-02	2.691031333193475567e-02	3.067004903000512470e-02
9.578785023037459041e+02	4.105901150122273635e-01	2.300527891775030476e-01	1.064484785786484200e-01	1.018469307266252066e-01	9.636739240023467490e-02	2.704393507503427552e-02	3.075296792071750135e-02
9.627162725174014213e+02	4.102064747773371822e-01	2.299405770922077208e-01	1.066762500857072055e-01	1.018648795673889051e-01	9.640250207382063119e-02	2.717701962702492521e-02	3.083490566750389170e-02
9.675540427310568248e+02	4.098268388680865182e-01	2.298292114133206610e-01	1.069024901254989890e-01	1.018819957712103208e-01	9.643663514423478356e-02	2.730956666146278078e-02	3.091587090717638764e-02
9.723918129447120009e+02	4.094511533271308901e-01	2.297186854380330323e-01	1.071272132897441165e-01	1.018982988431129805e-01	9.646980982282132855e-02	2.744157591434847818e-02	3.099587225579966687e-02
9.772295831583674044e+02	4.090793650873604248e-01	2.296089925009858201e-01	1.073504339791914730e-01	1.019138078475519404e-01	9.650204398622574953e-02	2.757304718267635998e-02	3.107491830699868340e-02
9.820673533720223531e+02	4.087114219548274585e-01	2.295001259748734312e-01	1.075721664065071859e-01	1.019285414185832628e-01	9.653335518285646732e-02	2.770398032301110702e-02	3.115301763033157673e-02
9.869051235856777566e+02	4.083472725920417323e-01	2.293920792709995271e-01	1.077924245991195851e-01	1.019425177697963619e-01	9.656376063921590092e-02	2.783437525009131372e-02	3.123017876972604412e-02
9.917428937993331601e+02	4.079868665016259666e-01	2.292848458397880873e-01	1.080112224020210038e-01	1.019557547040147311e-01	9.659327726610368592e-02	2.796423193545959432e-02	3.130641024197736849e-02
9.965806640129884499e+02	4.076301540103212662e-01	2.291784191712522012e-01	1.082285734805269184e-01	1.019682696227703078e-01	9.662192166469463217e-02	2.809355040611872384e-02	3.138172053530637745e-02
