0.000000000000000000e+00	9.890924750551062239e-01	6.636680153604616754e-40	9.270579820493380849e-03	8.419455045441690046e-46	3.217148455994449201e-03	1.072499725304246112e-03	2.164672796515968348e-54
4.837770213655283591e+00	9.704571310114681326e-01	1.775899706835138564e-02	9.223225802519328595e-03	8.010791134403272057e-05	4.021438869809983163e-03	1.099244693544601612e-03	1.255769986076229490e-05
9.675540427310567182e+00	9.527155526095816285e-01	3.433752314813901668e-02	9.249707321163768564e-03	3.110280802507553455e-04	4.885122193908641303e-03	1.125641356062853822e-03	2.812834779157330064e-05
1.451331064096584811e+01	9.358152711166073390e-01	4.981260248184810752e-02	9.344476042851214762e-03	6.794079815473549324e-04	5.801806423290542872e-03	1.151993754679684007e-03	4.714525607400706130e-05
1.935108085462113081e+01	9.197071213756313757e-01	6.425623734022517519e-02	9.502354213960780699e-03	1.172844884088562484e-03	6.765576523008821723e-03	1.178579799966263065e-03	6.998892001718584252e-05
2.418885106827641707e+01	9.043450288551265759e-01	7.773573562326493991e-02	9.718510394102562733e-03	1.779822098343821282e-03	7.770961824832059266e-03	1.205653084372626613e-03	9.699117685556287566e-05
2.902662128193169622e+01	8.896858105361840074e-01	9.031401708409118878e-02	9.988436773073594566e-03	2.489649424961321803e-03	8.812905588694854367e-03	1.233444575446490795e-03	1.284390744466301702e-04
3.386439149558698603e+01	8.756889887357864888e-01	1.020498995708432888e-01	1.030792796817185317e-02	3.292407529205177742e-03	9.886736586720568098e-03	1.262164196986179619e-03	1.645784691844652818e-04
3.870216170924226162e+01	8.623166170232117178e-01	1.129983665906282714e-01	1.067306120528864824e-02	4.178895984138468814e-03	1.098814257690557475e-02	1.292002305459356371e-03	2.056173712659779015e-04
4.353993192289755143e+01	8.495331174416365094e-01	1.232108174144883883e-01	1.108017779350160131e-02	5.140584742227548645e-03	1.211314554225174055e-02	1.323131068540705406e-03	2.517290542514349569e-04
4.837770213655283413e+01	8.373051282984078636e-01	1.327353008627791819e-01	1.152586580878099155e-02	6.169568810748580524e-03	1.325807857926298607e-02	1.355705752174372501e-03	3.030549447438597786e-04
5.321547235020811684e+01	8.256013618354844930e-01	1.416167338359908545e-01	1.200694390792845546e-02	7.258525921057245277e-03	1.441956432731985975e-02	1.389865922148835918e-03	3.597073069680967921e-04
5.805324256386339954e+01	8.143924711364606273e-01	1.498971055865357949e-01	1.252044619901391750e-02	8.400676995504018779e-03	1.559449483754761848e-02	1.425736565781023958e-03	4.217717360549264115e-04
6.289101277751868224e+01	8.036509256685580027e-01	1.576156686620533709e-01	1.306360809938758583e-02	9.589749228602824013e-03	1.678001278643087221e-02	1.463429138941145947e-03	4.893094729241350208e-04
6.772878299117397205e+01	7.933508948972091135e-01	1.648091173900505524e-01	1.363385311684089246e-02	1.081994161104879101e-02	1.797349394563174663e-02	1.503042543308191195e-03	5.623595528087120153e-04
7.256655320482924765e+01	7.834681394475299099e-01	1.715117547169281720e-01	1.422878049369387041e-02	1.208589273638585246e-02	1.917253082526684804e-02	1.544664038426824502e-03	6.409407986664543682e-04
7.740432341848452324e+01	7.739799093212659242e-01	1.777556481613804529e-01	1.484615365751569549e-02	1.338265074059834074e-02	2.037491741331792783e-02	1.588370092838017411e-03	7.250536699815611410e-04
8.224209363213981305e+01	7.648648487098387294e-01	1.835707755925541917e-01	1.548388942585795548e-02	1.470564523468996347e-02	2.157863493891634676e-02	1.634227178276818904e-03	8.146819767638745777e-04
8.707986384579510286e+01	7.561029069740787811e-01	1.889851614969921267e-01	1.614004791581342274e-02	1.605066109946364297e-02	2.278183859197576225e-02	1.682292510669953752e-03	9.097944679040965554e-04
9.191763405945040688e+01	7.476752553892290765e-01	1.940250043550473535e-01	1.681282311242226352e-02	1.741381402026814448e-02	2.398284513607221516e-02	1.732614741422224339e-03	1.010346302436581495e-03
9.675540427310566827e+01	7.395642092799779022e-01	1.987147957069477777e-01	1.750053405294728012e-02	1.879152764747122825e-02	2.518012135560637049e-02	1.785234602252877469e-03	1.116280411694402187e-03
1.015931744867609581e+02	7.317531551947489277e-01	2.030774314508244360e-01	1.820161658684385161e-02	2.018051227589088767e-02	2.637227328214789349e-02	1.840185506630159524e-03	1.227528759811702570e-03
1.064309447004162337e+02	7.242264827913412750e-01	2.071343158796243311e-01	1.891461567387117682e-02	2.157774494339988539e-02	2.755803614847446986e-02	1.897494110653230289e-03	1.344013509533441069e-03
1.112687149140715235e+02	7.169695211273954261e-01	2.109054589307453598e-01	1.963817818524148801e-02	2.298045085544649091e-02	2.873626502219428849e-02	1.957180836044547598e-03	1.465648099830234958e-03
1.161064851277267991e+02	7.099684790691404013e-01	2.144095670913058194e-01	2.037104617499391201e-02	2.438608604833536128e-02	2.990592607399646455e-02	2.019260357741910466e-03	1.592338241384000895e-03
1.209442553413820747e+02	7.032103895505595892e-01	2.176641283730562648e-01	2.111205059092043090e-02	2.579232120981527973e-02	3.106608843852298046e-02	2.083742058416779633e-03	1.723982835606453811e-03
1.257820255550373645e+02	6.966830574325726388e-01	2.206854917439211028e-01	2.186010539637234240e-02	2.719702658085051614e-02	3.221591662861222199e-02	2.150630452093529876e-03	1.860474822475448623e-03
1.306197957686926259e+02	6.903750107281508841e-01	2.234889413779020673e-01	2.261420207614606159e-02	2.859825786743451503e-02	3.335466346624021972e-02	2.219925578902239710e-03	2.001701962121847297e-03
1.354575659823479441e+02	6.842754549745450054e-01	2.260887660614676331e-01	2.337340450139543252e-02	2.999424309596102761e-02	3.448166349589329438e-02	2.291623372864841010e-03	2.147547554770483542e-03
1.402953361960032339e+02	6.783742305480613410e-01	2.284983240724865194e-01	2.413684413015211930e-02	3.138337035002007613e-02	3.559632684835595945e-02	2.365716004490344641e-03	2.297891103331336365e-03
1.451331064096584669e+02	6.726617727301554828e-01	2.307301038271355464e-01	2.490371552156320223e-02	3.276417633055397904e-02	3.669813352500077286e-02	2.442192199838828359e-03	2.452608922649804433e-03
1.499708766233137851e+02	6.671290743460763784e-01	2.327957805709328920e-01	2.567327214338314609e-02	3.413533568511070704e-02	3.778662807463233075e-02	2.521037537605436141e-03	2.611574699156670246e-03
1.548086468369690749e+02	6.617676508089388454e-01	2.347062693720249615e-01	2.644482245359210462e-02	3.549565105548557059e-02	3.886141463677407482e-02	2.602234725674266915e-03	2.774660004407719389e-03
1.596464170506243647e+02	6.565695074129948017e-01	2.364717746580095870e-01	2.721772623826021476e-02	3.684404379636354449e-02	3.992215232700330185e-02	2.685763858497263595e-03	2.941734765768862919e-03
1.644841872642796261e+02	6.515271087300501529e-01	2.381018365218320054e-01	2.799139118894386838e-02	3.817954532067897866e-02	4.096855094154394639e-02	2.771602656564659158e-03	3.112667697283941909e-03
1.693219574779349159e+02	6.466333499724911116e-01	2.396053740075707317e-01	2.876526970399018515e-02	3.950128903031094318e-02	4.200036695982579948e-02	2.859726689150720366e-03	3.287326693558152019e-03
1.741597276915902057e+02	6.418815301952750518e-01	2.409907255731731368e-01	2.953885589914486895e-02	4.080850279344426512e-02	4.301739982511995630e-02	2.950109581441163250e-03	3.465579189299241095e-03
1.789974979052454671e+02	6.372653272175592409e-01	2.422656869143398617e-01	3.031168281381140667e-02	4.210050193246092642e-02	4.401948848466958469e-02	3.042723207076246557e-03	3.647292486980481009e-03
1.838352681189008138e+02	6.327787741524084630e-01	2.434375463217362534e-01	3.108331980019981428e-02	4.337668268859548593e-02	4.500650817195870484e-02	3.137537867075950240e-03	3.832334054922997748e-03
1.886730383325560467e+02	6.284162374402915141e-01	2.445131177324733340e-01	3.185337008343563231e-02	4.463651613180213973e-02	4.597836741490498452e-02	3.234522456050426247e-03	4.020571797939649812e-03
1.935108085462113081e+02	6.241723962888636734e-01	2.454987716262968522e-01	3.262146848147781664e-02	4.587954248635053855e-02	4.693500525483144947e-02	3.333644616539831532e-03	4.211874302537514138e-03
1.983485787598666263e+02	6.200422234278853972e-01	2.464004639071064040e-01	3.338727927442143584e-02	4.710536584460132958e-02	4.787638866207011984e-02	3.434870882272414872e-03	4.406111058540526475e-03
2.031863489735219162e+02	6.160209670940577364e-01	2.472237629012491444e-01	3.415049421344111547e-02	4.831364924322018028e-02	4.880251013498403123e-02	3.538166811078118871e-03	4.603152658867266413e-03
2.080241191871772060e+02	6.121041341661046520e-01	2.479738745954549184e-01	3.491083066026630377e-02	4.950411007777819755e-02	4.971338547006603353e-02	3.643497108146688101e-03	4.802870979080714822e-03
2.128618894008324673e+02	6.082874743756176983e-01	2.486556662292620512e-01	3.566802984867380177e-02	5.067651583326576725e-02	5.060905169158742140e-02	3.750825740274181964e-03	5.005139338216490000e-03
2.176996596144877287e+02	6.045669655240260010e-01	2.492736883492871480e-01	3.642185526003808432e-02	5.183068010952246452e-02	5.148956513003106333e-02	3.860116041699614489e-03	5.209832642293047052e-03
2.225374298281430470e+02	6.009387996405851640e-01	2.498321954256882971e-01	3.717209110549898193e-02	5.296645892196462369e-02	5.235499963925506484e-02	3.971330812094041665e-03	5.416827511811172363e-03
2.273752000417983652e+02	5.973993700205180168e-01	2.503351651246206733e-01	3.791854090779156472e-02	5.408374725928129928e-02	5.320544494299789956e-02	4.084432407227574398e-03	5.626002394460307907e-03
2.322129702554535982e+02	5.939452590863943948e-01	2.507863163243644888e-01	3.866102617623659587e-02	5.518247588097392742e-02	5.404100510195711943e-02	4.199382822805357469e-03	5.837237664165439120e-03
2.370507404691088880e+02	5.905732270195452882e-01	2.511891259570820933e-01	3.939938516881378444e-02	5.626260833874055511e-02	5.486179709325417209e-02	4.316143771931369236e-03	6.050415707530051868e-03
2.418885106827641494e+02	5.872802011117623788e-01	2.515468447528136364e-01	4.013347173563646536e-02	5.732413820675796856e-02	5.566794949464039244e-02	4.434676756628812798e-03	6.265420998657635597e-03
2.467262808964194392e+02	5.840632657907709469e-01	2.518625119573218440e-01	4.086315423851674677e-02	5.836708650689803601e-02	5.645960126630584358e-02	4.554943133817741276e-03	6.482140163266054272e-03
2.515640511100747290e+02	5.809196532759888232e-01	2.521389690907222536e-01	4.158831454165645702e-02	5.939149931583365821e-02	5.723690062362621345e-02	4.676904176124268772e-03	6.700462032945529896e-03
2.564018213237300188e+02	5.778467348239081369e-01	2.523788728094696898e-01	4.230884706882283297e-02	6.039744554184835884e-02	5.800000399462547362e-02	4.800521127871162745e-03	6.920277690351576971e-03
2.612395915373852517e+02	5.748420125250837120e-01	2.525847069301858649e-01	4.302465792267067685e-02	6.138501485996632201e-02	5.874907505634524574e-02	4.925755256576624073e-03	7.141480506068897255e-03
2.660773617510405415e+02	5.719031116171777729e-01	2.527587936699997040e-01	4.373566406215531610e-02	6.235431579476931330e-02	5.948428384469804653e-02	5.052567900266608653e-03	7.363966167830525086e-03
2.709151319646958882e+02	5.690277732808244338e-01	2.529033041545026284e-01	4.444179253424530851e-02	6.330547394096826264e-02	6.020580593274237058e-02	5.180920510885970130e-03	7.587632702728311709e-03
2.757529021783511780e+02	5.662138478872325020e-01	2.530202682410865322e-01	4.514297975639083166e-02	6.423863031245186095e-02	6.091382167265472353e-02	5.310774694074953638e-03	7.812380493005865144e-03
2.805906723920064678e+02	5.634592886684669510e-01	2.531115837023169557e-01	4.583917084643483048e-02	6.515393981114679656e-02	6.160851549698852236e-02	5.442092245560020171e-03	8.038112285983086205e-03
2.854284426056617008e+02	5.607621457832340228e-01	2.531790248110788455e-01	4.653031899686994877e-02	6.605156980759636920e-02	6.229007527510401626e-02	5.574835184391620235e-03	8.264733198622323251e-03
2.902662128193169337e+02	5.581205607527597312e-01	2.532242503665090294e-01	4.721638489054606758e-02	6.693169882569832696e-02	6.295869172092828647e-02	5.708965783246191736e-03	8.492150717209658375e-03
2.951039830329722804e+02	5.555327612430003281e-01	2.532488111971848976e-01	4.789733615512221931e-02	6.779451532454264240e-02	6.361455784846097028e-02	5.844446595995363841e-03	8.720274692590800764e-03
2.999417532466276270e+02	5.529970561709663945e-01	2.532541571756589116e-01	4.857314685373271407e-02	6.864021657075652927e-02	6.425786847168138416e-02	5.981240482731940873e-03	8.949017331369331363e-03
3.047795234602828600e+02	5.505118311143797349e-01	2.532416437762033956e-01	4.924379700950252264e-02	6.946900759519991642e-02	6.488881974573657008e-02	6.119310632429757202e-03	9.178293183445443426e-03
3.096172936739380930e+02	5.480755440052335059e-01	2.532125382055524510e-01	4.990927216170105291e-02	7.028110022826264403e-02	6.550760874649913523e-02	6.258620583402779540e-03	9.408019126245750069e-03
3.144550638875934396e+02	5.456867210890855580e-01	2.531680251344833321e-01	5.056956295146738944e-02	7.107671220839476001e-02	6.611443308577923117e-02	6.399134241717931160e-03	9.638114345969008359e-03
3.192928341012487294e+02	5.433439531330884753e-01	2.531092120562638548e-01	5.122466473517497954e-02	7.185606635885777305e-02	6.670949055965758046e-02	6.540815897705874217e-03	9.868500316148628645e-03
3.241306043149040192e+02	5.410458918668650252e-01	2.530371342962938197e-01	5.187457722362957824e-02	7.261938982801671716e-02	6.729297882757691307e-02	6.683630240704453197e-03	1.009910077381057612e-02
3.289683745285592522e+02	5.387912466413663504e-01	2.529527596956814839e-01	5.251930414541196995e-02	7.336691338880375890e-02	6.786509511998858879e-02	6.827542372160579076e-03	1.032984169348435087e-02
3.338061447422145420e+02	5.365787812918101363e-01	2.528569929900123525e-01	5.315885293278706930e-02	7.409887079327434622e-02	6.842603597249966030e-02	6.972517817207998445e-03	1.056065125930546675e-02
3.386439149558698318e+02	5.344073111916992636e-01	2.527506799031810081e-01	5.379323442870383165e-02	7.481549817844783401e-02	6.897599698460490925e-02	7.118522534830582123e-03	1.079145983542971650e-02
3.434816851695251216e+02	5.322757004857582297e-01	2.526346109748601743e-01	5.442246261350658365e-02	7.551703351987837376e-02	6.951517260121764519e-02	7.265522926713502763e-03	1.102219993496273386e-02
3.483194553831804114e+02	5.301828594904164360e-01	2.525095251389694040e-01	5.504655435006823583e-02	7.620371612963786068e-02	7.004375591533475165e-02	7.413485844877850880e-03	1.125280618759268332e-02
3.531572255968357013e+02	5.281277422511975184e-01	2.523761130693735755e-01	5.566552914613999425e-02	7.687578619561484528e-02	7.056193849028391529e-02	7.562378598187875778e-03	1.148321530609936955e-02
3.579949958104909342e+02	5.261093442470647918e-01	2.522350203079819497e-01	5.627940893279050061e-02	7.753348435923899939e-02	7.106991020010723636e-02	7.712168957814099883e-03	1.171336605189945285e-02
3.628327660241463377e+02	5.241267002324138113e-01	2.520868501894293345e-01	5.688821785788105573e-02	7.817705132893448816e-02	7.156785908673361785e-02	7.862825161729985676e-03	1.194319919977485100e-02
3.676705362378016275e+02	5.221788822080050130e-01	2.519321665755960282e-01	5.749198209359198536e-02	7.880672752678535842e-02	7.205597123268449311e-02	8.014315918314649304e-03	1.217265750191967935e-02
3.725083064514568036e+02	5.202649975126913962e-01	2.517714964123580756e-01	5.809072965707957892e-02	7.942275276606519663e-02	7.253443064814359131e-02	8.166610409129259479e-03	1.240168565143013463e-02
3.773460766651120935e+02	5.183841870283202313e-01	2.516053321201514037e-01	5.868449024340274822e-02	8.002536595743979519e-02	7.300341917130136193e-02	8.319678290930209233e-03	1.263023024535154734e-02
3.821838468787673833e+02	5.165356234906801625e-01	2.514341338291773420e-01	5.927329506991506347e-02	8.061480484179954498e-02	7.346311638095991137e-02	8.473489696977943089e-03	1.285823974738745448e-02
3.870216170924226162e+02	5.147185098998242614e-01	2.512583314693715431e-01	5.985717673136974754e-02	8.119130574781478760e-02	7.391369952045408198e-02	8.628015237696320255e-03	1.308566445036666963e-02
3.918593873060780197e+02	5.129320780235292476e-01	2.510783267245978445e-01	6.043616906503460062e-02	8.175510337243616088e-02	7.435534343200947416e-02	8.783226000733723726e-03	1.331245643855626624e-02
3.966971575197332527e+02	5.111755869880514336e-01	2.508944948599111102e-01	6.101030702515951309e-02	8.230643058268141687e-02	7.478822050071937122e-02	8.939093550473635810e-03	1.353856954990072074e-02
4.015349277333884856e+02	5.094483219507167648e-01	2.507071864301570474e-01	6.157962656618198860e-02	8.284551823716239383e-02	7.521250060737928733e-02	9.095589927039219105e-03	1.376395933826049349e-02
4.063726979470438323e+02	5.077495928492331556e-01	2.505167288776369849e-01	6.214416453409622731e-02	8.337259502591010119e-02	7.562835108947056628e-02	9.252687644833347200e-03	1.398858303571676176e-02
4.112104681606991221e+02	5.060787332229417235e-01	2.503234280260625555e-01	6.270395856544878910e-02	8.388788732715368734e-02	7.603593670963468276e-02	9.410359690652778109e-03	1.421239951500294710e-02
4.160482383743544119e+02	5.044350991015291719e-01	2.501275694775532132e-01	6.325904699345871740e-02	8.439161907979998711e-02	7.643541963102544468e-02	9.568579521412483302e-03	1.443536925211809548e-02
4.208860085880095880e+02	5.028180679570140033e-01	2.499294199189895094e-01	6.380946876079275631e-02	8.488401167044574980e-02	7.682695939896955206e-02	9.727321061513707900e-03	1.465745428917188641e-02
4.257237788016648778e+02	5.012270377150827017e-01	2.497292283436235993e-01	6.435526333855706715e-02	8.536528383383382157e-02	7.721071292840658851e-02	9.886558699886983589e-03	1.487861819750629401e-02
4.305615490153201677e+02	4.996614258221094840e-01	2.495272271934633190e-01	6.489647065109510615e-02	8.583565156573921828e-02	7.758683449661628317e-02	1.004626728673925842e-02	1.509882604113435729e-02
4.353993192289755143e+02	4.981206683644207600e-01	2.493236334275868160e-01	6.543313100620828937e-02	8.629532804733994200e-02	7.795547574077657527e-02	1.020642213003221561e-02	1.531804434053246275e-02
4.402370894426308041e+02	4.966042192365919261e-01	2.491186495212081298e-01	6.596528503044112035e-02	8.674452358019218989e-02	7.831678565992811203e-02	1.036699899171697990e-02	1.553624103681858735e-02
4.450748596562860939e+02	4.951115493557650127e-01	2.489124644000001996e-01	6.649297360909549315e-02	8.718344553099038885e-02	7.867091062095177278e-02	1.052797408374873608e-02	1.575338545634553250e-02
4.499126298699413837e+02	4.936421459191689398e-01	2.487052543138876803e-01	6.701623783066104623e-02	8.761229828534825015e-02	7.901799436819340050e-02	1.068932406390304436e-02	1.596944827573475861e-02
4.547504000835967304e+02	4.921955117022049353e-01	2.484971836542477497e-01	6.753511893536882915e-02	8.803128320989050959e-02	7.935817803639733103e-02	1.085102603141418001e-02	1.618440148737351064e-02
4.595881702972519065e+02	4.907711643946258695e-01	2.482884057181999615e-01	6.804965826759427905e-02	8.844059862199338262e-02	7.969160016663416612e-02	1.101305752245435726e-02	1.639821836539502933e-02
4.644259405109071963e+02	4.893686359724963575e-01	2.480790634234263936e-01	6.855989723185390572e-02	8.884043976655822683e-02	8.001839672493166189e-02	1.117539650547138934e-02	1.661087343215913309e-02
4.692637107245624861e+02	4.879874721037681939e-01	2.478692899767392099e-01	6.906587725215622420e-02	8.923099879924548117e-02	8.033870112333892088e-02	1.133802137640106331e-02	1.682234242524800055e-02
4.741014809382177759e+02	4.866272315854413555e-01	2.476592094994029547e-01	6.956763973448358562e-02	8.961246477563603041e-02	8.065264424317390712e-02	1.150091095376936171e-02	1.703260226498985383e-02
4.789392511518730657e+02	4.852874858104112010e-01	2.474489376120229123e-01	7.006522603219564327e-02	8.998502364582428026e-02	8.096035446022326054e-02	1.166404447369857704e-02	1.724163102252112764e-02
4.837770213655284124e+02	4.839678182622215163e-01	2.472385819816275143e-01	7.055867741415913774e-02	9.034885825398238091e-02	8.126195767168016559e-02	1.182740158483035209e-02	1.744940788839599230e-02
4.886147915791837022e+02	4.826678240360560701e-01	2.470282428334018843e-01	7.104803503542136967e-02	9.070414834246709468e-02	8.155757732462279308e-02	1.199096234317769891e-02	1.765591314175018675e-02
4.934525617928388783e+02	4.813871093844073190e-01	2.468180134293692651e-01	7.153333991025666305e-02	9.105107056007145927e-02	8.184733444585037820e-02	1.215470720691721844e-02	1.786112812002476138e-02
4.982903320064942250e+02	4.801252912859580446e-01	2.466079805161674188e-01	7.201463288742618318e-02	9.138979847405154233e-02	8.213134767290822258e-02	1.231861703113188052e-02	1.806503518925371699e-02
5.031281022201495148e+02	4.788819970363045742e-01	2.463982247439274464e-01	7.249195462750179786e-02	9.172050258558493707e-02	8.240973328614596694e-02	1.248267306251395377e-02	1.826761771491830152e-02
5.079658724338048046e+02	4.776568638592366689e-01	2.461888210581311964e-01	7.296534558211480170e-02	9.204335034834236484e-02	8.268260524166541614e-02	1.264685693403697943e-02	1.846886003336951909e-02
5.128036426474600376e+02	4.764495385373695990e-01	2.459798390662019385e-01	7.343484597499896904e-02	9.235850618987646865e-02	8.295007520502578613e-02	1.281115065960498206e-02	1.866874742381922220e-02
5.176414128611153274e+02	4.752596770609985866e-01	2.457713433804682990e-01	7.390049578470624103e-02	9.266613153555364191e-02	8.321225258558442861e-02	1.297553662868649975e-02	1.886726608089928786e-02
5.224791830747705035e+02	4.740869442941185730e-01	2.455633939390341747e-01	7.436233472888102713e-02	9.296638483477435988e-02	8.346924457136106756e-02	1.313999760094045066e-02	1.906440308778730580e-02
5.273169532884259070e+02	4.729310136566152734e-01	2.453560463059890062e-01	7.482040224998685873e-02	9.325942158924627190e-02	8.372115616432272700e-02	1.330451670084024929e-02	1.926014638989653749e-02
5.321547235020811968e+02	4.717915668216982050e-01	2.451493519522972564e-01	7.527473750238584949e-02	9.354539438309171506e-02	8.396809021599468958e-02	1.346907741230215019e-02	1.945448476912699926e-02
5.369924937157364866e+02	4.706682934277026109e-01	2.449433585186209239e-01	7.572537934067800902e-02	9.382445291458714476e-02	8.421014746331090262e-02	1.363366357332326806e-02	1.964740781867397798e-02
5.418302639293917764e+02	4.695608908034416551e-01	2.447381100612457394e-01	7.617236630921349338e-02	9.409674402934747883e-02	8.444742656462464470e-02	1.379825937063430472e-02	1.983890591838956274e-02
5.466680341430470662e+02	4.684690637063410601e-01	2.445336472822062790e-01	7.661573663269670431e-02	9.436241175478222998e-02	8.468002413580674737e-02	1.396284933437159231e-02	2.002897021069228664e-02
5.515058043567023560e+02	4.673925240726362618e-01	2.443300077446337593e-01	7.705552820780622869e-02	9.462159733566324893e-02	8.490803478636517465e-02	1.412741833277268537e-02	2.021759257701949072e-02
5.563435745703576458e+02	4.663309907789556230e-01	2.441272260742836375e-01	7.749177859575982763e-02	9.487443927065626614e-02	8.513155115552561991e-02	1.429195156689938399e-02	2.040476561481648077e-02
5.611813447840129356e+02	4.652841894146553803e-01	2.439253341481376902e-01	7.792452501575812540e-02	9.512107334967964678e-02	8.535066394821803903e-02	1.445643456539168897e-02	2.059048261505628391e-02
5.660191149976681118e+02	4.642518520643108548e-01	2.437243612709175389e-01	7.835380433924513111e-02	9.536163269196465397e-02	8.556546197091928485e-02	1.462085317925594825e-02	2.077473754028339933e-02
5.708568852113234016e+02	4.632337170998054865e-01	2.435243343402914429e-01	7.877965308492775043e-02	9.559624778470079964e-02	8.577603216730657343e-02	1.478519357669012130e-02	2.095752500317459022e-02
5.756946554249786914e+02	4.622295289814917774e-01	2.433252780015060512e-01	7.920210741450015024e-02	9.582504652215959040e-02	8.598245965368077337e-02	1.494944223794881892e-02	2.113884024560959418e-02
5.805324256386339812e+02	4.612390380679318724e-01	2.431272147921265392e-01	7.962120312902264130e-02	9.604815424519828893e-02	8.618482775412261709e-02	1.511358595025053334e-02	2.131867911824429987e-02
5.853701958522892710e+02	4.602620004337542592e-01	2.429301652775248122e-01	8.003697566590772805e-02	9.626569378105311048e-02	8.638321803534877719e-02	1.527761180272924936e-02	2.149703806057882277e-02
5.902079660659445608e+02	4.592981776951924888e-01	2.427341481777132437e-01	8.044946009646938845e-02	9.647778548333882376e-02	8.657771034123774856e-02	1.544150718143238663e-02	2.167391408151269142e-02
5.950457362795999643e+02	4.583473368428953032e-01	2.425391804860830280e-01	8.085869112399425573e-02	9.668454727217878908e-02	8.676838282699933513e-02	1.560525976436684045e-02	2.184930474037919193e-02
5.998835064932552541e+02	4.574092500816261953e-01	2.423452775805695902e-01	8.126470308229641337e-02	9.688609467439524003e-02	8.695531199296377411e-02	1.576885751659469134e-02	2.202320812845088779e-02
6.047212767069104302e+02	4.564836946764888603e-01	2.421524533277338298e-01	8.166752993471976252e-02	9.708254086369637326e-02	8.713857271796976445e-02	1.593228868537997431e-02	2.219562285090818932e-02
6.095590469205657200e+02	4.555704528053411972e-01	2.419607201802158325e-01	8.206720527355461370e-02	9.727399670080157101e-02	8.731823829233299750e-02	1.609554179538775359e-02	2.236654800926273640e-02
6.143968171342210098e+02	4.546693114170763939e-01	2.417700892679886804e-01	8.246376231983679195e-02	9.746057077345179898e-02	8.749438045037902234e-02	1.625860564393657656e-02	2.253598318422738930e-02
6.192345873478761860e+02	4.537800620954717257e-01	2.415805704838114021e-01	8.285723392350048677e-02	9.764236943625662080e-02	8.766706940252672053e-02	1.642146929630524527e-02	2.270392841902454592e-02
6.240723575615315895e+02	4.529025009283220160e-01	2.413921725632545978e-01	8.324765256385707746e-02	9.781949685033378139e-02	8.783637386691012239e-02	1.658412208109473138e-02	2.287038420312448306e-02
6.289101277751868793e+02	4.520364283815915263e-01	2.412049031596486537e-01	8.363505035037487045e-02	9.799205502270158519e-02	8.800236110052873928e-02	1.674655358564592494e-02	2.303535145640542639e-02
6.337478979888421691e+02	4.511816491783341432e-01	2.410187689142804512e-01	8.401945902373561537e-02	9.816014384538784832e-02	8.816509692991775227e-02	1.690875365151377555e-02	2.319883151372711255e-02
6.385856682024975726e+02	4.503379721821448300e-01	2.408337755221440779e-01	8.440090995714574773e-02	9.832386113422297846e-02	8.832464578133124300e-02	1.707071236999831501e-02	2.336082610990950631e-02
6.434234384161527487e+02	4.495052102849212416e-01	2.406499277935317815e-01	8.477943415788156967e-02	9.848330266728773374e-02	8.848107071043283256e-02	1.723242007773297113e-02	2.352133736510857165e-02
6.482612086298080385e+02	4.486831802987256701e-01	2.404672297117314561e-01	8.515506226904907827e-02	9.863856222298959808e-02	8.863443343148970366e-02	1.739386735233039785e-02	2.368036777058082562e-02
6.530989788434633283e+02	4.478717028515494802e-01	2.402856844870811526e-01	8.552782457154034512e-02	9.878973161774425027e-02	8.878479434606677267e-02	1.755504500808609952e-02	2.383792017482863276e-02
6.579367490571185044e+02	4.470706022867947937e-01	2.401052946076136507e-01	8.589775098616964089e-02	9.893690074324131001e-02	8.893221257121924905e-02	1.771594409173992898e-02	2.399399777011813895e-02
6.627745192707737942e+02	4.462797065662971741e-01	2.399260618865100281e-01	8.626487107597363702e-02	9.908015760327587573e-02	8.907674596718247184e-02	1.787655587829553583e-02	2.414860407936197245e-02
6.676122894844290840e+02	4.454988471767240554e-01	2.397479875065662291e-01	8.662921404866090469e-02	9.921958835012979760e-02	8.921845116455923153e-02	1.803687186689779953e-02	2.430174294335867707e-02
6.724500596980843738e+02	4.447278590391927633e-01	2.395710720618637046e-01	8.699080875919723566e-02	9.935527732048847482e-02	8.935738359100511841e-02	1.819688377676812602e-02	2.445341850838121320e-02
6.772878299117396637e+02	4.439665804219606882e-01	2.393953155968232271e-01	8.734968371251401742e-02	9.948730707088095093e-02	8.949359749741353509e-02	1.835658354319752439e-02	2.460363521410670676e-02
6.821256001253949535e+02	4.432148528560475587e-01	2.392207176428086668e-01	8.770586706632767238e-02	9.961575841263281550e-02	8.962714598360271845e-02	1.851596331359729383e-02	2.475239778187990694e-02
6.869633703390502433e+02	4.424725210536599174e-01	2.390472772524370737e-01	8.805938663405921130e-02	9.974071044632318306e-02	8.975808102350738005e-02	1.867501544360710211e-02	2.489971120330277538e-02
6.918011405527055331e+02	4.417394328292911787e-01	2.388749930317417558e-01	8.841026988784378426e-02	9.986224059573819978e-02	8.988645348987865658e-02	1.883373249326020238e-02	2.504558072914281688e-02
6.966389107663608229e+02	4.410154390233822497e-01	2.387038631703245484e-01	8.875854396162025095e-02	9.998042464131529083e-02	9.001231317849597846e-02	1.899210722320547606e-02	2.519001185855287983e-02
7.014766809800161127e+02	4.403003934284290821e-01	2.385338854696255617e-01	8.910423565429223536e-02	1.000953367530732080e-01	9.013570883189545024e-02	1.915013259098599999e-02	2.533301032859513677e-02
7.063144511936714025e+02	4.395941527174344055e-01	2.383650573694301167e-01	8.944737143295208859e-02	1.002070495230246161e-01	9.025668816261947502e-02	1.930780174737374566e-02	2.547458210406227525e-02
7.111522214073266923e+02	4.388965763746017767e-01	2.381973759727248618e-01	8.978797743616021010e-02	1.003156339970684291e-01	9.037529787599257736e-02	1.946510803276003607e-02	2.561473336758883848e-02
7.159899916209819821e+02	4.382075266281799109e-01	2.380308380690074055e-01	9.012607947727252489e-02	1.004211597063605771e-01	9.049158369242907285e-02	1.962204497360132277e-02	2.575347051004589841e-02
7.208277618346371582e+02	4.375268683853663632e-01	2.378654401561482445e-01	9.046170304780923321e-02	1.005236946981624691e-01	9.060559036927826049e-02	1.977860627891984968e-02	2.589080012121231650e-02
7.256655320482924481e+02	4.368544691691866322e-01	2.377011784608958900e-01	9.079487332085899032e-02	1.006233055661675119e-01	9.071736172221300798e-02	1.993478583685874203e-02	2.602672898071597615e-02
7.305033022619478515e+02	4.361901990572690235e-01	2.375380489581112864e-01	9.112561515451236827e-02	1.007200574803064630e-01	9.082694064616811391e-02	2.009057771129101055e-02	2.616126404923846752e-02
7.353410724756030277e+02	4.355339306224382812e-01	2.373760473888119615e-01	9.145395309531963168e-02	1.008140142160333375e-01	9.093436913583465009e-02	2.024597613848198516e-02	2.629441245997684792e-02
7.401788426892584312e+02	4.348855388750565987e-01	2.372151692771007347e-01	9.177991138176741504e-02	1.009052381830941036e-01	9.103968830571697313e-02	2.040097552380465765e-02	2.642618151035622254e-02
7.450166129029136073e+02	4.342449012070430103e-01	2.370554099460492614e-01	9.210351394777016587e-02	1.009937904537810266e-01	9.114293840975887240e-02	2.055557043850739576e-02	2.655657865398699038e-02
7.498543831165690108e+02	4.336118973375064356e-01	2.368967645326023608e-01	9.242478442617177437e-02	1.010797307906759618e-01	9.124415886054601521e-02	2.070975561653345259e-02	2.668561149286069120e-02
7.546921533302243006e+02	4.329864092599309267e-01	2.367392280015644390e-01	9.274374615225351726e-02	1.011631176738863325e-01	9.134338824809110080e-02	2.086352595139176133e-02	2.681328776977862094e-02
7.595299235438793630e+02	4.323683211908534441e-01	2.365827951587256006e-01	9.306042216724466631e-02	1.012440083277780789e-01	9.144066435820909222e-02	2.101687649307840827e-02	2.693961536100733523e-02
7.643676937575347665e+02	4.317575195199795379e-01	2.364274606631815989e-01	9.337483522183245843e-02	1.013224587472101867e-01	9.153602419048922911e-02	2.116980244504823236e-02	2.706460226915543416e-02
7.692054639711900563e+02	4.311538927616823114e-01	2.362732190388977804e-01	9.368700777966811055e-02	1.013985237232755132e-01	9.162950397587101004e-02	2.132229916123595109e-02	2.718825661626601831e-02
7.740432341848452324e+02	4.305573315078359276e-01	2.361200646855642626e-01	9.399696202086618713e-02	1.014722568685534343e-01	9.172113919383122205e-02	2.147436214312621952e-02	2.731058663711937590e-02
7.788810043985006359e+02	4.299677283819343110e-01	2.359679918887866157e-01	9.430471984549455844e-02	1.015437106418794755e-01	9.181096458918902581e-02	2.162598703687204638e-02	2.743160067274062405e-02
7.837187746121558121e+02	4.293849779944488021e-01	2.358169948296534035e-01	9.461030287705250730e-02	1.016129363726378937e-01	9.189901418853613224e-02	2.177716963046094981e-02	2.755130716410698552e-02
7.885565448258112156e+02	4.288089768993822992e-01	2.356670675937193593e-01	9.491373246593474977e-02	1.016799842845829832e-01	9.198532131629925945e-02	2.192790585092827330e-02	2.766971464604970135e-02
7.933943150394665054e+02	4.282396235519776995e-01	2.355182041794402215e-01	9.521502969287928830e-02	1.017449035191952122e-01	9.206991861044180880e-02	2.207819176161700259e-02	2.778683174134547948e-02
7.982320852531219089e+02	4.276768182675398378e-01	2.353703985060933146e-01	9.551421537239711268e-02	1.018077421585785319e-01	9.215283803781164351e-02	2.222802355948356665e-02	2.790266715499267400e-02
8.030698554667769713e+02	4.271204631813350083e-01	2.352236444212158217e-01	9.581131005618227781e-02	1.018685472479051168e-01	9.223411090914220012e-02	2.237739757244893574e-02	2.801722966866735873e-02
8.079076256804323748e+02	4.265704622095294329e-01	2.350779357075901965e-01	9.610633403650027662e-02	1.019273648174141567e-01	9.231376789371358027e-02	2.252631025679444760e-02	2.813052813535463562e-02
8.127453958940876646e+02	4.260267210111340908e-01	2.349332660898047764e-01	9.639930734955381997e-02	1.019842399039711661e-01	9.239183903368054784e-02	2.267475819460175457e-02	2.824257147415062605e-02
8.175831661077428407e+02	4.254891469509213264e-01	2.347896292404155205e-01	9.669024977882423322e-02	1.020392165721945854e-01	9.246835375807420376e-02	2.282273809123626720e-02	2.835336866523063479e-02
8.224209363213982442e+02	4.249576490632823722e-01	2.346470187857336298e-01	9.697918085838758140e-02	1.020923379351563604e-01	9.254334089648413864e-02	2.297024677287352531e-02	2.846292874497915321e-02
8.272587065350534203e+02	4.244321380169950864e-01	2.345054283112615878e-01	9.726611987620413513e-02	1.021436461746631219e-01	9.261682869242748861e-02	2.311728118406784424e-02	2.857126080127743439e-02
8.320964767487085965e+02	4.239125260808730977e-01	2.343648513667991595e-01	9.755108587738056669e-02	1.021931825611250011e-01	9.268884481641170847e-02	2.326383838536270204e-02	2.867837396894442475e-02
8.369342469623640000e+02	4.233987270902682121e-01	2.342252814712397213e-01	9.783409766740351621e-02	1.022409874730186435e-01	9.275941637869727918e-02	2.340991555094221188e-02	2.878427742532704489e-02
8.417720171760191761e+02	4.228906564143996016e-01	2.340867121170753795e-01	9.811517381534425042e-02	1.022871004159515568e-01	9.282856994176690024e-02	2.355550996632311753e-02	2.888898038603579174e-02
8.466097873896745796e+02	4.223882309244847422e-01	2.339491367746285577e-01	9.839433265703319276e-02	1.023315600413341186e-01	9.289633153250746733e-02	2.370061902608671528e-02	2.899249210082178660e-02
8.514475576033297557e+02	4.218913689626465069e-01	2.338125488960268727e-01	9.867159229820410271e-02	1.023744041646665603e-01	9.296272665411096925e-02	2.384524023165013329e-02	2.909482184959148732e-02
8.562853278169851592e+02	4.213999903115737133e-01	2.336769419189364816e-01	9.894697061760707180e-02	1.024156697834472801e-01	9.302778029770045198e-02	2.398937118907635765e-02	2.919597893855533505e-02
8.611230980306403353e+02	4.209140161649124745e-01	2.335423092700684711e-01	9.922048527009005858e-02	1.024553930947094960e-01	9.309151695368697577e-02	2.413300960692243632e-02	2.929597269650675156e-02
8.659608682442956251e+02	4.204333690983664829e-01	2.334086443684720291e-01	9.949215368964833828e-02	1.024936095121928431e-01	9.315396062286371293e-02	2.427615329412531261e-02	2.939481247122793448e-02
8.707986384579510286e+02	4.199579730414849665e-01	2.332759406286271098e-01	9.976199309244154767e-02	1.025303536831564805e-01	9.321513482724283484e-02	2.441880015792470549e-02	2.949250762601897738e-02
8.756364086716062047e+02	4.194877532501192219e-01	2.331441914633484436e-01	1.000300204797781867e-01	1.025656595048404229e-01	9.327506262064090559e-02	2.456094820182246757e-02	2.958906753634701903e-02
8.804741788852616082e+02	4.190226362795274051e-01	2.330133902865121620e-01	1.002962526410670768e-01	1.025995601405816637e-01	9.333376659901844452e-02	2.470259552357785549e-02	2.968450158661208038e-02
8.853119490989170117e+02	4.185625499581100417e-01	2.328835305156154722e-01	1.005607061567357352e-01	1.026320880355915399e-01	9.339126891057923652e-02	2.484374031323820925e-02	2.977881916702639770e-02
8.901497193125721878e+02	4.181074233617574354e-01	2.327546055741797348e-01	1.008233974011153722e-01	1.026632749324005722e-01	9.344759126563485785e-02	2.498438085120443380e-02	2.987202967060417075e-02
8.949874895262273640e+02	4.176571867887923228e-01	2.326266088940054100e-01	1.010843425452925270e-01	1.026931518859775516e-01	9.350275494623944139e-02	2.512451550633078637e-02	2.996414249025857249e-02
8.998252597398827675e+02	4.172117717354908994e-01	2.324995339172878928e-01	1.013435575599271332e-01	1.027217492785287151e-01	9.355678081560035719e-02	2.526414273405840419e-02	3.005516701600320639e-02
9.046630299535379436e+02	4.167711108721665614e-01	2.323733740986029250e-01	1.016010582180370270e-01	1.027490968339834776e-01	9.360968932726954073e-02	2.540326107458206958e-02	3.014511263225495147e-02
9.095008001671932334e+02	4.163351380198008211e-01	2.322481229067682451e-01	1.018568600977487887e-01	1.027752236321727575e-01	9.366150053412077015e-02	2.554186915104968147e-02	3.023398871523546444e-02
9.143385703808486369e+02	4.159037881272059645e-01	2.321237738265893302e-01	1.021109785850151247e-01	1.028001581227059730e-01	9.371223409711762486e-02	2.567996566779390949e-02	3.032180463046854277e-02
9.191763405945038130e+02	4.154769972487061258e-01	2.320003203604958375e-01	1.023634288762986094e-01	1.028239281385525394e-01	9.376190929387717699e-02	2.581754940859552414e-02	3.040856973037067007e-02
9.240141108081592165e+02	4.150547025223216835e-01	2.318777560300749330e-01	1.026142259812219820e-01	1.028465609093340144e-01	9.381054502703378706e-02	2.595461923497789300e-02	3.049429335193212798e-02
9.288518810218145063e+02	4.146368421484449840e-01	2.317560743775074761e-01	1.028633847251851363e-01	1.028680830743324004e-01	9.385815983240812510e-02	2.609117408453216769e-02	3.057898481448608971e-02
9.336896512354697961e+02	4.142233553689930736e-01	2.316352689669126663e-01	1.031109197519486237e-01	1.028885206952205172e-01	9.390477188698559408e-02	2.622721296927263412e-02	3.066265341756323551e-02
9.385274214491247449e+02	4.138141824470257246e-01	2.315153333856066198e-01	1.033568455261842933e-01	1.029078992685198701e-01	9.395039901670863836e-02	2.636273497402176480e-02	3.074530843882943357e-02
9.433651916627801484e+02	4.134092646468164323e-01	2.313962612452792333e-01	1.036011763359928201e-01	1.029262437377917450e-01	9.399505870408747521e-02	2.649773925482448722e-02	3.082695913210414460e-02
9.482029618764355519e+02	4.130085442143647811e-01	2.312780461830945822e-01	1.038439262953883141e-01	1.029435785055668739e-01	9.403876809563334327e-02	2.663222503739118979e-02	3.090761472545720118e-02
9.530407320900908417e+02	4.126119643583387453e-01	2.311606818627187643e-01	1.040851093467505400e-01	1.029599274450189311e-01	9.408154400911857007e-02	2.676619161556900370e-02	3.098728441938175190e-02
9.578785023037459041e+02	4.122194692314355979e-01	2.310441619752793829e-01	1.043247392632444953e-01	1.029753139113873533e-01	9.412340294066735835e-02	2.689963834984089586e-02	3.106597738504117759e-02
9.627162725174014213e+02	4.118310039121517718e-01	2.309284802402607473e-01	1.045628296512079447e-01	1.029897607531544412e-01	9.416436107168145442e-02	2.703256466585212542e-02	3.114370276258778686e-02
9.675540427310568248e+02	4.114465143869501240e-01	2.308136304063379551e-01	1.047993939525068557e-01	1.030032903229818886e-01	9.420443427560451499e-02	2.716497005296358846e-02	3.122046965955126846e-02
9.723918129447120009e+02	4.110659475328158341e-01	2.306996062521537438e-01	1.050344454468591510e-01	1.030159244884118613e-01	9.424363812452904443e-02	2.729685406283164847e-02	3.129628714929487410e-02
9.772295831583674044e+02	4.106892511001901669e-01	2.305864015870408290e-01	1.052679972541269715e-01	1.030276846423373027e-01	9.428198789564956606e-02	2.742821630801398416e-02	3.137116426953728832e-02
9.820673533720223531e+02	4.103163736962736063e-01	2.304740102516931455e-01	1.055000623365776602e-01	1.030385917132465023e-01	9.431949857756577460e-02	2.755905646060102798e-02	3.144511002093834662e-02
9.869051235856777566e+02	4.099472647686888682e-01	2.303624261187885436e-01	1.057306535011138110e-01	1.030486661752465505e-01	9.435618487643905594e-02	2.768937425087258930e-02	3.151813336574664504e-02
9.917428937993331601e+02	4.095818745894947432e-01	2.302516430935657166e-01	1.059597834014726070e-01	1.030579280578702989e-01	9.439206122200619054e-02	2.781916946597923559e-02	3.159024322650728911e-02
9.965806640129884499e+02	4.092201542395428326e-01	2.301416551143579126e-01	1.061874645403947937e-01	1.030663969556714632e-01	9.442714177345323812e-02	2.794844194864797710e-02	3.166144848482791568e-02
