0.000000000000000000e+00	9.883873933225966191e-01	5.667879893670857724e-35	9.784911590214943194e-03	2.092991760740876213e-34	3.348658652591165151e-03	9.962529217854903738e-04	5.050155938361224910e-30
4.837770213655283591e+00	9.698060597337065936e-01	1.771894227389203894e-02	9.729942543217335801e-03	8.064033652564711163e-05	4.142625002287820581e-03	1.026892884368920929e-03	1.211371318986305970e-05
9.675540427310567182e+00	9.521145108487866215e-01	3.426264765845318111e-02	9.746831531381247235e-03	3.130501977098058765e-04	4.996009629795948072e-03	1.057091023438008932e-03	2.707559762343052394e-05
1.451331064096584811e+01	9.352606075499444449e-01	4.970768109855586842e-02	9.830234505236321724e-03	6.837266176595799012e-04	5.902445252428356083e-03	1.087153155643850446e-03	4.536830771981753286e-05
1.935108085462113081e+01	9.191954882983208730e-01	6.412562091732444680e-02	9.975162534851315238e-03	1.180130139763880311e-03	6.856038960789838377e-03	1.117359041576419885e-03	6.741659456159210500e-05
2.418885106827641707e+01	9.038733581179922982e-01	7.758338383661057824e-02	1.017695861839246728e-02	1.790620045644885370e-03	7.851339821494043511e-03	1.147964185751026772e-03	9.359186130315761245e-05
2.902662128193169622e+01	8.892512912788884671e-01	9.014352880429574166e-02	1.043127600178229107e-02	2.504393854133714434e-03	8.883308629593663144e-03	1.179201517877107031e-03	1.242164006175286168e-04
3.386439149558698603e+01	8.752890467867465718e-01	1.018645410105816079e-01	1.073405791097791460e-02	3.311430810682219027e-03	9.947289669582736263e-03	1.211282963161591873e-03	1.595673354559202020e-04
3.870216170924226162e+01	8.619488958462666606e-01	1.128010973852821425e-01	1.108151860480877798e-02	4.202439105884582006e-03	1.103898435305926233e-02	1.244400908893689151e-03	1.998802829934450472e-04
4.353993192289755143e+01	8.491954605179837801e-01	1.230043147838636164e-01	1.147012566231533394e-02	5.168806578852481320e-03	1.215442660976306759e-02	1.278729574085475489e-03	2.453527603248123923e-04
4.837770213655283413e+01	8.369955628401771763e-01	1.325219819912079322e-01	1.189658342414098152e-02	6.202554677143637049e-03	1.328995991676749054e-02	1.314426288501034093e-03	2.961473492502568841e-04
5.321547235020811684e+01	8.253180837346325571e-01	1.413987765984408285e-01	1.235781751277404902e-02	7.296295459858312404e-03	1.444221585814041073e-02	1.351632686994028252e-03	3.523946363483951077e-04
5.805324256386339954e+01	8.141338310594663508e-01	1.496764677393363774e-01	1.285096036133935755e-02	8.443191444459692205e-03	1.560809411443505983e-02	1.390475824687654278e-03	4.141959434640746750e-04
6.289101277751868224e+01	8.034154162137279176e-01	1.573941056084665890e-01	1.337333768522180714e-02	9.636918110905551629e-03	1.678474378795589972e-02	1.431069218170138080e-03	4.816258627406572461e-04
6.772878299117397205e+01	7.931371387372844195e-01	1.645881986231217120e-01	1.392245583508852982e-02	1.087162888885958960e-02	1.796954597589968741e-02	1.473513817541676580e-03	5.547346093929827766e-04
7.256655320482924765e+01	7.832748783857643726e-01	1.712928790348032249e-01	1.449598997388092288e-02	1.214192246513670116e-02	1.916009750922470153e-02	1.517898913833456770e-03	6.335502045452294723e-04
7.740432341848452324e+01	7.738059941942343478e-01	1.775400577435376770e-01	1.509177302409144342e-02	1.344281225917926502e-02	2.035419578047825348e-02	1.564302986024655208e-03	7.180804996430087796e-04
8.224209363213981305e+01	7.647092300749740446e-01	1.833595690191315852e-01	1.570778533513956729e-02	1.476969792430955081e-02	2.154982458883857727e-02	1.612794491607813128e-03	8.083150531875888702e-04
8.707986384579510286e+01	7.559646265243402663e-01	1.887793057875647718e-01	1.634214502393261520e-02	1.611833874180211568e-02	2.274514093532478340e-02	1.663432604395435020e-03	9.042268698286253046e-04
9.191763405945040688e+01	7.475534380414031732e-01	1.938253460977923393e-01	1.699309894475511257e-02	1.748482878351178410e-02	2.393846270551941782e-02	1.716267903019890904e-03	1.005774011186936438e-03
9.675540427310566827e+01	7.394580558869228160e-01	1.985220713440964402e-01	1.765901424748904033e-02	1.886557372691710296e-02	2.512825718125205610e-02	1.771343013353639901e-03	1.112901087157638653e-03
1.015931744867609581e+02	7.316619358354383706e-01	2.028922767816196127e-01	1.833837048583940310e-02	2.025726921403322653e-02	2.631313032652824249e-02	1.828693207866391793e-03	1.225540635863501615e-03
1.064309447004162337e+02	7.241495305958597362e-01	2.069572748376464488e-01	1.902975223973768851e-02	2.165688065274629440e-02	2.749181679657331304e-02	1.888346964739141820e-03	1.343614399886036096e-03
1.112687149140715235e+02	7.169062265971000159e-01	2.107369916884240801e-01	1.973184221843069658e-02	2.306162436575621977e-02	2.866317062221153400e-02	1.950326489371149779e-03	1.467034505895084160e-03
1.161064851277267991e+02	7.099182848550541491e-01	2.142500575406716679e-01	2.044341481294529098e-02	2.446894999851640870e-02	2.982615652493303751e-02	2.014648200744058055e-03	1.595704554324229620e-03
1.209442553413820747e+02	7.031727856557119516e-01	2.175138910282893301e-01	2.116333006865988783e-02	2.587652410335560677e-02	3.097984182092834368e-02	2.081323184946663827e-03	1.729520625296999091e-03
1.257820255550373645e+02	6.966575768064640073e-01	2.205447781080029923e-01	2.189052805062121840e-02	2.728221482238523884e-02	3.212338887510618468e-02	2.150357618013660089e-03	1.868372206595541761e-03
1.306197957686926259e+02	6.903612252238088276e-01	2.233579458126557504e-01	2.262402357602792680e-02	2.868407759686010874e-02	3.325604806866763047e-02	2.221753160091243570e-03	2.012143049077375068e-03
1.354575659823479441e+02	6.842729716407687235e-01	2.259676311974614105e-01	2.336290128996932128e-02	3.008034183539384440e-02	3.437715124619936807e-02	2.295507322811229586e-03	2.160711954585069899e-03
1.402953361960032339e+02	6.783826882314277773e-01	2.283871457926677784e-01	2.410631106206599303e-02	3.146939847785520938e-02	3.548610561048291118e-02	2.371613811632598216e-03	2.313953501056759988e-03
1.451331064096584669e+02	6.726808389632028540e-01	2.306289358556344593e-01	2.485346368311546622e-02	3.284978839590686067e-02	3.658238803530415584e-02	2.450062844794699286e-03	2.471738709230568171e-03
1.499708766233137851e+02	6.671584424997863971e-01	2.327046386962215163e-01	2.560362684220773843e-02	3.422019157501361708e-02	3.766553976849881802e-02	2.530841450419093336e-03	2.633935655041955148e-03
1.548086468369690749e+02	6.618070374892296437e-01	2.346251353315223498e-01	2.635612136604843087e-02	3.557941702636045755e-02	3.873516149929311092e-02	2.613933743196770760e-03	2.800410031538292516e-03
1.596464170506243647e+02	6.566186500824126027e-01	2.364005997092767097e-01	2.711031770341714581e-02	3.692639338049728132e-02	3.979090876570323676e-02	2.699321182003775084e-03	2.971025663878364143e-03
1.644841872642796261e+02	6.515857635372176437e-01	2.380405447236909888e-01	2.786563263880101338e-02	3.826016011768399588e-02	4.083248767935006990e-02	2.786982809700651060e-03	3.145644980744793928e-03
1.693219574779349159e+02	6.467012897731465593e-01	2.395538652328028373e-01	2.862152622028308474e-02	3.957985939285967036e-02	4.185965094653428670e-02	2.876895476289234154e-03	3.324129445273547520e-03
1.741597276915902057e+02	6.419585427499199248e-01	2.409488782728874401e-01	2.937749888773744100e-02	4.088472841591689333e-02	4.287219416580823061e-02	2.969034046523754203e-03	3.506339948395521215e-03
1.789974979052454671e+02	6.373512135518307753e-01	2.422333606526544114e-01	3.013308878829135118e-02	4.217409235053989208e-02	4.386995238358121219e-02	3.063371593001631803e-03	3.692137167289945635e-03
1.838352681189008138e+02	6.328733470673163497e-01	2.434145840980653508e-01	3.088786926686439352e-02	4.344735769727368219e-02	4.485279689051006879e-02	3.159879575692461570e-03	3.881381891466934280e-03
1.886730383325560467e+02	6.285193201604057922e-01	2.444993481074623221e-01	3.164144652038845124e-02	4.470400612874314561e-02	4.582063224256228279e-02	3.258528008801107531e-03	4.073935318826153729e-03
1.935108085462113081e+02	6.242838212374235418e-01	2.454940106662835131e-01	3.239345740505481658e-02	4.594358874704512763e-02	4.677339349170040600e-02	3.359285615802383527e-03	4.269659323879525063e-03
1.983485787598666263e+02	6.201618311186152255e-01	2.464045169609064001e-01	3.314356738662849883e-02	4.716572073530348602e-02	4.771104361212823858e-02	3.462119973430110870e-03	4.468416700177294844e-03
2.031863489735219162e+02	6.161486051302377254e-01	2.472364262220610731e-01	3.389146862451866693e-02	4.837007637721530556e-02	4.863357110896607272e-02	3.566997645352257881e-03	4.670071378838131469e-03
2.080241191871772060e+02	6.122396563381479195e-01	2.479949368197476300e-01	3.463687818090040865e-02	4.955638442013443612e-02	4.954098779708845934e-02	3.673884306216089468e-03	4.874488624954330211e-03
2.128618894008324673e+02	6.084307398490611529e-01	2.486849097236417117e-01	3.537953634674991660e-02	5.072442375884432531e-02	5.043332673866737781e-02	3.782744856702596227e-03	5.081535213522321223e-03
2.176996596144877287e+02	6.047178381104496570e-01	2.493108904355382793e-01	3.611920507718528045e-02	5.187401941867281902e-02	5.131064032872001412e-02	3.893543530187725931e-03	5.291079586435727851e-03
2.225374298281430470e+02	6.010971471445398784e-01	2.498771294934361564e-01	3.685566652900029716e-02	5.300503881800434913e-02	5.217299851866722543e-02	4.006243991568907321e-03	5.502991991972816868e-03
2.273752000417983652e+02	5.975650636560622120e-01	2.503876016403702165e-01	3.758872169374190969e-02	5.411738829155546965e-02	5.302048716856924693e-02	4.120809428778877438e-03	5.717144608111781809e-03
2.322129702554535982e+02	5.941181729573298265e-01	2.508460237450272912e-01	3.831818912011483724e-02	5.521100985700530539e-02	5.385320651932233582e-02	4.237202637474703042e-03	5.933411650915422671e-03
2.370507404691088880e+02	5.907532376578895628e-01	2.512558715555056055e-01	3.904390371990166392e-02	5.628587820871702729e-02	5.467126977667683546e-02	4.355386099358014157e-03	6.151669469141034415e-03
2.418885106827641494e+02	5.874671870694149201e-01	2.516203953622730971e-01	3.976571565196504454e-02	5.734199792335688967e-02	5.547480179947595486e-02	4.475322054552643113e-03	6.371796626151284351e-03
2.467262808964194392e+02	5.842571072797168030e-01	2.519426346414200824e-01	4.048348927925229934e-02	5.837940086321725258e-02	5.626393788501821147e-02	4.596972568438019262e-03	6.593673970127167383e-03
2.515640511100747290e+02	5.811202318527440847e-01	2.522254317446658844e-01	4.119710219405345319e-02	5.939814376398462603e-02	5.703882264491685894e-02	4.720299593310575866e-03	6.817184693514389583e-03
2.564018213237300188e+02	5.780539331142443560e-01	2.524714446982453953e-01	4.190644430707270163e-02	6.039830599456740695e-02	5.779960896526933206e-02	4.845265025221122575e-03	7.042214382569496681e-03
2.612395915373852517e+02	5.750557139853764710e-01	2.526831591687516698e-01	4.261141699616251971e-02	6.137998747741391092e-02	5.854645704536047546e-02	4.971830756313324468e-03	7.268651057811356501e-03
2.660773617510405415e+02	5.721232003290125379e-01	2.528628996502219617e-01	4.331193231083951128e-02	6.234330675851457171e-02	5.927953350950707773e-02	5.099958722967176498e-03	7.496385206126956156e-03
2.709151319646958882e+02	5.692541337757558439e-01	2.530128399232166037e-01	4.400791222895378274e-02	6.328839921699466742e-02	5.999901058700986278e-02	5.229610950031442392e-03	7.725309805227645495e-03
2.757529021783511780e+02	5.664463649988424887e-01	2.531350128333303418e-01	4.469928796211965899e-02	6.421541540487031574e-02	6.070506535551401656e-02	5.360749591410435104e-03	7.955320341102649698e-03
2.805906723920064678e+02	5.636978474090912350e-01	2.532313194334830375e-01	4.538599930673642424e-02	6.512451950816297574e-02	6.139787904339246566e-02	5.493336967253121920e-03	8.186314819070705448e-03
2.854284426056617008e+02	5.610066312429397017e-01	2.533035375314444670e-01	4.606799403763381373e-02	6.601588792114958248e-02	6.207763638705829368e-02	5.627335597976287213e-03	8.418193768987801417e-03
2.902662128193169337e+02	5.583708580183511794e-01	2.533533296813463287e-01	4.674522734157019604e-02	6.688970792606876992e-02	6.274452503938615644e-02	5.762708235338281047e-03	8.650860245128949924e-03
2.951039830329722804e+02	5.557887553350114862e-01	2.533822506554070375e-01	4.741766128799146385e-02	6.774617647111200180e-02	6.339873502567751340e-02	5.899417890765670976e-03	8.884219821224701580e-03
2.999417532466276270e+02	5.532586319967635058e-01	2.533917544297328850e-01	4.808526433462747413e-02	6.858549904000287023e-02	6.404045824384296814e-02	6.037427861121851501e-03	9.118180581098285845e-03
3.047795234602828600e+02	5.507788734356566795e-01	2.533832007158525190e-01	4.874801086566023928e-02	6.940788860691153583e-02	6.466988800569789531e-02	6.176701752094214751e-03	9.352653105316839285e-03
3.096172936739380930e+02	5.483479374183216626e-01	2.533578610675770171e-01	4.940588076034557047e-02	7.021356467086566078e-02	6.528721861647518443e-02	6.317203499364917874e-03	9.587550454239994815e-03
3.144550638875934396e+02	5.459643500166331265e-01	2.533169245908486467e-01	5.005885899010775048e-02	7.100275236420659775e-02	6.589264498985368534e-02	6.458897387719396421e-03	9.822788147820893379e-03
3.192928341012487294e+02	5.436267018257885386e-01	2.532615032824379608e-01	5.070693524225514115e-02	7.177568163000128121e-02	6.648636229598207936e-02	6.601748068236651737e-03	1.005828414248849563e-02
3.241306043149040192e+02	5.413336444140232073e-01	2.531926370216636135e-01	5.135010356858566577e-02	7.253258646365862150e-02	6.706856564014775091e-02	6.745720573695849695e-03	1.029395880541549707e-02
3.289683745285592522e+02	5.390838869892025098e-01	2.531112982377331511e-01	5.198836205726297538e-02	7.327370421431486647e-02	6.763944976989831603e-02	6.890780332324895896e-03	1.052973488645350675e-02
3.338061447422145420e+02	5.368761932684876781e-01	2.530183962738289383e-01	5.262171252645007208e-02	7.399927494184779797e-02	6.819920880857155421e-02	7.036893180008371718e-03	1.076553748799577437e-02
3.386439149558698318e+02	5.347093785381615838e-01	2.529147814676884209e-01	5.325016023828479245e-02	7.470954082565517407e-02	6.874803601332751812e-02	7.184025371064470082e-03	1.100129403300810320e-02
3.434816851695251216e+02	5.325823068915378489e-01	2.528012489671385699e-01	5.387371363187411916e-02	7.540474562159076022e-02	6.928612355590547944e-02	7.332143587693324728e-03	1.123693423145008703e-02
3.483194553831804114e+02	5.304938886336529880e-01	2.526785422978421458e-01	5.449238407407003271e-02	7.608513416369164228e-02	6.981366232444922992e-02	7.481214948192348342e-03	1.147239004529170166e-02
3.531572255968357013e+02	5.284430778421771446e-01	2.525473566993888253e-01	5.510618562686992600e-02	7.675095190755583385e-02	7.033084174485615403e-02	7.631207014027880514e-03	1.170759565231434436e-02
3.579949958104909342e+02	5.264288700746520000e-01	2.524083422448114011e-01	5.571513483035998859e-02	7.740244451243875889e-02	7.083784962021105747e-02	7.782087795846511988e-03	1.194248740887051199e-02
3.628327660241463377e+02	5.244503002128100277e-01	2.522621067576261145e-01	5.631925050019007811e-02	7.803985745933404716e-02	7.133487198696347731e-02	7.933825758503942199e-03	1.217700381176254482e-02
3.676705362378016275e+02	5.225064404353222391e-01	2.521092185395759633e-01	5.691855353863428668e-02	7.866343570248680861e-02	7.182209298659894547e-02	8.086389825184038538e-03	1.241108545938797263e-02
3.725083064514568036e+02	5.205963983108775617e-01	2.519502089213972451e-01	5.751306675835302085e-02	7.927342335195934619e-02	7.229969475164009507e-02	8.239749380675939761e-03	1.264467501228704396e-02
3.773460766651120935e+02	5.187193150040215750e-01	2.517855746481276191e-01	5.810281471802955511e-02	7.987006338502880554e-02	7.276785730489332416e-02	8.393874273872519234e-03	1.287771715321693426e-02
3.821838468787673833e+02	5.168743635866676067e-01	2.516157801097211877e-01	5.868782356910794140e-02	8.045359738434611219e-02	7.322675847093135237e-02	8.548734819549335187e-03	1.311015854686675523e-02
3.870216170924226162e+02	5.150607474486503801e-01	2.514412594270375445e-01	5.926812091290933199e-02	8.102426530092461665e-02	7.367657379887139479e-02	8.704301799479188806e-03	1.334194779931790510e-02
3.918593873060780197e+02	5.132776988011166219e-01	2.512624184026128749e-01	5.984373566745047890e-02	8.158230524015780416e-02	7.411747649557355599e-02	8.860546462933768103e-03	1.357303541734536899e-02
3.966971575197332527e+02	5.115244772669482742e-01	2.510796363450101820e-01	6.041469794333249183e-02	8.212795326918664873e-02	7.454963736844512356e-02	9.017440526620403365e-03	1.380337376764730756e-02
4.015349277333884856e+02	5.098003685527857654e-01	2.508932677749715623e-01	6.098103892810849413e-02	8.266144324405126642e-02	7.497322477709224275e-02	9.174956174098695266e-03	1.403291703608253865e-02
4.063726979470438323e+02	5.081046831975647438e-01	2.507036440210596018e-01	6.154279077857743863e-02	8.318300665516760450e-02	7.538840459311400843e-02	9.333066054718818991e-03	1.426162118698841470e-02
4.112104681606991221e+02	5.064367553928115218e-01	2.505110747119750347e-01	6.209998652048727419e-02	8.369287248976889360e-02	7.579534016738256885e-02	9.491743282120450667e-03	1.448944392264495638e-02
4.160482383743544119e+02	5.047959418702405721e-01	2.503158491722687340e-01	6.265265995516397513e-02	8.419126711004457086e-02	7.619419230419938183e-02	9.650961432328646408e-03	1.471634464294493960e-02
4.208860085880095880e+02	5.031816208524876322e-01	2.501182377277285096e-01	6.320084557261440583e-02	8.467841414579556358e-02	7.658511924176028551e-02	9.810694541480530564e-03	1.494228440532396028e-02
4.257237788016648778e+02	5.015931910630765378e-01	2.499184929263126853e-01	6.374457847068044913e-02	8.515453440050553546e-02	7.696827663840205558e-02	9.970917103214377297e-03	1.516722588499921920e-02
4.305615490153201677e+02	5.000300707919671517e-01	2.497168506801192012e-01	6.428389427984897153e-02	8.561984576980341544e-02	7.734381756414084041e-02	1.013160406575048730e-02	1.539113333556083388e-02
4.353993192289755143e+02	4.984916970132649561e-01	2.495135313335221650e-01	6.481882909334796272e-02	8.607456317136256974e-02	7.771189249704696378e-02	1.029273082869127526e-02	1.561397254995501235e-02
4.402370894426308041e+02	4.969775245518926465e-01	2.493087406622729318e-01	6.534941940218336187e-02	8.651889848534777272e-02	7.807264932403389091e-02	1.045427323956609096e-02	1.583571082189421525e-02
4.450748596562860939e+02	4.954870252962257360e-01	2.491026708080507357e-01	6.587570203479309328e-02	8.695306050458263825e-02	7.842623334566864446e-02	1.061620759014456246e-02	1.605631690772551037e-02
4.499126298699413837e+02	4.940196874538867466e-01	2.488955011526557404e-01	6.639771410101595606e-02	8.737725489366728049e-02	7.877278728463982249e-02	1.077851061254057538e-02	1.627576098878481814e-02
4.547504000835967304e+02	4.925750148480698698e-01	2.486873991357645419e-01	6.691549294009296878e-02	8.779168415632937483e-02	7.911245129754533589e-02	1.094115947512752651e-02	1.649401463426137734e-02
4.595881702972519065e+02	4.911525262519362833e-01	2.484785210199122463e-01	6.742907607243636692e-02	8.819654761034186052e-02	7.944536298968656041e-02	1.110413177828399427e-02	1.671105076459368857e-02
4.644259405109071963e+02	4.897517547587753040e-01	2.482690126061276870e-01	6.793850115491921471e-02	8.859204136938697571e-02	7.977165743257869090e-02	1.126740554998766769e-02	1.692684361541548985e-02
4.692637107245624861e+02	4.883722471857731562e-01	2.480590099034242491e-01	6.844380593945438573e-02	8.897835833128961425e-02	8.009146718390811048e-02	1.143095924127413010e-02	1.714136870206753316e-02
4.741014809382177759e+02	4.870135635093670867e-01	2.478486397551412368e-01	6.894502823464657149e-02	8.935568817208393300e-02	8.040492230968770970e-02	1.159477172157589997e-02	1.735460278468872394e-02
4.789392511518730657e+02	4.856752763302929488e-01	2.476380204249351846e-01	6.944220587031514624e-02	8.972421734541453919e-02	8.071215040837949328e-02	1.175882227395606827e-02	1.756652383389784022e-02
4.837770213655284124e+02	4.843569703665494552e-01	2.474272621450379905e-01	6.993537666469865077e-02	9.008412908680911435e-02	8.101327663677108937e-02	1.192309059024982895e-02	1.777711099707511566e-02
4.886147915791837022e+02	4.830582419726192622e-01	2.472164676292297192e-01	7.042457839416393917e-02	9.043560342239223560e-02	8.130842373740881923e-02	1.208755676612626069e-02	1.798634456525105216e-02
4.934525617928388783e+02	4.817786986833876295e-01	2.470057325528130510e-01	7.090984876525487091e-02	9.077881718164083902e-02	8.159771206740497329e-02	1.225220129608182128e-02	1.819420594060814841e-02
4.982903320064942250e+02	4.805179587812999920e-01	2.467951460017288046e-01	7.139122538892543612e-02	9.111394401381038566e-02	8.188125962845090033e-02	1.241700506837619018e-02	1.840067760459964882e-02
5.031281022201495148e+02	4.792756508853902031e-01	2.465847908928120447e-01	7.186874575681277688e-02	9.144115440768751935e-02	8.215918209788046489e-02	1.258194935992032991e-02	1.860574308668803273e-02
5.079658724338048046e+02	4.780514135608970316e-01	2.463747443670584181e-01	7.234244721941471279e-02	9.176061571435015218e-02	8.243159286064059843e-02	1.274701583112587168e-02	1.880938693370455203e-02
5.128036426474600376e+02	4.768448949482674837e-01	2.461650781576488756e-01	7.281236696604539982e-02	9.207249217263860364e-02	8.269860304203664747e-02	1.291218652072430480e-02	1.901159467983006002e-02
5.176414128611153274e+02	4.756557524104193524e-01	2.459558589343670831e-01	7.327854200645034233e-02	9.237694493706367915e-02	8.296032154113100465e-02	1.307744384056379675e-02	1.921235281719618077e-02
5.224791830747705035e+02	4.744836521972070620e-01	2.457471486259375504e-01	7.374100915397041600e-02	9.267413210789735012e-02	8.321685506468322335e-02	1.324277057039085354e-02	1.941164876710493176e-02
5.273169532884259070e+02	4.733282691261002650e-01	2.455390047217131388e-01	7.419980501015124852e-02	9.296420876321083437e-02	8.346830816152839283e-02	1.340814985262353543e-02	1.960947085186400679e-02
5.321547235020811968e+02	4.721892862781444378e-01	2.453314805540479648e-01	7.465496595070089669e-02	9.324732699264197400e-02	8.371478325729968251e-02	1.357356518712236892e-02	1.980580826723409363e-02
5.369924937157364866e+02	4.710663947083337799e-01	2.451246255626044201e-01	7.510652811270562834e-02	9.352363593269072406e-02	8.395638068940827758e-02	1.373900042596466753e-02	2.000065105548388955e-02
5.418302639293917764e+02	4.699592931695772413e-01	2.449184855417624040e-01	7.555452738301880744e-02	9.379328180335624876e-02	8.419319874220138056e-02	1.390443976822748617e-02	2.019399007904781190e-02
5.466680341430470662e+02	4.688676878494912881e-01	2.447131028722223656e-01	7.599899938774369590e-02	9.405640794594367915e-02	8.442533368222555901e-02	1.406986775478405276e-02	2.038581699478075188e-02
5.515058043567023560e+02	4.677912921192988183e-01	2.445085167378233393e-01	7.643997948273627274e-02	9.431315486188165953e-02	8.465287979352943692e-02	1.423526926311807078e-02	2.057612422880381736e-02
5.563435745703576458e+02	4.667298262941591558e-01	2.443047633285305442e-01	7.687750274505850134e-02	9.456366025240400819e-02	8.487592941294486160e-02	1.440062950216002870e-02	2.076490495193435842e-02
5.611813447840129356e+02	4.656830174042939086e-01	2.441018760304853041e-01	7.731160396531742973e-02	9.480805905896054486e-02	8.509457296529174264e-02	1.456593400714917448e-02	2.095215305569331915e-02
5.660191149976681118e+02	4.646505989763145550e-01	2.438998856039516216e-01	7.774231764082950580e-02	9.504648350423243464e-02	8.530889899845629787e-02	1.473116863452461449e-02	2.113786312888247740e-02
5.708568852113234016e+02	4.636323108241903745e-01	2.436988203499401984e-01	7.816967796955329173e-02	9.527906313363776469e-02	8.551899421829750603e-02	1.489631955684865734e-02	2.132203043472381127e-02
5.756946554249786914e+02	4.626278988493339184e-01	2.434987062662394841e-01	7.859371884473766168e-02	9.550592485722179947e-02	8.572494352334050771e-02	1.506137325776520791e-02	2.150465088855304727e-02
5.805324256386339812e+02	4.616371148493089160e-01	2.432995671935365700e-01	7.901447385023606385e-02	9.572719299183536645e-02	8.592683003921981755e-02	1.522631652699584469e-02	2.168572103605904966e-02
5.853701958522892710e+02	4.606597163346978774e-01	2.431014249522652770e-01	7.943197625644007887e-02	9.594298930351262411e-02	8.612473515283926295e-02	1.539113645537589642e-02	2.186523803206064445e-02
5.902079660659445608e+02	4.596954663536931274e-01	2.429042994707791281e-01	7.984625901678937820e-02	9.615343304996687435e-02	8.631873854621831266e-02	1.555582042993266211e-02	2.204319961981218365e-02
5.950457362795999643e+02	4.587441333240027674e-01	2.427082089054065361e-01	8.025735476481725417e-02	9.635864102313007606e-02	8.650891822999828840e-02	1.572035612900768778e-02	2.221960411082909287e-02
5.998835064932552541e+02	4.578054908716855942e-01	2.425131697529104846e-01	8.066529581169389063e-02	9.655872759166803099e-02	8.669535057658446509e-02	1.588473151742482090e-02	2.239445036522445115e-02
6.047212767069104302e+02	4.568793176765539310e-01	2.423191969558402825e-01	8.107011414423197226e-02	9.675380474340931902e-02	8.687811035290300687e-02	1.604893484170559145e-02	2.256773777254763094e-02
6.095590469205657200e+02	4.559653973238030900e-01	2.421263040012324175e-01	8.147184142332150603e-02	9.694398212763136180e-02	8.705727075275415672e-02	1.621295462533330067e-02	2.273946623311588755e-02
6.143968171342210098e+02	4.550635181615479419e-01	2.419345030130865826e-01	8.187050898276262978e-02	9.712936709715241923e-02	8.723290342874524816e-02	1.637677966406704544e-02	2.290963613982982192e-02
6.192345873478761860e+02	4.541734731639646139e-01	2.417438048390166128e-01	8.226614782846788931e-02	9.731006475018286195e-02	8.740507852378946729e-02	1.654039902130673839e-02	2.307824836046350192e-02
6.240723575615315895e+02	4.532950597997539299e-01	2.415542191314493936e-01	8.265878863800640852e-02	9.748617797189353118e-02	8.757386470215824947e-02	1.670380202351007259e-02	2.324530422042014530e-02
6.289101277751868793e+02	4.524280799056595304e-01	2.413657544237207964e-01	8.304846176046494499e-02	9.765780747566327191e-02	8.773932918007670834e-02	1.686697825566229117e-02	2.341080548594416319e-02
6.337478979888421691e+02	4.515723395647893712e-01	2.411784182013954891e-01	8.343519721660208610e-02	9.782505184397129183e-02	8.790153775585368701e-02	1.702991755679937602e-02	2.357475434778043277e-02
6.385856682024975726e+02	4.507276489895030713e-01	2.409922169691156579e-01	8.381902469927340893e-02	9.798800756890364838e-02	8.806055483953893759e-02	1.719261001558534951e-02	2.373715340527171591e-02
6.434234384161527487e+02	4.498938224086425630e-01	2.408071563132646864e-01	8.419997357410684280e-02	9.814676909224646917e-02	8.821644348210200270e-02	1.735504596594411586e-02	2.389800565088515821e-02
6.482612086298080385e+02	4.490706779588954922e-01	2.406232409607126643e-01	8.457807288040926352e-02	9.830142884514131429e-02	8.836926540412805287e-02	1.751721598274626548e-02	2.405731445515886177e-02
6.530989788434633283e+02	4.482580375800925832e-01	2.404404748338938025e-01	8.495335133228577862e-02	9.845207728728135044e-02	8.851908102402764045e-02	1.767911087755118238e-02	2.421508355205962901e-02
6.579367490571185044e+02	4.474557269142527827e-01	2.402588611024496501e-01	8.532583731995511955e-02	9.859880294562883840e-02	8.866594948575798329e-02	1.784072169440461750e-02	2.437131702474299583e-02
6.627745192707737942e+02	4.466635752081989374e-01	2.400784022316563848e-01	8.569555891124534808e-02	9.874169245263780814e-02	8.880992868605475099e-02	1.800203970569200576e-02	2.452601929170680414e-02
6.676122894844290840e+02	4.458814152195778036e-01	2.398991000278412888e-01	8.606254385325494416e-02	9.888083058396686387e-02	8.895107530117402073e-02	1.816305640804750585e-02	2.467919509332963321e-02
6.724500596980843738e+02	4.451090831261273473e-01	2.397209556809793141e-01	8.642681957416588345e-02	9.901630029567028146e-02	8.908944481314483299e-02	1.832376351831887032e-02	2.483084947878551330e-02
6.772878299117396637e+02	4.443464184380429005e-01	2.395439698046489818e-01	8.678841318519539549e-02	9.914818276085637927e-02	8.922509153553394301e-02	1.848415296958808365e-02	2.498098779332645972e-02
6.821256001253949535e+02	4.435932639133013944e-01	2.393681424735149277e-01	8.714735148267471754e-02	9.927655740580465515e-02	8.935806863872433614e-02	1.864421690724770916e-02	2.512961566592444504e-02
6.869633703390502433e+02	4.428494654758123872e-01	2.391934732584941881e-01	8.750366095024349200e-02	9.940150194553429297e-02	8.948842817471053257e-02	1.880394768513279219e-02	2.527673899726456605e-02
6.918011405527055331e+02	4.421148721362692657e-01	2.390199612597522227e-01	8.785736776114942692e-02	9.952309241881836244e-02	8.961622110141351238e-02	1.896333786170815300e-02	2.542236394808129740e-02
6.966389107663608229e+02	4.413893359155837137e-01	2.388476051376662024e-01	8.820849778064333846e-02	9.964140322263921601e-02	8.974149730651914680e-02	1.912238019631086472e-02	2.556649692782979322e-02
7.014766809800161127e+02	4.406727117707895935e-01	2.386764031418840692e-01	8.855707656846048548e-02	9.975650714608197411e-02	8.986430563084420176e-02	1.928106764544765608e-02	2.570914458368436101e-02
7.063144511936714025e+02	4.399648575233122139e-01	2.385063531385987756e-01	8.890312938137981402e-02	9.986847540366403098e-02	8.998469389123428530e-02	1.943939335914692673e-02	2.585031378985634329e-02
7.111522214073266923e+02	4.392656337895012308e-01	2.383374526361508872e-01	8.924668117585296545e-02	9.997737766809952631e-02	9.010270890299895696e-02	1.959735067736506284e-02	2.599001163722379493e-02
7.159899916209819821e+02	4.385749039133327587e-01	2.381696988090641343e-01	8.958775661069569296e-02	1.000832821024987690e-01	9.021839650188895332e-02	1.975493312644672345e-02	2.612824542326542057e-02
7.208277618346371582e+02	4.378925339011904283e-01	2.380030885206125546e-01	8.992638004983498357e-02	1.001862553920033344e-01	9.033180156562108098e-02	1.991213441563868120e-02	2.626502264229140307e-02
7.256655320482924481e+02	4.372183923586402399e-01	2.378376183440112368e-01	9.026257556510514091e-02	1.002863627748585146e-01	9.044296803495660564e-02	2.006894843365684619e-02	2.640035097596394459e-02
7.305033022619478515e+02	4.365523504291181078e-01	2.376732845823167073e-01	9.059636693908705574e-02	1.003836680729253000e-01	9.055193893433909069e-02	2.022536924530599772e-02	2.653423828410030744e-02
7.353410724756030277e+02	4.358942817344531040e-01	2.375100832871182011e-01	9.092777766798496031e-02	1.004782337216350574e-01	9.065875639209780568e-02	2.038139108815185258e-02	2.666669259575146084e-02
7.401788426892584312e+02	4.352440623171547895e-01	2.373480102760945343e-01	9.125683096453554577e-02	1.005701207993901503e-01	9.076346166022303263e-02	2.053700836924492526e-02	2.679772210054946410e-02
7.450166129029136073e+02	4.346015705843932486e-01	2.371870611495076608e-01	9.158354976094436328e-02	1.006593890564147914e-01	9.086609513371979308e-02	2.069221566189575687e-02	2.692733514031686592e-02
7.498543831165690108e+02	4.339666872536081521e-01	2.370272313056992763e-01	9.190795671184542881e-02	1.007460969430606645e-01	9.096669636954651805e-02	2.084700770250095744e-02	2.705554020093155904e-02
7.546921533302243006e+02	4.333392952996835135e-01	2.368685159556519204e-01	9.223007419727938250e-02	1.008303016375722005e-01	9.106530410514535046e-02	2.100137938741965596e-02	2.718234590444060239e-02
7.595299235438793630e+02	4.327192799036287951e-01	2.367109101366730028e-01	9.254992432568656668e-02	1.009120590733169065e-01	9.116195627657087963e-02	2.115532576989969521e-02	2.730776100141675544e-02
7.643676937575347665e+02	4.321065284027102438e-01	2.365544087252557937e-01	9.286752893691134492e-02	1.009914239654866042e-01	9.125669003622396969e-02	2.130884205705316919e-02	2.743179436355150380e-02
7.692054639711900563e+02	4.315009302419779980e-01	2.363990064491681975e-01	9.318290960521420641e-02	1.010684498372753509e-01	9.134954177019771748e-02	2.146192360688068887e-02	2.755445497647849087e-02
7.740432341848452324e+02	4.309023769271387860e-01	2.362446978988170798e-01	9.349608764228865831e-02	1.011431890455405658e-01	9.144054711524225720e-02	2.161456592534383506e-02	2.767575193282147475e-02
7.788810043985006359e+02	4.303107619787249205e-01	2.360914775379325814e-01	9.380708410027990829e-02	1.012156928059537164e-01	9.152974097535530873e-02	2.176676466348529196e-02	2.779569442546097127e-02
7.837187746121558121e+02	4.297259808875129039e-01	2.359393397136142490e-01	9.411591977480261717e-02	1.012860112176474370e-01	9.161715753800549200e-02	2.191851561459605066e-02	2.791429174101392810e-02
7.885565448258112156e+02	4.291479310711484030e-01	2.357882786657780616e-01	9.442261520795543206e-02	1.013541932873657792e-01	9.170283028999508257e-02	2.206981471142911364e-02	2.803155325352084046e-02
7.933943150394665054e+02	4.285765118319339595e-01	2.356382885360408797e-01	9.472719069132971847e-02	1.014202869531249940e-01	9.178679203296914724e-02	2.222065802345918328e-02	2.814748841833489626e-02
7.982320852531219089e+02	4.280116243157403022e-01	2.354893633760767324e-01	9.502966626901050706e-02	1.014843391073916717e-01	9.186907489857799869e-02	2.237104175418773086e-02	2.826210676620786663e-02
8.030698554667769713e+02	4.274531714720024578e-01	2.353414971554771973e-01	9.533006174056773974e-02	1.015463956197857065e-01	9.194971036329938063e-02	2.252096223849285594e-02	2.837541789756747174e-02
8.079076256804323748e+02	4.269010580147638567e-01	2.351946837691455128e-01	9.562839666403577521e-02	1.016065013593154959e-01	9.202872926292754441e-02	2.267041594002339872e-02	2.848743147698121550e-02
8.127453958940876646e+02	4.263551903847329072e-01	2.350489170442533748e-01	9.592469035887980777e-02	1.016647002161528007e-01	9.210616180673564246e-02	2.281939944863668399e-02	2.859815722780167935e-02
8.175831661077428407e+02	4.258154767123190076e-01	2.349041907467861456e-01	9.621896190894727030e-02	1.017210351229546061e-01	9.218203759131801678e-02	2.296790947787939047e-02	2.870760492698846283e-02
8.224209363213982442e+02	4.252818267816164122e-01	2.347604985877015660e-01	9.651123016540313904e-02	1.017755480757397413e-01	9.225638561411916849e-02	2.311594286251087912e-02	2.881578440010201803e-02
8.272587065350534203e+02	4.247541519953035305e-01	2.346178342287254526e-01	9.680151374964761357e-02	1.018282801543276134e-01	9.232923428665550103e-02	2.326349655606848796e-02	2.892270551646471469e-02
8.320964767487085965e+02	4.242323653404301287e-01	2.344761912878054744e-01	9.708983105621503407e-02	1.018792715423467166e-01	9.240061144743672017e-02	2.341056762847416178e-02	2.902837818448469887e-02
8.369342469623640000e+02	4.237163813550627323e-01	2.343355633442440744e-01	9.737620025565306425e-02	1.019285615468204509e-01	9.247054437459270582e-02	2.355715326368189311e-02	2.913281234713805540e-02
8.417720171760191761e+02	4.232061160957621970e-01	2.341959439435293278e-01	9.766063929738091898e-02	1.019761886173377041e-01	9.253905979821248906e-02	2.370325075736535309e-02	2.923601797760500345e-02
8.466097873896745796e+02	4.227014871058671353e-01	2.340573266018818321e-01	9.794316591252587301e-02	1.020221903648157874e-01	9.260618391240123259e-02	2.384885751464518519e-02	2.933800507505590627e-02
8.514475576033297557e+02	4.222024133845584948e-01	2.339197048105342014e-01	9.822379761673726006e-02	1.020666035798631355e-01	9.267194238706154275e-02	2.399397104785539955e-02	2.943878366058299764e-02
8.562853278169851592e+02	4.217088153566809772e-01	2.337830720397591211e-01	9.850255171297706003e-02	1.021094642507491268e-01	9.273636037940463650e-02	2.413858897434825387e-02	2.953836377327382148e-02
8.611230980306403353e+02	4.212206148432994235e-01	2.336474217426610378e-01	9.877944529428653309e-02	1.021508075809886007e-01	9.279946254519780280e-02	2.428270901433715254e-02	2.963675546642245348e-02
8.659608682442956251e+02	4.207377350329667975e-01	2.335127473587447489e-01	9.905449524652820692e-02	1.021906680065481354e-01	9.286127304975351493e-02	2.442632898877691167e-02	2.973396880387470936e-02
8.707986384579510286e+02	4.202601004536838936e-01	2.333790423172743544e-01	9.932771825110277286e-02	1.022290792126814424e-01	9.292181557866606434e-02	2.456944681728092869e-02	2.983001385650362047e-02
8.756364086716062047e+02	4.197876369455295631e-01	2.332463000404347286e-01	9.959913078764025263e-02	1.022660741504011206e-01	9.298111334830126695e-02	2.471206051607464232e-02	2.992490069881151640e-02
8.804741788852616082e+02	4.193202716339425318e-01	2.331145139463069449e-01	9.986874913666513032e-02	1.023016850525936688e-01	9.303918911604482089e-02	2.485416819598478683e-02	3.001863940565521749e-02
8.853119490989170117e+02	4.188579329036353216e-01	2.329836774516683418e-01	1.001365893822350889e-01	1.023359434497850412e-01	9.309606519031458916e-02	2.499576806046388891e-02	3.011124004909084689e-02
8.901497193125721878e+02	4.184005503731228481e-01	2.328537839746275540e-01	1.004026674145528097e-01	1.023688801855633518e-01	9.315176344034221956e-02	2.513685840364947299e-02	3.020271269533489344e-02
8.949874895262273640e+02	4.179480548698477627e-01	2.327248269371035572e-01	1.006669989325509607e-01	1.024005254316659730e-01	9.320630530572918127e-02	2.527743760845745091e-02	3.029306740183827090e-02
8.998252597398827675e+02	4.175003784058859413e-01	2.325967997671583853e-01	1.009295994464495388e-01	1.024309087027373971e-01	9.325971180578253306e-02	2.541750414470917915e-02	3.038231421447015052e-02
9.046630299535379436e+02	4.170574541542158564e-01	2.324696959011910979e-01	1.011904842802860416e-01	1.024600588707647725e-01	9.331200354863525281e-02	2.555705656729165623e-02	3.047046316480844091e-02
9.095008001671932334e+02	4.166192164255361763e-01	2.323435087860013237e-01	1.014496685744176591e-01	1.024880041791976504e-01	9.336320074015608261e-02	2.569609351435036756e-02	3.055752426753386222e-02
9.143385703808486369e+02	4.161856006456165491e-01	2.322182318807297363e-01	1.017071672879958227e-01	1.025147722567583408e-01	9.341332319265374662e-02	2.583461370551424011e-02	3.064350751792468616e-02
9.191763405945038130e+02	4.157565433331671390e-01	2.320938586586820673e-01	1.019629952014128316e-01	1.025403901309493160e-01	9.346239033338030189e-02	2.597261594015226258e-02	3.072842288944922784e-02
9.240141108081592165e+02	4.153319820782123695e-01	2.319703826090439014e-01	1.022171669187204035e-01	1.025648842412639344e-01	9.351042121283807684e-02	2.611009909566120932e-02	3.081228033145322689e-02
9.288518810218145063e+02	4.149118555209562187e-01	2.318477972384914154e-01	1.024696968700202215e-01	1.025882804521067032e-01	9.355743451289502688e-02	2.624706212578402711e-02	3.089508976693947084e-02
9.336896512354697961e+02	4.144961033311249654e-01	2.317260960727046959e-01	1.027205993138265022e-01	1.026106040654290452e-01	9.360344855471264269e-02	2.638350405895838191e-02	3.097686109043687117e-02
9.385274214491247449e+02	4.140846661877752299e-01	2.316052726577885468e-01	1.029698883394003783e-01	1.026318798330867060e-01	9.364848130649092162e-02	2.651942399669489706e-02	3.105760416595648374e-02
9.433651916627801484e+02	4.136774857595549859e-01	2.314853205616061449e-01	1.032175778690563872e-01	1.026521319689245176e-01	9.369255039103466243e-02	2.665482111198459042e-02	3.113732882503187499e-02
9.482029618764355519e+02	4.132745046854059967e-01	2.313662333750302058e-01	1.034636816604408982e-01	1.026713841605945005e-01	9.373567309314520535e-02	2.678969464773508710e-02	3.121604486484133925e-02
9.530407320900908417e+02	4.128756665556953531e-01	2.312480047131160177e-01	1.037082133087826458e-01	1.026896595811127300e-01	9.377786636684175281e-02	2.692404391523508037e-02	3.129376204640964970e-02
9.578785023037459041e+02	4.124809158937659537e-01	2.311306282162013670e-01	1.039511862491155070e-01	1.027069809001607409e-01	9.381914684241614288e-02	2.705786829264667306e-02	3.137049009288690044e-02
9.627162725174014213e+02	4.120901981378945478e-01	2.310140975509361594e-01	1.041926137584734541e-01	1.027233702951368954e-01	9.385953083332508606e-02	2.719116722352505830e-02	3.144623868790216020e-02
9.675540427310568248e+02	4.117034596236472388e-01	2.308984064112464818e-01	1.044325089580579458e-01	1.027388494619630444e-01	9.389903434292375117e-02	2.732394021536516462e-02	3.152101747398979720e-02
9.723918129447120009e+02	4.113206475666223438e-01	2.307835485192363256e-01	1.046708848153778543e-01	1.027534396256517546e-01	9.393767307104423925e-02	2.745618683817479741e-02	3.159483605108618504e-02
9.772295831583674044e+02	4.109417100455706184e-01	2.306695176260301905e-01	1.049077541463620394e-01	1.027671615506393632e-01	9.397546242042269238e-02	2.758790672307386352e-02	3.166770397509476725e-02
9.820673533720223531e+02	4.105665959858837977e-01	2.305563075125598438e-01	1.051431296174447361e-01	1.027800355508898394e-01	9.401241750297875677e-02	2.771909956091921437e-02	3.173963075651739518e-02
9.869051235856777566e+02	4.101952551434416283e-01	2.304439119902983724e-01	1.053770237476239352e-01	1.027920814997744792e-01	9.404855314595059190e-02	2.784976510095473271e-02	3.181062585914990609e-02
9.917428937993331601e+02	4.098276380888090653e-01	2.303323249019439412e-01	1.056094489104929257e-01	1.028033188397323577e-01	9.408388389788911732e-02	2.797990314948624324e-02	3.188069869884003343e-02
9.965806640129884499e+02	4.094636961917749174e-01	2.302215401220562840e-01	1.058404173362451628e-01	1.028137665917161492e-01	9.411842403451467498e-02	2.810951356858079273e-02	3.194985864230575484e-02
