0.000000000000000000e+00	9.883537477498162138e-01	1.904425577399287314e-35	9.799561668230554259e-03	1.395151394240407260e-33	3.368712377838611795e-03	9.784459376712547566e-04	5.998928271479836529e-29
4.837770213655283591e+00	9.697752392504065400e-01	1.771668729275801060e-02	9.744089559771759376e-03	8.062602970322185324e-05	4.162127711695759458e-03	1.009550463699163819e-03	1.214742552215605564e-05
9.675540427310567182e+00	9.520862925351732953e-01	3.425850595661137504e-02	9.760506503674040366e-03	3.129956134272632979e-04	5.014829645871861363e-03	1.040202780522592142e-03	2.713469827608860441e-05
1.451331064096584811e+01	9.352347891729606566e-01	4.970198099377329259e-02	9.843463940933374831e-03	6.836094246110314011e-04	5.920468949438239745e-03	1.070710852722372422e-03	4.544439911767877397e-05
1.935108085462113081e+01	9.191718864109177378e-01	6.411865444795665503e-02	9.987968803544208449e-03	1.179931245675250708e-03	6.873169180608150117e-03	1.101356382623031515e-03	6.750126223163815400e-05
2.418885106827641707e+01	9.038518063230953636e-01	7.757541011650556650e-02	1.018936029904780188e-02	1.790323235523951818e-03	7.867494409792345073e-03	1.132396625475488167e-03	9.367672411604570533e-05
2.902662128193169622e+01	8.892316386445117127e-01	9.013477709400530280e-02	1.044328820755268013e-02	2.503985463680272368e-03	8.898419083747943770e-03	1.164066084902539702e-03	1.242931551560569857e-04
3.386439149558698603e+01	8.752711563997808142e-01	1.018552135276274140e-01	1.074569259267465354e-02	3.310899431748578255e-03	9.961299890281053587e-03	1.196578096425463108e-03	1.596277950186310822e-04
3.870216170924226162e+01	8.619326434934573289e-01	1.127913718744627120e-01	1.109278483426795990e-02	4.201775321134541309e-03	1.105184949215146963e-02	1.230126306380420823e-03	1.999164117021358855e-04
4.353993192289755143e+01	8.491807334835262955e-01	1.229943468669607021e-01	1.148102989682411867e-02	5.168002723004406010e-03	1.216611200741597038e-02	1.264886053056958571e-03	2.453567027682088749e-04
4.837770213655283413e+01	8.369822588101982763e-01	1.325119073139456316e-01	1.190712975302882920e-02	6.201604622401841321e-03	1.330044012147423883e-02	1.301015656445517503e-03	2.961114560622886806e-04
5.321547235020811684e+01	8.253061097996053919e-01	1.413887127911604424e-01	1.236800788721480540e-02	7.295194423338095119e-03	1.445147372358498820e-02	1.338657622564564829e-03	3.523114860882125502e-04
5.805324256386339954e+01	8.141231028063238284e-01	1.496665162065640153e-01	1.286079480835400357e-02	8.441935815596416162e-03	1.561611996763347457e-02	1.377939767948752449e-03	4.140583611359707631e-04
6.289101277751868224e+01	8.034058569000978034e-01	1.573843531613635105e-01	1.338281450681837181e-02	9.635505297008375297e-03	1.679153466348741464e-02	1.418976269515687940e-03	4.814269352652427152e-04
6.772878299117397205e+01	7.931286785408842022e-01	1.645787189677093421e-01	1.393157179342499608e-02	1.087005717712694920e-02	1.797510491140599451e-02	1.461868644688795469e-03	5.544676983161527352e-04
7.256655320482924765e+01	7.832674537225527978e-01	1.712837341278417302e-01	1.450474046328873237e-02	1.214019089959451556e-02	1.916443289769434108e-02	1.506706666335800573e-03	6.332089562485030288e-04
7.740432341848452324e+01	7.737995470994373237e-01	1.775312990270002667e-01	1.510015223075149814e-02	1.344092053113507025e-02	2.035732077514946711e-02	1.553569216785154151e-03	7.176588532975936409e-04
8.224209363213981305e+01	7.647037076415803547e-01	1.833512385433520020e-01	1.571578638515911883e-02	1.476764627503724184e-02	2.155175655684777106e-02	1.602525084904858794e-03	8.078072466748876688e-04
8.707986384579510286e+01	7.559599803941033924e-01	1.887714372323375800e-01	1.634976012053018443e-02	1.611612787628355706e-02	2.274590095650138102e-02	1.653633709968428071e-03	9.036274438317470166e-04
9.191763405945040688e+01	7.475496239437898760e-01	1.938179656999675926e-01	1.700031949522137417e-02	1.748245979416398685e-02	2.393807511298255697e-02	1.706945875789890339e-03	1.005077811640996219e-03
9.675540427310566827e+01	7.394550332218279287e-01	1.985151987395305795e-01	1.766583098055447831e-02	1.886304802632775279e-02	2.512674914070150978e-02	1.762504358382768581e-03	1.112103266231121053e-03
1.015931744867609581e+02	7.316596672958251002e-01	2.028859257687162243e-01	1.834477356004426615e-02	2.025458847581359731e-02	2.631053145134247886e-02	1.820344530185769851e-03	1.224636651628636117e-03
1.064309447004162337e+02	7.241479818268038438e-01	2.069514540691408944e-01	1.903573134336630432e-02	2.165404675968976220e-02	2.748815879603276613e-02	1.880494923699556212e-03	1.342600014822893130e-03
1.112687149140715235e+02	7.169053658880095714e-01	2.107317052975312133e-01	1.973738666154058533e-02	2.305863936456320137e-02	2.865848698035606407e-02	1.942977757193529911e-03	1.465905784361884890e-03
1.161064851277267991e+02	7.099180828621053374e-01	2.142453057072229439e-01	2.044851361199133410e-02	2.446581606041305437e-02	2.982048220774019195e-02	2.007809424968213987e-03	1.594457859115073865e-03
1.209442553413820747e+02	7.031732151517868790e-01	2.175096704900304767e-01	2.116797202418550794e-02	2.587324348999456985e-02	3.097321300966425495e-02	2.075000954496755094e-03	1.728152613397801463e-03
1.257820255550373645e+02	6.966586124561064963e-01	2.205410826218038856e-01	2.189470181846141922e-02	2.727878985647271340e-02	3.211584272385469008e-02	2.144558432617574111e-03	1.866879824239359598e-03
1.306197957686926259e+02	6.903628433809245735e-01	2.233547665699975315e-01	2.262771773244352108e-02	2.868051063700438261e-02	3.324762248418612620e-02	2.216483402808582491e-03	2.010523526191446055e-03
1.354575659823479441e+02	6.842751501669843694e-01	2.259649571982089988e-01	2.336610439110758941e-02	3.007663525471755347e-02	3.436788468838303939e-02	2.290773235440964322e-03	2.158962798713703630e-03
1.402953361960032339e+02	6.783854063332063200e-01	2.283849641808077813e-01	2.410901169811996772e-02	3.146555464595610779e-02	3.547603691184256225e-02	2.367421472786783877e-03	2.312072490836699929e-03
1.451331064096584669e+02	6.726840770459716623e-01	2.306272322203554992e-01	2.485565052753252110e-02	3.284580966379120615e-02	3.657155623797794797e-02	2.446418150438955681e-03	2.469723887488489440e-03
1.499708766233137851e+02	6.671621820374851186e-01	2.327033973414349977e-01	2.560528869627752904e-02	3.421608026266201308e-02	3.765398397742530240e-02	2.527750096693964083e-03	2.631785321577376473e-03
1.548086468369690749e+02	6.618112609078233843e-01	2.346243395166650314e-01	2.635724719918098452e-02	3.557517541261862731e-02	3.872292075027236602e-02	2.611401211346597081e-03	2.798122735649295929e-03
1.596464170506243647e+02	6.566233406560403330e-01	2.364002318639994993e-01	2.711089668940345337e-02	3.692202369501414172e-02	3.977802190716536734e-02	2.697352725251438415e-03	2.968600196682086474e-03
1.644841872642796261e+02	6.515909052957636893e-01	2.380405866388211333e-01	2.786565418833117369e-02	3.825566453464657873e-02	4.081899326673648493e-02	2.785583441917492079e-03	3.143080367339691570e-03
1.693219574779349159e+02	6.467068674201278400e-01	2.395542982297657608e-01	2.862098000998073571e-02	3.957524002629932147e-02	4.184558714827701920e-02	2.876069962319702418e-03	3.321424936785828935e-03
1.741597276915902057e+02	6.419645415896795271e-01	2.409496833535904603e-01	2.937637488595360238e-02	4.087998731638377986e-02	4.285759867996690592e-02	2.968786894033909572e-03	3.503495013947946664e-03
1.789974979052454671e+02	6.373576194251188154e-01	2.422345186316642585e-01	3.013137727788629816e-02	4.216923150296345707e-02	4.385486236426643786e-02	3.063707045729584764e-03	3.689151485927323875e-03
1.838352681189008138e+02	6.328801462944199097e-01	2.434160757187561197e-01	3.088556086519229568e-02	4.344237901984545486e-02	4.483724888328607244e-02	3.160801607987189649e-03	3.878255344069088048e-03
1.886730383325560467e+02	6.285264994910664260e-01	2.445011541436664382e-01	3.163853219668647659e-02	4.469891147267544135e-02	4.580466212808147197e-02	3.260040321343926802e-03	4.070667980035874538e-03
1.935108085462113081e+02	6.242913678068482408e-01	2.454961120108465344e-01	3.238992849542611518e-02	4.593837989707456881e-02	4.675703643687784822e-02	3.361391632412647889e-03	4.266251454070048472e-03
1.983485787598666263e+02	6.201697324089506802e-01	2.464068947024256329e-01	3.313941560679679876e-02	4.716039941082251358e-02	4.769433402821563611e-02	3.464822838863551753e-03	4.464868737481093863e-03
2.031863489735219162e+02	6.161568489369354529e-01	2.472390617109758437e-01	3.388668608052129716e-02	4.836464423392754231e-02	4.861654261593261611e-02	3.570300224006758231e-03	4.666383931256306086e-03
2.080241191871772060e+02	6.122482307407011159e-01	2.479978117248475278e-01	3.463145737787617223e-02	4.955084305214137869e-02	4.952367319376043547e-02	3.677789181665654192e-03	4.870662462563604168e-03
2.128618894008324673e+02	6.084396331856408713e-01	2.486880060799650238e-01	3.537347019596850245e-02	5.071877470108136776e-02	5.041575797811968102e-02	3.787254331985848415e-03	5.077571260794539083e-03
2.176996596144877287e+02	6.047270389560152060e-01	2.493141906845463829e-01	3.611248690145564544e-02	5.186826414962218690e-02	5.129284849845105326e-02	3.898659628782468432e-03	5.286978914682835887e-03
2.225374298281430470e+02	6.011066442920349751e-01	2.498806165162709425e-01	3.684829006658688066e-02	5.299917876262091876e-02	5.215501382512431616e-02	4.011968458989152546e-03	5.498755811928576591e-03
2.273752000417983652e+02	5.975748461003483891e-01	2.503912587849289606e-01	3.758068110090919539e-02	5.411142482434951745e-02	5.300233892562463550e-02	4.127143734735283682e-03	5.712774262659853393e-03
2.322129702554535982e+02	5.941282298815407925e-01	2.508498348475224904e-01	3.830947897241322037e-02	5.520494430523293500e-02	5.383492314033069132e-02	4.244147978543604850e-03	5.928908607972022647e-03
2.370507404691088880e+02	5.907635584219216307e-01	2.512598209571175745e-01	3.903451901230024085e-02	5.627971185563560713e-02	5.465287876977348303e-02	4.362943402108188963e-03	6.147035314699049284e-03
2.418885106827641494e+02	5.874777612002961558e-01	2.516244679214455493e-01	3.975565179793007220e-02	5.733573201150829468e-02	5.545632976580164297e-02	4.483491979082658736e-03	6.367033057491519599e-03
2.467262808964194392e+02	5.842679244636236335e-01	2.519468157422994348e-01	4.047274210886369489e-02	5.837303659770694958e-02	5.624541051958053400e-02	4.605755512280440729e-03	6.588782789201323709e-03
2.515640511100747290e+02	5.811312819284567555e-01	2.522297073021370628e-01	4.118566795124560531e-02	5.939168231572920786e-02	5.702026473982143434e-02	4.729695695662563919e-03	6.812167800503384982e-03
2.564018213237300188e+02	5.780652060678548310e-01	2.524758011599753105e-01	4.189431964608018172e-02	6.039174850348717066e-02	5.778104441507475597e-02	4.855274171463926092e-03	7.037073769619854417e-03
2.612395915373852517e+02	5.750671999460804651e-01	2.526875835146105143e-01	4.259859897724579958e-02	6.137333505555098850e-02	5.852790885433067913e-02	4.982452582785998341e-03	7.263388802951575851e-03
2.660773617510405415e+02	5.721348895658358025e-01	2.528673793894186672e-01	4.329841839536090198e-02	6.233656049306011276e-02	5.926102380055290469e-02	5.111192621962462948e-03	7.491003467365065470e-03
2.709151319646958882e+02	5.692660166950810341e-01	2.530173630894511638e-01	4.399370027386893811e-02	6.328156017321168170e-02	5.998056061212839185e-02	5.241456074984191839e-03	7.719810814830475355e-03
2.757529021783511780e+02	5.664584321426151536e-01	2.531395679782360020e-01	4.468437621394558829e-02	6.420848462890130226e-02	6.068669550754982045e-02	5.373204862251223027e-03	7.949706400056797545e-03
2.805906723920064678e+02	5.637100894536001272e-01	2.532358956186033794e-01	4.537038639505264898e-02	6.511749802971386614e-02	6.137960886895933721e-02	5.506401075901840546e-03	8.180588291724634822e-03
2.854284426056617008e+02	5.610190389980757031e-01	2.533081243189672649e-01	4.605167896816952239e-02	6.600877675604326089e-02	6.205948460047348153e-02	5.641007013952465017e-03	8.412357077874032391e-03
2.902662128193169337e+02	5.583834224272610225e-01	2.533579171237916872e-01	4.672820948892633663e-02	6.688250807866372161e-02	6.272650953748130920e-02	5.776985211466723578e-03	8.644915865964926047e-03
2.951039830329722804e+02	5.558014674740717753e-01	2.533868292844472792e-01	4.739994038804343224e-02	6.773888893658268351e-02	6.338087290336225088e-02	5.914298468957745157e-03	8.878170278090527501e-03
2.999417532466276270e+02	5.532714830758103108e-01	2.533963152443037270e-01	4.806684047665063519e-02	6.857812480648010911e-02	6.402276581030739988e-02	6.052909878214317654e-03	9.112028441789189748e-03
3.047795234602828600e+02	5.507918547984118618e-01	2.533877351696966485e-01	4.872888448421749258e-02	6.940042865748242973e-02	6.465238080115026653e-02	6.192782845729017174e-03	9.346400976867976634e-03
3.096172936739380930e+02	5.483610405429671930e-01	2.533623610563462969e-01	4.938605262697338266e-02	7.020601998543320177e-02	6.526991142931999612e-02	6.333881113894722185e-03	9.581200978620925401e-03
3.144550638875934396e+02	5.459775665164882108e-01	2.533213824388770852e-01	5.003833020483414856e-02	7.099512392121062887e-02	6.587555187422385050e-02	6.476168780124953381e-03	9.816343997796876317e-03
3.192928341012487294e+02	5.436400234500519124e-01	2.532659117292847539e-01	5.068570722498090542e-02	7.176797040800267369e-02	6.646949658954676154e-02	6.619610314043273755e-03	1.005174801764552664e-02
3.241306043149040192e+02	5.413470630485474056e-01	2.531969892085141338e-01	5.132817805035731762e-02	7.252479344278946194e-02	6.705193998212415074e-02	6.764170572877393865e-03	1.028733342834591870e-02
3.289683745285592522e+02	5.390973946572726883e-01	2.531155876937344340e-01	5.196574107146421928e-02	7.326583037759805406e-02	6.762307611920291561e-02	6.909814815184692552e-03	1.052302299909881403e-02
3.338061447422145420e+02	5.368897821315797847e-01	2.530226169024279992e-01	5.259839839993589450e-02	7.399132127638953504e-02	6.818309846205194980e-02	7.056508713027508962e-03	1.075874184814320893e-02
3.386439149558698318e+02	5.347230408966602289e-01	2.529189275330319120e-01	5.322615558248085937e-02	7.470150832371476313e-02	6.873219962402184191e-02	7.204218362708728583e-03	1.099441741093747094e-02
3.434816851695251216e+02	5.325960351853964436e-01	2.528053150805856242e-01	5.384902133386200440e-02	7.539663528153184302e-02	6.927057115128167075e-02	7.352910294170894069e-03	1.122997940672722413e-02
3.483194553831804114e+02	5.305076754429836061e-01	2.526825234046340962e-01	5.446700728767719935e-02	7.607694699081969658e-02	6.979840332458095431e-02	7.502551479155244660e-03	1.146535980370492168e-02
3.531572255968357013e+02	5.284569158877554518e-01	2.525512480655141001e-01	5.508012776378182207e-02	7.674268891484653521e-02	7.031588498049681779e-02	7.653109338210672095e-03	1.170049278295017849e-02
3.579949958104909342e+02	5.264427522183319219e-01	2.524121394440981825e-01	5.568839955127002223e-02	7.739410672116231460e-02	7.082320335073134798e-02	7.804551746636668140e-03	1.193531470132503866e-02
3.628327660241463377e+02	5.244642194578390537e-01	2.522658056590894038e-01	5.629184170600192577e-02	7.803144589958035948e-02	7.132054391812160665e-02	7.956847039438691427e-03	1.216976405348458093e-02
3.676705362378016275e+02	5.225203899265513652e-01	2.521128152950420920e-01	5.689047536172969766e-02	7.865495141359657438e-02	7.180809028811621642e-02	8.109964015369225745e-03	1.240378143315039837e-02
3.725083064514568036e+02	5.206103713348649853e-01	2.519536999534246480e-01	5.748432355393689325e-02	7.926486738286606104e-02	7.228602407455760048e-02	8.263871940122900425e-03	1.263730949378257147e-02
3.773460766651120935e+02	5.187333049890251457e-01	2.517889566382380262e-01	5.807341105556317745e-02	7.986143679451679356e-02	7.275452479868847744e-02	8.418540548749457730e-03	1.287029290877460437e-02
3.821838468787673833e+02	5.168883641025268094e-01	2.516190499869541686e-01	5.865776422384005179e-02	8.044490124122931352e-02	7.321376980037555549e-02	8.573940047344167162e-03	1.310267833128551766e-02
3.870216170924226162e+02	5.150747522065570738e-01	2.514444143568359546e-01	5.923741085751365459e-02	8.101550068415132311e-02	7.366393416061267629e-02	8.730041114071218633e-03	1.333441435381364608e-02
3.918593873060780197e+02	5.132917016532754229e-01	2.512654557760464757e-01	5.981238006377766203e-02	8.157347323884583945e-02	7.410519063443038457e-02	8.886814899571961884e-03	1.356545146760779891e-02
3.966971575197332527e+02	5.115384722061288025e-01	2.510825537683408770e-01	6.038270213428322680e-02	8.211905498259382263e-02	7.453770959339919844e-02	9.044233026806366635e-03	1.379574202200316811e-02
4.015349277333884856e+02	5.098143497117683109e-01	2.508960630595623020e-01	6.094840842963405309e-02	8.265247978148565489e-02	7.496165897697058822e-02	9.202267590372823630e-03	1.402524018376163223e-02
4.063726979470438323e+02	5.081186448484833473e-01	2.507063151736277917e-01	6.150953127181308516e-02	8.317397913584198554e-02	7.537720425195178209e-02	9.360891155348331077e-03	1.425390189648903516e-02
4.112104681606991221e+02	5.064506919463963586e-01	2.505136199251884466e-01	6.206610384402307112e-02	8.368378204260372433e-02	7.578450837946003327e-02	9.520076755688368364e-03	1.448168484019532465e-02
4.160482383743544119e+02	5.048098478749646345e-01	2.503182668156817559e-01	6.261816009745725664e-02	8.418211487342362742e-02	7.618373178874764118e-02	9.679797892222983396e-03	1.470854839105734807e-02
4.208860085880095880e+02	5.031954909936213749e-01	2.501205263390550160e-01	6.316573466454733499e-02	8.466920126727814355e-02	7.657503235733176261e-02	9.840028530283215571e-03	1.493445358143835611e-02
4.257237788016648778e+02	5.016070201616541491e-01	2.499206512030307525e-01	6.370886277826548483e-02	8.514526203649917802e-02	7.695856539690291986e-02	1.000074309698964665e-02	1.515936306021304844e-02
4.305615490153201677e+02	5.000438538036693359e-01	2.497188774714020898e-01	6.424758019708480539e-02	8.561051508520066411e-02	7.733448364452356893e-02	1.016191647823267569e-02	1.538324105344203441e-02
4.353993192289755143e+02	4.985054290272230015e-01	2.495154256324893516e-01	6.478192313522790347e-02	8.606517533914537221e-02	7.770293725866227186e-02	1.032352401537212430e-02	1.560605332543510589e-02
4.402370894426308041e+02	4.969912007894179418e-01	2.493105015985544182e-01	6.531192819785751336e-02	8.650945468616290379e-02	7.806407381964203251e-02	1.048554150168184117e-02	1.582776714023851131e-02
4.450748596562860939e+02	4.955006411094693419e-01	2.491042976406570575e-01	6.583763232088563067e-02	8.694356192629126845e-02	7.841803833411101210e-02	1.064794517856326728e-02	1.604835122357751651e-02
4.499126298699413837e+02	4.940332383244341874e-01	2.488969932631463766e-01	6.635907271509815242e-02	8.736770273087170191e-02	7.876497324317238702e-02	1.081071173155019952e-02	1.626777572528205484e-02
4.547504000835967304e+02	4.925884963854753607e-01	2.486887560217060922e-01	6.687628681431243005e-02	8.778207960987982617e-02	7.910501843383607734e-02	1.097381828612551020e-02	1.648601218221975792e-02
4.595881702972519065e+02	4.911659341922010591e-01	2.484797422886185769e-01	6.738931222730255854e-02	8.818689188682618529e-02	7.943831125347972089e-02	1.113724240336908845e-02	1.670303348175787572e-02
4.644259405109071963e+02	4.897650849627744329e-01	2.482700979686734144e-01	6.789818669324508560e-02	8.858233568060557006e-02	7.976498652702908310e-02	1.130096207545494037e-02	1.691881382577251416e-02
4.692637107245624861e+02	4.883854956376352807e-01	2.480599591689231775e-01	6.840294804045370103e-02	8.896860389371832878e-02	8.008517657658922873e-02	1.146495572101413271e-02	1.713332869522118940e-02
4.741014809382177759e+02	4.870267263148119197e-01	2.478494528252808693e-01	6.890363414818624632e-02	8.934588620632691325e-02	8.039901124327772375e-02	1.162920218037907794e-02	1.734655481529222970e-02
4.789392511518730657e+02	4.856883497149298567e-01	2.476386972887585913e-01	6.940028291132155358e-02	8.971436907564936392e-02	8.070661791102962113e-02	1.179368071072354161e-02	1.755847012114239089e-02
4.837770213655284124e+02	4.843699506741419580e-01	2.474278028739649304e-01	6.989293220771704285e-02	9.007423574022620227e-02	8.100812153216110922e-02	1.195837098111177631e-02	1.776905372423194518e-02
4.886147915791837022e+02	4.830711256633185569e-01	2.472168723723077999e-01	7.038161986806952541e-02	9.042566622863038028e-02	8.130364465449471667e-02	1.212325306746915229e-02	1.797828587926477567e-02
4.934525617928388783e+02	4.817914823319399131e-01	2.470060015321910996e-01	7.086638364811419233e-02	9.076883737222063431e-02	8.159330744986401096e-02	1.228830744748584010e-02	1.818614795173916984e-02
4.982903320064942250e+02	4.805306390752304702e-01	2.467952795083435402e-01	7.134726120300632912e-02	9.110392282156716537e-02	8.187722774382961977e-02	1.245351499546419431e-02	1.839262238611351352e-02
5.031281022201495148e+02	4.792882246231672805e-01	2.465847892822802256e-01	7.182429006374135838e-02	9.143109306620544885e-02	8.215552104645111597e-02	1.261885697711974397e-02	1.859769267458962622e-02
5.079658724338048046e+02	4.780638776500805709e-01	2.463746080557661089e-01	7.229750761547754090e-02	9.175051545739866532e-02	8.242830058397174198e-02	1.278431504434496095e-02	1.880134332651517762e-02
5.128036426474600376e+02	4.768572464036435754e-01	2.461648076190302015e-01	7.276695107763464510e-02	9.206235423361268377e-02	8.269567733128396769e-02	1.294987122994427538e-02	1.900355983840543855e-02
5.176414128611153274e+02	4.756679883521252594e-01	2.459554546953644782e-01	7.323265748565019329e-02	9.236677054842913626e-02	8.295776004505402146e-02	1.311550794234821356e-02	1.920432866458350249e-02
5.224791830747705035e+02	4.744957698488490028e-01	2.457466112636361721e-01	7.369466367428252618e-02	9.266392250064213465e-02	8.321465529739401068e-02	1.328120796031386636e-02	1.940363718843713531e-02
5.273169532884259070e+02	4.733402658128660900e-01	2.455383348601420934e-01	7.415300626235686587e-02	9.295396516630345662e-02	8.346646750997838149e-02	1.344695442761842906e-02	1.960147369428954719e-02
5.321547235020811968e+02	4.722011594249150290e-01	2.453306788611410716e-01	7.460772163885770469e-02	9.323705063249795866e-02	8.371329898851057050e-02	1.361273084775197623e-02	1.979782733988048188e-02
5.369924937157364866e+02	4.710781418377945617e-01	2.451236927473139093e-01	7.505884595027674522e-02	9.351332803264794657e-02	8.395524995745304309e-02	1.377852107861515102e-02	1.999268812945338702e-02
5.418302639293917764e+02	4.699709119003324664e-01	2.449174223513185256e-01	7.550641508913165378e-02	9.378294358315986123e-02	8.419241859494157321e-02	1.394430932722705643e-02	2.018604688744365938e-02
5.466680341430470662e+02	4.688791758941829313e-01	2.447119100895325250e-01	7.595046468357651015e-02	9.404604062124136132e-02	8.442490106781093406e-02	1.411008014444812587e-02	2.037789523276246559e-02
5.515058043567023560e+02	4.678026472827325755e-01	2.445071951790047105e-01	7.639103008802955452e-02	9.430275964372974995e-02	8.465279156666577487e-02	1.427581841972244345e-02	2.056822555366999775e-02
5.563435745703576458e+02	4.667410464714392138e-01	2.443033138405698579e-01	7.682814637474918995e-02	9.455323834678519557e-02	8.487618234093613490e-02	1.444150937584355587e-02	2.075703098323166546e-02
5.611813447840129356e+02	4.656941005789680399e-01	2.441002994890200117e-01	7.726184832629323651e-02	9.479761166631339719e-02	8.509516373386243060e-02	1.460713856374751783e-02	2.094430537535018136e-02
5.660191149976681118e+02	4.646615432185308148e-01	2.438981829111670219e-01	7.769217042880091628e-02	9.503601181899340444e-02	8.530982421735981702e-02	1.477269185733656037e-02	2.113004328136622312e-02
5.708568852113234016e+02	4.636431142888682300e-01	2.436969924325768644e-01	7.811914686604082281e-02	9.526856834379580918e-02	8.552025042671650146e-02	1.493815544833651185e-02	2.131423992721999047e-02
5.756946554249786914e+02	4.626385597743496447e-01	2.434967540737059954e-01	7.854281151417191742e-02	9.549540814388614296e-02	8.572652719508462582e-02	1.510351584119077641e-02	2.149689119116563948e-02
5.805324256386339812e+02	4.616476315536972019e-01	2.432974916961223033e-01	7.896319793716784219e-02	9.571665552881654382e-02	8.592873758772685833e-02	1.526875984799347906e-02	2.167799358203044424e-02
5.853701958522892710e+02	4.606700872168709715e-01	2.430992271394488147e-01	7.938033938285847524e-02	9.593243225691699960e-02	8.612696293598506858e-02	1.543387458346408801e-02	2.185754421801019975e-02
5.902079660659445608e+02	4.597056898896784149e-01	2.429019803496273444e-01	7.979426877954506891e-02	9.614285757780492714e-02	8.632128287094091579e-02	1.559884745996562364e-02	2.203554080599231385e-02
5.950457362795999643e+02	4.587542080656993870e-01	2.427057694990601977e-01	8.020501873314862806e-02	9.634804827493845258e-02	8.651177535674171859e-02	1.576366618256837271e-02	2.221198162139776874e-02
5.998835064932552541e+02	4.578154154451418711e-01	2.425106110991518960e-01	8.061262152485366983e-02	9.654811870814553054e-02	8.669851672356755634e-02	1.592831874416080970e-02	2.238686548853316069e-02
6.047212767069104302e+02	4.568890907802652390e-01	2.423165201057392859e-01	8.101710910921178233e-02	9.674318085606685436e-02	8.688158170021829940e-02	1.609279342060924295e-02	2.256019176144378330e-02
6.095590469205657200e+02	4.559750177270319171e-01	2.421235100178664168e-01	8.141851311267196689e-02	9.693334435845586683e-02	8.706104344630204162e-02	1.625707876596755794e-02	2.273196030525873393e-02
6.143968171342210098e+02	4.550729847026658836e-01	2.419315929703313162e-01	8.181686483250684427e-02	9.711871655828475947e-02	8.723697358400836488e-02	1.642116360773826500e-02	2.290217147801899139e-02
6.192345873478761860e+02	4.541827847488178471e-01	2.417407798204038449e-01	8.221219523610556745e-02	9.729940254360971985e-02	8.740944222945223885e-02	1.658503704218588365e-02	2.307082611297928826e-02
6.240723575615315895e+02	4.533042154000517243e-01	2.415510802290882497e-01	8.260453496060668477e-02	9.747550518915312767e-02	8.757851802357623228e-02	1.674868842970361760e-02	2.323792550137471213e-02
6.289101277751868793e+02	4.524370785573867404e-01	2.413625027372795495e-01	8.299391431284543208e-02	9.764712519756493792e-02	8.774426816260062767e-02	1.691210739023411153e-02	2.340347137564285224e-02
6.337478979888421691e+02	4.515811803666430757e-01	2.411750548371406622e-01	8.338036326959184785e-02	9.781436114032865392e-02	8.790675842801257134e-02	1.707528379874495572e-02	2.356746589309244300e-02
6.385856682024975726e+02	4.507363311013536378e-01	2.409887430390056096e-01	8.376391147805765935e-02	9.797730949828141467e-02	8.806605321608695913e-02	1.723820778075952492e-02	2.372991162000939735e-02
6.434234384161527487e+02	4.499023450500196364e-01	2.408035729340945730e-01	8.414458825665131758e-02	9.813606470172060725e-02	8.822221556693320144e-02	1.740086970794361976e-02	2.389081151619121615e-02
6.482612086298080385e+02	4.490790404074987419e-01	2.406195492533086122e-01	8.452242259596186302e-02	9.829071917007248249e-02	8.837530719306342653e-02	1.756326019374829933e-02	2.405016891990080508e-02
6.530989788434633283e+02	4.482662391703275406e-01	2.404366759223532657e-01	8.489744315995342849e-02	9.844136335110136027e-02	8.852538850747861121e-02	1.772537008910918255e-02	2.420798753323080699e-02
6.579367490571185044e+02	4.474637670357919927e-01	2.402549561134258160e-01	8.526967828735387833e-02	9.858808575964003729e-02	8.867251865127036281e-02	1.788719047820245406e-02	2.436427140786962334e-02
6.627745192707737942e+02	4.466714533045681446e-01	2.400743922936842689e-01	8.563915599322151351e-02	9.873097301582503538e-02	8.881675552073715896e-02	1.804871267425769976e-02	2.451902493126034699e-02
6.676122894844290840e+02	4.458891307867676179e-01	2.398949862707031866e-01	8.600590397067524318e-02	9.887010988282193824e-02	8.895815579401449014e-02	1.820992821542764817e-02	2.467225281314403690e-02
6.724500596980843738e+02	4.451166357112298355e-01	2.397167392351077508e-01	8.636994959277477513e-02	9.900557930402864582e-02	8.909677495721959883e-02	1.837082886071482110e-02	2.482396007247868533e-02
6.772878299117396637e+02	4.443538076379136559e-01	2.395396518005649678e-01	8.673131991453733591e-02	9.913746243974574934e-02	8.923266733011177287e-02	1.853140658595506252e-02	2.497415202472552317e-02
6.821256001253949535e+02	4.436004893732467536e-01	2.393637240412999079e-01	8.709004167507980454e-02	9.926583870330536741e-02	8.936588609127019134e-02	1.869165357985782747e-02	2.512283426949424303e-02
6.869633703390502433e+02	4.428565268883011830e-01	2.391889555272935231e-01	8.744614129987432483e-02	9.939078579665115709e-02	8.949648330279191821e-02	1.885156224010308551e-02	2.527001267853897643e-02
6.918011405527055331e+02	4.421217692396698928e-01	2.390153453573087561e-01	8.779964490310741831e-02	9.951237974536374098e-02	8.962450993451287484e-02	1.901112516949463385e-02	2.541569338409686157e-02
6.966389107663608229e+02	4.413960684929254530e-01	2.388428921898823332e-01	8.815057829013278612e-02	9.963069493312703973e-02	8.975001588775566308e-02	1.917033517216959471e-02	2.555988276756128094e-02
7.014766809800161127e+02	4.406792796485490826e-01	2.386715942724105255e-01	8.849896696000847385e-02	9.974580413563247094e-02	8.987305001860798614e-02	1.932918524986381587e-02	2.570258744848181315e-02
7.063144511936714025e+02	4.399712605702234547e-01	2.385014494684490338e-01	8.884483610811032273e-02	9.985777855391891888e-02	8.999366016073631624e-02	1.948766859823283792e-02	2.584381427388324215e-02
7.111522214073266923e+02	4.392718719153902440e-01	2.383324552833395171e-01	8.918821062881338024e-02	9.996668784714732303e-02	9.011189314773955517e-02	1.964577860322812633e-02	2.598357030789595970e-02
7.159899916209819821e+02	4.385809770679757746e-01	2.381646088882678758e-01	8.952911511823428981e-02	1.000726001648099550e-01	9.022779483504778097e-02	1.980350883752816926e-02	2.612186282169029830e-02
7.208277618346371582e+02	4.378984420731956706e-01	2.379979071428528492e-01	8.986757387702749844e-02	1.001755821783751749e-01	9.034141012137152094e-02	1.996085305702403889e-02	2.625869928370740125e-02
7.256655320482924481e+02	4.372241355743530233e-01	2.378323466163571875e-01	9.020361091322900982e-02	1.002756991123692210e-01	9.045278296970725440e-02	2.011780519735898928e-02	2.639408735017948968e-02
7.305033022619478515e+02	4.365579287515489182e-01	2.376679236076072732e-01	9.053724994514168734e-02	1.003730147748972956e-01	9.056195642790497435e-02	2.027435937052167111e-02	2.652803485593233784e-02
7.353410724756030277e+02	4.358996952622288257e-01	2.375046341637023772e-01	9.086851440425659787e-02	1.004675915876069026e-01	9.066897264880396934e-02	2.043050986149244977e-02	2.666054980546305256e-02
7.401788426892584312e+02	4.352493111834914719e-01	2.373424740975886571e-01	9.119742743820516417e-02	1.005594906150970996e-01	9.077387290994304303e-02	2.058625112494240697e-02	2.679164036428631143e-02
7.450166129029136073e+02	4.346066549560917425e-01	2.371814390045692555e-01	9.152401191373733813e-02	1.006487715937775529e-01	9.087669763285145808e-02	2.074157778198444310e-02	2.692131485054238479e-02
7.498543831165690108e+02	4.339716073300712851e-01	2.370215242778157816e-01	9.184829041972125685e-02	1.007354929601821519e-01	9.097748640192732106e-02	2.089648461697606041e-02	2.704958172686032850e-02
7.546921533302243006e+02	4.333440513119545812e-01	2.368627251229442066e-01	9.217028527016039863e-02	1.008197118787419744e-01	9.107627798290982013e-02	2.105096657437319912e-02	2.717644959246996034e-02
7.595299235438793630e+02	4.327238721134515353e-01	2.367050365717123239e-01	9.249001850722414486e-02	1.009014842690231367e-01	9.117311034095205990e-02	2.120501875563467545e-02	2.730192717555628146e-02
7.643676937575347665e+02	4.321109571016090722e-01	2.365484534948936179e-01	9.280751190428827846e-02	1.009808648324351105e-01	9.126802065830127986e-02	2.135863641617661082e-02	2.742602332585021910e-02
7.692054639711900563e+02	4.315051957503591162e-01	2.363929706143783616e-01	9.312278696898201868e-02	1.010579070784156375e-01	9.136104535159314532e-02	2.151181496237633203e-02	2.754874700744956370e-02
7.740432341848452324e+02	4.309064795934113845e-01	2.362385825145492668e-01	9.343586494623869199e-02	1.011326633500984756e-01	9.145222008876692510e-02	2.166454994862516276e-02	2.767010729186424739e-02
7.788810043985006359e+02	4.303147021784418103e-01	2.360852836529768461e-01	9.374676682134677752e-02	1.012051848494705808e-01	9.154157980560845287e-02	2.181683707442952716e-02	2.779011335128014210e-02
7.837187746121558121e+02	4.297297590225310771e-01	2.359330683704754794e-01	9.405551332299910694e-02	1.012755216620253307e-01	9.162915872192761713e-02	2.196867218155980350e-02	2.790877445203572907e-02
7.885565448258112156e+02	4.291515475688079118e-01	2.357819309005603770e-01	9.436212492633738735e-02	1.013437227809187713e-01	9.171499035737722128e-02	2.212005125124634139e-02	2.802609994830604703e-02
7.933943150394665054e+02	4.285799671442563907e-01	2.356318653783409656e-01	9.466662185599009072e-02	1.014098361306360191e-01	9.179910754691993080e-02	2.227097040142205983e-02	2.814209927598855868e-02
7.982320852531219089e+02	4.280149189186451819e-01	2.354828658488858362e-01	9.496902408910129489e-02	1.014739085901748689e-01	9.188154245595020475e-02	2.242142588401103628e-02	2.825678194678556826e-02
8.030698554667769713e+02	4.274563058645416969e-01	2.353349262750911997e-01	9.526935135834878332e-02	1.015359860157540178e-01	9.196232659507778961e-02	2.257141408226248647e-02	2.837015754247806248e-02
8.079076256804323748e+02	4.269040327183736272e-01	2.351880405450827716e-01	9.556762315494947424e-02	1.015961132630532615e-01	9.204149083457950631e-02	2.272093150812957985e-02	2.848223570938585372e-02
8.127453958940876646e+02	4.263580059425033375e-01	2.350422024791795905e-01	9.586385873165056970e-02	1.016543342089930302e-01	9.211906541852600550e-02	2.286997479969245586e-02	2.859302615300910247e-02
8.175831661077428407e+02	4.258181336882808643e-01	2.348974058364461381e-01	9.615807710570493938e-02	1.017106917730609544e-01	9.219507997858991666e-02	2.301854071862487194e-02	2.870253863284638260e-02
8.224209363213982442e+02	4.252843257600440463e-01	2.347536443208575740e-01	9.645029706182928209e-02	1.017652279381927038e-01	9.226956354754203837e-02	2.316662614770391426e-02	2.881078295738452241e-02
8.272587065350534203e+02	4.247564935800345887e-01	2.346109115871011785e-01	9.674053715514376039e-02	1.018179837712149260e-01	9.234254457244185643e-02	2.331422808836213639e-02	2.891776897925564874e-02
8.320964767487085965e+02	4.242345501542008068e-01	2.344692012460362074e-01	9.702881571409205375e-02	1.018689994428576828e-01	9.241405092752884298e-02	2.346134365828158111e-02	2.902350659055689258e-02
8.369342469623640000e+02	4.237184100388592389e-01	2.343285068698319484e-01	9.731515084334070587e-02	1.019183142473439607e-01	9.248410992682076781e-02	2.360797008902906086e-02	2.912800571832834667e-02
8.417720171760191761e+02	4.232079893081872046e-01	2.341888219968037144e-01	9.759956042665673959e-02	1.019659666215638610e-01	9.255274833642528065e-02	2.375410472373215565e-02	2.923127632018500746e-02
8.466097873896745796e+02	4.227032055225213858e-01	2.340501401359645350e-01	9.788206212976278964e-02	1.020119941638407829e-01	9.261999238657064870e-02	2.389974501479532470e-02	2.933332838009845844e-02
8.514475576033297557e+02	4.222039776974370051e-01	2.339124547713091196e-01	9.816267340316865708e-02	1.020564336522973847e-01	9.268586778336199150e-02	2.404488852165554899e-02	2.943417190432421476e-02
8.562853278169851592e+02	4.217102262735838991e-01	2.337757593658462418e-01	9.844141148497895233e-02	1.020993210628283604e-01	9.275039972026874469e-02	2.418953290857694949e-02	2.953381691747073573e-02
8.611230980306403353e+02	4.212218730872566708e-01	2.336400473653943988e-01	9.871829340367591077e-02	1.021406915866877735e-01	9.281361288934918130e-02	2.433367594248380186e-02	2.963227345870618479e-02
8.659608682442956251e+02	4.207388413416767170e-01	2.335053122021540639e-01	9.899333598087688146e-02	1.021805796476979306e-01	9.287553149221786097e-02	2.447731549083138197e-02	2.972955157809914137e-02
8.707986384579510286e+02	4.202610555789652036e-01	2.333715472980703864e-01	9.926655583406585048e-02	1.022190189190873288e-01	9.293617925076151642e-02	2.462044951951409058e-02	2.982566133308953843e-02
8.756364086716062047e+02	4.197884416527868923e-01	2.332387460679978819e-01	9.953796937929881850e-02	1.022560423399646451e-01	9.299557941760910884e-02	2.476307609081028829e-02	2.992061278508618971e-02
8.804741788852616082e+02	4.193209267016445030e-01	2.331069019226791328e-01	9.980759283388221381e-02	1.022916821314359959e-01	9.305375478636132569e-02	2.490519336136329254e-02	3.001441599618739561e-02
8.853119490989170117e+02	4.188584391228053483e-01	2.329760082715476299e-01	1.000754422190243409e-01	1.023259698123724082e-01	9.311072770158504430e-02	2.504679958019799188e-02	3.010708102602114786e-02
8.901497193125721878e+02	4.184009085468422540e-01	2.328460585253657178e-01	1.003415333624594064e-01	1.023589362148344950e-01	9.316652006857793766e-02	2.518789308677253994e-02	3.019861792870159878e-02
8.949874895262273640e+02	4.179482658127710581e-01	2.327170460987064149e-01	1.006058819010438171e-01	1.023906114991611216e-01	9.322115336290842658e-02	2.532847230906458760e-02	3.028903674989848888e-02
8.998252597398827675e+02	4.175004429437679243e-01	2.325889644122884903e-01	1.008685032833245565e-01	1.024210251687290157e-01	9.327464863973607134e-02	2.546853576169150896e-02	3.037834752401633379e-02
9.046630299535379436e+02	4.170573731234502590e-01	2.324618068951726513e-01	1.011294127720795549e-01	1.024502060843896084e-01	9.332702654291744060e-02	2.560808204406412811e-02	3.046656027148027246e-02
9.095008001671932334e+02	4.166189906727053582e-01	2.323355669868275575e-01	1.013886254468297637e-01	1.024781824785902101e-01	9.337830731390214800e-02	2.574710983857338847e-02	3.055368499612553038e-02
9.143385703808486369e+02	4.161852310270525157e-01	2.322102381390721282e-01	1.016461562063228630e-01	1.025049819691854630e-01	9.342851080042405276e-02	2.588561790880947178e-02	3.063973168268749672e-02
9.191763405945038130e+02	4.157560307145231060e-01	2.320858138179017760e-01	1.019020197709885056e-01	1.025306315729458823e-01	9.347765646499227310e-02	2.602360509781286718e-02	3.072471029438960874e-02
9.240141108081592165e+02	4.153313273340452083e-01	2.319622875052047006e-01	1.021562306853651264e-01	1.025551577187694963e-01	9.352576339318653675e-02	2.616107032635684587e-02	3.080863077062611852e-02
9.288518810218145063e+02	4.149110595343187269e-01	2.318396527003747098e-01	1.024088033204982040e-01	1.025785862606029830e-01	9.357285030176140661e-02	2.629801259126089696e-02	3.089150302473709850e-02
9.336896512354697961e+02	4.144951669931684624e-01	2.317179029218259523e-01	1.026597518763099626e-01	1.026009424900781175e-01	9.361893554656397498e-02	2.643443096373459048e-02	3.097333694187294484e-02
9.385274214491247449e+02	4.140835903973620336e-01	2.315970317084153629e-01	1.029090903839405963e-01	1.026222511488698308e-01	9.366403713026896782e-02	2.657032458775139896e-02	3.105414237694581123e-02
9.433651916627801484e+02	4.136762714228804372e-01	2.314770326207776507e-01	1.031568327080609748e-01	1.026425364407815427e-01	9.370817270993592185e-02	2.670569267845199560e-02	3.113392915266541272e-02
9.482029618764355519e+02	4.132731527156298657e-01	2.313578992425779080e-01	1.034029925491569968e-01	1.026618220435635970e-01	9.375135960439226479e-02	2.684053452057656025e-02	3.121270705765674322e-02
9.530407320900908417e+02	4.128741778725822376e-01	2.312396251816860870e-01	1.036475834457856182e-01	1.026801311204705303e-01	9.379361480144651764e-02	2.697484946692560795e-02	3.129048584465728144e-02
9.578785023037459041e+02	4.124792914233348373e-01	2.311222040712777870e-01	1.038906187768026124e-01	1.026974863315627123e-01	9.383495496493561572e-02	2.710863693684891981e-02	3.136727522879134700e-02
9.627162725174014213e+02	4.120884388120772401e-01	2.310056295708652341e-01	1.041321117635622268e-01	1.027139098447578114e-01	9.387539644160998453e-02	2.724189641476203183e-02	3.144308488591932710e-02
9.675540427310568248e+02	4.117015663799549752e-01	2.308898953672624266e-01	1.043720754720888766e-01	1.027294233466375661e-01	9.391495526786053372e-02	2.737462744868994838e-02	3.151792445105953272e-02
9.723918129447120009e+02	4.113186213478210451e-01	2.307749951754876627e-01	1.046105228152209576e-01	1.027440480530150135e-01	9.395364717629103857e-02	2.750682964883754619e-02	3.159180351688054694e-02
9.772295831583674044e+02	4.109395517993643665e-01	2.306609227396073103e-01	1.048474665547270424e-01	1.027578047192674315e-01	9.399148760213954512e-02	2.763850268618624900e-02	3.166473163226187632e-02
9.820673533720223531e+02	4.105643066646059158e-01	2.305476718335233155e-01	1.050829193033944731e-01	1.027707136504400209e-01	9.402849168955249026e-02	2.776964629111660157e-02	3.173671830092098661e-02
9.869051235856777566e+02	4.101928357037539774e-01	2.304352362617080874e-01	1.053168935270906020e-01	1.027827947111254053e-01	9.406467429771497857e-02	2.790026025205619153e-02	3.180777298010455112e-02
9.917428937993331601e+02	4.098250894914086673e-01	2.303236098598892001e-01	1.055494015467970254e-01	1.027940673351237372e-01	9.410005000684040777e-02	2.803034441415263797e-02	3.187790507934212814e-02
9.965806640129884499e+02	4.094610194011080728e-01	2.302127864956863557e-01	1.057804555406166580e-01	1.028045505348881838e-01	9.413463312402312044e-02	2.815989867797114021e-02	3.194712395926024157e-02
