0.000000000000000000e+00	9.882410016214115966e-01	1.004683101556399993e-36	1.008800161875103574e-02	1.510641282819162864e-35	3.374589223779902482e-03	4.097214926720162912e-04	8.003129926904077257e-37
4.837770213655283591e+00	9.696646194565654575e-01	1.773624696672971429e-02	1.006310758146700818e-02	7.990646222415932851e-05	4.116978281763303965e-03	4.392878128623250414e-04	1.316739500256278627e-05
9.675540427310567182e+00	9.519786489526845807e-01	3.429435999056738849e-02	1.010625258041449384e-02	3.102377285795888495e-04	4.925221979633406105e-03	4.694050629617172701e-04	2.918766177334880754e-05
1.451331064096584811e+01	9.351308314673577593e-01	4.975121965319091039e-02	1.021234813605331228e-02	6.776641321372285903e-04	5.792384202210710230e-03	5.003258432110083186e-04	4.854052245366760821e-05
1.935108085462113081e+01	9.190721990034117495e-01	6.417869101776160767e-02	1.037664590307447836e-02	1.169805343123302881e-03	6.712045964262594935e-03	5.322788279463104306e-04	7.164789703454225501e-05
2.418885106827641707e+01	9.037568619969286177e-01	7.764395107064617219e-02	1.059471534822259767e-02	1.775166567728215464e-03	7.678270020176845498e-03	5.654704898095444781e-04	9.887846310262829149e-05
2.902662128193169622e+01	8.891418109046197449e-01	9.020979477727915363e-02	1.086242288778047939e-02	2.483078955964620072e-03	8.685567826546848266e-03	6.000867077880268647e-04	1.305518966358154987e-04
3.386439149558698603e+01	8.751867306905808386e-01	1.019349211491568513e-01	1.117591238933809614e-02	3.283643942646905997e-03	9.728868702909884703e-03	6.362942667531876033e-04	1.669428152291199435e-04
3.870216170924226162e+01	8.618538273712076370e-01	1.128742006276915316e-01	1.153158694869936898e-02	4.167681263613015434e-03	1.080349104601692131e-02	6.742422556654724354e-04	2.082844437209111833e-04
4.353993192289755143e+01	8.491076658319769432e-01	1.230789250053548195e-01	1.192609185860439569e-02	5.126680406178517682e-03	1.190511546248635907e-02	7.140633711423890898e-04	2.547720208714539312e-04
4.837770213655283413e+01	8.369150181811247924e-01	1.325970410248122344e-01	1.235629869138848980e-02	6.152755268579319578e-03	1.302975969354861450e-02	7.558751326473221992e-04	3.065659645141255397e-04
5.321547235020811684e+01	8.252447219532418332e-01	1.414733687222317349e-01	1.281929042278738551e-02	7.238601817895311263e-03	1.417375521386374584e-02	7.997810151461485009e-04	3.637948114488403790e-04
5.805324256386339954e+01	8.140675475206472500e-01	1.497498055112986837e-01	1.331234752885368348e-02	8.377458549719987366e-03	1.533372539412845847e-02	8.458715046949636567e-04	4.265579472718892813e-04
6.289101277751868224e+01	8.033560741123253468e-01	1.574655169393693321e-01	1.383293499239450323e-02	9.563069565713542414e-03	1.650656512441697407e-02	8.942250820636192575e-04	4.949281403316387268e-04
6.772878299117397205e+01	7.930845738793830257e-01	1.646571149863479411e-01	1.437869015949491507e-02	1.078965009720802767e-02	1.768942180195570008e-02	9.449091391646254230e-04	5.689538930607199651e-04
7.256655320482924765e+01	7.832289034826162011e-01	1.713588247199992198e-01	1.494741139057485617e-02	1.205185431427772437e-02	1.887967759334504073e-02	9.979808327437689978e-04	6.486616230581523012e-04
7.740432341848452324e+01	7.737664027119948162e-01	1.776026400682523820e-01	1.553704745405667768e-02	1.334474527019748231e-02	2.007493288714226609e-02	1.053487879496090192e-03	7.340576854752518463e-04
8.224209363213981305e+01	7.646757996798759782e-01	1.834184694193675136e-01	1.614568761411280806e-02	1.466376684103425435e-02	2.127299085823364938e-02	1.111469296497314893e-03	8.251302474934174526e-04
8.707986384579510286e+01	7.559371221596566937e-01	1.888342717143975391e-01	1.677155236713374908e-02	1.600471752929748248e-02	2.247184307057782313e-02	1.171956090585203007e-03	9.218510249664197808e-04
9.191763405945040688e+01	7.475316146695302200e-01	1.938761836529737104e-01	1.741298478452017046e-02	1.736372600915423239e-02	2.366965604971871598e-02	1.234971900086375947e-03	1.024176890631368691e-03
9.675540427310566827e+01	7.394416609271375895e-01	1.985686385928736586e-01	1.806844242217282154e-02	1.873722829873417442e-02	2.486475876096759519e-02	1.300533592060923926e-03	1.132051362668014781e-03
1.015931744867609581e+02	7.316507113253226668e-01	2.029344776859129118e-01	1.873648975964296512e-02	2.012194645254460068e-02	2.605563093336061078e-02	1.368651818028462702e-03	1.245405981802573695e-03
1.064309447004162337e+02	7.241432151020297248e-01	2.069950537572576577e-01	1.941579113432590972e-02	2.151486867402051945e-02	2.724089217342944708e-02	1.439331530944331109e-03	1.364161584607162612e-03
1.112687149140715235e+02	7.169045568987130190e-01	2.107703284021319734e-01	2.010510413834195112e-02	2.291323075478182356e-02	2.841929181649688677e-02	1.512572466012423317e-03	1.488229480136693409e-03
1.161064851277267991e+02	7.099209974215709984e-01	2.142789627429294574e-01	2.080327344786300423e-02	2.431449875328845975e-02	2.958969946664262093e-02	1.588369587750880583e-03	1.617512536569326283e-03
1.209442553413820747e+02	7.031796179385589873e-01	2.175384022608000401e-01	2.150922505661914327e-02	2.571635283130319083e-02	3.075109617969351561e-02	1.666713505567752381e-03	1.751906184072159981e-03
1.257820255550373645e+02	6.966682683625537997e-01	2.205649560887336935e-01	2.222196088716601320e-02	2.711667217191636448e-02	3.190256624659123380e-02	1.747590859955056855e-03	1.891299339698661926e-03
1.306197957686926259e+02	6.903755186873310468e-01	2.233738711278814015e-01	2.294055375522024293e-02	2.851352090788241214e-02	3.304328953729262358e-02	1.830984681270719869e-03	2.035575259736513085e-03
1.354575659823479441e+02	6.842906135582349503e-01	2.259794013252228173e-01	2.366414266398335353e-02	2.990513499368638306e-02	3.417253436797710459e-02	1.916874722948042845e-03	2.184612324562267959e-03
1.402953361960032339e+02	6.784034297736516450e-01	2.283948724286037901e-01	2.439192840688260422e-02	3.128990995912212664e-02	3.528965085678282404e-02	2.005237770851014088e-03	2.338284760720829580e-03
1.451331064096584669e+02	6.727044365266908743e-01	2.306327425145232868e-01	2.512316945856670272e-02	3.266638948624155797e-02	3.639406473558039895e-02	2.096047930380416559e-03	2.496463304631634569e-03
1.499708766233137851e+02	6.671846582089147049e-01	2.327046585647543075e-01	2.585717813531161757e-02	3.403325475534576400e-02	3.748527158743047288e-02	2.189276892829734606e-03	2.659015812028224426e-03
1.548086468369690749e+02	6.618356396095714800e-01	2.346215093498482118e-01	2.659331700722309191e-02	3.538931450925045241e-02	3.856283148136859656e-02	2.284894182390884067e-03	2.825807816962093086e-03
1.596464170506243647e+02	6.566494133546488809e-01	2.363934748607164071e-01	2.733099554577326368e-02	3.673349578838736029e-02	3.962636397802744154e-02	2.382867385117276061e-03	2.996703043944159376e-03
1.644841872642796261e+02	6.516184694402167299e-01	2.380300725137269313e-01	2.806966699128448858e-02	3.806483529241404262e-02	4.067554348135059283e-02	2.483162361065308424e-03	3.171563876556658494e-03
1.693219574779349159e+02	6.467357267240145813e-01	2.395402003400287361e-01	2.880882542597883872e-02	3.938247132691254093e-02	4.171009491328194624e-02	2.585743440754608748e-03	3.350251785643590385e-03
1.741597276915902057e+02	6.419945062481098308e-01	2.409321773560512137e-01	2.954800303915149084e-02	4.068563629647425905e-02	4.272978968983797560e-02	2.690573607011897267e-03	3.532627719978065871e-03
1.789974979052454671e+02	6.373885062737439933e-01	2.422137812992628259e-01	3.028676757190449514e-02	4.197364970800850081e-02	4.373444197839321257e-02	2.797614663192835634e-03	3.718552462108957405e-03
1.838352681189008138e+02	6.329117789172282738e-01	2.433922839012471750e-01	3.102471992969837652e-02	4.324591165048503189e-02	4.472390521733934921e-02	2.906827388710331132e-03	3.907886951906302218e-03
1.886730383325560467e+02	6.285587082830005334e-01	2.444744838589172631e-01	3.176149195174626100e-02	4.450189671953955206e-02	4.569806888052104638e-02	3.018171682736243023e-03	4.100492580154068735e-03
1.935108085462113081e+02	6.243239899967184536e-01	2.454667376541823376e-01	3.249674432699247578e-02	4.574114835744359092e-02	4.665685547001285904e-02	3.131606696885898267e-03	4.296231454379347697e-03
1.983485787598666263e+02	6.202026120475986337e-01	2.463749883625648007e-01	3.323016464708786200e-02	4.696327358087779708e-02	4.760021772188663403e-02	3.247090957641114630e-03	4.494966638958099517e-03
2.031863489735219162e+02	6.161898368551212979e-01	2.472047925820866632e-01	3.396146558740045091e-02	4.816793807075796935e-02	4.852813601063288990e-02	3.364582479217215899e-03	4.696562371398507046e-03
2.080241191871772060e+02	6.122811844807537485e-01	2.479613456051676379e-01	3.469038320768587369e-02	4.935486160005514433e-02	4.944061593884683387e-02	3.484038867532626531e-03	4.900884256573145858e-03
2.128618894008324673e+02	6.084724169105126812e-01	2.486495049482600472e-01	3.541667536458924237e-02	5.052381377713230370e-02	5.033768609967499696e-02	3.605417415895818302e-03	5.107799440549960768e-03
2.176996596144877287e+02	6.047595233390160585e-01	2.492738123464515176e-01	3.614012022866153889e-02	5.167461008359793689e-02	5.121939600034566831e-02	3.728675192983441598e-03	5.317176765558903444e-03
2.225374298281430470e+02	6.011387063901925121e-01	2.498385143132633990e-01	3.686051489905206591e-02	5.280710818705745130e-02	5.208581413587903830e-02	3.853769123645233319e-03	5.528886907525419614e-03
2.273752000417983652e+02	5.976063692140363148e-01	2.503475813593255550e-01	3.757767410948513465e-02	5.392120451043422302e-02	5.293702620279501503e-02	3.980656063035566301e-03	5.742802497503418646e-03
2.322129702554535982e+02	5.941591034027431384e-01	2.508047259574894827e-01	3.829142901954698391e-02	5.501683104073776254e-02	5.377313344331149242e-02	4.109292864538128219e-03	5.958798228248299994e-03
2.370507404691088880e+02	5.907936776732491957e-01	2.512134193362234313e-01	3.900162608569938266e-02	5.609395236128361661e-02	5.459425111115600443e-02	4.239636441919043645e-03	6.176750947084737840e-03
2.418885106827641494e+02	5.875070272666436111e-01	2.515769071777865240e-01	3.970812600680118792e-02	5.715256289242282017e-02	5.540050705070281856e-02	4.371643826114628671e-03	6.396539736143767169e-03
2.467262808964194392e+02	5.842962440181500572e-01	2.518982242926831039e-01	4.041080273926023897e-02	5.819268432682276476e-02	5.619204038169758192e-02	4.505272217032764426e-03	6.618045980968906283e-03
2.515640511100747290e+02	5.811585670543799598e-01	2.521802083372289838e-01	4.110954257725683153e-02	5.921436324626111469e-02	5.696900028234576363e-02	4.640479030721453464e-03	6.841153428421268071e-03
2.564018213237300188e+02	5.780913740773834242e-01	2.524255126366958812e-01	4.180424329377780551e-02	6.021766890775389486e-02	5.773154486402147512e-02	4.777221942234408450e-03	7.065748234748471697e-03
2.612395915373852517e+02	5.750921731976499363e-01	2.526366181724202242e-01	4.249481333847887621e-02	6.120269118764177368e-02	5.847984013130171077e-02	4.915458924501328944e-03	7.291719004621432035e-03
2.660773617510405415e+02	5.721585952806759190e-01	2.528158447874503389e-01	4.318117108865324183e-02	6.216953867300923503e-02	5.921405902145036176e-02	5.055148283489832930e-03	7.518956821886382119e-03
2.709151319646958882e+02	5.692883867740128334e-01	2.529653616617412171e-01	4.386324414982748637e-02	6.311833689051248031e-02	5.993438051786797310e-02	5.196248689926668413e-03	7.747355272726657270e-03
2.757529021783511780e+02	5.664794029838645661e-01	2.530871971045743352e-01	4.454096870273353131e-02	6.404922666334712800e-02	6.064098883238871335e-02	5.338719207827746782e-03	7.976810461879419237e-03
2.805906723920064678e+02	5.637296017723073538e-01	2.531832477087668787e-01	4.521428889361765735e-02	6.496236258769937100e-02	6.133407265164809302e-02	5.482519320069710253e-03	8.207221022506511199e-03
2.854284426056617008e+02	5.610370376480888766e-01	2.532552869083248281e-01	4.588315626504639588e-02	6.585791162059588533e-02	6.201382444306390018e-02	5.627608951219958792e-03	8.438488120275748627e-03
2.902662128193169337e+02	5.583998562257180831e-01	2.533049729784725423e-01	4.654752922455483027e-02	6.673605177160291113e-02	6.268043981627102745e-02	5.773948487827364542e-03	8.670515452168944814e-03
2.951039830329722804e+02	5.558162890291977742e-01	2.533338565144504506e-01	4.720737254865609717e-02	6.759697089132424286e-02	6.333411693612944759e-02	5.921498796362170518e-03	8.903209240495696744e-03
2.999417532466276270e+02	5.532846486182898538e-01	2.533433874230955341e-01	4.786265691989352589e-02	6.844086555011454076e-02	6.397505598368465052e-02	6.070221238980729080e-03	9.136478222557148018e-03
3.047795234602828600e+02	5.508033240166364530e-01	2.533349214589978304e-01	4.851335849476794138e-02	6.926794000086065883e-02	6.460345866170277840e-02	6.220077687278778231e-03	9.370233636371608568e-03
3.096172936739380930e+02	5.483707764224011738e-01	2.533097263349499695e-01	4.915945850051480631e-02	7.007840522009102513e-02	6.521952774162981248e-02	6.371030534185750938e-03	9.604389202843649498e-03
3.144550638875934396e+02	5.459855351833490245e-01	2.532689874344669634e-01	4.980094285883804317e-02	7.087247802205391689e-02	6.582346664903584998e-02	6.523042704142185261e-03	9.838861104730171545e-03
3.192928341012487294e+02	5.436461940194575737e-01	2.532138131523390956e-01	5.043780183483120155e-02	7.165038024076132717e-02	6.641547908480366358e-02	6.676077661692553927e-03	1.007356796273070967e-02
3.241306043149040192e+02	5.413514074772447504e-01	2.531452398874847187e-01	5.107002970943248094e-02	7.241233797532702077e-02	6.699576867950547687e-02	6.830099418616734225e-03	1.030843080900481837e-02
3.289683745285592522e+02	5.390998876010261176e-01	2.530642367107873159e-01	5.169762447386798410e-02	7.315858089423847577e-02	6.756453867858466800e-02	6.985072539714833745e-03	1.054337305839660698e-02
3.338061447422145420e+02	5.368904008072695744e-01	2.529717097291177552e-01	5.232058754463900230e-02	7.388934159449205008e-02	6.812199165612001228e-02	7.140962147352178900e-03	1.077832047762530658e-02
3.386439149558698318e+02	5.347217649491144975e-01	2.528685061653601074e-01	5.293892349770318306e-02	7.460485501179191237e-02	6.866832925510116259e-02	7.297733924863852861e-03	1.101320115268099309e-02
3.434816851695251216e+02	5.325928465589553351e-01	2.527554181729642635e-01	5.355263982058811045e-02	7.530535787826657390e-02	6.920375195228381515e-02	7.455354118911275765e-03	1.124794545464626039e-02
3.483194553831804114e+02	5.305025582577745924e-01	2.526331864023400597e-01	5.416174668125812997e-02	7.599108822439318289e-02	6.972845884582529186e-02	7.613789540876871216e-03	1.148248600414746544e-02
3.531572255968357013e+02	5.284498563206430077e-01	2.525025033352764625e-01	5.476625671263239681e-02	7.666228492204074652e-02	7.024264746402282544e-02	7.773007567376839268e-03	1.171675763462328053e-02
3.579949958104909342e+02	5.264337383884855059e-01	2.523640164025136023e-01	5.536618481172429773e-02	7.731918726575026657e-02	7.074651359359190872e-02	7.932976139966458132e-03	1.195069735458350810e-02
3.628327660241463377e+02	5.244532413168538909e-01	2.522183308986071237e-01	5.596154795243973162e-02	7.796203458956184329e-02	7.124025112602863641e-02	8.093663764107089306e-03	1.218424430901724961e-02
3.676705362378016275e+02	5.225074391530438733e-01	2.520660127073017232e-01	5.655236501113467679e-02	7.859106591687980981e-02	7.172405192069956914e-02	8.255039507459168910e-03	1.241733974009676458e-02
3.725083064514568036e+02	5.205954412334535819e-01	2.519075908497675487e-01	5.713865660409142566e-02	7.920651964103445075e-02	7.219810568339622703e-02	8.417072997560925626e-03	1.264992694731143300e-02
3.773460766651120935e+02	5.187163903936028442e-01	2.517435598672476127e-01	5.772044493612773358e-02	7.980863323435663514e-02	7.266259985917732089e-02	8.579734418948303451e-03	1.288195124715510974e-02
3.821838468787673833e+02	5.168694612837223534e-01	2.515743820489089733e-01	5.829775365960476741e-02	8.039764298372793772e-02	7.311771953840398575e-02	8.742994509767598385e-03	1.311335993247991424e-02
3.870216170924226162e+02	5.150538587832770299e-01	2.514004895149877239e-01	5.887060774314752803e-02	8.097378375070650447e-02	7.356364737494820727e-02	8.906824557928624125e-03	1.334410223161989519e-02
3.918593873060780197e+02	5.132688165082170961e-01	2.512222861646580818e-01	5.943903334943663463e-02	8.153728875445644120e-02	7.400056351562545043e-02	9.071196396842777510e-03	1.357412926737912827e-02
3.966971575197332527e+02	5.115135954051477363e-01	2.510401494974408010e-01	6.000305772147200567e-02	8.208838937582853268e-02	7.442864553996872412e-02	9.236082400787132274e-03	1.380339401597057217e-02
4.015349277333884856e+02	5.097874824269852390e-01	2.508544323163907075e-01	6.056270907674857207e-02	8.262731498105155281e-02	7.484806840952241969e-02	9.401455479932740653e-03	1.403185126598431240e-02
4.063726979470438323e+02	5.080897892850104736e-01	2.506654643207654742e-01	6.111801650882052461e-02	8.315429276359782851e-02	7.525900442589196493e-02	9.567289075072453117e-03	1.425945757745675051e-02
4.112104681606991221e+02	5.064198512725658352e-01	2.504735535953752090e-01	6.166900989576505621e-02	8.366954760288405901e-02	7.566162319683868154e-02	9.733557152081045993e-03	1.448617124110566923e-02
4.160482383743544119e+02	5.047770261559381133e-01	2.502789880033420289e-01	6.221571981508851323e-02	8.417330193855954157e-02	7.605609160975937422e-02	9.900234196137936565e-03	1.471195223779001200e-02
4.208860085880095880e+02	5.031606931282631701e-01	2.500820364885610880e-01	6.275817746464788793e-02	8.466577565921866444e-02	7.644257381193662881e-02	1.006729520574056909e-02	1.493676219824753050e-02
4.257237788016648778e+02	5.015702518225491069e-01	2.498829502937418012e-01	6.329641458918847108e-02	8.514718600445408958e-02	7.682123119698941460e-02	1.023471568653438503e-02	1.516056436315823576e-02
4.305615490153201677e+02	5.000051213801689487e-01	2.496819640995269485e-01	6.383046341212471331e-02	8.561774747924075224e-02	7.719222239699408128e-02	1.040247164498338435e-02	1.538332354357667235e-02
4.353993192289755143e+02	4.984647395714043028e-01	2.494792970898266071e-01	6.436035657221574058e-02	8.607767177971040184e-02	7.755570327978346390e-02	1.057053958190340773e-02	1.560500608177158542e-02
4.402370894426308041e+02	4.969485619648416064e-01	2.492751539481699030e-01	6.488612706480989534e-02	8.652716772944060719e-02	7.791182695096757205e-02	1.073889648587859035e-02	1.582557981250735241e-02
4.450748596562860939e+02	4.954560611426260808e-01	2.490697257895639338e-01	6.540780818735392188e-02	8.696644122544243405e-02	7.826074376025154988e-02	1.090751982657984544e-02	1.604501402479774352e-02
4.499126298699413837e+02	4.939867259587697457e-01	2.488631910320560359e-01	6.592543348888246779e-02	8.739569519308759693e-02	7.860260131165790198e-02	1.107638754800275432e-02	1.626327942415894262e-02
4.547504000835967304e+02	4.925400608378883716e-01	2.486557162119225617e-01	6.643903672322218346e-02	8.781512954926785908e-02	7.893754447728798529e-02	1.124547806164085707e-02	1.648034809538559062e-02
4.595881702972519065e+02	4.911155851119090032e-01	2.484474567461508188e-01	6.694865180566210439e-02	8.822494117312898454e-02	7.926571541428498180e-02	1.141477023960908374e-02	1.669619346587043404e-02
4.644259405109071963e+02	4.897128323924472282e-01	2.482385576456419274e-01	6.745431277285837690e-02	8.862532388376688497e-02	7.958725358468464461e-02	1.158424340773084316e-02	1.691079026948551917e-02
4.692637107245624861e+02	4.883313499766975263e-01	2.480291541823392010e-01	6.795605374575652835e-02	8.901646842431659712e-02	7.990229577786420179e-02	1.175387733860119854e-02	1.712411451104019558e-02
4.741014809382177759e+02	4.869706982848189813e-01	2.478193725132765979e-01	6.845390889532873557e-02	8.939856245190440365e-02	8.021097613532029991e-02	1.192365224463752191e-02	1.733614343132884247e-02
4.789392511518730657e+02	4.856304503269245343e-01	2.476093302643480598e-01	6.894791241093703449e-02	8.977179053297057454e-02	8.051342617752799136e-02	1.209354877112807196e-02	1.754685547277906252e-02
4.837770213655284124e+02	4.843101911979026952e-01	2.473991370764146713e-01	6.943809847114540412e-02	9.013633414350501194e-02	8.080977483265044947e-02	1.226354798928801053e-02	1.775623024570910022e-02
4.886147915791837022e+02	4.830095175984123190e-01	2.471888951161965164e-01	6.992450121681580144e-02	9.049237167377033320e-02	8.110014846688738677e-02	1.243363138933161090e-02	1.796424849520135425e-02
4.934525617928388783e+02	4.817280373804960214e-01	2.469786995542368468e-01	7.040715472633370109e-02	9.084007843711713881e-02	8.138467091626588878e-02	1.260378087356858572e-02	1.817089206859720182e-02
4.982903320064942250e+02	4.804653691163547347e-01	2.467686390120761852e-01	7.088609299281897758e-02	9.117962668252445335e-02	8.166346351969251682e-02	1.277397874953176311e-02	1.837614388361678841e-02
5.031281022201495148e+02	4.792211416889187170e-01	2.465587959806360419e-01	7.136134990318757088e-02	9.151118561052458411e-02	8.193664515309970198e-02	1.294420772314269427e-02	1.857998789710606918e-02
5.079658724338048046e+02	4.779949939029357053e-01	2.463492472116801391e-01	7.183295921893795288e-02	9.183492139219587291e-02	8.220433226453258135e-02	1.311445089192114256e-02	1.878240907441200078e-02
5.128036426474600376e+02	4.767865741153760606e-01	2.461400640841004683e-01	7.230095455854489150e-02	9.215099719093017283e-02	8.246663891003425118e-02	1.328469173824384057e-02	1.898339335938570641e-02
5.176414128611153274e+02	4.755955398840318038e-01	2.459313129466609849e-01	7.276536938135091948e-02	9.245957318670271208e-02	8.272367679019927700e-02	1.345491412265736007e-02	1.918292764501232373e-02
5.224791830747705035e+02	4.744215576332547202e-01	2.457230554387257182e-01	7.322623697285277067e-02	9.276080660259218569e-02	8.297555528727525165e-02	1.362510227724947343e-02	1.938099974466525252e-02
5.273169532884259070e+02	4.732643023358457657e-01	2.455153487903985743e-01	7.368359043128687447e-02	9.305485173331719262e-02	8.322238150270246104e-02	1.379524079908290603e-02	1.957759836398163464e-02
5.321547235020811968e+02	4.721234572101683513e-01	2.453082461034090112e-01	7.413746265542482672e-02	9.334185997557256642e-02	8.346426029499046106e-02	1.396531464369496489e-02	1.977271307335518383e-02
5.369924937157364866e+02	4.709987134316173663e-01	2.451017966139909243e-01	7.458788633349490438e-02	9.362197985996519034e-02	8.370129431783913942e-02	1.413530911866615024e-02	1.996633428104162278e-02
5.418302639293917764e+02	4.698897698576272597e-01	2.448960459389211142e-01	7.503489393315174172e-02	9.389535708436391737e-02	8.393358405841928882e-02	1.430520987726049097e-02	2.015845320687146766e-02
5.466680341430470662e+02	4.687963327654547374e-01	2.446910363058076299e-01	7.547851769242124031e-02	9.416213454849195474e-02	8.416122787573548925e-02	1.447500291213998404e-02	2.034906185656423089e-02
5.515058043567023560e+02	4.677181156020189245e-01	2.444868067686467583e-01	7.591878961155269778e-02	9.442245238960349230e-02	8.438432203900049500e-02	1.464467454915526282e-02	2.053815299663762362e-02
5.563435745703576458e+02	4.666548387451243118e-01	2.442833934096023396e-01	7.635574144571455335e-02	9.467644801909808061e-02	8.460296076595678894e-02	1.481421144121427939e-02	2.072572012990489890e-02
5.611813447840129356e+02	4.656062292754347687e-01	2.440808295278979745e-01	7.678940469847438111e-02	9.492425615993776988e-02	8.481723626108668423e-02	1.498360056223056735e-02	2.091175747155302536e-02
5.660191149976681118e+02	4.645720207586055417e-01	2.438791458166550408e-01	7.721981061600766139e-02	9.516600888474252562e-02	8.502723875365797435e-02	1.515282920115237908e-02	2.109625992579405862e-02
5.708568852113234016e+02	4.635519530370143526e-01	2.436783705284555346e-01	7.764699018198382985e-02	9.540183565444906866e-02	8.523305653555693362e-02	1.532188495607377833e-02	2.127922306308170988e-02
5.756946554249786914e+02	4.625457720305702347e-01	2.434785296303577928e-01	7.807097411308094870e-02	9.563186335742757116e-02	8.543477599886518947e-02	1.549075572842857455e-02	2.146064309788491345e-02
5.805324256386339812e+02	4.615532295461071688e-01	2.432796469490458857e-01	7.849179285508417481e-02	9.585621634895905019e-02	8.563248167314127524e-02	1.565942971726777891e-02	2.164051686700988950e-02
5.853701958522892710e+02	4.605740830949009434e-01	2.430817443067493089e-01	7.890947657952576688e-02	9.607501649098416918e-02	8.582625626237182226e-02	1.582789541362108685e-02	2.181884180846205626e-02
5.902079660659445608e+02	4.596080957178756976e-01	2.428848416485280826e-01	7.932405518082749629e-02	9.628838319204140184e-02	8.601618068156080543e-02	1.599614159494276017e-02	2.199561594083890639e-02
5.950457362795999643e+02	4.586550358180914722e-01	2.426889571614797569e-01	7.973555827390857442e-02	9.649643344731964612e-02	8.620233409292875348e-02	1.616415731964209943e-02	2.217083784324489285e-02
5.998835064932552541e+02	4.577146770001301879e-01	2.424941073863887686e-01	8.014401519222510983e-02	9.669928187875621861e-02	8.638479394169706893e-02	1.633193192169857255e-02	2.234450663571925164e-02
6.047212767069104302e+02	4.567867979160195047e-01	2.423003073223046477e-01	8.054945498620880162e-02	9.689704077511764047e-02	8.656363599143544751e-02	1.649945500536158932e-02	2.251662196016753978e-02
6.095590469205657200e+02	4.558711821173546119e-01	2.421075705245038789e-01	8.095190642207561460e-02	9.708982013200552486e-02	8.673893435895312087e-02	1.666671643993469787e-02	2.268718396178770122e-02
6.143968171342210098e+02	4.549676179132999820e-01	2.419159091962612695e-01	8.135139798097601460e-02	9.727772769173546885e-02	8.691076154871701931e-02	1.683370635464400203e-02	2.285619327098135228e-02
6.192345873478761860e+02	4.540758982341707717e-01	2.417253342748279243e-01	8.174795785846133978e-02	9.746086898304111290e-02	8.707918848678250501e-02	1.700041513359040399e-02	2.302365098574097463e-02
6.240723575615315895e+02	4.531958205003112639e-01	2.415358555119887785e-01	8.214161396424166095e-02	9.763934736056037456e-02	8.724428455422389428e-02	1.716683341078523162e-02	2.318955865450378351e-02
6.289101277751868793e+02	4.523271864960042854e-01	2.413474815495466885e-01	8.253239392221298210e-02	9.781326404406454067e-02	8.740611762005484620e-02	1.733295206526875784e-02	2.335391825946289343e-02
6.337478979888421691e+02	4.514698022481618556e-01	2.411602199900588217e-01	8.292032507073239522e-02	9.798271815739495461e-02	8.756475407362934726e-02	1.749876221631099793e-02	2.351673220032657677e-02
6.385856682024975726e+02	4.506234779095610321e-01	2.409740774631296822e-01	8.330543446312178857e-02	9.814780676707524076e-02	8.772025885651674182e-02	1.766425521869416718e-02	2.367800327851639353e-02
6.434234384161527487e+02	4.497880276464019667e-01	2.407890596875447986e-01	8.368774886838165061e-02	9.830862492057072799e-02	8.787269549384486844e-02	1.782942265807603219e-02	2.383773468179496008e-02
6.482612086298080385e+02	4.489632695299805021e-01	2.406051715295119409e-01	8.406729477209802515e-02	9.846526568416913427e-02	8.802212612510744438e-02	1.799425634643351049e-02	2.399592996931435712e-02
6.530989788434633283e+02	4.481490254322762490e-01	2.404224170572577812e-01	8.444409837752665793e-02	9.861782018045990583e-02	8.816861153443268651e-02	1.815874831758557129e-02	2.415259305707606607e-02
6.579367490571185044e+02	4.473451209252706784e-01	2.402407995922135053e-01	8.481818560683954122e-02	9.876637762539171306e-02	8.831221118031130912e-02	1.832289082279473652e-02	2.430772820379348276e-02
6.627745192707737942e+02	4.465513851838197601e-01	2.400603217570067283e-01	8.518958210251999230e-02	9.891102536489050634e-02	8.845298322478353792e-02	1.848667632644622472e-02	2.446133999714820290e-02
6.676122894844290840e+02	4.457676508919156677e-01	2.398809855204633024e-01	8.555831322889359547e-02	9.905184891102217226e-02	8.859098456208505667e-02	1.865009750180384243e-02	2.461343334043128092e-02
6.724500596980843738e+02	4.449937541521804540e-01	2.397027922398095867e-01	8.592440407378268419e-02	9.918893197768625936e-02	8.872627084675344111e-02	1.881314722684172824e-02	2.476401343956079540e-02
6.772878299117396637e+02	4.442295343984444811e-01	2.395257427002532302e-01	8.628787945027360795e-02	9.932235651582901892e-02	8.885889652119652315e-02	1.897581858015093617e-02	2.491308579046716890e-02
6.821256001253949535e+02	4.434748343112703273e-01	2.393498371521090295e-01	8.664876389858611194e-02	9.945220274816569950e-02	8.898891484272600239e-02	1.913810483691993566e-02	2.506065616683787051e-02
6.869633703390502433e+02	4.427294997362898332e-01	2.391750753456260425e-01	8.700708168803526765e-02	9.957854920340360183e-02	8.911637791005912190e-02	1.929999946498800120e-02	2.520673060821308070e-02
6.918011405527055331e+02	4.419933796052304964e-01	2.390014565636613131e-01	8.736285681907700329e-02	9.970147274995901088e-02	8.924133668929250252e-02	1.946149612097049578e-02	2.535131540842417222e-02
6.966389107663608229e+02	4.412663258595121984e-01	2.388289796523369590e-01	8.771611302542872690e-02	9.982104862916232890e-02	8.936384103935274270e-02	1.962258864645503517e-02	2.549441710436696831e-02
7.014766809800161127e+02	4.405481933763047420e-01	2.386576430498080215e-01	8.806687377625747881e-02	9.993735048794699649e-02	8.948393973692846115e-02	1.978327106426747833e-02	2.563604246510175697e-02
7.063144511936714025e+02	4.398388398969383939e-01	2.384874448132608127e-01	8.841516227842817488e-02	1.000504504110191761e-01	8.960168050088929137e-02	1.994353757480676198e-02	2.577619848127229996e-02
7.111522214073266923e+02	4.391381259575698470e-01	2.383183826442528130e-01	8.876100147880533475e-02	1.001604189525057143e-01	8.971711001619755987e-02	2.010338255244748656e-02	2.591489235483613457e-02
7.159899916209819821e+02	4.384459148220075653e-01	2.381504539124993658e-01	8.910441406660203623e-02	1.002673251670794796e-01	8.983027395731860154e-02	2.026280054200924746e-02	2.605213148909862539e-02
7.208277618346371582e+02	4.377620724166075838e-01	2.379836556782045642e-01	8.944542247577019767e-02	1.003712366405613704e-01	8.994121701113620693e-02	2.042178625529165320e-02	2.618792347904331380e-02
7.256655320482924481e+02	4.370864672671551099e-01	2.378179847130278135e-01	8.978404888742694268e-02	1.004722195199999751e-01	9.004998289937973799e-02	2.058033456767400030e-02	2.632227610195132447e-02
7.305033022619478515e+02	4.364189704376505441e-01	2.376534375197718596e-01	9.012031523231203711e-02	1.005703385432294844e-01	9.015661440056982334e-02	2.073844051477852571e-02	2.645519730830266092e-02
7.353410724756030277e+02	4.357594554709245949e-01	2.374900103508723603e-01	9.045424319327163842e-02	1.006656570679082124e-01	9.026115337148948869e-02	2.089609928919629322e-02	2.658669521295235413e-02
7.401788426892584312e+02	4.351077983310095987e-01	2.373276992257638829e-01	9.078585420776413839e-02	1.007582371000399768e-01	9.036364076818817481e-02	2.105330623727454456e-02	2.671677808657462599e-02
7.450166129029136073e+02	4.344638773471978799e-01	2.371664999471928270e-01	9.111516947038418579e-02	1.008481393219813338e-01	9.046411666652581784e-02	2.121005685596463394e-02	2.684545434736830549e-02
7.498543831165690108e+02	4.338275731597224238e-01	2.370064081165424164e-01	9.144220993540111420e-02	1.009354231199383056e-01	9.056262028226440275e-02	2.136634678972940821e-02	2.697273255301684339e-02
7.546921533302243006e+02	4.331987686669976356e-01	2.368474191482320412e-01	9.176699631930833323e-02	1.010201466109565960e-01	9.065918999071465034e-02	2.152217182750908175e-02	2.709862139289654845e-02
7.595299235438793630e+02	4.325773489743605649e-01	2.366895282832476577e-01	9.208954910338067179e-02	1.011023666694094159e-01	9.075386334594535975e-02	2.167752789974458985e-02	2.722312968052659904e-02
7.643676937575347665e+02	4.319632013442573637e-01	2.365327306018576436e-01	9.240988853623660626e-02	1.011821389529881099e-01	9.084667709956305293e-02	2.183241107545743145e-02	2.734626634625465791e-02
7.692054639711900563e+02	4.313562151478206874e-01	2.363770210355646828e-01	9.272803463640273691e-02	1.012595179282001351e-01	9.093766721906958173e-02	2.198681755938496421e-02	2.746804043017204641e-02
7.740432341848452324e+02	4.307562818177879671e-01	2.362223943783403057e-01	9.304400719487808391e-02	1.013345568953802067e-01	9.102686890580555246e-02	2.214074368917027386e-02	2.758846107525245173e-02
7.788810043985006359e+02	4.301632948027113157e-01	2.360688452971868301e-01	9.335782577769582979e-02	1.014073080132198990e-01	9.111431661248700631e-02	2.229418593260554943e-02	2.770753752070839043e-02
7.837187746121558121e+02	4.295771495224133818e-01	2.359163683420680835e-01	9.366950972848041290e-02	1.014778223228217230e-01	9.120004406034337707e-02	2.244714088492806917e-02	2.782527909555973858e-02
7.885565448258112156e+02	4.289977433246451310e-01	2.357649579552472952e-01	9.397907817099808436e-02	1.015461497712836642e-01	9.128408425586405361e-02	2.259960526616783261e-02	2.794169521240871118e-02
7.933943150394665054e+02	4.284249754429032553e-01	2.356146084800689322e-01	9.428655001169909677e-02	1.016123392348202981e-01	9.136646950716141580e-02	2.275157591854594027e-02	2.805679536141589270e-02
7.982320852531219089e+02	4.278587469553673528e-01	2.354653141692180929e-01	9.459194394224988700e-02	1.016764385414270083e-01	9.144723143995783787e-02	2.290304980392272871e-02	2.817058910447194781e-02
8.030698554667769713e+02	4.272989607449186322e-01	2.353170691924897640e-01	9.489527844205375429e-02	1.017384944930936341e-01	9.152640101320431987e-02	2.305402400129483512e-02	2.828308606955983948e-02
8.079076256804323748e+02	4.267455214602037250e-01	2.351698676440972524e-01	9.519657178075878468e-02	1.017985528875742646e-01	9.160400853433800505e-02	2.320449570434024444e-02	2.839429594530244391e-02
8.127453958940876646e+02	4.261983354777081345e-01	2.350237035495481852e-01	9.549584202075146744e-02	1.018566585397196189e-01	9.168008367418620241e-02	2.335446221901046546e-02	2.850422847569059753e-02
8.175831661077428407e+02	4.256573108648064041e-01	2.348785708721141396e-01	9.579310701963521246e-02	1.019128553023790767e-01	9.175465548152414441e-02	2.350392096116893023e-02	2.861289345498673614e-02
8.224209363213982442e+02	4.251223573437570846e-01	2.347344635189182738e-01	9.608838443269247798e-02	1.019671860868788110e-01	9.182775239729383532e-02	2.365286945427480872e-02	2.872030072279933496e-02
8.272587065350534203e+02	4.245933862566118044e-01	2.345913753466642437e-01	9.638169171532964818e-02	1.020196928830830740e-01	9.189940226849094285e-02	2.380130532711135713e-02	2.882646015932358377e-02
8.320964767487085965e+02	4.240703105310087428e-01	2.344493001670277799e-01	9.667304612550386977e-02	1.020704167790454364e-01	9.196963236172717160e-02	2.394922631155799522e-02	2.893138168074369659e-02
8.369342469623640000e+02	4.235530446468233623e-01	2.343082317517310442e-01	9.696246472613098688e-02	1.021193979802567514e-01	9.203846937647479354e-02	2.409663024040524862e-02	2.903507523479251576e-02
8.417720171760191761e+02	4.230415046036486437e-01	2.341681638373191154e-01	9.724996438747383898e-02	1.021666758284967974e-01	9.210593945800038540e-02	2.424351504521182754e-02	2.913755079646403526e-02
8.466097873896745796e+02	4.225356078890797895e-01	2.340290901296558090e-01	9.753556178951043598e-02	1.022122888202964125e-01	9.217206820999450378e-02	2.438987875420299198e-02	2.923881836387468708e-02
8.514475576033297557e+02	4.220352734477776924e-01	2.338910043081558199e-01	9.781927342428135830e-02	1.022562746250169768e-01	9.223688070690408414e-02	2.453571949020942958e-02	2.933888795426922366e-02
8.562853278169851592e+02	4.215404216512886326e-01	2.337539000297687852e-01	9.810111559821590999e-02	1.022986701025539735e-01	9.230040150597407234e-02	2.468103546864592462e-02	2.943776960016726216e-02
8.611230980306403353e+02	4.210509742685963896e-01	2.336177709327297569e-01	9.838110443443665032e-02	1.023395113206714835e-01	9.236265465900476979e-02	2.482582499552898891e-02	2.953547334564650753e-02
8.659608682442956251e+02	4.205668544373854512e-01	2.334826106400900159e-01	9.865925587504166538e-02	1.023788335719743453e-01	9.242366372383134521e-02	2.497008646553280226e-02	2.963200924275890061e-02
8.707986384579510286e+02	4.200879866359942261e-01	2.333484127630407745e-01	9.893558568336466297e-02	1.024166713905245440e-01	9.248345177553168872e-02	2.511381836008267851e-02	2.972738734807592320e-02
8.756364086716062047e+02	4.196142966560376109e-01	2.332151709040424237e-01	9.921010944621225236e-02	1.024530585681085182e-01	9.254204141736883937e-02	2.525701924548535288e-02	2.982161771935947642e-02
8.804741788852616082e+02	4.191457115756799801e-01	2.330828786597698987e-01	9.948284257607835357e-02	1.024880281701620599e-01	9.259945479147402292e-02	2.539968777109541387e-02	2.991471041235474818e-02
8.853119490989170117e+02	4.186821597335395606e-01	2.329515296238855171e-01	9.975380031333540287e-02	1.025216125513590537e-01	9.265571358927618406e-02	2.554182266751714447e-02	3.000667547770164909e-02
8.901497193125721878e+02	4.182235707032060379e-01	2.328211173896489461e-01	1.000229977284022992e-01	1.025538433708707148e-01	9.271083906168396671e-02	2.568342274484115492e-02	3.009752295796145130e-02
8.949874895262273640e+02	4.177698752683543515e-01	2.326916355523735713e-01	1.002904497238888831e-01	1.025847516073016136e-01	9.276485202902572114e-02	2.582448689091509583e-02	3.018726288475531705e-02
8.998252597398827675e+02	4.173210053984380274e-01	2.325630777117383696e-01	1.005561710367169209e-01	1.026143675733086902e-01	9.281777289075320014e-02	2.596501406964780989e-02	3.027590527601157697e-02
9.046630299535379436e+02	4.168768942249449494e-01	2.324354374739633078e-01	1.008201762402174129e-01	1.026427209299095589e-01	9.286962163491455091e-02	2.610500331934630103e-02	3.036346013331857330e-02
9.095008001671932334e+02	4.164374760182014690e-01	2.323087084538560665e-01	1.010824797462042124e-01	1.026698407004861813e-01	9.292041784740175114e-02	2.624445375108487577e-02	3.044993743938010158e-02
9.143385703808486369e+02	4.160026861647085905e-01	2.321828842767375278e-01	1.013430958070241222e-01	1.026957552844900146e-01	9.297018072097812391e-02	2.638336454710582882e-02	3.053534715557041854e-02
9.191763405945038130e+02	4.155724611449964079e-01	2.320579585802528544e-01	1.016020385175831348e-01	1.027204924708544492e-01	9.301892906409069128e-02	2.652173495925111077e-02	3.061969921958597809e-02
9.240141108081592165e+02	4.151467385119824716e-01	2.319339250160743771e-01	1.018593218173490245e-01	1.027440794511206151e-01	9.306668130947276518e-02	2.665956430742431535e-02	3.070300354319108888e-02
9.288518810218145063e+02	4.147254568698206523e-01	2.318107772515025644e-01	1.021149594923305148e-01	1.027665428322821067e-01	9.311345552254170210e-02	2.679685197808246572e-02	3.078527001005470706e-02
9.336896512354697961e+02	4.143085558532277335e-01	2.316885089709707080e-01	1.023689651770325754e-01	1.027879086493545119e-01	9.315926940959641522e-02	2.693359742275702740e-02	3.086650847367574529e-02
9.385274214491247449e+02	4.138959761072747434e-01	2.315671138774587356e-01	1.026213523563885427e-01	1.028082023776752951e-01	9.320414032581969543e-02	2.706980015660350944e-02	3.094672875539426077e-02
9.433651916627801484e+02	4.134876592676305362e-01	2.314465856938209554e-01	1.028721343676686495e-01	1.028274489449394202e-01	9.324808528308999034e-02	2.720545975697919241e-02	3.102594064248603151e-02
9.482029618764355519e+02	4.130835479412467981e-01	2.313269181640328631e-01	1.031213244023653774e-01	1.028456727429764433e-01	9.329112095760688783e-02	2.734057586204840379e-02	3.110415388633800890e-02
9.530407320900908417e+02	4.126835856874719322e-01	2.312081050543609850e-01	1.033689355080555650e-01	1.028628976392740868e-01	9.333326369733513372e-02	2.747514816941480989e-02	3.118137820070225955e-02
9.578785023037459041e+02	4.122877169995834423e-01	2.310901401544603884e-01	1.036149805902396026e-01	1.028791469882536641e-01	9.337452952927130512e-02	2.760917643478021793e-02	3.125762326002608921e-02
9.627162725174014213e+02	4.118958872867279908e-01	2.309730172784035529e-01	1.038594724141575776e-01	1.028944436423026854e-01	9.341493416653746940e-02	2.774266047062935725e-02	3.133289869785602783e-02
9.675540427310568248e+02	4.115080428562586379e-01	2.308567302656441833e-01	1.041024236065828529e-01	1.029088099625693198e-01	9.345449301530603381e-02	2.787560014494016442e-02	3.140721410531345514e-02
9.723918129447120009e+02	4.111241308964589392e-01	2.307412729819200425e-01	1.043438466575928730e-01	1.029222678295241555e-01	9.349322118155978245e-02	2.800799537991905883e-02	3.148057902963975752e-02
9.772295831583674044e+02	4.107440994596450179e-01	2.306266393200974152e-01	1.045837539223177237e-01	1.029348386532937532e-01	9.353113347769113906e-02	2.813984615076076806e-02	3.155300297280885097e-02
9.820673533720223531e+02	4.103678974456350104e-01	2.305128232009605871e-01	1.048221576226663482e-01	1.029465433837710026e-01	9.356824442894448590e-02	2.827115248443216183e-02	3.162449539020507211e-02
9.869051235856777566e+02	4.099954745855778349e-01	2.303998185739495885e-01	1.050590698490307118e-01	1.029574025205069326e-01	9.360456827970545235e-02	2.840191445847969898e-02	3.169506568936442115e-02
9.917428937993331601e+02	4.096267814261315698e-01	2.302876194178483382e-01	1.052945025619682062e-01	1.029674361223885948e-01	9.364011899964073959e-02	2.853213219986001567e-02	3.176472322877718635e-02
9.965806640129884499e+02	4.092617693139831148e-01	2.301762197414261579e-01	1.055284675938622241e-01	1.029766638171075721e-01	9.367491028969222866e-02	2.866180588379319341e-02	3.183347731675015280e-02
