0.000000000000000000e+00	9.882389379991655121e-01	3.082509018601745676e-40	1.006953299519578945e-02	4.821888815234721312e-51	3.365407519410276455e-03	3.881120357399435840e-04	4.014068315882230634e-60
4.837770213655283591e+00	9.696625581792481796e-01	1.773604918313424067e-02	1.004461318346041958e-02	7.985750976868449043e-05	4.107664115989160571e-03	4.180125510925168848e-04	1.323582681833221570e-05
9.675540427310567182e+00	9.519765831395885503e-01	3.429398680617869177e-02	1.008778649387116408e-02	3.100499710107687112e-04	4.915789446857605875e-03	4.484528598529634704e-04	2.934183215174853939e-05
1.451331064096584811e+01	9.351287550224556266e-01	4.975068885174704914e-02	1.019395870182658419e-02	6.772590248480326366e-04	5.782844538293369606e-03	4.796868369084457038e-04	4.879757343244723797e-05
1.935108085462113081e+01	9.190701064600188541e-01	6.417801633809719353e-02	1.035837614188502877e-02	1.169114683627211441e-03	6.702407861649374750e-03	5.119443263400336262e-04	7.202473789384428030e-05
2.418885106827641707e+01	9.037547483824621697e-01	7.764314270741747015e-02	1.057660335749147432e-02	1.774131601700710062e-03	7.668539917312399042e-03	5.454328730003066934e-04	9.939171012693683840e-05
2.902662128193169622e+01	8.891396716234195585e-01	9.020885983287295351e-02	1.084450221215621339e-02	2.481649550179781775e-03	8.675750173389546946e-03	5.803393374301961177e-04	1.312178200633436892e-04
3.386439149558698603e+01	8.751845614229356585e-01	1.019338640410270003e-01	1.115821236659505361e-02	3.281777820082523636e-03	9.718966204244732995e-03	6.168314018170903195e-04	1.677772928094207290e-04
3.870216170924226162e+01	8.618516239869019602e-01	1.128730234550213013e-01	1.151413303257897008e-02	4.165343296323781655e-03	1.079350488415188256e-02	6.550589741911533401e-04	2.093029203423712927e-04
4.353993192289755143e+01	8.491054243168183469e-01	1.230776278786243350e-01	1.190890592007198649e-02	5.123841961840805426e-03	1.189504550081267251e-02	6.951554975847727908e-04	2.559894737584784974e-04
4.837770213655283413e+01	8.369127345750591029e-01	1.325956223615563367e-01	1.233939929968586383e-02	6.149393606894150779e-03	1.301960466234769465e-02	7.372391704389049533e-04	3.079968735294190971e-04
5.321547235020811684e+01	8.252423922987858207e-01	1.414718255120029078e-01	1.280269310757414444e-02	7.234699533299906657e-03	1.416351287965149017e-02	7.814140841277995853e-04	3.654531340694060345e-04
5.805324256386339954e+01	8.140651678204895436e-01	1.497481335526004154e-01	1.329606502464908586e-02	8.373003057104014615e-03	1.532339271374181036e-02	8.277712830882767107e-04	4.284570978383533935e-04
6.289101277751868224e+01	8.033536402950494093e-01	1.574637110510956339e-01	1.381697746645512564e-02	9.558052626065089569e-03	1.649613838496711768e-02	8.763897526796334513e-04	4.970809731994138558e-04
6.772878299117397205e+01	7.930820817723701621e-01	1.646551691960525809e-01	1.436306542419185824e-02	1.078406738032759715e-02	1.767889674769693859e-02	9.273373395637276966e-04	5.713726893084749951e-04
7.256655320482924765e+01	7.832263487912698441e-01	1.713567324311247864e-01	1.493212510126713105e-02	1.204570499589716071e-02	1.886904954043784610e-02	9.806716090802829709e-04	6.513580804341952135e-04
7.740432341848452324e+01	7.737637810045149278e-01	1.776003942082687304e-01	1.552210329339448469e-02	1.333803166102578985e-02	2.006419682722295622e-02	1.036440643798536418e-03	7.370429112858695002e-04
8.224209363213981305e+01	7.646731063768836822e-01	1.834160625706054981e-01	1.613108746364552704e-02	1.465649404542462841e-02	2.126214155164139752e-02	1.094683787151670609e-03	8.284147541590597191e-04
8.707986384579510286e+01	7.559343525280400877e-01	1.888316962292112267e-01	1.675729646704215287e-02	1.599689313139041405e-02	2.246087513003183420e-02	1.155432335803776352e-03	9.254447279919797258e-04
9.191763405945040688e+01	7.475287638199449303e-01	1.938734317547256836e-01	1.739907188224057433e-02	1.735535978450103781e-02	2.365856401518430518e-02	1.218710184159192255e-03	1.028089108755783718e-03
9.675540427310566827e+01	7.394387238146498120e-01	1.985657024641092616e-01	1.805486991063237623e-02	1.872833194954463126e-02	2.485353716639932681e-02	1.284534424199888043e-03	1.136290819976089068e-03
1.015931744867609581e+02	7.316476827527395033e-01	2.029313495449713567e-01	1.872325380577978191e-02	2.011253336483199983e-02	2.604427436596322767e-02	1.352915903627050246e-03	1.249980811598388033e-03
1.064309447004162337e+02	7.241400897255038105e-01	2.069917259244599961e-01	1.940288679852504583e-02	2.150495369503827026e-02	2.722939532603313104e-02	1.423859745087242530e-03	1.369079334863770652e-03
1.112687149140715235e+02	7.169013292352548472e-01	2.107667933565863794e-01	2.009252548537829655e-02	2.290282998925825125e-02	2.840764953360187112e-02	1.497365829080551242e-03	1.493497120351080978e-03
1.161064851277267991e+02	7.099176618581412024e-01	2.142752131709024788e-01	2.079101364990474515e-02	2.430362937707116269e-02	2.957790678464956857e-02	1.573429242977150656e-03	1.623136465864897940e-03
1.209442553413820747e+02	7.031761687424479268e-01	2.175344310965190431e-01	2.149727648881024841e-02	2.570503292112187241e-02	3.073914836179977850e-02	1.652040698408943761e-03	1.757892240403382362e-03
1.257820255550373645e+02	6.966646996927882141e-01	2.205607565484088428e-01	2.221031521627334776e-02	2.710492055006386708e-02	3.189045881279934519e-02	1.733186919153626750e-03	1.897652810024000672e-03
1.306197957686926259e+02	6.903718246068771824e-01	2.233694367376643786e-01	2.292920202180011649e-02	2.850135700069831787e-02	3.303101828994569472e-02	1.816851001489001166e-03	2.042300891036501458e-03
1.354575659823479441e+02	6.842867880467956576e-01	2.259747259437551725e-01	2.365307535849329665e-02	2.989257870280620857e-02	3.416009541320633169e-02	1.903012748864976907e-03	2.191714335589495417e-03
1.402953361960032339e+02	6.783994667408755896e-01	2.283899502647483981e-01	2.438113554013722484e-02	3.127698154452847323e-02	3.527704062222463549e-02	1.991648982618873798e-03	2.345766854377885711e-03
1.451331064096584669e+02	6.727003298256380992e-01	2.306275681408177236e-01	2.511264062691098004e-02	3.265310946022183247e-02	3.638127998469506408e-02	2.082733830345784558e-03	2.504328680881647180e-03
1.499708766233137851e+02	6.671804016496398759e-01	2.326992269270755087e-01	2.584690258086129455e-02	3.401964378652463233e-02	3.747230943072982212e-02	2.176238993429370928e-03	2.667267181250604011e-03
1.548086468369690749e+02	6.618312269727046893e-01	2.346158157737318339e-01	2.658328367349948457e-02	3.537539333592432805e-02	3.854968938483817331e-02	2.272133995139069204e-03	2.834447413673524610e-03
1.596464170506243647e+02	6.566448384048704234e-01	2.363875150547327664e-01	2.732119312903896063e-02	3.671928514044316139e-02	3.961303976900729801e-02	2.370386410606783317e-03	3.005732640811755764e-03
1.644841872642796261e+02	6.516137259395359260e-01	2.380238425702770888e-01	2.806008398786678446e-02	3.805035582116596954e-02	4.066203535211942999e-02	2.470962079909350996e-03	3.180984798636587400e-03
1.693219574779349159e+02	6.467308084447769279e-01	2.395336967338893563e-01	2.879945017584954400e-02	3.936774354223792488e-02	4.169640142257103471e-02	2.573825305401976783e-03	3.360064924784402114e-03
1.741597276915902057e+02	6.419894069856677543e-01	2.409253969409650142e-01	2.953882376601441734e-02	4.067068051067428136e-02	4.271590976248418325e-02	2.678939034372033838e-03	3.542833549333451564e-03
1.789974979052454671e+02	6.373832198587361386e-01	2.422067213028420984e-01	3.027777242002594252e-02	4.195848598586062600e-02	4.372037490332472687e-02	2.786265028011848492e-03	3.729151050709758001e-03
1.838352681189008138e+02	6.329062992274243626e-01	2.433849419184315743e-01	3.101589699770077035e-02	4.323055976499255021e-02	4.470965064407269457e-02	2.895764017642906991e-03	3.918877979246305869e-03
1.886730383325560467e+02	6.285530292546736009e-01	2.444668578442022455e-01	3.175282932357106902e-02	4.448637611291931387e-02	4.568362681433434797e-02	3.007395849062130446e-03	4.111875350748495431e-03
1.935108085462113081e+02	6.243181056355173730e-01	2.454588259128130112e-01	3.248823010022521690e-02	4.572547810692632886e-02	4.664222626594728693e-02	3.121119615823094665e-03	4.308004912258973050e-03
1.983485787598666263e+02	6.201965164388967278e-01	2.463667895408696018e-01	3.322178695882557764e-02	4.694747236892635872e-02	4.758540207771617958e-02	3.236893782211124233e-03	4.507129382065699734e-03
2.031863489735219162e+02	6.161835241738267133e-01	2.471963056571066797e-01	3.395321263783052795e-02	4.815202415933751701e-02	4.851313495893121858e-02	3.354676296620772661e-03	4.709112665857767902e-03
2.080241191871772060e+02	6.122746490005694930e-01	2.479525698737209405e-01	3.468224328153413083e-02	4.933885280861627365e-02	4.942543083826977240e-02	3.474424695997101360e-03	4.913820050803359950e-03
2.128618894008324673e+02	6.084656530126397733e-01	2.486404400155650118e-01	3.540863685058493610e-02	5.050772746399281865e-02	5.032231862556750535e-02	3.596096201958164183e-03	5.121118379202801996e-03
2.176996596144877287e+02	6.047525255202972350e-01	2.492644581144196347e-01	3.613217163715756741e-02	5.165846313043214594e-02	5.120384813477309172e-02	3.719647809174999979e-03	5.330876203256262533e-03
2.225374298281430470e+02	6.011314692706979379e-01	2.498288709685589082e-01	3.685264487792950377e-02	5.279091698622359607e-02	5.207008815717410755e-02	3.845036366547025831e-03	5.542963922379820670e-03
2.273752000417983652e+02	5.975988875440950698e-01	2.503376493612784470e-01	3.756987145846302917e-02	5.390498495489038505e-02	5.292112467470431320e-02	3.972218651674849083e-03	5.757253904404812696e-03
2.322129702554535982e+02	5.941513720694270306e-01	2.507945060259380576e-01	3.828368270301035076e-02	5.500059851631540486e-02	5.375705920381786823e-02	4.101151439098989736e-03	5.973620591903176444e-03
2.370507404691088880e+02	5.907856917063182278e-01	2.512029124393526658e-01	3.899392524415106615e-02	5.607772174110513957e-02	5.457800726104671679e-02	4.231791562741711241e-03	6.191940594795442877e-03
2.418885106827641494e+02	5.874987818439638687e-01	2.515661145200206450e-01	3.970045996703637503e-02	5.713634853326557406e-02	5.538409694194691701e-02	4.364095972959897672e-03	6.412092770317705769e-03
2.467262808964194392e+02	5.842877344705958986e-01	2.518871473026834118e-01	4.040316102335591436e-02	5.817650006724695705e-02	5.617546760569035180e-02	4.498021788589593416e-03	6.633958291348957675e-03
2.515640511100747290e+02	5.811497888702356063e-01	2.521688486560400566e-01	4.110191491046240320e-02	5.919822240633289961e-02	5.695226865807264532e-02	4.633526344337311927e-03	6.857420704030245916e-03
2.564018213237300188e+02	5.780823229062578283e-01	2.524138721060777968e-01	4.179661961138761428e-02	6.020158429020780466e-02	5.771465842618882930e-02	4.770567233849371154e-03	7.082365975541855818e-03
2.612395915373852517e+02	5.750828448539216931e-01	2.526246988233993851e-01	4.248718379176184140e-02	6.118667508033868996e-02	5.846280311847738831e-02	4.909102348768266261e-03	7.308682532843828461e-03
2.660773617510405415e+02	5.721489857464837625e-01	2.528036488291149908e-01	4.317352604990997572e-02	6.215360285255719375e-02	5.919687586425259607e-02	5.049089914064264911e-03	7.536261293128365159e-03
2.709151319646958882e+02	5.692784922018099270e-01	2.529528914703045861e-01	4.385557421664070671e-02	6.310249262692790850e-02	5.991705582723725471e-02	5.190488519911022267e-03	7.764995686679656076e-03
2.757529021783511780e+02	5.664692196985535722e-01	2.530744552127239255e-01	4.453326470147301458e-02	6.403348472564381055e-02	6.062352738797369828e-02	5.333257150355851135e-03	7.994781672787287102e-03
2.805906723920064678e+02	5.637191262729736030e-01	2.531702367953145849e-01	4.520654188225710357e-02	6.494673325030113353e-02	6.131647939033311318e-02	5.477355209018354432e-03	8.225517749313284929e-03
2.854284426056617008e+02	5.610262666093508432e-01	2.532420097881692422e-01	4.587535753534571076e-02	6.584240467047752787e-02	6.199610444766263245e-02	5.622742542035290801e-03	8.457104956469873799e-03
2.902662128193169337e+02	5.583887864987113758e-01	2.532914325928828925e-01	4.653967030365765284e-02	6.672067651607141436e-02	6.266259830440804035e-02	5.769379458454791318e-03	8.689446875324986080e-03
2.951039830329722804e+02	5.558049176422116266e-01	2.533200559216778336e-01	4.719944520014931338e-02	6.758173616635937409e-02	6.331615924932855466e-02	5.917226748269234157e-03	8.922449621515136930e-03
2.999417532466276270e+02	5.532729727770741013e-01	2.533293297893158269e-01	4.785465314437204604e-02	6.842577972919468288e-02	6.395698757668068224e-02	6.066245698263212499e-03	9.156021834610535495e-03
3.047795234602828600e+02	5.507913411043948715e-01	2.533206100495881130e-01	4.850527052994538929e-02	6.925301100420576395e-02	6.458528509199121248e-02	6.216398105840986732e-03	9.390074663544746916e-03
3.096172936739380930e+02	5.483584839994901650e-01	2.532951645060989576e-01	4.915127882091790967e-02	7.006364052426014566e-02	6.520125465926635000e-02	6.367646290986606582e-03	9.624521748491043915e-03
3.144550638875934396e+02	5.459729309866974134e-01	2.532541786251182869e-01	4.979266417511986342e-02	7.085788466984044298e-02	6.580509978669650539e-02	6.519953106499377232e-03	9.859279199539324606e-03
3.192928341012487294e+02	5.436332759617247268e-01	2.531987608764644238e-01	5.042941709273617013e-02	7.163596485133316705e-02	6.639702424811397274e-02	6.673281946637571807e-03	1.009426557250123896e-02
3.241306043149040192e+02	5.413381736457324456e-01	2.531299477266839015e-01	5.106153208844373820e-02	7.239810675456440081e-02	6.697723173764590088e-02	6.827596754294147120e-03	1.032940184214667899e-02
3.289683745285592522e+02	5.390863362563605987e-01	2.530487083072102683e-01	5.168900738556555380e-02	7.314453964522543705e-02	6.754592555517771602e-02	6.982862026819695173e-03	1.056461137315199521e-02
3.338061447422145420e+02	5.368765303818685553e-01	2.529559487787028105e-01	5.231184463079528030e-02	7.387549572812202037e-02	6.810330832040363547e-02	7.139042820599884875e-03	1.079981988901903590e-02
3.386439149558698318e+02	5.347075740454541037e-01	2.528525164113824553e-01	5.293004862814051914e-02	7.459120955745124348e-02	6.864958171339109738e-02	7.296104754487239483e-03	1.103495543920438547e-02
3.434816851695251216e+02	5.325783339476510836e-01	2.527392033998883680e-01	5.354362709082138849e-02	7.529191749456302929e-02	6.918494623972738788e-02	7.454014012180133764e-03	1.126994836467972577e-02
3.483194553831804114e+02	5.304877228754901752e-01	2.526167504299676736e-01	5.415259040994371137e-02	7.597785720989977398e-02	6.970960101844718426e-02	7.612737343635445249e-03	1.150473126212713318e-02
3.531572255968357013e+02	5.284346972678407584e-01	2.524858500131835770e-01	5.475695143884335564e-02	7.664926722602791176e-02	7.022374359106312025e-02	7.772242065595224951e-03	1.173923894695716105e-02
3.579949958104909342e+02	5.264182549270304268e-01	2.523471496047679508e-01	5.535672529207031484e-02	7.730638649888189884e-02	7.072756975013572145e-02	7.932496061302144602e-03	1.197340841532272722e-02
3.628327660241463377e+02	5.244374328674841212e-01	2.522012545187577448e-01	5.595192915804887007e-02	7.794945403453354404e-02	7.122127338592566803e-02	8.093467779473194346e-03	1.220717880528802979e-02
3.676705362378016275e+02	5.224913052927192547e-01	2.520487306536327576e-01	5.654258212451292176e-02	7.857870853897939989e-02	7.170504634977174774e-02	8.255126232596211172e-03	1.244049135729885167e-02
3.725083064514568036e+02	5.205789816925937563e-01	2.518901070408072762e-01	5.712870501587474087e-02	7.919438809860723794e-02	7.217907833293019104e-02	8.417440994609230037e-03	1.267328937408870350e-02
3.773460766651120935e+02	5.186996050532252100e-01	2.517258782275241802e-01	5.771032024174038016e-02	7.979672988915964549e-02	7.264355675969913495e-02	8.580382198018383921e-03	1.290551818014414390e-02
3.821838468787673833e+02	5.168523501724905378e-01	2.515565065049445437e-01	5.828745165583652105e-02	8.038596991115923296e-02	7.309866669373178694e-02	8.743920530506113509e-03	1.313712508084228722e-02
3.870216170924226162e+02	5.150364220744696464e-01	2.513824239915221637e-01	5.886012442466159733e-02	8.096234274989705382e-02	7.354459075651893774e-02	8.908027231077666336e-03	1.336805932136397868e-02
3.918593873060780197e+02	5.132510545166258931e-01	2.512040345810935826e-01	5.942836490521911236e-02	8.152608135821376445e-02	7.398150905709106884e-02	9.072674085790511170e-03	1.359827204547713400e-02
3.966971575197332527e+02	5.114955085839147930e-01	2.510217157644992758e-01	5.999220053123299756e-02	8.207741686042251128e-02	7.440959913205701104e-02	9.237833423107947098e-03	1.382771625427656886e-02
4.015349277333884856e+02	5.097690713643859839e-01	2.508358203329753011e-01	6.055165970728418334e-02	8.261657837583419317e-02	7.482903589515733922e-02	9.403478108915251654e-03	1.405634676495889392e-02
4.063726979470438323e+02	5.080710547011928480e-01	2.506466779710181947e-01	6.110677171034440552e-02	8.314379286044974726e-02	7.523999159556808702e-02	9.569581541233870836e-03	1.428412016970398261e-02
4.112104681606991221e+02	5.064007940162509325e-01	2.504545967459225198e-01	6.165756659821734070e-02	8.365928496548175053e-02	7.564263578424425261e-02	9.736117644666544835e-03	1.451099479472788348e-02
4.160482383743544119e+02	5.047576472010909532e-01	2.502598645007205191e-01	6.220407512442954062e-02	8.416327691145823742e-02	7.603713528764215190e-02	9.903060864603832961e-03	1.473693065956597700e-02
4.208860085880095880e+02	5.031409935707397141e-01	2.500627501568152278e-01	6.274632865914332724e-02	8.465598837674655208e-02	7.642365418820674938e-02	1.007038616122019059e-02	1.496188943663941638e-02
4.257237788016648778e+02	5.015502328767262874e-01	2.498635049321868140e-01	6.328435911569207928e-02	8.513763639941446248e-02	7.680235381105315895e-02	1.023806900328569879e-02	1.518583441115274775e-02
4.305615490153201677e+02	4.999847843755628185e-01	2.496623634806688918e-01	6.381819888236436866e-02	8.560843529141957953e-02	7.717339271631250275e-02	1.040608536181748638e-02	1.540873044136562703e-02
4.353993192289755143e+02	4.984440859492831888e-01	2.494595449574328605e-01	6.434788075908806637e-02	8.606859656418712479e-02	7.753692669664984105e-02	1.057441170359314786e-02	1.563054391927712686e-02
4.402370894426308041e+02	4.969275932748387081e-01	2.492552540154829022e-01	6.487343789868806054e-02	8.651832886470081641e-02	7.789310877949733036e-02	1.074302498454664419e-02	1.585124273175691351e-02
4.450748596562860939e+02	4.954347790393567319e-01	2.490496817376516570e-01	6.539490375241310827e-02	8.695783792129178902e-02	7.824208923357858780e-02	1.091190264306566085e-02	1.607079622215376591e-02
4.499126298699413837e+02	4.939651321984582233e-01	2.488430065082926357e-01	6.591231201944693086e-02	8.738732649836640498e-02	7.858401557933097914e-02	1.108102259320787285e-02	1.628917515240827993e-02
4.547504000835967304e+02	4.925181572750077508e-01	2.486353948285927595e-01	6.642569660013751542e-02	8.780699435936663300e-02	7.891903260286112221e-02	1.125036321785218181e-02	1.650635166569337786e-02
4.595881702972519065e+02	4.910933736958392748e-01	2.484270020791720934e-01	6.693509155269598832e-02	8.821703823730552008e-02	7.924728237309550116e-02	1.141990336179973808e-02	1.672229924960320913e-02
4.644259405109071963e+02	4.896903151641545660e-01	2.482179732333987532e-01	6.744053105313284335e-02	8.861765181226578802e-02	7.956890426181295606e-02	1.158962232483831852e-02	1.693699269990814674e-02
4.692637107245624861e+02	4.883085290654385346e-01	2.480084435246232843e-01	6.794204935821435143e-02	8.900902569529253738e-02	7.988403496626893252e-02	1.175949985478256556e-02	1.715040808489116247e-02
4.741014809382177759e+02	4.869475759048730867e-01	2.477985390703282831e-01	6.843968077123650795e-02	8.939134741815062124e-02	8.019280853414308130e-02	1.192951614050150565e-02	1.736252271027829280e-02
4.789392511518730657e+02	4.856070287743574632e-01	2.475883774559929640e-01	6.893345961042693371e-02	8.976480142845463805e-02	8.049535639056158709e-02	1.209965180494385062e-02	1.757331508477394041e-02
4.837770213655284124e+02	4.842864728473638136e-01	2.473780682812912468e-01	6.942342017979775959e-02	9.012956908971375691e-02	8.079180736696461862e-02	1.226988789817068208e-02	1.778276488620954623e-02
4.886147915791837022e+02	4.829855048999684985e-01	2.471677136710691003e-01	6.990959674228405807e-02	9.048582868586639572e-02	8.108228773160656988e-02	1.244020589040423751e-02	1.799085292831249100e-02
4.934525617928388783e+02	4.817037328565043075e-01	2.469574087533899509e-01	7.039202349501343103e-02	9.083375542990962392e-02	8.136692122149297157e-02	1.261058766510082287e-02	1.819756112810031259e-02
4.982903320064942250e+02	4.804407753583755381e-01	2.467472421067854749e-01	7.087073454656220295e-02	9.117352147625629177e-02	8.164582907557307867e-02	1.278101551205509424e-02	1.840287247390379188e-02
5.031281022201495148e+02	4.791962613546720817e-01	2.465372961787116457e-01	7.134576389606364644e-02	9.150529593647942217e-02	8.191913006902129535e-02	1.295147212054233339e-02	1.860677099402104420e-02
5.079658724338048046e+02	4.779698297133018747e-01	2.463276476770784595e-01	7.181714541404193852e-02	9.182924489812750724e-02	8.218694054845354646e-02	1.312194057250467075e-02	1.880924172600350816e-02
5.128036426474600376e+02	4.767611288514421175e-01	2.461183679366002741e-01	7.228491282485445535e-02	9.214553144631759674e-02	8.244937446793686175e-02	1.329240433578670298e-02	1.901027068657348135e-02
5.176414128611153274e+02	4.755698163841858839e-01	2.459095232616003712e-01	7.274909969063231285e-02	9.245431568783379905e-02	8.270654342566191586e-02	1.346284725742534494e-02	1.920984484217180821e-02
5.224791830747705035e+02	4.743955587903289084e-01	2.457011752467962995e-01	7.320973939661652719e-02	9.275575477747929898e-02	8.295855670115864777e-02	1.363325355699834124e-02	1.940795208013339213e-02
5.273169532884259070e+02	4.732380310943086754e-01	2.454933810774931890e-01	7.366686513779392709e-02	9.305000294644796832e-02	8.320552129294501997e-02	1.380360782003533723e-02	1.960458118048724607e-02
5.321547235020811968e+02	4.720969165633688291e-01	2.452861938105202477e-01	7.412050990674313999e-02	9.333721153249932567e-02	8.344754195650777584e-02	1.397389499149501862e-02	1.979972178837706778e-02
5.369924937157364866e+02	4.709719064190791560e-01	2.450796626371569142e-01	7.457070648260707979e-02	9.361752901173621411e-02	8.368472124252303301e-02	1.414410036931145441e-02	1.999336438709755845e-02
5.418302639293917764e+02	4.698626995623964020e-01	2.448738331292160120e-01	7.501748742111377655e-02	9.389110103180001166e-02	8.391715953523183613e-02	1.431420959801235973e-02	2.018550027174107961e-02
5.466680341430470662e+02	4.687690023114998716e-01	2.446687474693733932e-01	7.546088504557256493e-02	9.415807044631180345e-02	8.414495509089341130e-02	1.448420866241174366e-02	2.037612152344868421e-02
5.515058043567023560e+02	4.676905281516848811e-01	2.444644446667644244e-01	7.590093143877740811e-02	9.441857735040115607e-02	8.436820407624566476e-02	1.465408388137898373e-02	2.056522098425895770e-02
5.563435745703576458e+02	4.666269974966394396e-01	2.442609607587994669e-01	7.633765843575388010e-02	9.467275911717613901e-02	8.458700060690860223e-02	1.482382190168621793e-02	2.075279223254776484e-02
5.611813447840129356e+02	4.655781374604723855e-01	2.440583290000901684e-01	7.677109761729038195e-02	9.492075043499943743e-02	8.480143678567216015e-02	1.499340969193555147e-02	2.093882955905147780e-02
5.660191149976681118e+02	4.645436816398991753e-01	2.438565800393192595e-01	7.720128030419784460e-02	9.516268334544622509e-02	8.501160274061564381e-02	1.516283453656743635e-02	2.112332794346597972e-02
5.708568852113234016e+02	4.635233699060279933e-01	2.436557420848329547e-01	7.762823755224651512e-02	9.539868728182890334e-02	8.521758666301053331e-02	1.533208402995127166e-02	2.130628303161337389e-02
5.756946554249786914e+02	4.625169482052224890e-01	2.434558410596841249e-01	7.805200014773111539e-02	9.562888910818304056e-02	8.541947484496351106e-02	1.550114607055914570e-02	2.148769111316810310e-02
5.805324256386339812e+02	4.615241683685498142e-01	2.432569007468071975e-01	7.847259860361950612e-02	9.585341315861729827e-02	8.561735171676047862e-02	1.567000885522338086e-02	2.166754909993389919e-02
5.853701958522892710e+02	4.605447879293516067e-01	2.430589429249614686e-01	7.889006315624245980e-02	9.607238127693815133e-02	8.581129988387668772e-02	1.583866087347841206e-02	2.184585450466281636e-02
5.902079660659445608e+02	4.595785699485043785e-01	2.428619874960381286e-01	7.930442376248553193e-02	9.628591285646727338e-02	8.600140016362144146e-02	1.600709090198736487e-02	2.202260542040743868e-02
5.950457362795999643e+02	4.586252828469614129e-01	2.426660526042873911e-01	7.971571009744596314e-02	9.649412487997650889e-02	8.618773162138960997e-02	1.617528799905350312e-02	2.219780050039722383e-02
5.998835064932552541e+02	4.576847002451915891e-01	2.424711547479864171e-01	8.012395155252056977e-02	9.669713195967163943e-02	8.637037160649488343e-02	1.634324149921669717e-02	2.237143893842975448e-02
6.047212767069104302e+02	4.567566008091566432e-01	2.422773088840346201e-01	8.052917723389271809e-02	9.689504637716184199e-02	8.654939578756323804e-02	1.651094100793476516e-02	2.254352044976775174e-02
6.095590469205657200e+02	4.558407681024855274e-01	2.420845285259311253e-01	8.093141596138826721e-02	9.708797812335759336e-02	8.672487818746703325e-02	1.667837639634960761e-02	2.271404525253245543e-02
6.143968171342210098e+02	4.549369904445285107e-01	2.418928258355604877e-01	8.133069626767298888e-02	9.727603493824443781e-02	8.689689121778326752e-02	1.684553779613784386e-02	2.288301404958407309e-02
6.192345873478761860e+02	4.540450607739904831e-01	2.417022117091836841e-01	8.172704639776519342e-02	9.745932235048514192e-02	8.706550571276161499e-02	1.701241559444557211e-02	2.305042801087992671e-02
6.240723575615315895e+02	4.531647765178604126e-01	2.415126958580074146e-01	8.212049430883959500e-02	9.763794371680685480e-02	8.723079096278957278e-02	1.717900042890685777e-02	2.321628875630094360e-02
6.289101277751868793e+02	4.522959394653716103e-01	2.413242868836788790e-01	8.251106767029975364e-02	9.781200026113402723e-02	8.739281474734490740e-02	1.734528318274538086e-02	2.338059833893710304e-02
6.337478979888421691e+02	4.514383556467427283e-01	2.411369923490317424e-01	8.289879386409787498e-02	9.798159111343188177e-02	8.755164336742619902e-02	1.751125497995869446e-02	2.354335922882255794e-02
6.385856682024975726e+02	4.505918352164626772e-01	2.409508188443877374e-01	8.328369998528260820e-02	9.814681334822816794e-02	8.770734167745498910e-02	1.767690718058442106e-02	2.370457429711114034e-02
6.434234384161527487e+02	4.497561923408980311e-01	2.407657720496980402e-01	8.366581284275625974e-02	9.830776202278483644e-02	8.785997311664384135e-02	1.784223137604769305e-02	2.386424680068301857e-02
6.482612086298080385e+02	4.489312450900134199e-01	2.405818567927910379e-01	8.404515896022460297e-02	9.846453021489370849e-02	8.800959973982641626e-02	1.800721938458907032e-02	2.402238036717331895e-02
6.530989788434633283e+02	4.481168153330075676e-01	2.403990771039750951e-01	8.442176457732315786e-02	9.861720906027339473e-02	8.815628224774653410e-02	1.817186324677213388e-02	2.417897898041371230e-02
6.579367490571185044e+02	4.473127286376777922e-01	2.402174362672290231e-01	8.479565565090521617e-02	9.876588778954702164e-02	8.830008001680476892e-02	1.833615522106992260e-02	2.433404696627786828e-02
6.627745192707737942e+02	4.465188141733392735e-01	2.400369368681983251e-01	8.516685785647790108e-02	9.891065376478297422e-02	8.844105112826193549e-02	1.850008777952931796e-02	2.448758897892190645e-02
6.676122894844290840e+02	4.457349046171316664e-01	2.398575808392006958e-01	8.553539658977325766e-02	9.905159251558269540e-02	8.857925239689978802e-02	1.866365360351248531e-02	2.463960998741104858e-02
6.724500596980843738e+02	4.449608360635576298e-01	2.396793695014312608e-01	8.590129696844235607e-02	9.918878777470203911e-02	8.871473939914022167e-02	1.882684557951443127e-02	2.479011526272374699e-02
6.772878299117396637e+02	4.441964479371052210e-01	2.395023036045454967e-01	8.626458383386143014e-02	9.932232151319422830e-02	8.884756650062490546e-02	1.898965679505570936e-02	2.493911036512468787e-02
6.821256001253949535e+02	4.434415829078149351e-01	2.393263833637870319e-01	8.662528175303954581e-02	9.945227397506439804e-02	8.897778688325827523e-02	1.915208053464928853e-02	2.508660113189818686e-02
6.869633703390502433e+02	4.426960868096590507e-01	2.391516084948158705e-01	8.698341502061814057e-02	9.957872371142710566e-02	8.910545257171723077e-02	1.931411027584062357e-02	2.523259366543363982e-02
6.918011405527055331e+02	4.419598085616094907e-01	2.389779782463826996e-01	8.733900766095353818e-02	9.970174761415996623e-02	8.923061445943135384e-02	1.947573968531987956e-02	2.537709432165476814e-02
6.966389107663608229e+02	4.412326000912756840e-01	2.388054914309862831e-01	8.769208343027386221e-02	9.982142094904757068e-02	8.935332233403846247e-02	1.963696261510530436e-02	2.552010969878453286e-02
7.014766809800161127e+02	4.405143162610016816e-01	2.386341464536409773e-01	8.804266581890288212e-02	9.993781738841138462e-02	8.947362490232027565e-02	1.979777309879671154e-02	2.566164662643776254e-02
7.063144511936714025e+02	4.398048147963164456e-01	2.384639413388743856e-01	8.839077805354320083e-02	1.000510090432221999e-01	8.959156981462373937e-02	1.995816534789804711e-02	2.580171215503361537e-02
7.111522214073266923e+02	4.391039562166378918e-01	2.382948737560662833e-01	8.873644309961248311e-02	1.001610664946931406e-01	8.970720368877366235e-02	2.011813374820799194e-02	2.594031354552016333e-02
7.159899916209819821e+02	4.384116037681359268e-01	2.381269410432338973e-01	8.907968366362602197e-02	1.002680588253517108e-01	8.982057213348296210e-02	2.027767285627753505e-02	2.607745825940353118e-02
7.208277618346371582e+02	4.377276233586654408e-01	2.379601402293608781e-01	8.942052219562024451e-02	1.003720536495906479e-01	8.993171977126679373e-02	2.043677739593352527e-02	2.621315394907408267e-02
7.256655320482924481e+02	4.370518834946834352e-01	2.377944680553618906e-01	8.975898089161156446e-02	1.004731171436979292e-01	9.004069026086734817e-02	2.059544225486709471e-02	2.634740844842238527e-02
7.305033022619478515e+02	4.363842552200708491e-01	2.376299209937682011e-01	9.009508169608562711e-02	1.005713140753671658e-01	9.014752631919609183e-02	2.075366248128594077e-02	2.648022976373776843e-02
7.353410724756030277e+02	4.357246120567820902e-01	2.374664952672146667e-01	9.042884630451236694e-02	1.006667078326900500e-01	9.025226974280066428e-02	2.091143328062942605e-02	2.661162606488239046e-02
7.401788426892584312e+02	4.350728299472498839e-01	2.373041868658027631e-01	9.076029616588253413e-02	1.007593604526334646e-01	9.035496142886355331e-02	2.106875001234546213e-02	2.674160567673394481e-02
7.450166129029136073e+02	4.344287871984769400e-01	2.371429915634104546e-01	9.108945248526172100e-02	1.008493326490041281e-01	9.045564139574004126e-02	2.122560818672812946e-02	2.687017707089022628e-02
7.498543831165690108e+02	4.337923644277486002e-01	2.369829049330138548e-01	9.141633622635821077e-02	1.009366838399042149e-01	9.055434880304281953e-02	2.138200346181502384e-02	2.699734885762889586e-02
7.546921533302243006e+02	4.331634445099050712e-01	2.368239223610828781e-01	9.174096811410140107e-02	1.010214721746820477e-01	9.065112197128094573e-02	2.153793164034332325e-02	2.712312977811594250e-02
7.595299235438793630e+02	4.325419125261136255e-01	2.366660390611080023e-01	9.206336863722727748e-02	1.011037545603820087e-01	9.074599840106065129e-02	2.169338866676350647e-02	2.724752869685652043e-02
7.643676937575347665e+02	4.319276557140846462e-01	2.365092500863124614e-01	9.238355805086841122e-02	1.011835866876984596e-01	9.083901479185588212e-02	2.184837062430984578e-02	2.737055459438185109e-02
7.692054639711900563e+02	4.313205634196786153e-01	2.363535503415996886e-01	9.270155637914567759e-02	1.012610230564387620e-01	9.093020706035610801e-02	2.200287373212653566e-02	2.749221656016612864e-02
7.740432341848452324e+02	4.307205270498527527e-01	2.361989345947840269e-01	9.301738341775903085e-02	1.013361170005004919e-01	9.101961035839922776e-02	2.215689434244858674e-02	2.761252378576745103e-02
7.788810043985006359e+02	4.301274400268984555e-01	2.360453974871482286e-01	9.333105873657540630e-02	1.014089207123687608e-01	9.110725909049735560e-02	2.231042893783647535e-02	2.773148555818690658e-02
7.837187746121558121e+02	4.295411977439246853e-01	2.358929335433697927e-01	9.364260168221123781e-02	1.014794852671390968e-01	9.119318693096313544e-02	2.246347412846358416e-02	2.784911125344012237e-02
7.885565448258112156e+02	4.289616975215416739e-01	2.357415371808543603e-01	9.395203138060802261e-02	1.015478606460720745e-01	9.127742684064431289e-02	2.261602664945550067e-02	2.796541033033567505e-02
7.933943150394665054e+02	4.283888385657044773e-01	2.355912027185128876e-01	9.425936673959899037e-02	1.016140957596858990e-01	9.136001108327428122e-02	2.276808335828021945e-02	2.808039232445486491e-02
7.982320852531219089e+02	4.278225219266747481e-01	2.354419243850165433e-01	9.456462645146519741e-02	1.016782384703930758e-01	9.144097124144613675e-02	2.291964123218836677e-02	2.819406684232754826e-02
8.030698554667769713e+02	4.272626504590639751e-01	2.352936963265610804e-01	9.486782899547964443e-02	1.017403356146877325e-01	9.152033823221789044e-02	2.307069736570249371e-02	2.830644355579879645e-02
8.079076256804323748e+02	4.267091287829208879e-01	2.351465126141704387e-01	9.516899264043804374e-02	1.018004330248902106e-01	9.159814232235632958e-02	2.322124896815453907e-02	2.841753219658122928e-02
8.127453958940876646e+02	4.261618632458276656e-01	2.350003672505679986e-01	9.546813544717497324e-02	1.018585755504553686e-01	9.167441314322694046e-02	2.337129336127061890e-02	2.852734255098809957e-02
8.175831661077428407e+02	4.256207618859730313e-01	2.348552541766411594e-01	9.576527527106425131e-02	1.019148070788514354e-01	9.174917970533728873e-02	2.352082797680222354e-02	2.863588445484219897e-02
8.224209363213982442e+02	4.250857343961685908e-01	2.347111672775242797e-01	9.606042976450254733e-02	1.019691705560161615e-01	9.182247041254112951e-02	2.366985035420299255e-02	2.874316778855585605e-02
8.272587065350534203e+02	4.245566920887788864e-01	2.345681003883223481e-01	9.635361637937531198e-02	1.020217080063969828e-01	9.189431307591050535e-02	2.381835813835019022e-02	2.884920247237737420e-02
8.320964767487085965e+02	4.240335478615355203e-01	2.344260472994976752e-01	9.664485236950398628e-02	1.020724605525820949e-01	9.196473492728278465e-02	2.396634907731011108e-02	2.895399846179936773e-02
8.369342469623640000e+02	4.235162161642079259e-01	2.342850017619393654e-01	9.693415479307417038e-02	1.021214684345292251e-01	9.203376263248981559e-02	2.411382102014648574e-02	2.905756574312454502e-02
8.417720171760191761e+02	4.230046129661026999e-01	2.341449574917345289e-01	9.722154051504344752e-02	1.021687710283988859e-01	9.210142230427610655e-02	2.426077191477121059e-02	2.915991432918465034e-02
8.466097873896745796e+02	4.224986557243669005e-01	2.340059081746592995e-01	9.750702620952876598e-02	1.022144068649991078e-01	9.216773951491269434e-02	2.440719980583648877e-02	2.926105425520830403e-02
8.514475576033297557e+02	4.219982633530700022e-01	2.338678474704057597e-01	9.779062836217264354e-02	1.022584136478482120e-01	9.223273930851362545e-02	2.455310283266769547e-02	2.936099557483366068e-02
8.562853278169851592e+02	4.215033561930408013e-01	2.337307690165610630e-01	9.807236327248758379e-02	1.023008282708626343e-01	9.229644621306154484e-02	2.469847922723612116e-02	2.945974835626184035e-02
8.611230980306403353e+02	4.210138559824370130e-01	2.335946664323528821e-01	9.835224705617846841e-02	1.023416868356762655e-01	9.235888425214881792e-02	2.484332731217089515e-02	2.955732267854719111e-02
8.659608682442956251e+02	4.205296858280247463e-01	2.334595333221751723e-01	9.863029564744248134e-02	1.023810246685983583e-01	9.242007695644080534e-02	2.498764549880932995e-02	2.965372862802061540e-02
8.707986384579510286e+02	4.200507701771474811e-01	2.333253632789069887e-01	9.890652480124620394e-02	1.024188763372163025e-01	9.248004737486738291e-02	2.513143228528493325e-02	2.974897629484218181e-02
8.756364086716062047e+02	4.195770347903645670e-01	2.331921498870365150e-01	9.918095009557958974e-02	1.024552756666501502e-01	9.253881808554891009e-02	2.527468625465240093e-02	2.984307576967938982e-02
8.804741788852616082e+02	4.191084067147385905e-01	2.330598867256017115e-01	9.945358693368669400e-02	1.024902557554652344e-01	9.259641120646283641e-02	2.541740607304888294e-02	2.993603714050755218e-02
8.853119490989170117e+02	4.186448142577546272e-01	2.329285673709581839e-01	9.972445054627288030e-02	1.025238489912494444e-01	9.265284840585673309e-02	2.555959048789080770e-02	3.002787048952882190e-02
8.901497193125721878e+02	4.181861869618517802e-01	2.327981853993840167e-01	9.999355599368825454e-02	1.025560870658615287e-01	9.270815091241378647e-02	2.570123832610561945e-02	3.011858589020650553e-02
8.949874895262273640e+02	4.177324555795504657e-01	2.326687343895315618e-01	1.002609181680873679e-01	1.025870009903568358e-01	9.276233952517619341e-02	2.584234849239772785e-02	3.020819340441135634e-02
8.998252597398827675e+02	4.172835520491584016e-01	2.325402079247342324e-01	1.005265517955650084e-01	1.026166211095966840e-01	9.281543462323249560e-02	2.598291996754803837e-02	3.029670307967663803e-02
9.046630299535379436e+02	4.168394094710395903e-01	2.324125995951771828e-01	1.007904714382680395e-01	1.026449771165474784e-01	9.286745617517394580e-02	2.612295180674641115e-02	3.038412494655885754e-02
9.095008001671932334e+02	4.163999620844300309e-01	2.322859029999393421e-01	1.010526914964831741e-01	1.026720980662758770e-01	9.291842374832559592e-02	2.626244313795642743e-02	3.047046901610110659e-02
9.143385703808486369e+02	4.159651452447857833e-01	2.321601117489139610e-01	1.013132262107007409e-01	1.026980123896458486e-01	9.296835651775728349e-02	2.640139316031181807e-02	3.055574527739603891e-02
9.191763405945038130e+02	4.155348954016487850e-01	2.320352194646151944e-01	1.015720896636545106e-01	1.027227479067236576e-01	9.301727327507973431e-02	2.653980114254398184e-02	3.063996369524559296e-02
9.240141108081592165e+02	4.151091500770158205e-01	2.319112197838761602e-01	1.018292957823374312e-01	1.027463318398965653e-01	9.306519243703084698e-02	2.667766642143996891e-02	3.072313420791466729e-02
9.288518810218145063e+02	4.146878478441981541e-01	2.317881063594454394e-01	1.020848583399935061e-01	1.027687908267110178e-01	9.311213205385708569e-02	2.681498840033035361e-02	3.080526672497593127e-02
9.336896512354697961e+02	4.142709283071579485e-01	2.316658728614870988e-01	1.023387909580856930e-01	1.027901509324361251e-01	9.315810981749501896e-02	2.695176654760642054e-02	3.088637112524321784e-02
9.385274214491247449e+02	4.138583320803090881e-01	2.315445129789900081e-01	1.025911071082401677e-01	1.028104376623578398e-01	9.320314306955752859e-02	2.708800039526611941e-02	3.096645725479075031e-02
9.433651916627801484e+02	4.134500007687705869e-01	2.314240204210911422e-01	1.028418201141667737e-01	1.028296759738094035e-01	9.324724880912960145e-02	2.722368953748819168e-02	3.104553492505578854e-02
9.482029618764355519e+02	4.130458769490600868e-01	2.313043889183178936e-01	1.030909431535559362e-01	1.028478902879435969e-01	9.329044370037793688e-02	2.735883362923397649e-02	3.112361391102213062e-02
9.530407320900908417e+02	4.126459041502162917e-01	2.311856122237534727e-01	1.033384892599521487e-01	1.028651045012518445e-01	9.333274407997935174e-02	2.749343238487633387e-02	3.120070394948213158e-02
9.578785023037459041e+02	4.122500268353398445e-01	2.310676841141302562e-01	1.035844713246041188e-01	1.028813419968356707e-01	9.337416596437171645e-02	2.762748557685516110e-02	3.127681473737484869e-02
9.627162725174014213e+02	4.118581903835409341e-01	2.309505983908541615e-01	1.038289020982916949e-01	1.028966256554356001e-01	9.341472505683215410e-02	2.776099303435901333e-02	3.135195593019805133e-02
9.675540427310568248e+02	4.114703410722843069e-01	2.308343488809644906e-01	1.040717941931298546e-01	1.029109778662223029e-01	9.345443675438652731e-02	2.789395464203231478e-02	3.142613714049186102e-02
9.723918129447120009e+02	4.110864260601204134e-01	2.307189294380322386e-01	1.043131600843498485e-01	1.029244205373553434e-01	9.349331615455423738e-02	2.802637033870764016e-02	3.149936793639186716e-02
9.772295831583674044e+02	4.107063933697945313e-01	2.306043339430007555e-01	1.045530121120575862e-01	1.029369751063140825e-01	9.353137806193237425e-02	2.815824011616265346e-02	3.157165784024962285e-02
9.820673533720223531e+02	4.103301918717225383e-01	2.304905563049710060e-01	1.047913624829695523e-01	1.029486625500057040e-01	9.356863699462318607e-02	2.828956401790114900e-02	3.164301632731843922e-02
9.869051235856777566e+02	4.099577712678262875e-01	2.303775904619351222e-01	1.050282232721264780e-01	1.029595033946549137e-01	9.360510719050846307e-02	2.842034213795780612e-02	3.171345282450248326e-02
9.917428937993331601e+02	4.095890820757176476e-01	2.302654303814608006e-01	1.052636064245848491e-01	1.029695177254801308e-01	9.364080261337474897e-02	2.855057461972610594e-02	3.178297670916731266e-02
9.965806640129884499e+02	4.092240756132240476e-01	2.301540700613287360e-01	1.054975237570864866e-01	1.029787251961604283e-01	9.367573695889300223e-02	2.868026165480909440e-02	3.185159730800980055e-02
