0.000000000000000000e+00	1.012513184842247727e+00	7.769281487488857656e-32	2.351150579331525040e-31	2.975017791809472965e-33	4.103960458912949892e-32	6.924589259471731407e-34	1.530683075491681340e-29
4.837770213655283591e+00	9.913449103715690214e-01	1.634177901227981677e-02	9.156998980094736016e-04	7.256431280408920078e-04	2.604422371222214760e-03	5.290090484626054461e-04	5.172101266366342063e-05
9.675540427310567182e+00	9.710999709850217654e-01	3.189232442169629561e-02	1.890994793443335781e-03	1.500723635008862147e-03	4.981596133976446718e-03	1.004151260343472910e-03	1.434236127575724373e-04
1.451331064096584811e+01	9.517351478701524536e-01	4.668830101959734608e-02	2.916093932954004660e-03	2.316217273322143319e-03	7.156199751793513100e-03	1.436663512459827093e-03	2.645614819684210823e-04
1.935108085462113081e+01	9.332093684745644824e-01	6.076466874759724190e-02	3.982409650899071743e-03	3.164252225836478201e-03	9.150173057327541312e-03	1.835204183653276833e-03	4.071085023696736308e-04
2.418885106827641707e+01	9.154835853888725339e-01	7.415476401975816534e-02	5.082418385639306951e-03	4.037973878134180211e-03	1.098302233015964469e-02	2.206454975240980908e-03	5.649658644429113048e-04
2.902662128193169622e+01	8.985206641731217081e-01	8.689037688676619353e-02	6.209537415980356280e-03	4.931424986670281292e-03	1.267209134006334718e-02	2.555581801623532223e-03	7.335082380222073158e-04
3.386439149558698603e+01	8.822852791426181174e-01	9.900182429509564452e-02	7.358015554135596652e-03	5.839439510683756655e-03	1.423280215637081833e-02	2.886587774610525382e-03	9.092364087330902407e-04
3.870216170924226162e+01	8.667438162839412596e-01	1.105180196723967861e-01	8.522836228781771953e-03	6.757548569697377321e-03	1.567886909913386237e-02	3.202583565703636011e-03	1.089511422592835330e-03
4.353993192289755143e+01	8.518642825966992183e-01	1.214665390514553384e-01	9.699631566960107559e-03	7.681897160682266135e-03	1.702248883044860800e-02	3.505994505076554489e-03	1.272351130925281591e-03
4.837770213655283413e+01	8.376162212577905608e-01	1.318736839285459816e-01	1.088460623919793036e-02	8.609170421969913195e-03	1.827450924924715892e-02	3.798719239213506956e-03	1.456274506282284782e-03
5.321547235020811684e+01	8.239706320875408441e-01	1.417645410374254733e-01	1.207446997047077059e-02	9.536528366902973994e-03	1.944457955530138824e-02	4.082251295644235937e-03	1.640182528961685662e-03
5.805324256386339954e+01	8.108998968649744343e-01	1.511630392072626505e-01	1.326637774243053999e-02	1.046154813093491329e-02	2.054128358392074555e-02	4.357772243753076091e-03	1.823267068970954108e-03
6.289101277751868224e+01	7.983777090956696298e-01	1.600920034612205445e-01	1.445787682141424016e-02	1.138217288311311332e-02	2.157225827812065885e-02	4.626223104454769107e-03	2.004941198254176632e-03
6.772878299117397205e+01	7.863790078824922647e-01	1.685732065019826809e-01	1.564685984365019392e-02	1.229666664811680452e-02	2.254429895657640570e-02	4.888359102545952739e-03	2.184785906882840377e-03
7.256655320482924765e+01	7.748799155888468349e-01	1.766274177210828966e-01	1.683152327515476457e-02	1.320357436960861719e-02	2.346345285051837370e-02	5.144791661919539266e-03	2.362509375116084512e-03
7.740432341848452324e+01	7.638576790173785547e-01	1.842744498603167136e-01	1.801033064027037292e-02	1.410168662078578258e-02	2.433510221825817971e-02	5.396020629941680920e-03	2.537915855295684499e-03
8.224209363213981305e+01	7.532906138554279485e-01	1.915332034456710686e-01	1.918197998070882149e-02	1.499000843474054823e-02	2.516403819994521285e-02	5.642459017577948488e-03	2.710881908175438119e-03
8.707986384579510286e+01	7.431580521628980973e-01	1.984217091070136774e-01	2.034537506728629000e-02	1.586773178649772409e-02	2.595452644538313522e-02	5.884452006122133268e-03	2.881338267045806256e-03
9.191763405945040688e+01	7.334402926992495964e-01	2.049571678901586924e-01	2.149959994011540684e-02	1.673421131122435762e-02	2.671036543246067818e-02	6.122291561196845262e-03	3.049256007841221784e-03
9.675540427310566827e+01	7.241185539046515185e-01	2.111559896618020460e-01	2.264389640060833833e-02	1.758894288984311563e-02	2.743493829134941234e-02	6.356227680635958069e-03	3.214636013356341089e-03
1.015931744867609581e+02	7.151749293663610674e-01	2.170338297021492668e-01	2.377764412091185400e-02	1.843154477478507747e-02	2.813125885865460502e-02	6.586477062396900450e-03	3.377500956987936238e-03
1.064309447004162337e+02	7.065923456155286386e-01	2.226056235747878032e-01	2.490034307393508908e-02	1.926174096547412021e-02	2.880201260489511847e-02	6.813229794537582068e-03	3.537889213088158021e-03
1.112687149140715235e+02	6.983545221121392199e-01	2.278856203584515017e-01	2.601159802047102107e-02	2.007934657586292471e-02	2.944959300690026122e-02	7.036654528322637200e-03	3.695850240098916967e-03
1.161064851277267991e+02	6.904459332869360422e-01	2.328874143207454173e-01	2.711110481952296730e-02	2.088425496540188137e-02	3.007613387293726903e-02	7.256902487585573450e-03	3.851441089117243685e-03
1.209442553413820747e+02	6.828517725191401988e-01	2.376239751096228259e-01	2.819863835424378865e-02	2.167642643062587388e-02	3.068353807172781098e-02	7.474110584826381722e-03	4.004723772059426770e-03
1.257820255550373645e+02	6.755579179377247945e-01	2.421076765343984083e-01	2.927404188924870657e-02	2.245587827745493259e-02	3.127350306618020825e-02	7.688403851240891915e-03	4.155763285998299514e-03
1.306197957686926259e+02	6.685508999420777254e-01	2.463503240043273257e-01	3.033721769580108307e-02	2.322267611464616521e-02	3.184754360795012673e-02	7.899897339420997727e-03	4.304626138022712815e-03
1.354575659823479441e+02	6.618178703451951250e-01	2.503631806892521738e-01	3.138811879978679886e-02	2.397692622689340594e-02	3.240701190921863734e-02	8.108697620359222105e-03	4.451379251540634775e-03
1.402953361960032339e+02	6.553465730491845331e-01	2.541569924635059263e-01	3.242674172374596098e-02	2.471876890210336630e-02	3.295311557278601811e-02	8.314903967976922800e-03	4.596089162943250289e-03
1.451331064096584669e+02	6.491253161689065632e-01	2.577420116911380843e-01	3.345312010875172576e-02	2.544837260160894010e-02	3.348693353022731689e-02	8.518609302635970007e-03	4.738821438977258022e-03
1.499708766233137851e+02	6.431429455251119753e-01	2.611280199075941555e-01	3.446731911481942801e-02	2.616592887471352186e-02	3.400943021000166905e-02	8.719900948429623946e-03	4.879640261575481953e-03
1.548086468369690749e+02	6.373888194334916824e-01	2.643243494502061086e-01	3.546943050997691804e-02	2.687164793017341249e-02	3.452146813266196435e-02	8.918861246285584091e-03	5.018608139450307128e-03
1.596464170506243647e+02	6.318527847207117132e-01	2.673399040872376231e-01	3.645956836829110370e-02	2.756575478717763691e-02	3.502381910832644968e-02	9.115568055138745240e-03	5.155785715362608095e-03
1.644841872642796261e+02	6.265251539027842931e-01	2.701831786927586521e-01	3.743786530616908387e-02	2.824848593721691198e-02	3.551717419204235282e-02	9.310095165943050102e-03	5.291231645331423254e-03
1.693219574779349159e+02	6.213966834650722637e-01	2.728622780122890723e-01	3.840446919426292183e-02	2.892008645607151499e-02	3.600215253531905552e-02	9.502512647555196382e-03	5.425002531675567237e-03
1.741597276915902057e+02	6.164585531868782553e-01	2.753849345619444056e-01	3.935954028941845290e-02	2.958080751210271503e-02	3.647930925669169017e-02	9.692887139127477625e-03	5.557152896082494763e-03
1.789974979052454671e+02	6.117023464569431024e-01	2.777585257017287645e-01	4.030324873742040931e-02	3.023090422320325391e-02	3.694914244047939333e-02	9.881282100278538857e-03	5.687735182192017735e-03
1.838352681189008138e+02	6.071200315293150407e-01	2.799900899216412054e-01	4.123577240288935769e-02	3.087063382023693542e-02	3.741209936073380121e-02	1.006775802772888646e-02	5.816799779700292279e-03
1.886730383325560467e+02	6.027039436719598964e-01	2.820863423773891099e-01	4.215729498765814764e-02	3.150025407965369173e-02	3.786858201656199963e-02	1.025237264510827327e-02	5.944395063914453478e-03
1.935108085462113081e+02	5.984467681631896463e-01	2.840536897107267533e-01	4.306800440336899100e-02	3.212002199227406013e-02	3.831895205540287314e-02	1.043518107112366769e-02	6.070567446159514519e-03
1.983485787598666263e+02	5.943415240935114863e-01	2.858982441877518377e-01	4.396809136794833234e-02	3.273019263905717346e-02	3.876353515230200608e-02	1.061623597011148411e-02	6.195361431563158397e-03
2.031863489735219162e+02	5.903815489328479993e-01	2.876258371868982699e-01	4.485774819909158634e-02	3.333101824805378977e-02	3.920262490564813129e-02	1.079558768810326939e-02	6.318819681602303936e-03
2.080241191871772060e+02	5.865604838252831410e-01	2.892420320668444012e-01	4.573716778097311475e-02	3.392274740974961927e-02	3.963648630309784399e-02	1.097328437684693368e-02	6.440983079450289181e-03
2.128618894008324673e+02	5.828722595755368996e-01	2.907521364431197575e-01	4.660654268313186438e-02	3.450562443066670232e-02	4.006535880542995420e-02	1.114937210769734351e-02	6.561890796662884009e-03
2.176996596144877287e+02	5.793110832933029419e-01	2.921612139008235021e-01	4.746606441290959072e-02	3.507988880745045723e-02	4.048945909075359062e-02	1.132389497688358372e-02	6.681580360121766940e-03
2.225374298281430470e+02	5.758714256633805650e-01	2.934740951695732902e-01	4.831592278497042620e-02	3.564577480576169854e-02	4.090898349676907325e-02	1.149689520334694001e-02	6.800087718443489394e-03
2.273752000417983652e+02	5.725480088112288035e-01	2.946953887855648935e-01	4.915630539333930293e-02	3.620351113014564498e-02	4.132411019458308299e-02	1.166841322010195997e-02	6.917447307281808684e-03
2.322129702554535982e+02	5.693357947351573856e-01	2.958294912644534591e-01	4.998739717308914310e-02	3.675332067269178327e-02	4.173500112384967431e-02	1.183848775988614009e-02	7.033692113117889430e-03
2.370507404691088880e+02	5.662299742778630351e-01	2.968805968076508317e-01	5.080938004030691180e-02	3.729542032975190213e-02	4.214180371569480749e-02	1.200715593571897825e-02	7.148853735258954567e-03
2.418885106827641494e+02	5.632259566114256044e-01	2.978527065635722115e-01	5.162243260029920899e-02	3.783002087727103252e-02	4.254465242693769578e-02	1.217445331687875762e-02	7.262962445860906766e-03
2.467262808964194392e+02	5.603193592112009069e-01	2.987496374643570096e-01	5.242672991517658559e-02	3.835732689642548654e-02	4.294367010650568250e-02	1.234041400071773410e-02	7.376047247861837117e-03
2.515640511100747290e+02	5.575059982952951243e-01	2.995750306576292488e-01	5.322244332300075237e-02	3.887753674227040213e-02	4.333896921261518043e-02	1.250507068066788151e-02	7.488135930766547099e-03
2.564018213237300188e+02	5.547818797074790531e-01	3.003323595519477585e-01	5.400974030160431150e-02	3.939084254899146570e-02	4.373065289722530974e-02	1.266845471073543491e-02	7.599255124261761543e-03
2.612395915373852517e+02	5.521431902225132360e-01	3.010249374937287170e-01	5.478878437101258880e-02	3.989743026614431254e-02	4.411881597243558217e-02	1.283059616673990801e-02	7.709430349670738300e-03
2.660773617510405415e+02	5.495862892539009614e-01	3.016559250925934799e-01	5.555973502912325140e-02	4.039747972096261602e-02	4.450354577186826227e-02	1.299152390451936701e-02	7.818686069277063291e-03
2.709151319646958882e+02	5.471077009450773243e-01	3.022283372113070965e-01	5.632274771594227708e-02	4.089116470243228663e-02	4.488492291862680034e-02	1.315126561529659024e-02	7.927045733562492619e-03
2.757529021783511780e+02	5.447041066259775688e-01	3.027450496357226295e-01	5.707797380224380324e-02	4.137865306337378674e-02	4.526302201013404636e-02	1.330984787837887796e-02	8.034531826414158598e-03
2.805906723920064678e+02	5.423723376178151145e-01	3.032088054394300736e-01	5.782556059902501516e-02	4.186010683725514825e-02	4.563791222900968197e-02	1.346729621134628609e-02	8.141165908363542925e-03
2.854284426056617008e+02	5.401093683697385517e-01	3.036222210571289937e-01	5.856565138457262010e-02	4.233568236688269731e-02	4.600965788812951679e-02	1.362363511786843229e-02	8.246968657924031582e-03
2.902662128193169337e+02	5.379123099118285900e-01	3.039877920800942435e-01	5.929838544635133296e-02	4.280553044249085087e-02	4.637831891710579579e-02	1.377888813327764542e-02	8.351959911096405731e-03
2.951039830329722804e+02	5.357784036096513436e-01	3.043078987864854534e-01	6.002389813527296558e-02	4.326979644708196793e-02	4.674395129662443221e-02	1.393307786801595803e-02	8.456158699112705304e-03
2.999417532466276270e+02	5.337050152062953190e-01	3.045848114186636146e-01	6.074232093021256912e-02	4.372862050715811688e-02	4.710660744636173403e-02	1.408622604906456521e-02	8.559583284488893329e-03
3.047795234602828600e+02	5.316896291384973772e-01	3.048206952191135910e-01	6.145378151090954977e-02	4.418213764724241571e-02	4.746633657156898445e-02	1.423835355945677304e-02	8.662251195456015240e-03
3.096172936739380930e+02	5.297298431141040931e-01	3.050176152360398185e-01	6.215840383763181209e-02	4.463047794681260921e-02	4.782318497284942377e-02	1.438948047596881261e-02	8.764179258838223838e-03
3.144550638875934396e+02	5.278233629387231174e-01	3.051775409091886937e-01	6.285630823619264840e-02	4.507376669846743095e-02	4.817719632315155959e-02	1.453962610507698178e-02	8.865383631444337040e-03
3.192928341012487294e+02	5.259679975800007901e-01	3.053023504459678739e-01	6.354761148709663077e-02	4.551212456632004744e-02	4.852841191555736650e-02	1.468880901726437281e-02	8.965879830037624953e-03
3.241306043149040192e+02	5.241616544585060433e-01	3.053938349974676947e-01	6.423242691775549185e-02	4.594566774376510759e-02	4.887687088504834299e-02	1.483704707975570108e-02	9.065682759946394262e-03
3.289683745285592522e+02	5.224023349547273209e-01	3.054537026435472646e-01	6.491086449685978810e-02	4.637450810989972999e-02	4.922261040708059837e-02	1.498435748775441695e-02	9.164806742375677592e-03
3.338061447422145420e+02	5.206881301221832903e-01	3.054835821957285202e-01	6.558303093011967622e-02	4.679875338399527157e-02	4.956566587548766334e-02	1.513075679425238476e-02	9.263265540478052631e-03
3.386439149558698318e+02	5.190172165971183027e-01	3.054850268262370716e-01	6.624902975670035610e-02	4.721850727751918803e-02	4.990607106195175252e-02	1.527626093847878758e-02	9.361072384239334590e-03
3.434816851695251216e+02	5.173878526957040869e-01	3.054595175311480837e-01	6.690896144577615501e-02	4.763386964329521106e-02	5.024385825903721764e-02	1.542088527305146735e-02	9.458239994232536807e-03
3.483194553831804114e+02	5.157983746900929312e-01	3.054084664352275102e-01	6.756292349271396380e-02	4.804493662146777644e-02	5.057905840856036922e-02	1.556464458989087127e-02	9.554780604291353632e-03
3.531572255968357013e+02	5.142471932550755076e-01	3.053332199457122198e-01	6.821101051447223118e-02	4.845180078200427010e-02	5.091170121687459832e-02	1.570755314495377378e-02	9.650705983152102138e-03
3.579949958104909342e+02	5.127327900774806269e-01	3.052350617619399853e-01	6.885331434386859906e-02	4.885455126352705041e-02	5.124181525847615326e-02	1.584962468184116305e-02	9.746027455111050397e-03
3.628327660241463377e+02	5.112537146208216976e-01	3.051152157474222859e-01	6.948992412242692429e-02	4.925327390831805291e-02	5.156942806918174416e-02	1.599087245433213067e-02	9.840755919741884725e-03
3.676705362378016275e+02	5.098085810380441618e-01	3.049748486706513328e-01	7.012092639156550233e-02	4.964805139338263062e-02	5.189456622999169544e-02	1.613130924789312609e-02	9.934901870716161820e-03
3.725083064514568036e+02	5.083960652255626878e-01	3.048150728206445725e-01	7.074640518193250904e-02	5.003896335749683649e-02	5.221725544263065844e-02	1.627094740020957470e-02	1.002847541376764365e-02
3.773460766651120935e+02	5.070149020120894301e-01	3.046369485029540303e-01	7.136644210073289640e-02	5.042608652419478671e-02	5.253752059764912885e-02	1.640979882078471078e-02	1.012148628383956889e-02
3.821838468787673833e+02	5.056638824760609774e-01	3.044414864216049565e-01	7.198111641692507556e-02	5.080949482068028433e-02	5.285538583587275768e-02	1.654787500964834471e-02	1.021394386145215057e-02
3.870216170924226162e+02	5.043418513857567120e-01	3.042296499521806030e-01	7.259050514419403133e-02	5.118925949267049552e-02	5.317087460390040182e-02	1.668518707521631991e-02	1.030585718832593284e-02
3.918593873060780197e+02	5.030477047564748672e-01	3.040023573110269273e-01	7.319468312163315837e-02	5.156544921519920499e-02	5.348400970427574785e-02	1.682174575133952785e-02	1.039723498229496237e-02
3.966971575197332527e+02	5.017803875193938001e-01	3.037604836253273155e-01	7.379372309208835634e-02	5.193813019942393472e-02	5.379481334088925121e-02	1.695756141357952079e-02	1.048808565154222931e-02
4.015349277333884856e+02	5.005388912969944704e-01	3.035048629085769223e-01	7.438769577813664213e-02	5.230736629549508077e-02	5.410330716010685465e-02	1.709264409474609003e-02	1.057841730818835646e-02
4.063726979470438323e+02	4.993222522801574748e-01	3.032362899457807792e-01	7.497666995568758042e-02	5.267321909155679716e-02	5.440951228806815282e-02	1.722700349973056710e-02	1.066823778126304786e-02
4.112104681606991221e+02	4.981295492022724258e-01	3.029555220925008174e-01	7.556071252520918380e-02	5.303574800895865388e-02	5.471344936454879820e-02	1.736064901966695093e-02	1.075755462908752416e-02
4.160482383743544119e+02	4.969599014059131181e-01	3.026632809916891542e-01	7.613988858059143883e-02	5.339501039376458313e-02	5.501513857373950545e-02	1.749358974545163134e-02	1.084637515109485376e-02
4.208860085880095880e+02	4.958124669978372645e-01	3.023602542120639725e-01	7.671426147567052267e-02	5.375106160465173422e-02	5.531459967225599295e-02	1.762583448065095301e-02	1.093470639911382943e-02
4.257237788016648778e+02	4.946864410882642615e-01	3.020470968116129584e-01	7.728389288844456084e-02	5.410395509729632596e-02	5.561185201466059547e-02	1.775739175382459387e-02	1.102255518814093151e-02
4.305615490153201677e+02	4.935810541105719040e-01	3.017244328296452838e-01	7.784884288301888167e-02	5.445374250534684712e-02	5.590691457674613202e-02	1.788826983029138604e-02	1.110992810662372529e-02
4.353993192289755143e+02	4.924955702177286621e-01	3.013928567106569645e-01	7.840916996932384420e-02	5.480047371808747375e-02	5.619980597680609286e-02	1.801847672336306591e-02	1.119683152627803588e-02
4.402370894426308041e+02	4.914292857519498292e-01	3.010529346631238834e-01	7.896493116065318729e-02	5.514419695489584244e-02	5.649054449509110370e-02	1.814802020507019775e-02	1.128327161146015778e-02
4.450748596562860939e+02	4.903815277842250575e-01	3.007052059561964863e-01	7.951618202907384525e-02	5.548495883660013728e-02	5.677914809163077392e-02	1.827690781640345374e-02	1.136925432811445279e-02
4.499126298699413837e+02	4.893516527205211131e-01	3.003501841571320496e-01	8.006297675876176967e-02	5.582280445384041334e-02	5.706563442258079377e-02	1.840514687709236819e-02	1.145478545231568175e-02
4.547504000835967304e+02	4.883390449716080162e-01	2.999883583121722430e-01	8.060536819731949076e-02	5.615777743253855259e-02	5.735002085523862453e-02	1.853274449494262538e-02	1.153987057842461618e-02
4.595881702972519065e+02	4.873431156835989486e-01	2.996201940734492530e-01	8.114340790513316359e-02	5.648991999658035251e-02	5.763232448185588719e-02	1.865970757475205605e-02	1.162451512687453017e-02
4.644259405109071963e+02	4.863633015264263171e-01	2.992461347743859412e-01	8.167714620282769122e-02	5.681927302781183270e-02	5.791256213236233713e-02	1.878604282682452137e-02	1.170872435160546544e-02
4.692637107245624861e+02	4.853990635376054241e-01	2.988666024559428203e-01	8.220663221687907196e-02	5.714587612345014417e-02	5.819075038610433542e-02	1.891175677510003802e-02	1.179250334716231211e-02
4.741014809382177759e+02	4.844498860187561040e-01	2.984819988459565532e-01	8.273191392344304840e-02	5.746976765100766243e-02	5.846690558269003468e-02	1.903685576491863374e-02	1.187585705547205238e-02
4.789392511518730657e+02	4.835152754824717514e-01	2.980927062937137606e-01	8.325303819045942744e-02	5.779098480082549977e-02	5.874104383202414376e-02	1.916134597043460397e-02	1.195879027231482733e-02
4.837770213655284124e+02	4.825947596472333623e-01	2.976990886618032239e-01	8.377005081809049680e-02	5.810956363631045868e-02	5.901318102360657292e-02	1.928523340169716049e-02	1.204130765350274260e-02
4.886147915791837022e+02	4.816878864781723446e-01	2.973014921771989227e-01	8.428299657755158880e-02	5.842553914196702697e-02	5.928333283516165619e-02	1.940852391141260902e-02	1.212341372077980518e-02
4.934525617928388783e+02	4.807942232715870512e-01	2.969002462434359169e-01	8.479191924839117600e-02	5.873894526931341259e-02	5.955151474065810413e-02	1.953122320140261367e-02	1.220511286745565999e-02
4.982903320064942250e+02	4.799133557812127471e-01	2.964956642156556521e-01	8.529686165427628752e-02	5.904981498076793817e-02	5.981774201777356054e-02	1.965333682877238794e-02	1.228640936378529863e-02
5.031281022201495148e+02	4.790448873843378697e-01	2.960880441402171104e-01	8.579786569733854895e-02	5.935818029158959619e-02	6.008202975485241876e-02	1.977487021180197868e-02	1.236730736210630253e-02
5.079658724338048046e+02	4.781884382859453164e-01	2.956776694604914546e-01	8.629497239113459450e-02	5.966407230995367239e-02	6.034439285740068881e-02	1.989582863557335865e-02	1.244781090174467732e-02
5.128036426474600376e+02	4.773436447591415943e-01	2.952648096903857100e-01	8.678822189227301809e-02	5.996752127524090231e-02	6.060484605415741161e-02	2.001621725734523821e-02	1.252792391369984826e-02
5.176414128611153274e+02	4.765101584202159346e-01	2.948497210570683591e-01	8.727765353075954413e-02	6.026855659461564929e-02	6.086340390277826529e-02	2.013604111168718416e-02	1.260765022511885214e-02
5.224791830747705035e+02	4.756876455367473056e-01	2.944326471143040580e-01	8.776330583910953165e-02	6.056720687796610797e-02	6.112008079516345616e-02	2.025530511538393974e-02	1.268699356356935495e-02
5.273169532884259070e+02	4.748757863672502522e-01	2.940138193277401779e-01	8.824521658027627280e-02	6.086349997127685207e-02	6.137489096245915543e-02	2.037401407212044782e-02	1.276595756112065133e-02
5.321547235020811968e+02	4.740742745309182715e-01	2.935934576334245927e-01	8.872342277444190961e-02	6.115746298850140844e-02	6.162784847975864844e-02	2.049217267695754852e-02	1.284454575824139910e-02
5.369924937157364866e+02	4.732828164060906007e-01	2.931717709707795660e-01	8.919796072471607162e-02	6.144912234199998574e-02	6.187896727052721174e-02	2.060978552060785396e-02	1.292276160752244690e-02
5.418302639293917764e+02	4.725011305561302444e-01	2.927489577911965291e-01	8.966886604178601894e-02	6.173850377160506470e-02	6.212826111077219410e-02	2.072685709352094230e-02	1.300060847723269984e-02
5.466680341430470662e+02	4.717289471814615776e-01	2.923252065433661895e-01	9.013617366756078442e-02	6.202563237237494753e-02	6.237574363297806318e-02	2.084339178978649940e-02	1.307808965471565082e-02
5.515058043567023560e+02	4.709660075965729775e-01	2.919006961364059571e-01	9.059991789784990757e-02	6.231053262109319257e-02	6.262142832982411922e-02	2.095939391086371062e-02	1.315520834963382520e-02
5.563435745703576458e+02	4.702120637308446760e-01	2.914755963817992068e-01	9.106013240411631182e-02	6.259322840156933410e-02	6.286532855770128603e-02	2.107486766914483736e-02	1.323196769706805158e-02
5.611813447840129356e+02	4.694668776521132014e-01	2.910500684151139383e-01	9.151685025434125320e-02	6.287374302879418508e-02	6.310745754004253028e-02	2.118981719136044453e-02	1.330837076047819423e-02
5.660191149976681118e+02	4.687302211119351303e-01	2.906242650984240394e-01	9.197010393303794995e-02	6.315209927200077233e-02	6.334782837048064108e-02	2.130424652183354403e-02	1.338442053453163354e-02
5.708568852113234016e+02	4.680018751115592734e-01	2.901983314043151685e-01	9.241992536044900397e-02	6.342831937667983699e-02	6.358645401584542278e-02	2.141815962558952721e-02	1.346011994780550725e-02
5.756946554249786914e+02	4.672816294876611654e-01	2.897724047823155846e-01	9.286634591096169788e-02	6.370242508559680050e-02	6.382334731901166680e-02	2.153156039132836028e-02	1.353547186536849592e-02
5.805324256386339812e+02	4.665692825169385771e-01	2.893466155085552827e-01	9.330939643077351686e-02	6.397443765885510447e-02	6.405852100160823459e-02	2.164445263426541602e-02	1.361047909124758586e-02
5.853701958522892710e+02	4.658646405387067424e-01	2.889210870194192093e-01	9.374910725483937002e-02	6.424437789304898727e-02	6.429198766659753594e-02	2.175684009884681219e-02	1.368514437078506563e-02
5.902079660659445608e+02	4.651675175946707874e-01	2.884959362299255314e-01	9.418550822313057069e-02	6.451226613954685885e-02	6.452375980073415951e-02	2.186872646134502968e-02	1.375947039289075746e-02
5.950457362795999643e+02	4.644777350850928244e-01	2.880712738375268978e-01	9.461862869623442751e-02	6.477812232194454789e-02	6.475384977691052424e-02	2.198011533234019502e-02	1.383345979219422969e-02
5.998835064932552541e+02	4.637951214406040856e-01	2.876472046120001624e-01	9.504849757032225732e-02	6.504196595272641879e-02	6.498226985639690700e-02	2.209101025909224539e-02	1.390711515110154735e-02
6.047212767069104302e+02	4.631195118089482254e-01	2.872238276720605610e-01	9.547514329151243762e-02	6.530381614917003807e-02	6.520903219098245218e-02	2.220141472780894423e-02	1.398043900176090294e-02
6.095590469205657200e+02	4.624507477559754443e-01	2.868012367493057990e-01	9.589859386965390864e-02	6.556369164852912657e-02	6.543414882502357477e-02	2.231133216581443132e-02	1.405343382794126302e-02
6.143968171342210098e+02	4.617886769802350688e-01	2.863795204400697014e-01	9.631887689155489707e-02	6.582161082252782625e-02	6.565763169740518324e-02	2.242076594362286610e-02	1.412610206682798561e-02
6.192345873478761860e+02	4.611331530405474166e-01	2.859587624457375910e-01	9.673601953368012041e-02	6.607759169119746534e-02	6.587949264342028710e-02	2.252971937692142476e-02	1.419844611073918517e-02
6.240723575615315895e+02	4.604840350959625295e-01	2.855390418020496424e-01	9.715004857433914842e-02	6.633165193608624166e-02	6.609974339657266607e-02	2.263819572846683531e-02	1.427046830876644440e-02
6.289101277751868793e+02	4.598411876575397850e-01	2.851204330978960866e-01	9.756099040538736278e-02	6.658380891287049574e-02	6.631839559030723585e-02	2.274619820989925642e-02	1.434217096834328881e-02
6.337478979888421691e+02	4.592044803514094276e-01	2.847030066840841589e-01	9.796887104346049813e-02	6.683407966339499628e-02	6.653546075967228801e-02	2.285372998347737564e-02	1.441355635674475277e-02
6.385856682024975726e+02	4.585737876926012646e-01	2.842868288725345360e-01	9.837371614076213799e-02	6.708248092716870281e-02	6.675095034291753104e-02	2.296079416373818238e-02	1.448462670252110771e-02
6.434234384161527487e+02	4.579489888691490873e-01	2.838719621263446347e-01	9.877555099542373318e-02	6.732902915234077745e-02	6.696487568303144400e-02	2.306739381908491995e-02	1.455538419686876889e-02
6.482612086298080385e+02	4.573299675360020800e-01	2.834584652411362149e-01	9.917440056145471194e-02	6.757374050618113193e-02	6.717724802922152294e-02	2.317353197330641185e-02	1.462583099494125724e-02
6.530989788434633283e+02	4.567166116182952984e-01	2.830463935180851931e-01	9.957028945830072308e-02	6.781663088508806114e-02	6.738807853834032080e-02	2.327921160703088840e-02	1.469596921710286143e-02
6.579367490571185044e+02	4.561088131235528920e-01	2.826357989290137485e-01	9.996324198002619343e-02	6.805771592414509852e-02	6.759737827626043083e-02	2.338443565911727320e-02	1.476580095012769260e-02
6.627745192707737942e+02	4.555064679624163393e-01	2.822267302739073780e-01	1.003532821041374923e-01	6.829701100624775700e-02	6.780515821920103658e-02	2.348920702798676374e-02	1.483532824834652049e-02
6.676122894844290840e+02	4.549094757775082876e-01	2.818192333312032893e-01	1.007404335000618434e-01	6.853453127082004270e-02	6.801142925500855418e-02	2.359352857289740910e-02	1.490455313474382468e-02
6.724500596980843738e+02	4.543177397800615691e-01	2.814133510011796457e-01	1.011247195372966950e-01	6.877029162213985081e-02	6.821620218439389260e-02	2.369740311516425196e-02	1.497347760200726935e-02
6.772878299117396637e+02	4.537311665939587346e-01	2.810091234427617990e-01	1.015061632932435787e-01	6.900430673729129882e-02	6.841948772212844143e-02	2.380083343932749840e-02	1.504210361353179939e-02
6.821256001253949535e+02	4.531496661068440401e-01	2.806065882040456039e-01	1.018847875607397785e-01	6.923659107376123334e-02	6.862129649820103428e-02	2.390382229427106403e-02	1.511043310438035803e-02
6.869633703390502433e+02	4.525731513279859231e-01	2.802057803468252506e-01	1.022606148553007605e-01	6.946715887669656364e-02	6.882163905893765032e-02	2.400637239429375194e-02	1.517846798220325380e-02
6.918011405527055331e+02	4.520015382525808256e-01	2.798067325653995074e-01	1.026336674220856005e-01	6.969602418583811798e-02	6.902052586808594958e-02	2.410848642013515078e-02	1.524621012811798806e-02
6.966389107663608229e+02	4.514347457322063217e-01	2.794094752999179421e-01	1.030039672425971387e-01	6.992320084214583009e-02	6.921796730786616836e-02	2.421016701995837295e-02	1.531366139755138342e-02
7.014766809800161127e+02	4.508726953511413837e-01	2.790140368445162000e-01	1.033715360411281703e-01	7.014870249413003578e-02	6.941397367999022072e-02	2.431141681029150292e-02	1.538082362104566808e-02
7.063144511936714025e+02	4.503153113082871140e-01	2.786204434504793159e-01	1.037363952909643727e-01	7.037254260390209126e-02	6.960855520665036600e-02	2.441223837692965346e-02	1.544769860503019190e-02
7.111522214073266923e+02	4.497625203044330333e-01	2.782287194246593209e-01	1.040985662203544188e-01	7.059473445295770533e-02	6.980172203147889942e-02	2.451263427579942686e-02	1.551428813256029889e-02
7.159899916209819821e+02	4.492142514346236792e-01	2.778388872233645834e-01	1.044580698182568934e-01	7.081529114770515609e-02	6.999348422048050355e-02	2.461260703378740852e-02	1.558059396402483414e-02
7.208277618346371582e+02	4.486704360853946416e-01	2.774509675419279953e-01	1.048149268398736872e-01	7.103422562475047997e-02	7.018385176293813477e-02	2.471215914953436496e-02	1.564661783782372861e-02
7.256655320482924481e+02	4.481310078366546601e-01	2.770649794001511235e-01	1.051691578119786502e-01	7.125155065595085990e-02	7.037283457229405459e-02	2.481129309419668333e-02	1.571236147101699038e-02
7.305033022619478515e+02	4.475959023680029514e-01	2.766809402238129545e-01	1.055207830380504169e-01	7.146727885324692664e-02	7.056044248700682475e-02	2.491001131217649919e-02	1.577782655994639655e-02
7.353410724756030277e+02	4.470650573692789842e-01	2.762988659224233645e-01	1.058698226032174228e-01	7.168142267328445061e-02	7.074668527138572305e-02	2.500831622182192460e-02	1.584301478083112447e-02
7.401788426892584312e+02	4.465384124551519673e-01	2.759187709633926233e-01	1.062162963790230924e-01	7.189399442183498634e-02	7.093157261640319067e-02	2.510621021609875381e-02	1.590792779033846360e-02
7.450166129029136073e+02	4.460159090835658091e-01	2.755406684427810227e-01	1.065602240280187907e-01	7.210500625802514219e-02	7.111511414048660162e-02	2.520369566323487145e-02	1.597256722613080854e-02
7.498543831165690108e+02	4.454974904778644107e-01	2.751645701527849486e-01	1.069016250081917807e-01	7.231447019838314894e-02	7.129731939029018695e-02	2.530077490733861900e-02	1.603693470738988547e-02
7.546921533302243006e+02	4.449831015524282618e-01	2.747904866461088891e-01	1.072405185772349612e-01	7.252239812071133163e-02	7.147819784144791855e-02	2.539745026899228875e-02	1.610103183531934323e-02
7.595299235438793630e+02	4.444726888416636879e-01	2.744184272973647087e-01	1.075769237966652248e-01	7.272880176779256134e-02	7.165775889930826870e-02	2.549372404582185211e-02	1.616486019362661786e-02
7.643676937575347665e+02	4.439662004321914268e-01	2.740484003616358022e-01	1.079108595357966133e-01	7.293369275093852799e-02	7.183601189965160838e-02	2.558959851304394226e-02	1.622842134898503513e-02
7.692054639711900563e+02	4.434635858980884304e-01	2.736804130303340798e-01	1.082423444755742509e-01	7.313708255338706443e-02	7.201296610939088294e-02	2.568507592399121159e-02	1.629171685147700471e-02
7.740432341848452324e+02	4.429647962390443894e-01	2.733144714844750744e-01	1.085713971122751892e-01	7.333898253355565500e-02	7.218863072725648089e-02	2.578015851061690733e-02	1.635474823501918001e-02
7.788810043985006359e+02	4.424697838212997558e-01	2.729505809454882415e-01	1.088980357610812716e-01	7.353940392815781768e-02	7.236301488446576780e-02	2.587484848397967468e-02	1.641751701777040273e-02
7.837187746121558121e+02	4.419785023212385866e-01	2.725887457236753630e-01	1.092222785595296231e-01	7.373835785518868813e-02	7.253612764537803459e-02	2.596914803470944805e-02	1.648002470252315707e-02
7.885565448258112156e+02	4.414909066715160257e-01	2.722289692644251913e-01	1.095441434708457756e-01	7.393585531678596723e-02	7.270797800813535994e-02	2.606305933345523865e-02	1.654227277707933166e-02
7.933943150394665054e+02	4.410069530096034085e-01	2.718712541922865822e-01	1.098636482871641479e-01	7.413190720197200545e-02	7.287857490529014992e-02	2.615658453131568251e-02	1.660426271461093450e-02
7.982320852531219089e+02	4.405265986286425739e-01	2.715156023529976537e-01	1.101808106326407771e-01	7.432652428928258892e-02	7.304792720441968812e-02	2.624972576025305301e-02	1.666599597400647906e-02
8.030698554667769713e+02	4.400498019305036368e-01	2.711620148535656694e-01	1.104956479664624125e-01	7.451971724928765917e-02	7.321604370872829282e-02	2.634248513349153956e-02	1.672747400020364525e-02
8.079076256804323748e+02	4.395765223809448563e-01	2.708104921004855226e-01	1.108081775857565898e-01	7.471149664700899029e-02	7.338293315763762259e-02	2.643486474590040630e-02	1.678869822450885022e-02
8.127453958940876646e+02	4.391067204667808976e-01	2.704610338361830291e-01	1.111184166284064495e-01	7.490187294423972242e-02	7.354860422736558823e-02	2.652686667436278400e-02	1.684967006490432559e-02
8.175831661077428407e+02	4.386403576549665062e-01	2.701136391737636866e-01	1.114263820757744050e-01	7.509085650177017845e-02	7.371306553149419016e-02	2.661849297813066034e-02	1.691039092634319743e-02
8.224209363213982442e+02	4.381773963535086636e-01	2.697683066301446719e-01	1.117320907553381593e-01	7.527845758152439115e-02	7.387632562152687821e-02	2.670974569916673494e-02	1.697086220103318291e-02
8.272587065350534203e+02	4.377177998741249576e-01	2.694250341576444052e-01	1.120355593432429131e-01	7.546468634861150382e-02	7.403839298743582209e-02	2.680062686247368028e-02	1.703108526870935127e-02
8.320964767487085965e+02	4.372615323965672318e-01	2.690838191740995144e-01	1.123368043667729160e-01	7.564955287329594436e-02	7.419927605819920391e-02	2.689113847641136715e-02	1.709106149689645221e-02
8.369342469623640000e+02	4.368085589345361286e-01	2.687446585915772568e-01	1.126358422067458426e-01	7.583306713289017509e-02	7.435898320232935121e-02	2.698128253300261306e-02	1.715079224116128689e-02
8.417720171760191761e+02	4.363588453031133074e-01	2.684075488437476231e-01	1.129326890998328947e-01	7.601523901357369606e-02	7.451752272839168301e-02	2.707106100822791184e-02	1.721027884535553457e-02
8.466097873896745796e+02	4.359123580876424486e-01	2.680724859119767434e-01	1.132273611408077946e-01	7.619607831214146587e-02	7.467490288551492661e-02	2.716047586230966107e-02	1.726952264184949265e-02
8.514475576033297557e+02	4.354690646139939281e-01	2.677394653501991573e-01	1.135198742847274983e-01	7.637559473768536222e-02	7.483113186389302174e-02	2.724952903998635600e-02	1.732852495175709120e-02
8.562853278169851592e+02	4.350289329201487143e-01	2.674084823086263496e-01	1.138102443490472543e-01	7.655379791321148542e-02	7.498621779527880893e-02	2.733822247077713485e-02	1.738728708515261887e-02
8.611230980306403353e+02	4.345919317290428685e-01	2.670795315563437855e-01	1.140984870156727393e-01	7.673069737719637184e-02	7.514016875347000191e-02	2.742655806923715092e-02	1.744581034127945518e-02
8.659608682442956251e+02	4.341580304226149156e-01	2.667526075028475718e-01	1.143846178329517710e-01	7.690630258508508732e-02	7.529299275478758269e-02	2.751453773520416701e-02	1.750409600875124302e-02
8.707986384579510286e+02	4.337271990170014635e-01	2.664277042185700939e-01	1.146686522176079553e-01	7.708062291073358718e-02	7.544469775854678595e-02	2.760216335403668786e-02	1.756214536574576129e-02
8.756364086716062047e+02	4.332994081388285013e-01	2.661048154544398137e-01	1.149506054566185459e-01	7.725366764779818818e-02	7.559529166752132490e-02	2.768943679684410936e-02	1.761995968019184483e-02
8.804741788852616082e+02	4.328746290025494159e-01	2.657839346605203046e-01	1.152304927090388037e-01	7.742544601107441415e-02	7.574478232840053948e-02	2.777635992070912399e-02	1.767754020994969505e-02
8.853119490989170117e+02	4.324528333887810994e-01	2.654650550037708223e-01	1.155083290077748848e-01	7.759596713778771360e-02	7.589317753224013308e-02	2.786293456890277798e-02	1.773488820298479984e-02
8.901497193125721878e+02	4.320339936235941258e-01	2.651481693849679910e-01	1.157841292613073364e-01	7.776524008883800576e-02	7.604048501490648371e-02	2.794916257109247501e-02	1.779200489753578196e-02
8.949874895262273640e+02	4.316180825587126457e-01	2.648332704548275740e-01	1.160579082553669650e-01	7.793327385000042851e-02	7.618671245751487686e-02	2.803504574354322848e-02	1.784889152227646034e-02
8.998252597398827675e+02	4.312050735525826406e-01	2.645203506293636320e-01	1.163296806545652262e-01	7.810007733308416134e-02	7.633186748686171530e-02	2.812058588931248479e-02	1.790554929647230481e-02
9.046630299535379436e+02	4.307949404522706249e-01	2.642094021045183205e-01	1.165994610039805118e-01	7.826565937705134979e-02	7.647595767585096960e-02	2.820578479843872943e-02	1.796197943013163115e-02
9.095008001671932334e+02	4.303876575761530487e-01	2.639004168700978536e-01	1.168672637307024836e-01	7.843002874909771327e-02	7.661899054391507757e-02	2.829064424812420195e-02	1.801818312415164741e-02
9.143385703808486369e+02	4.299831996973621506e-01	2.635933867230452754e-01	1.171331031453356486e-01	7.859319414569693185e-02	7.676097355743043138e-02	2.837516600291193833e-02	1.807416157045968128e-02
9.191763405945038130e+02	4.295815420279529007e-01	2.632883032800804046e-01	1.173969934434639512e-01	7.875516419361014431e-02	7.690191413012750776e-02	2.845935181485740109e-02	1.812991595214972357e-02
9.240141108081592165e+02	4.291826602037593363e-01	2.629851579897368175e-01	1.176589487070779372e-01	7.891594745086243090e-02	7.704181962349608559e-02	2.854320342369488089e-02	1.818544744361452400e-02
9.288518810218145063e+02	4.287865302699080394e-01	2.626839421438230682e-01	1.179189829059656414e-01	7.907555240768740501e-02	7.718069734718534247e-02	2.862672255699898194e-02	1.824075721067341602e-02
9.336896512354697961e+02	4.283931286669598881e-01	2.623846468883347383e-01	1.181771098990688218e-01	7.923398748744181486e-02	7.731855455939920518e-02	2.870991093034128139e-02	1.829584641069606152e-02
9.385274214491247449e+02	4.280024322176508300e-01	2.620872632338421826e-01	1.184333434358058046e-01	7.939126104749112678e-02	7.745539846728710653e-02	2.879277024744246460e-02	1.835071619272228560e-02
9.433651916627801484e+02	4.276144181142052525e-01	2.617917820653785643e-01	1.186876971573619793e-01	7.954738138006761661e-02	7.759123622733007930e-02	2.887530220032007156e-02	1.840536769757818158e-02
9.482029618764355519e+02	4.272290639061955275e-01	2.614981941518514375e-01	1.189401845979494721e-01	7.970235671310212100e-02	7.772607494572252029e-02	2.895750846943204171e-02	1.845980205798860088e-02
9.530407320900908417e+02	4.268463474889233056e-01	2.612064901549988050e-01	1.191908191860369254e-01	7.985619521103060059e-02	7.785992167874961067e-02	2.903939072381626213e-02	1.851402039868625671e-02
9.578785023037459041e+02	4.264662470922987447e-01	2.609166606379114128e-01	1.194396142455504267e-01	8.000890497557675007e-02	7.799278343316058681e-02	2.912095062122625061e-02	1.856802383651751445e-02
9.627162725174014213e+02	4.260887412701958588e-01	2.606286960731411528e-01	1.196865829970469169e-01	8.016049404651168220e-02	7.812466716653788945e-02	2.920218980826315078e-02	1.862181348054502486e-02
9.675540427310568248e+02	4.257138088902609474e-01	2.603425868504142815e-01	1.199317385588608287e-01	8.031097040239157381e-02	7.825557978766245482e-02	2.928310992050418143e-02	1.867539043214737349e-02
9.723918129447120009e+02	4.253414291241555123e-01	2.600583232839681069e-01	1.201750939482250091e-01	8.046034196127443971e-02	7.838552815687499509e-02	2.936371258262768236e-02	1.872875578511582970e-02
9.772295831583674044e+02	4.249715814382125645e-01	2.597758956195283520e-01	1.204166620823668987e-01	8.060861658141689479e-02	7.851451908643354571e-02	2.944399940853493353e-02	1.878191062574831663e-02
9.820673533720223531e+02	4.246042455844886154e-01	2.594952940409435138e-01	1.206564557795807568e-01	8.075580206195175081e-02	7.864255934086741839e-02	2.952397200146880674e-02	1.883485603294073052e-02
9.869051235856777566e+02	4.242394015921925332e-01	2.592165086764921522e-01	1.208944877602769613e-01	8.090190614354726695e-02	7.876965563732746256e-02	2.960363195412946125e-02	1.888759307827574466e-02
9.917428937993331601e+02	4.238770297594758873e-01	2.589395296048785933e-01	1.211307706480089369e-01	8.104693650904891411e-02	7.889581464593284355e-02	2.968298084878711815e-02	1.894012282610913617e-02
9.965806640129884499e+02	4.235171106455665746e-01	2.586643468609312602e-01	1.213653169704787815e-01	8.119090078410448608e-02	7.902104299011436517e-02	2.976202025739211124e-02	1.899244633365380561e-02
