0.000000000000000000e+00	9.882702395789474403e-01	1.616898226420162293e-37	1.013265235746274237e-02	2.948803691511320368e-35	3.180810937118191267e-03	3.612910271980137732e-04	9.544577446967204225e-52
4.837770213655283591e+00	9.696905020883826998e-01	1.772758613954801554e-02	1.007943064873479018e-02	7.949608114469179513e-05	3.960761243182847266e-03	3.940448858738665829e-04	1.317281385954078044e-05
9.675540427310567182e+00	9.520010019704122639e-01	3.427918032213084221e-02	1.009720585496417036e-02	3.086750912042366627e-04	4.802394607407781818e-03	4.270929603571420189e-04	2.944309425004605011e-05
1.451331064096584811e+01	9.351495531835896102e-01	4.973136690887645928e-02	1.018066682698042305e-02	6.743170652954444139e-04	5.699115949227301185e-03	4.607084641545754460e-04	4.926550260274959733e-05
1.935108085462113081e+01	9.190872496253315038e-01	6.415574567332608946e-02	1.032485723698814417e-02	1.164140642100666180e-03	6.644822539298771320e-03	4.951393231647896508e-04	7.303886051666957273e-05
2.418885106827641707e+01	9.037682540815654697e-01	7.761925643277942100e-02	1.052515233394228471e-02	1.766740163491127471e-03	7.633870338613913883e-03	5.306099832341988403e-04	1.011105671003496707e-04
2.902662128193169622e+01	8.891496008674099061e-01	9.018448252973480794e-02	1.077723721544610221e-02	2.471526912700134151e-03	8.661042571454188529e-03	5.673230965213507020e-04	1.337807074602316831e-04
3.386439149558698603e+01	8.751910112681685616e-01	1.019099345415660773e-01	1.107708651731987258e-02	3.268674220438037674e-03	9.721520385585390861e-03	6.054610946425947144e-04	1.713058730061410519e-04
3.870216170924226162e+01	8.618547209479270332e-01	1.128503155067711594e-01	1.142094542843070069e-02	4.149066185996798557e-03	1.081085546266683135e-02	6.451876560506595183e-04	2.139027128835246450e-04
4.353993192289755143e+01	8.491053185472730025e-01	1.230567688721743713e-01	1.180531194439618514e-02	5.104249776896858416e-03	1.192494445080566172e-02	6.866490746104286259e-04	2.617512345702664310e-04
4.837770213655283413e+01	8.369095947423573767e-01	1.325771102869810203e-01	1.222692027940464055e-02	6.126390086057845533e-03	1.306000509955786322e-02	7.299755358807067827e-04	3.149978704873133278e-04
5.321547235020811684e+01	8.252364010849081444e-01	1.414560442962146947e-01	1.268272536065758772e-02	7.208228539897510931e-03	1.421255398550228845e-02	7.752823071849952903e-04	3.737583263615374806e-04
5.805324256386339954e+01	8.140565179871142032e-01	1.497353669174805724e-01	1.316988833486035758e-02	8.343043864245835994e-03	1.537938572382837113e-02	8.226708471563055642e-04	4.381202260411645863e-04
6.289101277751868224e+01	8.033425312567185061e-01	1.574541550208794771e-01	1.368576302078601363e-02	9.524615627564672268e-03	1.655755356821516158e-02	8.722298400690251668e-04	5.081455664939662055e-04
6.772878299117397205e+01	7.930687166263796772e-01	1.646489433719594275e-01	1.422788324623754271e-02	1.074719019274498859e-02	1.774435130767028357e-02	9.240361599231138555e-04	5.838729958118091343e-04
7.256655320482924765e+01	7.832109317575605134e-01	1.713538901415565252e-01	1.479395101175274077e-02	1.200544891976725037e-02	1.893729637497108473e-02	9.781557689208684667e-04	6.653199261979279681e-04
7.740432341848452324e+01	7.737465152330427198e-01	1.776009316339959843e-01	1.538182542715378805e-02	1.329447847180580469e-02	2.013411408693445079e-02	1.034644554672674256e-03	7.524844931215640773e-04
8.224209363213981305e+01	7.646541920838034745e-01	1.834199269361552753e-01	1.598951237055616995e-02	1.460974308698211217e-02	2.133272294196104577e-02	1.093549110184168080e-03	8.453473710847681476e-04
8.707986384579510286e+01	7.559139854255640945e-01	1.888387931441141143e-01	1.661515482273534169e-02	1.594705868696815604e-02	2.253122090517879761e-02	1.154907460411796734e-03	9.438734557548088050e-04
9.191763405945040688e+01	7.475071338079689598e-01	1.938836317813217858e-01	1.725702383281938618e-02	1.730256870205109515e-02	2.372787261607067766e-02	1.218749738925624338e-03	1.048013421569596922e-03
9.675540427310566827e+01	7.394160139052028402e-01	1.985788469822063473e-01	1.791351007414551319e-02	1.867272150013156093e-02	2.492109745773470053e-02	1.285098817986338963e-03	1.157705163319867588e-03
1.015931744867609581e+02	7.316240682010141105e-01	2.029472559777525664e-01	1.858311595180100334e-02	2.005424931447673600e-02	2.610945843090831109e-02	1.353970895126624862e-03	1.272875129647784830e-03
1.064309447004162337e+02	7.241157373437057121e-01	2.070101923846127956e-01	1.926444822587715031e-02	2.144414857191865448e-02	2.729165177961375907e-02	1.425376039124454444e-03	1.393439555874576193e-03
1.112687149140715235e+02	7.168763968677698273e-01	2.107876027666328311e-01	1.995621111680896329e-02	2.283966152960970400e-02	2.846649731876205180e-02	1.499318698066472166e-03	1.519305603077322764e-03
1.161064851277267991e+02	7.098922979985867743e-01	2.142981369071207398e-01	2.065719986136538636e-02	2.423825913444976193e-02	2.963292941730699334e-02	1.575798172022626611e-03	1.650372409874894652e-03
1.209442553413820747e+02	7.031505122750656422e-01	2.175592322016247082e-01	2.136629468990320843e-02	2.563762502491057430e-02	3.078998859358205928e-02	1.654809052687759678e-03	1.786532062953090621e-03
1.257820255550373645e+02	6.966388797423568313e-01	2.205871925542845502e-01	2.208245519741354121e-02	2.703564060022802668e-02	3.193681368229558254e-02	1.736341632191220350e-03	1.927670491957362252e-03
1.306197957686926259e+02	6.903459604828967588e-01	2.233972621358606969e-01	2.280471508267994593e-02	2.843037108683589900e-02	3.307263453531672504e-02	1.820382283131034623e-03	2.073668294006216807e-03
1.354575659823479441e+02	6.842609892691287055e-01	2.260036943382095487e-01	2.353217723154118687e-02	2.982005253649786317e-02	3.419676522086812637e-02	1.906913811754070527e-03	2.224401492727774796e-03
1.402953361960032339e+02	6.783738331353372786e-01	2.284198162381607944e-01	2.426400912181639336e-02	3.120307969487862154e-02	3.530859768806246524e-02	1.995915786077377251e-03	2.379742236394403413e-03
1.451331064096584669e+02	6.726749516792138728e-01	2.306580888633590065e-01	2.499943852891297127e-02	3.257799468329970055e-02	3.640759586588954849e-02	2.087364840627864600e-03	2.539559439424341359e-03
1.499708766233137851e+02	6.671553599160948700e-01	2.327301635335692342e-01	2.573774951250524037e-02	3.394347644016890847e-02	3.749329016778849694e-02	2.181234959367196573e-03	2.703719371233358117e-03
1.548086468369690749e+02	6.618065935203290007e-01	2.346469345331241574e-01	2.647827866594994195e-02	3.529833087207150111e-02	3.856527237483467485e-02	2.277497738265687154e-03	2.872086196152454779e-03
1.596464170506243647e+02	6.566206762990011159e-01	2.364185883535309118e-01	2.722041161129978501e-02	3.664148166778209009e-02	3.962319087234265208e-02	2.376122628892644167e-03	3.044522467878151614e-03
1.644841872642796261e+02	6.515900897533076774e-01	2.380546497296813779e-01	2.796357972389336075e-02	3.797196173151357740e-02	4.066674621634189246e-02	2.477077164300560408e-03	3.220889581688902558e-03
1.693219574779349159e+02	6.467077445922867485e-01	2.395640246785496474e-01	2.870725707154407960e-02	3.928890519457756830e-02	4.169568700792930516e-02	2.580327168396409545e-03	3.401048187443526244e-03
1.741597276915902057e+02	6.419669540724097789e-01	2.409550407356506607e-01	2.945095755432698345e-02	4.059153996730183872e-02	4.270980605494908988e-02	2.685836949914640042e-03	3.584858566174254409e-03
1.789974979052454671e+02	6.373614090447633496e-01	2.422354845718093785e-01	3.019423223187497896e-02	4.187918079554770606e-02	4.370893680180169827e-02	2.793569482032971785e-03	3.772180972897126554e-03
1.838352681189008138e+02	6.328851545992419947e-01	2.434126371608960060e-01	3.093666682594919254e-02	4.315122278850413301e-02	4.469295000944732005e-02	2.903486568603410277e-03	3.962875948085129753e-03
1.886730383325560467e+02	6.285325682023619187e-01	2.444933066580622372e-01	3.167787938684570731e-02	4.440713538661728021e-02	4.566175066884946288e-02	3.015548997906681173e-03	4.156804600083867200e-03
1.935108085462113081e+02	6.242983392320267111e-01	2.454838591376195533e-01	3.241751811294648483e-02	4.564645674055330810e-02	4.661527513220798530e-02	3.129716684778316351e-03	4.353828860594885844e-03
1.983485787598666263e+02	6.201774498188591389e-01	2.463902473299824925e-01	3.315525931341931770e-02	4.686878847399866127e-02	4.755348844736176361e-02	3.245948801898547800e-03	4.553811715207347829e-03
2.031863489735219162e+02	6.161651569095899506e-01	2.472180374880157128e-01	3.389080550472324538e-02	4.807379080488374812e-02	4.847638188170504819e-02	3.364203900985773474e-03	4.756617410823879566e-03
2.080241191871772060e+02	6.122569754734835668e-01	2.479724345046307177e-01	3.462388363218488196e-02	4.926117800128121393e-02	4.938397062286210837e-02	3.484440024584401462e-03	4.962111641700499114e-03
2.128618894008324673e+02	6.084486627779182033e-01	2.486583053955403744e-01	3.535424340848056929e-02	5.043071414978691352e-02	5.027629164420634178e-02	3.606614809092132008e-03	5.170161715702926986e-03
2.176996596144877287e+02	6.047362036640361316e-01	2.492802012536558809e-01	3.608165576139158587e-02	5.158220921564649064e-02	5.115340172409661018e-02	3.730685579628970332e-03	5.380636702271818228e-03
2.225374298281430470e+02	6.011157967578691919e-01	2.498423777746746344e-01	3.680591138369724430e-02	5.271551537525065445e-02	5.201537560843857294e-02	3.856609437310330735e-03	5.593407563486967049e-03
2.273752000417983652e+02	5.975838415565388750e-01	2.503488144469201981e-01	3.752681937853578203e-02	5.383052360289312249e-02	5.286230430686558041e-02	3.984343339449248657e-03	5.808347269524834905e-03
2.322129702554535982e+02	5.941369263330550377e-01	2.508032324924328593e-01	3.824420599399800530e-02	5.492716049487376268e-02	5.369429351347564799e-02	4.113844173177835968e-03	6.025330899714470209e-03
2.370507404691088880e+02	5.907718168069024944e-01	2.512091116406409697e-01	3.895791344112499444e-02	5.600538531513951646e-02	5.451146214366059395e-02	4.245068822945536648e-03	6.244235730313486658e-03
2.418885106827641494e+02	5.874854455310347667e-01	2.515697058106441397e-01	3.966779878986127772e-02	5.706518724769397977e-02	5.531394097912427366e-02	4.377974232321261809e-03	6.464941310047971762e-03
2.467262808964194392e+02	5.842749019490993678e-01	2.518880577731861803e-01	4.037373293787008960e-02	5.810658284197641604e-02	5.610187141371006381e-02	4.512517460498047424e-03	6.687329524387578168e-03
2.515640511100747290e+02	5.811374230797164975e-01	2.521670128587645832e-01	4.107559964744955661e-02	5.912961363831795158e-02	5.687540429314754536e-02	4.648655733872289995e-03	6.911284649459259119e-03
2.564018213237300188e+02	5.780703847874341106e-01	2.524092317739946578e-01	4.177329464609896154e-02	6.013434396142990079e-02	5.763469884228528128e-02	4.786346493044759884e-03	7.136693396439888239e-03
2.612395915373852517e+02	5.750712936026026734e-01	2.526172025842985391e-01	4.246672478657446959e-02	6.112085887067147255e-02	5.837992167380402081e-02	4.925547435567416941e-03	7.363444947208972087e-03
2.660773617510405415e+02	5.721377790548608511e-01	2.527932519172075287e-01	4.315580726254519828e-02	6.208926225658423226e-02	5.911124587280375264e-02	5.066216554738330047e-03	7.591430981987610724e-03
2.709151319646958882e+02	5.692675864872167590e-01	2.529395554370278409e-01	4.384046887621387972e-02	6.303967507387270297e-02	5.982885015203107115e-02	5.208312174726783053e-03	7.820545699638524126e-03
2.757529021783511780e+02	5.664585703198440347e-01	2.530581476383154116e-01	4.452064535450366706e-02	6.397223370165702749e-02	6.053291807286171472e-02	5.351792982291718632e-03	8.050685831253987651e-03
2.805906723920064678e+02	5.637086877347219360e-01	2.531509310025117365e-01	4.519628071063412633e-02	6.488708842242797703e-02	6.122363732747886783e-02	5.496618055338971243e-03	8.281750647613904392e-03
2.854284426056617008e+02	5.610159927541110703e-01	2.532196845592074586e-01	4.586732664811674770e-02	6.578440201169954982e-02	6.190119907799180449e-02	5.642746888546264043e-03	8.513641961054490073e-03
2.902662128193169337e+02	5.583786306876149519e-01	2.532660718907940867e-01	4.653374200439400199e-02	6.666434843088196727e-02	6.256579734852381336e-02	5.790139416269496873e-03	8.746264122249219550e-03
2.951039830329722804e+02	5.557948329242046182e-01	2.532916486167439696e-01	4.719549223152696982e-02	6.752711161639141091e-02	6.321762846656363288e-02	5.938756032929446392e-03	8.979524012367411795e-03
2.999417532466276270e+02	5.532629120471234119e-01	2.532978693913948698e-01	4.785254891150585860e-02	6.837288435847382884e-02	6.385689055012286341e-02	6.088557611064546703e-03	9.213331031042080316e-03
3.047795234602828600e+02	5.507812572510081273e-01	2.532860944469091935e-01	4.850488930391601977e-02	6.920186726365099017e-02	6.448378303747327733e-02	6.239505517222851579e-03	9.447597080547097056e-03
3.096172936739380930e+02	5.483483300419085271e-01	2.532575957110161924e-01	4.915249592383989785e-02	7.001426779509943576e-02	6.509850625645445532e-02	6.391561625854534461e-03	9.682236546554440909e-03
3.144550638875934396e+02	5.459626602021341313e-01	2.532135625272154411e-01	4.979535614801369053e-02	7.081029938564949167e-02	6.570126103054450828e-02	6.544688331355316344e-03	9.917166275814874241e-03
3.192928341012487294e+02	5.436228420030246866e-01	2.531551070033173367e-01	5.043346184738675686e-02	7.159018061844288350e-02	6.629224831907505611e-02	6.698848558400982006e-03	1.015230555107990602e-02
3.241306043149040192e+02	5.413275306498362971e-01	2.530832690125111584e-01	5.106680904435257490e-02	7.235413447061637970e-02	6.687166888914841678e-02	6.854005770703570227e-03	1.038757606355916567e-02
3.289683745285592522e+02	5.390754389439578187e-01	2.529990208695756526e-01	5.169539759303311971e-02	7.310238761568542409e-02	6.743972301697957750e-02	7.010123978310905425e-03	1.062290188318511762e-02
3.338061447422145420e+02	5.368653341486225861e-01	2.529032717033731781e-01	5.231923088110407988e-02	7.383516978058918268e-02	6.799661021653913284e-02	7.167167743562800203e-03	1.085820942693650586e-02
3.386439149558698318e+02	5.346960350451813726e-01	2.527968715453930981e-01	5.293831555174701581e-02	7.455271315362629880e-02	6.854252899351749584e-02	7.325102185809459834e-03	1.109342742545265173e-02
3.434816851695251216e+02	5.325664091678312673e-01	2.526806151528206423e-01	5.355266124440687808e-02	7.525525183976089494e-02	6.907767662276438625e-02	7.483892984990367717e-03	1.132848688815289544e-02
3.483194553831804114e+02	5.304753702054815223e-01	2.525552455834060850e-01	5.416228035311958233e-02	7.594302136001299108e-02	6.960224894748336111e-02	7.643506384165140236e-03	1.156332106705880609e-02
3.531572255968357013e+02	5.284218755601634010e-01	2.524214575382827119e-01	5.476718780125492542e-02	7.661625819186569653e-02	7.011644019857793397e-02	7.803909191081491274e-03	1.179786541950131676e-02
3.579949958104909342e+02	5.264049240520792816e-01	2.522799004878312212e-01	5.536740083159557430e-02	7.727519934782628441e-02	7.062044283265496436e-02	7.965068778859557205e-03	1.203205756988049054e-02
3.628327660241463377e+02	5.244235537620192122e-01	2.521311815947038792e-01	5.596293881074326793e-02	7.792008198946893949e-02	7.111444738729350012e-02	8.126953085866297707e-03	1.226583727063227519e-02
3.676705362378016275e+02	5.224768400024745185e-01	2.519758684472037102e-01	5.655382304690929202e-02	7.855114307446543764e-02	7.159864235228176332e-02	8.289530614848519136e-03	1.249914636254407206e-02
3.725083064514568036e+02	5.205638934093357317e-01	2.518144916153544632e-01	5.714007662020783446e-02	7.916861903427677150e-02	7.207321405561482874e-02	8.452770431388312300e-03	1.273192873454937792e-02
3.773460766651120935e+02	5.186838581465827991e-01	2.516475470411930204e-01	5.772172422462843594e-02	7.977274548033425061e-02	7.253834656312761753e-02	8.616642161740135919e-03	1.296413028312098925e-02
3.821838468787673833e+02	5.168359102168660346e-01	2.514754982740664002e-01	5.829879202091754059e-02	8.036375693668434961e-02	7.299422159071604355e-02	8.781115990104660513e-03	1.319569887137218844e-02
3.870216170924226162e+02	5.150192558713309054e-01	2.512987785610119040e-01	5.887130749964938903e-02	8.094188659720714940e-02	7.344101842817123138e-02	8.946162655390518456e-03	1.342658428796607295e-02
3.918593873060780197e+02	5.132331301124690714e-01	2.511177928016438132e-01	5.943929935381365298e-02	8.150736610564550400e-02	7.387891387371900431e-02	9.111753447511507231e-03	1.365673820592453250e-02
3.966971575197332527e+02	5.114767952841753340e-01	2.509329193763563670e-01	6.000279736029107136e-02	8.206042535680034555e-02	7.430808217842042873e-02	9.277860203263380706e-03	1.388611414142031097e-02
4.015349277333884856e+02	5.097495397435642950e-01	2.507445118560780450e-01	6.056183226962948141e-02	8.260129231735849342e-02	7.472869499964747420e-02	9.444455301821152310e-03	1.411466741262816689e-02
4.063726979470438323e+02	5.080506766094529114e-01	2.505529006012781057e-01	6.111643570357099681e-02	8.313019286492297211e-02	7.514092136290299873e-02	9.611511659894947379e-03	1.434235509870423857e-02
4.112104681606991221e+02	5.063795425827346541e-01	2.503583942574223453e-01	6.166664005981708357e-02	8.364735064391187747e-02	7.554492763130536692e-02	9.779002726579602220e-03	1.456913599895627402e-02
4.160482383743544119e+02	5.047354968341843939e-01	2.501612811536096936e-01	6.221247842355173696e-02	8.415298693708300748e-02	7.594087748210613664e-02	9.946902477930711153e-03	1.479497059226146487e-02
4.208860085880095880e+02	5.031179199555148029e-01	2.499618306106793642e-01	6.275398448527448603e-02	8.464732055152490720e-02	7.632893188965310383e-02	1.011518541129734737e-02	1.501982099678307418e-02
4.257237788016648778e+02	5.015262129697714011e-01	2.497602941646722974e-01	6.329119246452406811e-02	8.513056771803434453e-02	7.670924911425340553e-02	1.028382653943952195e-02	1.524365093003198987e-02
4.305615490153201677e+02	4.999597963974062864e-01	2.495569067111454431e-01	6.382413703910129466e-02	8.560294200287346666e-02	7.708198469642962847e-02	1.045280138445629607e-02	1.546642566931457317e-02
4.353993192289755143e+02	4.984181093746024027e-01	2.493518875754804631e-01	6.435285327942508182e-02	8.606465423096851253e-02	7.744729145609823007e-02	1.062208597154854287e-02	1.568811201260377972e-02
4.402370894426308041e+02	4.969006088206392446e-01	2.491454415139932321e-01	6.487737658767953053e-02	8.651591241967643287e-02	7.780531949623342713e-02	1.079165682263857722e-02	1.590867823986652149e-02
4.450748596562860939e+02	4.954067686512961810e-01	2.489377596503386525e-01	6.539774264143263793e-02	8.695692172230515271e-02	7.815621621061077939e-02	1.096149094986710940e-02	1.612809407487647909e-02
4.499126298699413837e+02	4.939360790354789810e-01	2.487290203514115894e-01	6.591398734142758786e-02	8.738788438062962405e-02	7.850012629525465746e-02	1.113156584898648133e-02	1.634633064753809525e-02
4.547504000835967304e+02	4.924880456924365935e-01	2.485193900466725336e-01	6.642614676326795420e-02	8.780899968569744196e-02	7.883719176324058275e-02	1.130185949266762635e-02	1.656336045674431864e-02
4.595881702972519065e+02	4.910621892271007649e-01	2.483090239945698052e-01	6.693425711273560952e-02	8.822046394626716082e-02	7.916755196252910076e-02	1.147235032373686986e-02	1.677915733378769134e-02
4.644259405109071963e+02	4.896580445012382876e-01	2.480980669994926058e-01	6.743835468449778381e-02	8.862247046426749431e-02	7.949134359653174664e-02	1.164301724835737836e-02	1.699369640634169551e-02
4.692637107245624861e+02	4.882751600382517765e-01	2.478866540824642417e-01	6.793847582397538609e-02	8.901520951670816029e-02	7.980870074713172779e-02	1.181383962916891447e-02	1.720695406302673661e-02
4.741014809382177759e+02	4.869130974596033168e-01	2.476749111085772281e-01	6.843465689215993963e-02	8.939886834351283562e-02	8.011975489990226518e-02	1.198479727839844335e-02	1.741890791857282975e-02
4.789392511518730657e+02	4.855714309509611137e-01	2.474629553739762511e-01	6.892693423318022039e-02	8.977363114078161510e-02	8.042463497128556071e-02	1.215587045095309349e-02	1.762953677958900567e-02
4.837770213655284124e+02	4.842497467562910662e-01	2.472508961550125284e-01	6.941534414443265022e-02	9.013967905902499356e-02	8.072346733751216419e-02	1.232703983750606420e-02	1.783882061094739860e-02
4.886147915791837022e+02	4.829476426982273751e-01	2.470388352220222461e-01	6.989992284910211129e-02	9.049719020594342023e-02	8.101637586505829047e-02	1.249828655758514727e-02	1.804674050278831654e-02
4.934525617928388783e+02	4.816647277231599356e-01	2.468268673200225971e-01	7.038070647091075605e-02	9.084633965335682515e-02	8.130348194245323734e-02	1.266959215267270990e-02	1.825327863815084245e-02
4.982903320064942250e+02	4.804006214695757948e-01	2.466150806184697064e-01	7.085773101094346160e-02	9.118729944791631459e-02	8.158490451326430581e-02	1.284093857932525930e-02	1.845841826123209919e-02
5.031281022201495148e+02	4.791549538582831058e-01	2.464035571320829787e-01	7.133103232640826408e-02	9.152023862525643372e-02	8.186076011009935094e-02	1.301230820231993011e-02	1.866214364627690608e-02
5.079658724338048046e+02	4.779273647032325489e-01	2.461923731146105077e-01	7.180064611119950369e-02	9.184532322727116671e-02	8.213116288948028865e-02	1.318368378783464460e-02	1.886444006709827800e-02
5.128036426474600376e+02	4.767175033417315189e-01	2.459815994272880335e-01	7.226660787814020992e-02	9.216271632221896548e-02	8.239622466745201435e-02	1.335504849666802399e-02	1.906529376722815305e-02
5.176414128611153274e+02	4.755250282829207586e-01	2.457713018836301944e-01	7.272895294278830525e-02	9.247257802738408083e-02	8.265605495580231887e-02	1.352638587750460905e-02	1.926469193069663480e-02
5.224791830747705035e+02	4.743496068734555648e-01	2.455615415720860395e-01	7.318771640869876915e-02	9.277506553404063494e-02	8.291076099877840722e-02	1.369767986023034782e-02	1.946262265343708109e-02
5.273169532884259070e+02	4.731909149793978586e-01	2.453523751579915202e-01	7.364293315404112084e-02	9.307033313448483114e-02	8.316044781019495125e-02	1.386891474930291614e-02	1.965907491531361170e-02
5.321547235020811968e+02	4.720486366833878678e-01	2.451438551661582754e-01	7.409463781947815686e-02	9.335853225091768348e-02	8.340521821083728138e-02	1.404007521718088868e-02	1.985403855276671181e-02
5.369924937157364866e+02	4.709224639962216741e-01	2.449360302453513771e-01	7.454286479721806968e-02	9.363981146597660787e-02	8.364517286607177360e-02	1.421114629781540517e-02	2.004750423207200122e-02
5.418302639293917764e+02	4.698120965820159478e-01	2.447289454158268485e-01	7.498764822115799866e-02	9.391431655472962103e-02	8.388041032358233007e-02	1.438211338020756527e-02	2.023946342320661132e-02
5.466680341430470662e+02	4.687172414961901512e-01	2.445226423010241901e-01	7.542902195804236654e-02	9.418219051795921615e-02	8.411102705115958145e-02	1.455296220203444735e-02	2.042990837431698722e-02
5.515058043567023560e+02	4.676376129355453437e-01	2.443171593444374290e-01	7.586701959956437813e-02	9.444357361657661210e-02	8.433711747447543428e-02	1.472367884334627348e-02	2.061883208678147103e-02
5.563435745703576458e+02	4.665729319997622415e-01	2.441125320126226461e-01	7.630167445534399850e-02	9.469860340701873047e-02	8.455877401478173461e-02	1.489424972033697760e-02	2.080622829086065453e-02
5.611813447840129356e+02	4.655229264636832065e-01	2.439087929852363779e-01	7.673301954672004377e-02	9.494741477749177316e-02	8.477608712647756450e-02	1.506466157919007960e-02	2.099209142192792407e-02
5.660191149976681118e+02	4.644873305597815305e-01	2.437059723329429162e-01	7.716108760129800070e-02	9.519013998493570938e-02	8.498914533449468400e-02	1.523490149000160040e-02	2.117641659727247799e-02
5.708568852113234016e+02	4.634658847702577411e-01	2.435040976839725757e-01	7.758591104819947959e-02	9.542690869259372322e-02	8.519803527145536348e-02	1.540495684078141414e-02	2.135919959346661151e-02
5.756946554249786914e+02	4.624583356282367941e-01	2.433031943800631203e-01	7.800752201396218832e-02	9.565784800807997090e-02	8.540284171456165307e-02	1.557481533153424677e-02	2.154043682428894921e-02
5.805324256386339812e+02	4.614644355275721033e-01	2.431032856224689120e-01	7.842595231904343767e-02	9.588308252184724045e-02	8.560364762217882728e-02	1.574446496842134280e-02	2.172012531919500014e-02
5.853701958522892710e+02	4.604839425407925013e-01	2.429043926086776328e-01	7.884123347488278255e-02	9.610273434596412756e-02	8.580053417008001726e-02	1.591389405800358592e-02	2.189826270232624397e-02
5.902079660659445608e+02	4.595166202447549253e-01	2.427065346604331819e-01	7.925339668148242978e-02	9.631692315311873864e-02	8.599358078732208255e-02	1.608309120156671546e-02	2.207484717204879696e-02
5.950457362795999643e+02	4.585622375535942652e-01	2.425097293436246915e-01	7.966247282546719266e-02	9.652576621577266258e-02	8.618286519172632665e-02	1.625204528952911565e-02	2.224987748101264068e-02
5.998835064932552541e+02	4.576205685585836846e-01	2.423139925805646855e-01	8.006849247858784102e-02	9.672937844539529484e-02	8.636846342494086670e-02	1.642074549593245530e-02	2.242335291672213626e-02
6.047212767069104302e+02	4.566913923745437587e-01	2.421193387551461851e-01	8.047148589663441487e-02	9.692787243171478717e-02	8.655044988706377118e-02	1.658918127301542075e-02	2.259527328260866816e-02
6.095590469205657200e+02	4.557744929924598121e-01	2.419257808113364772e-01	8.087148301872815193e-02	9.712135848192683663e-02	8.672889737080907713e-02	1.675734234587055241e-02	2.276563887959609164e-02
6.143968171342210098e+02	4.548696591379864373e-01	2.417333303454354820e-01	8.126851346696313538e-02	9.730994465980827290e-02	8.690387709519990789e-02	1.692521870718412258e-02	2.293445048814961307e-02
6.192345873478761860e+02	4.539766841355378224e-01	2.415419976924994272e-01	8.166260654637007288e-02	9.749373682468666369e-02	8.707545873877529929e-02	1.709280061205893653e-02	2.310170935079879778e-02
6.240723575615315895e+02	4.530953657776800036e-01	2.413517920073037781e-01	8.205379124517708789e-02	9.767283867022184818e-02	8.724371047229925735e-02	1.726007857291974798e-02	2.326741715512533129e-02
6.289101277751868793e+02	4.522255061995583136e-01	2.411627213401962011e-01	8.244209623534390352e-02	9.784735176295916714e-02	8.740869899096230522e-02	1.742704335450094566e-02	2.343157601720622860e-02
6.337478979888421691e+02	4.513669117581076140e-01	2.409747927081667407e-01	8.282754987334722818e-02	9.801737558061823785e-02	8.757048954606792834e-02	1.759368596891612221e-02	2.359418846550318666e-02
6.385856682024975726e+02	4.505193929158093358e-01	2.407880121614414948e-01	8.321018020119687331e-02	9.818300755008438352e-02	8.772914597619714538e-02	1.775999767080898087e-02	2.375525742518880962e-02
6.434234384161527487e+02	4.496827641287713950e-01	2.406023848458865855e-01	8.359001494766352125e-02	9.834434308507317146e-02	8.788473073784673628e-02	1.792596995258503856e-02	2.391478620290056825e-02
6.482612086298080385e+02	4.488568437389209298e-01	2.404179150614901284e-01	8.396708152970011607e-02	9.850147562344171992e-02	8.803730493553731107e-02	1.809159453972349410e-02	2.407277847191331352e-02
6.530989788434633283e+02	4.480414538701117388e-01	2.402346063171732216e-01	8.434140705404045979e-02	9.865449666412286212e-02	8.818692835138881858e-02	1.825686338616859181e-02	2.422923825772132708e-02
6.579367490571185044e+02	4.472364203279594053e-01	2.400524613821637954e-01	8.471301831895938772e-02	9.880349580366129536e-02	8.833365947416249586e-02	1.842176866979973113e-02	2.438416992402095765e-02
6.627745192707737942e+02	4.464415725032273019e-01	2.398714823341535629e-01	8.508194181618022878e-02	9.894856077233282754e-02	8.847755552776861987e-02	1.858630278797959723e-02	2.453757815908494400e-02
6.676122894844290840e+02	4.456567432785982774e-01	2.396916706044421308e-01	8.544820373291601989e-02	9.908977746983047008e-02	8.861867249924104684e-02	1.875045835317946247e-02	2.468946796251969208e-02
6.724500596980843738e+02	4.448817689386735386e-01	2.395130270202613099e-01	8.581182995403204006e-02	9.922723000050276410e-02	8.875706516617978825e-02	1.891422818868085734e-02	2.483984463239681528e-02
6.772878299117396637e+02	4.441164890830517908e-01	2.393355518444580388e-01	8.617284606431810379e-02	9.936100070813193297e-02	8.889278712366413537e-02	1.907760532435270884e-02	2.498871375275042370e-02
6.821256001253949535e+02	4.433607465423478056e-01	2.391592448127048409e-01	8.653127735085965055e-02	9.949117021024114771e-02	8.902589081063889964e-02	1.924058299250307885e-02	2.513608118143167286e-02
6.869633703390502433e+02	4.426143872970188520e-01	2.389841051683942175e-01	8.688714880549769370e-02	9.961781743192163474e-02	8.915642753577773805e-02	1.940315462380456935e-02	2.528195303831234919e-02
6.918011405527055331e+02	4.418772603988732617e-01	2.388101316953643860e-01	8.724048512736827521e-02	9.974101963917217373e-02	8.928444750282729658e-02	1.956531384329246795e-02	2.542633569382919331e-02
6.966389107663608229e+02	4.411492178951436083e-01	2.386373227485935333e-01	8.759131072551271102e-02	9.986085247174449064e-02	8.940999983543708451e-02	1.972705446643466601e-02	2.556923575786099190e-02
7.014766809800161127e+02	4.404301147550123696e-01	2.384656762829917009e-01	8.793964972155057791e-02	9.997738997548966111e-02	8.953313260147990893e-02	1.988837049527241926e-02	2.571066006893044445e-02
7.063144511936714025e+02	4.397198087984847126e-01	2.382951898804102353e-01	8.828552595240790613e-02	1.000907046342017770e-01	8.965389283686850397e-02	2.004925611463091034e-02	2.585061568372303345e-02
7.111522214073266923e+02	4.390181606275078141e-01	2.381258607749816292e-01	8.862896297309366678e-02	1.002008674009559341e-01	8.977232656887408624e-02	2.020970568839869710e-02	2.598910986691520958e-02
7.159899916209819821e+02	4.383250335592424607e-01	2.379576858768952807e-01	8.896998405951814237e-02	1.003079477289387372e-01	8.988847883895298430e-02	2.036971375587500951e-02	2.612615008130437025e-02
7.208277618346371582e+02	4.376402935613969425e-01	2.377906617947075085e-01	8.930861221134704653e-02	1.004120136017706000e-01	9.000239372508769820e-02	2.052927502818390273e-02	2.626174397823322765e-02
7.256655320482924481e+02	4.369638091895382548e-01	2.376247848562783316e-01	8.964487015488600830e-02	1.005131315633195910e-01	9.011411436364914762e-02	2.068838438475428462e-02	2.639589938830127352e-02
7.305033022619478515e+02	4.362954515262998378e-01	2.374600511284213067e-01	8.997878034599021690e-02	1.006113667470076301e-01	9.022368297078688093e-02	2.084703686986477678e-02	2.652862431235625956e-02
7.353410724756030277e+02	4.356350941224096385e-01	2.372964564353473027e-01	9.031036497299438359e-02	1.007067829046102009e-01	9.033114086335432280e-02	2.100522768925247932e-02	2.665992691275865384e-02
7.401788426892584312e+02	4.349826129394657181e-01	2.371339963759775959e-01	9.063964595965880167e-02	1.007994424345518697e-01	9.043652847937615202e-02	2.116295220678453270e-02	2.678981550491223856e-02
7.450166129029136073e+02	4.343378862943912955e-01	2.369726663401976463e-01	9.096664496812725820e-02	1.008894064096998167e-01	9.053988539806520630e-02	2.132020594119158133e-02	2.691829854905412184e-02
7.498543831165690108e+02	4.337007948055018880e-01	2.368124615241173070e-01	9.129138340189311973e-02	1.009767346046586828e-01	9.064125035939633868e-02	2.147698456286206356e-02	2.704538464229756453e-02
7.546921533302243006e+02	4.330712213401249899e-01	2.366533769443993629e-01	9.161388240877013645e-02	1.010614855225702019e-01	9.074066128324465019e-02	2.163328389069640520e-02	2.717108251092119342e-02
7.595299235438793630e+02	4.324490509637115010e-01	2.364954074517154892e-01	9.193416288386462021e-02	1.011437164214214479e-01	9.083815528809557893e-02	2.178909988902007905e-02	2.729540100289824106e-02
7.643676937575347665e+02	4.318341708903830622e-01	2.363385477433825044e-01	9.225224547254631813e-02	1.012234833398662215e-01	9.093376870933463085e-02	2.194442866455457997e-02	2.741834908065966109e-02
7.692054639711900563e+02	4.312264704348623967e-01	2.361827923752310154e-01	9.256815057341491459e-02	1.013008411225640726e-01	9.102753711712423257e-02	2.209926646344533702e-02	2.753993581408504393e-02
7.740432341848452324e+02	4.306258409657352515e-01	2.360281357727536666e-01	9.288189834125992750e-02	1.013758434450419688e-01	9.111949533387522782e-02	2.225360966834560167e-02	2.766017037371539672e-02
7.788810043985006359e+02	4.300321758599958688e-01	2.358745722415772628e-01	9.319350869001159776e-02	1.014485428380839521e-01	9.120967745132091409e-02	2.240745479555535796e-02	2.777906202418200035e-02
7.837187746121558121e+02	4.294453704588299114e-01	2.357220959773013158e-01	9.350300129568070440e-02	1.015189907116541002e-01	9.129811684720101628e-02	2.256079849221431788e-02	2.789662011784567464e-02
7.885565448258112156e+02	4.288653220245901010e-01	2.355707010747411789e-01	9.381039559928525118e-02	1.015872373783584526e-01	9.138484620156314686e-02	2.271363753354804088e-02	2.801285408864087959e-02
7.933943150394665054e+02	4.282919296989241564e-01	2.354203815366134045e-01	9.411571080976238735e-02	1.016533320764520937e-01	9.146989751268948254e-02	2.286596882016629292e-02	2.812777344611925787e-02
7.982320852531219089e+02	4.277250944620135664e-01	2.352711312816967437e-01	9.441896590686396640e-02	1.017173229923968719e-01	9.155330211265592932e-02	2.301778937541270123e-02	2.824138776968731362e-02
8.030698554667769713e+02	4.271647190928857807e-01	2.351229441525014840e-01	9.472017964403414703e-02	1.017792572829764458e-01	9.163509068253140877e-02	2.316909634276478197e-02	2.835370670303299923e-02
8.079076256804323748e+02	4.266107081307634052e-01	2.349758139224770170e-01	9.501937055126778719e-02	1.018391810969745959e-01	9.171529326722450970e-02	2.331988698328352552e-02	2.846473994873622779e-02
8.127453958940876646e+02	4.260629678374149298e-01	2.348297343027858919e-01	9.531655693794836848e-02	1.018971395964232834e-01	9.179393928998479113e-02	2.347015867311156093e-02	2.857449726305827387e-02
8.175831661077428407e+02	4.255214061604745690e-01	2.346846989486706947e-01	9.561175689566440983e-02	1.019531769774268820e-01	9.187105756656607780e-02	2.361990890101910157e-02	2.868298845090531957e-02
8.224209363213982442e+02	4.249859326976991314e-01	2.345407014654384836e-01	9.590498830100331606e-02	1.020073364905691726e-01	9.194667631905883987e-02	2.376913526599678042e-02	2.879022336096135476e-02
8.272587065350534203e+02	4.244564586621305535e-01	2.343977354140861225e-01	9.619626881832181453e-02	1.020596604609094876e-01	9.202082318939866501e-02	2.391783547489453529e-02	2.889621188098586216e-02
8.320964767487085965e+02	4.239328968481365645e-01	2.342557943165881895e-01	9.648561590249213338e-02	1.021101903075747469e-01	9.209352525255788680e-02	2.406600734010573214e-02	2.900096393327177349e-02
8.369342469623640000e+02	4.234151615983000605e-01	2.341148716608676406e-01	9.677304680162328310e-02	1.021589665629539512e-01	9.216480902942714160e-02	2.421364877729564186e-02	2.910448947025931141e-02
8.417720171760191761e+02	4.229031687711313769e-01	2.339749609054685431e-01	9.705857855975669191e-02	1.022060288915017101e-01	9.223470049939372362e-02	2.436075780317355222e-02	2.920679847030141496e-02
8.466097873896745796e+02	4.223968357095772563e-01	2.338360554839488681e-01	9.734222801953575088e-02	1.022514161081574807e-01	9.230322511262339935e-02	2.450733253330764430e-02	2.930790093357659581e-02
8.514475576033297557e+02	4.218960812103025315e-01	2.336981488090094927e-01	9.762401182484869988e-02	1.022951661963870801e-01	9.237040780205216239e-02	2.465337117998185959e-02	2.940780687814511032e-02
8.562853278169851592e+02	4.214008254937203213e-01	2.335612342763759564e-01	9.790394642344450726e-02	1.023373163258530782e-01	9.243627299509456219e-02	2.479887205009403961e-02	2.950652633614446810e-02
8.611230980306403353e+02	4.209109901747479787e-01	2.334253052684473195e-01	9.818204806952122998e-02	1.023779028697206495e-01	9.250084462507486560e-02	2.494383354309449505e-02	2.960406935012043633e-02
8.659608682442956251e+02	4.204264982342679202e-01	2.332903551577257262e-01	9.845833282628674299e-02	1.024169614216052931e-01	9.256414614238728245e-02	2.508825414896433126e-02	2.970044596948964374e-02
8.707986384579510286e+02	4.199472739912716301e-01	2.331563773100401860e-01	9.873281656849142163e-02	1.024545268121691555e-01	9.262620052539154158e-02	2.523213244623272178e-02	2.979566624713023484e-02
8.756364086716062047e+02	4.194732430756669128e-01	2.330233650875762896e-01	9.900551498493259661e-02	1.024906331253720715e-01	9.268703029104971569e-02	2.537546710003248107e-02	2.988974023609682756e-02
8.804741788852616082e+02	4.190043324017290738e-01	2.328913118517233483e-01	9.927644358093064281e-02	1.025253137143839754e-01	9.274665750531035924e-02	2.551825686019316974e-02	2.998267798645634294e-02
8.853119490989170117e+02	4.185404701421777118e-01	2.327602109657498641e-01	9.954561768077660466e-02	1.025586012171648270e-01	9.280510379324559411e-02	2.566050055937104876e-02	3.007448954224125823e-02
8.901497193125721878e+02	4.180815857028608584e-01	2.326300557973172145e-01	9.981305243015115014e-02	1.025905275717183956e-01	9.286239034894717970e-02	2.580219711121520265e-02	3.016518493851693197e-02
8.949874895262273640e+02	4.176276096980292563e-01	2.325008397208410682e-01	1.000787627985148948e-01	1.026211240310260925e-01	9.291853794518674381e-02	2.594334550856914473e-02	3.025477419855973626e-02
8.998252597398827675e+02	4.171784739261845121e-01	2.323725561197092226e-01	1.003427635814700403e-01	1.026504211776669978e-01	9.297356694284611422e-02	2.608394482170723130e-02	3.034326733114285982e-02
9.046630299535379436e+02	4.167341113464845814e-01	2.322451983883642990e-01	1.006050694030933695e-01	1.026784489381300514e-01	9.302749730012278839e-02	2.622399419660526726e-02	3.043067432792662813e-02
9.095008001671932334e+02	4.162944560556917084e-01	2.321187599342592611e-01	1.008656947182405006e-01	1.027052365968244424e-01	9.308034858151603697e-02	2.636349285324462305e-02	3.051700516095037785e-02
9.143385703808486369e+02	4.158594432656476103e-01	2.319932341796925868e-01	1.011246538148216495e-01	1.027308128097941808e-01	9.313213996659873428e-02	2.650244008394923856e-02	3.060226978022290503e-02
9.191763405945038130e+02	4.154290092812614743e-01	2.318686145635305840e-01	1.013819608160487773e-01	1.027552056181425255e-01	9.318289025857995345e-02	2.664083525175492753e-02	3.068647811140865281e-02
9.240141108081592165e+02	4.150030914789969994e-01	2.317448945428228213e-01	1.016376296826544956e-01	1.027784424611720981e-01	9.323261789266333588e-02	2.677867778881032335e-02	3.076964005360682472e-02
9.288518810218145063e+02	4.145816282858453272e-01	2.316220675943169993e-01	1.018916742150824811e-01	1.028005501892462759e-01	9.328134094420617584e-02	2.691596719480890756e-02	3.085176547722071408e-02
9.336896512354697961e+02	4.141645591587705399e-01	2.315001272158790369e-01	1.021441080556497738e-01	1.028215550763775799e-01	9.332907713668373018e-02	2.705270303545152799e-02	3.093286422191460563e-02
9.385274214491247449e+02	4.137518245646156223e-01	2.313790669278233403e-01	1.023949446906812499e-01	1.028414828325483893e-01	9.337584384946370775e-02	2.718888494093881988e-02	3.101294609465566482e-02
9.433651916627801484e+02	4.133433659604560106e-01	2.312588802741588068e-01	1.026441974526160067e-01	1.028603586157694899e-01	9.342165812539521275e-02	2.732451260449296482e-02	3.109202086783829574e-02
9.482029618764355519e+02	4.129391257743902366e-01	2.311395608237549470e-01	1.028918795220862686e-01	1.028782070438816476e-01	9.346653667821687439e-02	2.745958578090823901e-02	3.117009827748852199e-02
9.530407320900908417e+02	4.125390473867553975e-01	2.310211021714327351e-01	1.031380039299687745e-01	1.028950522061057027e-01	9.351049589978822907e-02	2.759410428512981336e-02	3.124718802154602404e-02
9.578785023037459041e+02	4.121430751117567404e-01	2.309034979389843478e-01	1.033825835594089637e-01	1.029109176743460002e-01	9.355355186714883753e-02	2.772806799086026050e-02	3.132329975822148449e-02
9.627162725174014213e+02	4.117511541795010888e-01	2.307867417761256257e-01	1.036256311478179343e-01	1.029258265142524997e-01	9.359572034940927265e-02	2.786147682919321716e-02	3.139844310442699987e-02
9.675540427310568248e+02	4.113632307184231784e-01	2.306708273613853333e-01	1.038671592888429085e-01	1.029398012960462960e-01	9.363701681447782199e-02	2.799433078727376137e-02	3.147262763427734894e-02
9.723918129447120009e+02	4.109792517380959076e-01	2.305557484029341353e-01	1.041071804343107893e-01	1.029528641051137006e-01	9.367745643562723490e-02	2.812662990698491794e-02	3.154586287765997338e-02
9.772295831583674044e+02	4.105991651124137887e-01	2.304414986393571174e-01	1.043457068961456263e-01	1.029650365523734484e-01	9.371705409790517805e-02	2.825837428365984144e-02	3.161815831887163086e-02
9.820673533720223531e+02	4.102229195631413305e-01	2.303280718403726557e-01	1.045827508482598256e-01	1.029763397844218609e-01	9.375582440439218790e-02	2.838956406481916300e-02	3.168952339531957291e-02
9.869051235856777566e+02	4.098504646438164145e-01	2.302154618075006320e-01	1.048183243284195182e-01	1.029867944934605983e-01	9.379378168231096435e-02	2.852019944893307776e-02	3.175996749628542254e-02
9.917428937993331601e+02	4.094817507240001153e-01	2.301036623746826881e-01	1.050524392400844914e-01	1.029964209270115283e-01	9.383093998899048882e-02	2.865028068420761090e-02	3.182949996174971874e-02
9.965806640129884499e+02	4.091167289738649737e-01	2.299926674088571821e-01	1.052851073542225985e-01	1.030052388974231764e-01	9.386731311768868602e-02	2.877980806739471181e-02	3.189813008127528188e-02
