0.000000000000000000e+00	9.882222305122433381e-01	6.640825193567899893e-33	9.864443876056439714e-03	4.025285613304313613e-31	3.224666325044521845e-03	6.627431237389640965e-04	2.882930727133438424e-29
4.837770213655283591e+00	9.696476850965999317e-01	1.771803569472715778e-02	9.801944889290224727e-03	7.941748191524318696e-05	4.013253184150374249e-03	7.003398486022406871e-04	1.340764179809515353e-05
9.675540427310567182e+00	9.519627194653556002e-01	3.426129300880666195e-02	9.811778028606013557e-03	3.083752758956557149e-04	4.862629335480451835e-03	7.373381627729896741e-04	2.995056016580143911e-05
1.451331064096584811e+01	9.351152137576750345e-01	4.970623923599962884e-02	9.888545053338460705e-03	6.736737129929815625e-04	5.766261351246057369e-03	7.740715684156556720e-04	5.007915741526747276e-05
1.935108085462113081e+01	9.190563221524561399e-01	6.412436722434353142e-02	1.002720717525189785e-02	1.163049766954033469e-03	6.718104305475792147e-03	8.108449052045076143e-04	7.418830739710710609e-05
2.418885106827641707e+01	9.037402623090163845e-01	7.758251918081418563e-02	1.022306157972574167e-02	1.765114318642068596e-03	7.712568354573148127e-03	8.479363419698182202e-04	1.026217523416932901e-04
2.902662128193169622e+01	8.891241184597562519e-01	9.014318939082781312e-02	1.047171947554087316e-02	2.469293546019732909e-03	8.744487536019023011e-03	8.855992367236009428e-04	1.356761921955996521e-04
3.386439149558698603e+01	8.751676572670888943e-01	1.018648072257949677e-01	1.076908557376571492e-02	3.265774170073754926e-03	9.809090639668265749e-03	9.240638736589835154e-04	1.736050870322015027e-04
3.870216170924226162e+01	8.618331556147039718e-01	1.128020017224997396e-01	1.111133890271908883e-02	4.145452304643981907e-03	1.090197401559746780e-02	9.635390851575508430e-04	2.166221917609822295e-04
4.353993192289755143e+01	8.490852395572595634e-01	1.230058489344644096e-01	1.149491487204347580e-02	5.099885674556083048e-03	1.201907619134932881e-02	1.004213766315687015e-03	2.649048410942041014e-04
4.837770213655283413e+01	8.368907337030974114e-01	1.325241031772923517e-01	1.191648850458444132e-02	6.121248981822874011e-03	1.315665417972737214e-02	1.046258289011720152e-03	3.185970015465159526e-04
5.321547235020811684e+01	8.252185203517903300e-01	1.414014132169061633e-01	1.237295876006535601e-02	7.202292214043597846e-03	1.431126136606145419e-02	1.089825822078300610e-03	3.778121061373817006e-04
5.805324256386339954e+01	8.140394077524726324e-01	1.496795243812815424e-01	1.286143387949523556e-02	8.336301702558791479e-03	1.547972687112461089e-02	1.135053563716848174e-03	4.426356864328733582e-04
6.289101277751868224e+01	8.033260068901694195e-01	1.573974675124103217e-01	1.337921768387398576e-02	9.517063750471562583e-03	1.665913629266834242e-02	1.182063891891157190e-03	5.131278155976617223e-04
6.772878299117397205e+01	7.930526162459207162e-01	1.645917356155194855e-01	1.392379676508451354e-02	1.073883066238127092e-02	1.784681373488737968e-02	1.230965438063517632e-03	5.893253752255379506e-04
7.256655320482924765e+01	7.831951140125618105e-01	1.712964490067542533e-01	1.449282851090466506e-02	1.199628901864593748e-02	1.904030504105504867e-02	1.281854089287326253e-03	6.712441578733934888e-04
7.740432341848452324e+01	7.737308572817409580e-01	1.775435097083516434e-01	1.508412990985219526e-02	1.328453004724513414e-02	2.023736215011360737e-02	1.334813923343516244e-03	7.588808164354114358e-04
8.224209363213981305e+01	7.646385877492789529e-01	1.833627457915453784e-01	1.569566708511004396e-02	1.459902195590209728e-02	2.143592850318555912e-02	1.389918081302762886e-03	8.522146707576725051e-04
8.707986384579510286e+01	7.558983435154441599e-01	1.887820463218385925e-01	1.632554551008312885e-02	1.593558409608602372e-02	2.263412543081547851e-02	1.447229581609927066e-03	9.512093812050940273e-04
9.191763405945040688e+01	7.474913765842698954e-01	1.938274875186430934e-01	1.697200086122666735e-02	1.729036283889352765e-02	2.383023945627938886e-02	1.506802079520299211e-03	1.055814498249434304e-03
9.675540427310566827e+01	7.394000756917981088e-01	1.985234507014256022e-01	1.763339046667371929e-02	1.865980905064025877e-02	2.502271045453083320e-02	1.568680575467675063e-03	1.165966896546078531e-03
1.015931744867609581e+02	7.316078941172140526e-01	2.028927325572383311e-01	1.830818531188931064e-02	2.004065706331514471e-02	2.621012061030867854e-02	1.632902075711023917e-03	1.281592101405712837e-03
1.064309447004162337e+02	7.240992821533505097e-01	2.069566482296752719e-01	1.899496256610230457e-02	2.142990504189391451e-02	2.739118412262946806e-02	1.699496208388403748e-03	1.402605515042215818e-03
1.112687149140715235e+02	7.168596239340868648e-01	2.107351276967283638e-01	1.969239859562584016e-02	2.282479665690683932e-02	2.856473760634341622e-02	1.768485797902902583e-03	1.528913549487756745e-03
1.161064851277267991e+02	7.098751783358442369e-01	2.142468058745718162e-01	2.039926243238283921e-02	2.422280397663637008e-02	2.972973114466401570e-02	1.839887400374754303e-03	1.660414672607925550e-03
1.209442553413820747e+02	7.031330236887758378e-01	2.175091068558404062e-01	2.111440966801565386e-02	2.562161149891174425e-02	3.088521994960104905e-02	1.913711802715578050e-03	1.797000373221637826e-03
1.257820255550373645e+02	6.966210060504496315e-01	2.205383226643574945e-01	2.183677674588659773e-02	2.701910124769409116e-02	3.203035659004951213e-02	1.989964487714081676e-03	1.938556050930584102e-03
1.306197957686926259e+02	6.903276908108963994e-01	2.233496868833938220e-01	2.256537562507878944e-02	2.841333886453148785e-02	3.316438374992536353e-02	2.068646067366813890e-03	2.084961835889307183e-03
1.354575659823479441e+02	6.842423174129336205e-01	2.259574434912808849e-01	2.329928879219178572e-02	2.980256062953073534e-02	3.428662748120511056e-02	2.149752686541937016e-03	2.236093343397849414e-03
1.402953361960032339e+02	6.783547569857230064e-01	2.283749112164629169e-01	2.403766459830180766e-02	3.118516135076214793e-02	3.539649091903138145e-02	2.233276398927844936e-03	2.391822367872743597e-03
1.451331064096584669e+02	6.726554727026626823e-01	2.306145437037454560e-01	2.477971289992930010e-02	3.255968306500477139e-02	3.649344842820104878e-02	2.319205517091191878e-03	2.552017520447385883e-03
1.499708766233137851e+02	6.671354826869962951e-01	2.326879857644975902e-01	2.552470098423337969e-02	3.392480449647035379e-02	3.757704015236627143e-02	2.407524938349900681e-03	2.716544814168162566e-03
1.548086468369690749e+02	6.617863253000052515e-01	2.346061259658011877e-01	2.627194975994013790e-02	3.527933122363201973e-02	3.864686693916116050e-02	2.498216448055485660e-03	2.885268200486766806e-03
1.596464170506243647e+02	6.566000266573880362e-01	2.363791457969336152e-01	2.702083019671510863e-02	3.662218650754362620e-02	3.970258561622574262e-02	2.591259001775019638e-03	3.058050060500723446e-03
1.644841872642796261e+02	6.515690702294659742e-01	2.380165656360453408e-01	2.777075999681554233e-02	3.795240273808347942e-02	4.074390459474349496e-02	2.686628987765862092e-03	3.234751654162088767e-03
1.693219574779349159e+02	6.466863683902391857e-01	2.395272877253798172e-01	2.852120048390974216e-02	3.926911345740474735e-02	4.177057977864528926e-02	2.784300471045351132e-03	3.415233530457538295e-03
1.741597276915902057e+02	6.419452357890929051e-01	2.409196363498139204e-01	2.927165369493440680e-02	4.057154592253797015e-02	4.278241075906902974e-02	2.884245420272699579e-03	3.599355901360605774e-03
1.789974979052454671e+02	6.373393644271525549e-01	2.422013954008133407e-01	3.002165966178007780e-02	4.185901417158011811e-02	4.377923727500673129e-02	2.986433918580877738e-03	3.786978982167734601e-03
1.838352681189008138e+02	6.328628003279569425e-01	2.433798434960373069e-01	3.077079387045451170e-02	4.313091256023188214e-02	4.476093592232554402e-02	3.090834359422002780e-03	3.977963300653201278e-03
1.886730383325560467e+02	6.285099216992883209e-01	2.444617868137413663e-01	3.151866488617724449e-02	4.438670973761953825e-02	4.572741709452162601e-02	3.197413628420303286e-03	4.172169977313028993e-03
1.935108085462113081e+02	6.242754184897001402e-01	2.454535897907622610e-01	3.226491213360994925e-02	4.562594303237123977e-02	4.667862213966198631e-02	3.306137272161828022e-03	4.369460978813965134e-03
1.983485787598666263e+02	6.201542732495514132e-01	2.463612038231798307e-01	3.300920382212957360e-02	4.684821322181798031e-02	4.761452071899339306e-02	3.416969654789364826e-03	4.569699346619782339e-03
2.031863489735219162e+02	6.161417432122132665e-01	2.471901940996923119e-01	3.375123500670789561e-02	4.805317965896581389e-02	4.853510835365493908e-02	3.529874103214299640e-03	4.772749402632790565e-03
2.080241191871772060e+02	6.122333435165938642e-01	2.479457646892733458e-01	3.449072577557490971e-02	4.924055573354679805e-02	4.944040414682515650e-02	3.644813041704114340e-03	4.978476933563079181e-03
2.128618894008324673e+02	6.084248314972469096e-01	2.486327819967622810e-01	3.522741955641775502e-02	5.041010464500806504e-02	5.033044866947077034e-02	3.761748116554606766e-03	5.186749355620860064e-03
2.176996596144877287e+02	6.047121919731185402e-01	2.492557966926374491e-01	3.596108153340297348e-02	5.156163546674939063e-02	5.120530199864541804e-02	3.880640311509584925e-03	5.397435861017953022e-03
2.225374298281430470e+02	6.010916234704624106e-01	2.498190642163043429e-01	3.669149716781207327e-02	5.269499948227585051e-02	5.206504189801680615e-02	4.001450054547422280e-03	5.610407547662397618e-03
2.273752000417983652e+02	5.975595253196404055e-01	2.503265639457608605e-01	3.741847081554903337e-02	5.381008677519976552e-02	5.290976213098304293e-02	4.124137316613351797e-03	5.825537533334840257e-03
2.322129702554535982e+02	5.941124855694369655e-01	2.507820171204549475e-01	3.814182443521703381e-02	5.490682305621097381e-02	5.373957089737652071e-02	4.248661702838493065e-03	6.042701055546434788e-03
2.370507404691088880e+02	5.907472696661750788e-01	2.511889035984969376e-01	3.886139638087162534e-02	5.598516671124208893e-02	5.455458938534949592e-02	4.374982536751193321e-03	6.261775558194914576e-03
2.418885106827641494e+02	5.874608098483431462e-01	2.515504775241033664e-01	3.957704027394081531e-02	5.704510605609047769e-02	5.535495043059234649e-02	4.503058937953154268e-03	6.482640766058031696e-03
2.467262808964194392e+02	5.842501952106372576e-01	2.518697819762081291e-01	4.028862394916085665e-02	5.808665678372634117e-02	5.614079727555570248e-02	4.632849893701863897e-03	6.705178748091201839e-03
2.515640511100747290e+02	5.811126623943171365e-01	2.521496626645575168e-01	4.099602846971159287e-02	5.910985959142075336e-02	5.691228242183379166e-02	4.764314324811919077e-03	6.929273970428705826e-03
2.564018213237300188e+02	5.780455868635662187e-01	2.523927807352878139e-01	4.169914720704843286e-02	6.011477797567255782e-02	5.766956656932060998e-02	4.897411146260768205e-03	7.154813339924801299e-03
2.612395915373852517e+02	5.750464747301636814e-01	2.526016247439468732e-01	4.239788498122074728e-02	6.110149618370341873e-02	5.841281763617491712e-02	5.032099322859128268e-03	7.381686239012323972e-03
2.660773617510405415e+02	5.721129550912154027e-01	2.527785218501458764e-01	4.309215725774040440e-02	6.207011731102857893e-02	5.914220985402668385e-02	5.168337920322658638e-03	7.609784552601536224e-03
2.709151319646958882e+02	5.692427728469806603e-01	2.529256482845010368e-01	4.378188939731999380e-02	6.302076153530103420e-02	5.985792293322816232e-02	5.306086152059416930e-03	7.839002687690796098e-03
2.757529021783511780e+02	5.664337819679654551e-01	2.530450391352249695e-01	4.446701595503978199e-02	6.395356447727212901e-02	6.056014129329884144e-02	5.445303421966913096e-03	8.069237586312930435e-03
2.805906723920064678e+02	5.636839391824498557e-01	2.531385974986439247e-01	4.514748002572584878e-02	6.486867568031420839e-02	6.124905335403720702e-02	5.585949363513294762e-03	8.300388732396656033e-03
2.854284426056617008e+02	5.609912980574857100e-01	2.532081030350347706e-01	4.582323263253152562e-02	6.576625720051476609e-02	6.192485088307413121e-02	5.727983875359128792e-03	8.532358153080909363e-03
2.902662128193169337e+02	5.583540034481486725e-01	2.532552199684793282e-01	4.649423215590927499e-02	6.664648229987778227e-02	6.258772839592530168e-02	5.871367153759361746e-03	8.765050414981205573e-03
2.951039830329722804e+02	5.557702862914575270e-01	2.532815045669153942e-01	4.716044380034346145e-02	6.750953423566057043e-02	6.323788260486361279e-02	6.016059721969261101e-03	8.998372615871051347e-03
2.999417532466276270e+02	5.532384587229041140e-01	2.532884121362071750e-01	4.782183909638522412e-02	6.835560513933405802e-02	6.387551191317905608e-02	6.162022456863392242e-03	9.232234372207832884e-03
3.047795234602828600e+02	5.507569094949626987e-01	2.532773035598557265e-01	4.847839543569039400e-02	6.918489497908457408e-02	6.450081595162349135e-02	6.309216612962896022e-03	9.466547802901154052e-03
3.096172936739380930e+02	5.483240996782818844e-01	2.532494514139121411e-01	4.913009563691106418e-02	6.999761060017686831e-02	6.511399515405302818e-02	6.457603844053428840e-03	9.701227509692397430e-03
3.144550638875934396e+02	5.459385586275132818e-01	2.532060456847304852e-01	4.977692754043101103e-02	7.079396483787368799e-02	6.571525036948136500e-02	6.607146222564092529e-03	9.936190554487037141e-03
3.192928341012487294e+02	5.435988801948916649e-01	2.531481991153986533e-01	5.041888363006573337e-02	7.157417569795777867e-02	6.630478250794490103e-02	6.757806256866402163e-03	1.017135643395582559e-02
3.241306043149040192e+02	5.413037191757814615e-01	2.530769522050034803e-01	5.105596067997022341e-02	7.233846560023061978e-02	6.688279221775611516e-02	6.909546906641826636e-03	1.040664705169729726e-02
3.289683745285592522e+02	5.390517879714151750e-01	2.529932778833129947e-01	5.168815942511150591e-02	7.308706068066808670e-02	6.744947959188464515e-02	7.062331596456562777e-03	1.064198668823203471e-02
3.338061447422145420e+02	5.368418534550113419e-01	2.528980858819891986e-01	5.231548425376997963e-02	7.382019014819986291e-02	6.800504390135901633e-02	7.216124227673042721e-03	1.087730196907858021e-02
3.386439149558698318e+02	5.346727340283452534e-01	2.527922268220702540e-01	5.293794292063326579e-02	7.453808569234703085e-02	6.854968335372434163e-02	7.370889188819036188e-03	1.111252183114176326e-02
3.434816851695251216e+02	5.325432968566854441e-01	2.526764960361754242e-01	5.355554627913970689e-02	7.524098093820218158e-02	6.908359487472448546e-02	7.526591364527201837e-03	1.134757748762644722e-02
3.483194553831804114e+02	5.304524552707837737e-01	2.525516371426855811e-01	5.416830803181581222e-02	7.592911094547011297e-02	6.960697391150211244e-02	7.683196143150387153e-03	1.158240239167308144e-02
3.531572255968357013e+02	5.283991663253405635e-01	2.524183453880284866e-01	5.477624449743363072e-02	7.660271174850533105e-02	7.012001425572579605e-02	7.840669423151005318e-03	1.181693219889607196e-02
3.579949958104909342e+02	5.263824285040451523e-01	2.522772707721484542e-01	5.537937439389026273e-02	7.726201993448693350e-02	7.062290788516215057e-02	7.998977618356195238e-03	1.205110472899161012e-02
3.628327660241463377e+02	5.244012795619326095e-01	2.521290209712584995e-01	5.597771863578314411e-02	7.790727225706157999e-02	7.111584482231229909e-02	8.158087662164378515e-03	1.228485992656823574e-02
3.676705362378016275e+02	5.224547944963905399e-01	2.519741640710546071e-01	5.657130014572119697e-02	7.853870528296370834e-02	7.159901300882645647e-02	8.317967010783064441e-03	1.251813982134106218e-02
3.725083064514568036e+02	5.205420836387119055e-01	2.518132311227156972e-01	5.716014367847458560e-02	7.915655506928828689e-02	7.207259819449873817e-02	8.478583645572416311e-03	1.275088848781894511e-02
3.773460766651120935e+02	5.186622908586067116e-01	2.516467185332084133e-01	5.774427565712393629e-02	7.976105686924726823e-02	7.253678383972690658e-02	8.639906074564038252e-03	1.298305200460325368e-02
3.821838468787673833e+02	5.168145918745766787e-01	2.514750903006685578e-01	5.832372402042439175e-02	8.035244486438540557e-02	7.299175103039869106e-02	8.801903333219836950e-03	1.321457841340686196e-02
3.870216170924226162e+02	5.149981926635122109e-01	2.512987801049277881e-01	5.889851808065093425e-02	8.093095192136756655e-02	7.343767840423791327e-02	8.964544984491333579e-03	1.344541767789271015e-02
3.918593873060780197e+02	5.132123279632954116e-01	2.511181932626005420e-01	5.946868839123898437e-02	8.149680937157589844e-02	7.387474208771106776e-02	9.127801118235814859e-03	1.367552164242273084e-02
3.966971575197332527e+02	5.114562598625956857e-01	2.509337085555327085e-01	6.003426662357892740e-02	8.205024681187396418e-02	7.430311564265733304e-02	9.291642350041809037e-03	1.390484399079990573e-02
4.015349277333884856e+02	5.097292764724145053e-01	2.507456799408406822e-01	6.059528545236474856e-02	8.259149192500528369e-02	7.472297002186355230e-02	9.456039819512849359e-03	1.413334020507880234e-02
4.063726979470438323e+02	5.080306906742845241e-01	2.505544381502344264e-01	6.115177844893605885e-02	8.312077031819718742e-02	7.513447353285997166e-02	9.620965188055120507e-03	1.436096752451307759e-02
4.112104681606991221e+02	5.063598389403588529e-01	2.503602921858175123e-01	6.170377998208919496e-02	8.363830537863756187e-02	7.553779180926374626e-02	9.786390636211495658e-03	1.458768490470203384e-02
4.160482383743544119e+02	5.047160802209249564e-01	2.501635307190883672e-01	6.225132512586699363e-02	8.414431814458182834e-02	7.593308778904417355e-02	9.952288860581524552e-03	1.481345297699242745e-02
4.208860085880095880e+02	5.030987948951698430e-01	2.499644233994306464e-01	6.279444957386887127e-02	8.463902719093203963e-02	7.632052169912847961e-02	1.011863307036421633e-02	1.503823400818617671e-02
4.257237788016648778e+02	5.015073837812834556e-01	2.497632220779704704e-01	6.333318955965257235e-02	8.512264852820859706e-02	7.670025104580749375e-02	1.028539698355796297e-02	1.526199186059964616e-02
4.305615490153201677e+02	4.999412672022441884e-01	2.495601619522962167e-01	6.386758178282671283e-02	8.559539551390821233e-02	7.707243061044000143e-02	1.045255482284948058e-02	1.548469195251537568e-02
4.353993192289755143e+02	4.983998841038566052e-01	2.493554626371795313e-01	6.439766334045936291e-02	8.605747877531087775e-02	7.743721244998943987e-02	1.062008131122152421e-02	1.570630121906282234e-02
4.402370894426308041e+02	4.968826912218361480e-01	2.491493291661011078e-01	6.492347166345224796e-02	8.650910614286196065e-02	7.779474590196100436e-02	1.078795166730698273e-02	1.592678807356066178e-02
4.450748596562860939e+02	4.953891622949359030e-01	2.489419529280730847e-01	6.544504445755280897e-02	8.695048259331603080e-02	7.814517759333772240e-02	1.095614160051507253e-02	1.614612236934945266e-02
4.499126298699413837e+02	4.939187873213032320e-01	2.487335125439569805e-01	6.596241964869797858e-02	8.738181020188449943e-02	7.848865145314382064e-02	1.112462730595348802e-02	1.636427536214005857e-02
4.547504000835967304e+02	4.924710718554331512e-01	2.485241746862038026e-01	6.647563533240288813e-02	8.780328810268119011e-02	7.882530872829021651e-02	1.129338545916873555e-02	1.658121967290000082e-02
4.595881702972519065e+02	4.910455363432518205e-01	2.483140948456868391e-01	6.698472972692688654e-02	8.821511245680921376e-02	7.915528800238284812e-02	1.146239321072525449e-02	1.679692925129706166e-02
4.644259405109071963e+02	4.896417154930201576e-01	2.481034180490596652e-01	6.748974112996633523e-02	8.861747642747706821e-02	7.947872521719753780e-02	1.163162818064244694e-02	1.701137933971669583e-02
4.692637107245624861e+02	4.882591576798945843e-01	2.478922795298477977e-01	6.799070787863979726e-02	8.901057016157529200e-02	7.979575369654758055e-02	1.180106845270742673e-02	1.722454643786732950e-02
4.741014809382177759e+02	4.868974243821181380e-01	2.476808053562748468e-01	6.848766831254721188e-02	8.939458077718380469e-02	8.010650417229042697e-02	1.197069256867991892e-02	1.743640826798540863e-02
4.789392511518730657e+02	4.855560896469433008e-01	2.474691130186278953e-01	6.898066073969767731e-02	8.976969235651752199e-02	8.041110481223888440e-02	1.214047952240461699e-02	1.764694374064984181e-02
4.837770213655284124e+02	4.842347395845083557e-01	2.472573119787853380e-01	6.946972340511477217e-02	9.013608594385223716e-02	8.070968124976014846e-02	1.231040875384513227e-02	1.785613292121364382e-02
4.886147915791837022e+02	4.829329718880013833e-01	2.470455041843591659e-01	6.995489446194051719e-02	9.049393954800466489e-02	8.100235661486240857e-02	1.248046014305266571e-02	1.806395699685879250e-02
4.934525617928388783e+02	4.816503953785488124e-01	2.468337845497448613e-01	7.043621194487036108e-02	9.084342814897111706e-02	8.128925156658421691e-02	1.265061400408152258e-02	1.827039824427867040e-02
4.982903320064942250e+02	4.803866295733674741e-01	2.466222414062226309e-01	7.091371374576295461e-02	9.118472370835670193e-02	8.157048432651617387e-02	1.282085107886268491e-02	1.847543999799093964e-02
5.031281022201495148e+02	4.791413042758067009e-01	2.464109569231147379e-01	7.138743759127835764e-02	9.151799518325384741e-02	8.184617071329754190e-02	1.299115253104582944e-02	1.867906661928249445e-02
5.079658724338048046e+02	4.779140591859969422e-01	2.462000075018727918e-01	7.185742102240794127e-02	9.184340854325244441e-02	8.211642417794337567e-02	1.316149993981934052e-02	1.888126346578664766e-02
5.128036426474600376e+02	4.767045435308980283e-01	2.459894641448479580e-01	7.232370137576810132e-02	9.216112679028759525e-02	8.238135583986869181e-02	1.333187529371718597e-02	1.908201686169185701e-02
5.176414128611153274e+02	4.755124157126191520e-01	2.457793928003824124e-01	7.278631576653829538e-02	9.247130998105139443e-02	8.264107452348733174e-02	1.350226098442075529e-02	1.928131406858000357e-02
5.224791830747705035e+02	4.743373429739501379e-01	2.455698546857542630e-01	7.324530107293159009e-02	9.277411525171555540e-02	8.289568679527298256e-02	1.367263980056320979e-02	1.947914325689154361e-02
5.273169532884259070e+02	4.731790010801113500e-01	2.453609065894085395e-01	7.370069392209328829e-02	9.306969684472989057e-02	8.314529700117921640e-02	1.384299492154319154e-02	1.967549347801381479e-02
5.321547235020811968e+02	4.720370740157903700e-01	2.451526011538139316e-01	7.415253067732997805e-02	9.335820613747879138e-02	8.339000730432380437e-02	1.401330991135425752e-02	1.987035463698812870e-02
5.369924937157364866e+02	4.709112536965920914e-01	2.449449871401978007e-01	7.460084742657770163e-02	9.363979167259418868e-02	8.362991772285099934e-02	1.418356871243585914e-02	2.006371746583059459e-02
5.418302639293917764e+02	4.698012396940819402e-01	2.447381096763306396e-01	7.504567997202377105e-02	9.391459918973824039e-02	8.386512616789246199e-02	1.435375563955116306e-02	2.025557349746092209e-02
5.466680341430470662e+02	4.687067389736538359e-01	2.445320104884553813e-01	7.548706382080280775e-02	9.418277165868287060e-02	8.409572848155466573e-02	1.452385537369660362e-02	2.044591504023296827e-02
5.515058043567023560e+02	4.676274656445003619e-01	2.443267281183852113e-01	7.592503417669189958e-02	9.444444931352663497e-02	8.432181847486708293e-02	1.469385295604762852e-02	2.063473515306030182e-02
5.563435745703576458e+02	4.665631407210087955e-01	2.441222981267281156e-01	7.635962593273568078e-02	9.469976968790103089e-02	8.454348796563117274e-02	1.486373378194466750e-02	2.082202762112957128e-02
5.611813447840129356e+02	4.655134918949467848e-01	2.439187532831331440e-01	7.679087366473594245e-02	9.494886765102998616e-02	8.476082681611593617e-02	1.503348359492302430e-02	2.100778693219415225e-02
5.660191149976681118e+02	4.644782533178404282e-01	2.437161237443959128e-01	7.721881162554478095e-02	9.519187544451675198e-02	8.497392297055093857e-02	1.520308848079004148e-02	2.119200825344009359e-02
5.708568852113234016e+02	4.634571653929849266e-01	2.435144372212063868e-01	7.764347374010477365e-02	9.542892271974190432e-02	8.518286249237204399e-02	1.537253486175255666e-02	2.137468740891626182e-02
5.756946554249786914e+02	4.624499745765613956e-01	2.433137191342712724e-01	7.806489360118248899e-02	9.566013657576585838e-02	8.538772960118026778e-02	1.554180949059739449e-02	2.155582085752014501e-02
5.805324256386339812e+02	4.614564331873649561e-01	2.431139927604955286e-01	7.848310446574605082e-02	9.588564159763701689e-02	8.558860670937717963e-02	1.571089944492733148e-02	2.173540567153068800e-02
5.853701958522892710e+02	4.604762992246803632e-01	2.429152793698635127e-01	7.889813925194015531e-02	9.610555989501536056e-02	8.578557445844531282e-02	1.587979212145475619e-02	2.191343951567928730e-02
5.902079660659445608e+02	4.595093361938679122e-01	2.427175983536185577e-01	7.931003053661510316e-02	9.632001114102803352e-02	8.597871175484420037e-02	1.604847523035497422e-02	2.208992062674994261e-02
5.950457362795999643e+02	4.585553129392502814e-01	2.425209673443009806e-01	7.971881055336940691e-02	9.652911261128060971e-02	8.616809580549704417e-02	1.621693678968088442e-02	2.226484779369946113e-02
5.998835064932552541e+02	4.576140034839141779e-01	2.423254023281681269e-01	8.012451119106807351e-02	9.673297922295406859e-02	8.635380215284510497e-02	1.638516511984060287e-02	2.243822033828843029e-02
6.047212767069104302e+02	4.566851868760642419e-01	2.421309177504864241e-01	8.052716399280120119e-02	9.693172357392329519e-02	8.653590470945025925e-02	1.655314883813934629e-02	2.261003809621374774e-02
6.095590469205657200e+02	4.557686470415883706e-01	2.419375266141533809e-01	8.092680015524972292e-02	9.712545598183856821e-02	8.671447579212844536e-02	1.672087685338672844e-02	2.278030139873326101e-02
6.143968171342210098e+02	4.548641726425139420e-01	2.417452405720776909e-01	8.132345052842762656e-02	9.731428452311650934e-02	8.688958615559891352e-02	1.688833836057051022e-02	2.294901105477323983e-02
6.192345873478761860e+02	4.539715569410527340e-01	2.415540700137186747e-01	8.171714561577167468e-02	9.749831507179171353e-02	8.706130502563676210e-02	1.705552283559763974e-02	2.311616833350921621e-02
6.240723575615315895e+02	4.530905976689506565e-01	2.413640241461591784e-01	8.210791557455178469e-02	9.767765133818478995e-02	8.722970013171778281e-02	1.722242003010326927e-02	2.328177494741087011e-02
6.289101277751868793e+02	4.522210969018756188e-01	2.411751110700625644e-01	8.249579021657686695e-02	9.785239490734654044e-02	8.739483773914681619e-02	1.738901996632835276e-02	2.344583303574156521e-02
6.337478979888421691e+02	4.513628609385904045e-01	2.409873378508417263e-01	8.288079900917269538e-02	9.802264527724174892e-02	8.755678268066223457e-02	1.755531293206628873e-02	2.360834514850323335e-02
6.385856682024975726e+02	4.505157001846748499e-01	2.408007105853466334e-01	8.326297107640999451e-02	9.818849989663974709e-02	8.771559838751086247e-02	1.772128947567890717e-02	2.376931423081731290e-02
6.434234384161527487e+02	4.496794290405734529e-01	2.406152344643569252e-01	8.364233520056213456e-02	9.835005420268214116e-02	8.787134691998900460e-02	1.788694040118209497e-02	2.392874360773254716e-02
6.482612086298080385e+02	4.488538657937576892e-01	2.404309138311480354e-01	8.401891982377338031e-02	9.850740165810094318e-02	8.802408899744648685e-02	1.805225676340116783e-02	2.408663696945049365e-02
6.530989788434633283e+02	4.480388325148049189e-01	2.402477522363819784e-01	8.439275304992011062e-02	9.866063378806343154e-02	8.817388402775191980e-02	1.821722986319607510e-02	2.424299835695968228e-02
6.579367490571185044e+02	4.472341549572067532e-01	2.400657524895566663e-01	8.476386264664802217e-02	9.880984021662235495e-02	8.832079013621844943e-02	1.838185124275638557e-02	2.439783214806942255e-02
6.627745192707737942e+02	4.464396624607305242e-01	2.398849167072339694e-01	8.513227604757027389e-02	9.895510870275291138e-02	8.846486419398995327e-02	1.854611268096598847e-02	2.455114304383441970e-02
6.676122894844290840e+02	4.456551878581669901e-01	2.397052463582518278e-01	8.549802035461161187e-02	9.909652517595969601e-02	8.860616184588920863e-02	1.871000618883730815e-02	2.470293605536139428e-02
6.724500596980843738e+02	4.448805673853079568e-01	2.395267423061120393e-01	8.586112234048555447e-02	9.923417377143918527e-02	8.874473753772942064e-02	1.887352400501482799e-02	2.485321649098902463e-02
6.772878299117396637e+02	4.441156405940046015e-01	2.393494048487239956e-01	8.622160845129164808e-02	9.936813686478522534e-02	8.888064454309224649e-02	1.903665859134760774e-02	2.500198994383270867e-02
6.821256001253949535e+02	4.433602502681668334e-01	2.391732337556720378e-01	8.657950480922124714e-02	9.949849510622646442e-02	8.901393498957527184e-02	1.919940262853049931e-02	2.514926227968562397e-02
6.869633703390502433e+02	4.426142423425716288e-01	2.389982283031640564e-01	8.693483721536111875e-02	9.962532745438676396e-02	8.914465988451296397e-02	1.936174901181362054e-02	2.529503962526784624e-02
6.918011405527055331e+02	4.418774658243544429e-01	2.388243873068081891e-01	8.728763115258419969e-02	9.974871120956049775e-02	8.927286914017570907e-02	1.952369084677967742e-02	2.543932835681527935e-02
6.966389107663608229e+02	4.411497727170665684e-01	2.386517091523552847e-01	8.763791178851866592e-02	9.986872204649671625e-02	8.939861159845162442e-02	1.968522144518867339e-02	2.558213508900036848e-02
7.014766809800161127e+02	4.404310179471856435e-01	2.384801918245366137e-01	8.798570397858608561e-02	9.998543404668681911e-02	8.952193505501659931e-02	1.984633432088944022e-02	2.572346666417662034e-02
7.063144511936714025e+02	4.397210592929740036e-01	2.383098329341161170e-01	8.833103226910056505e-02	1.000989197301519751e-01	8.964288628299844908e-02	2.000702318579752545e-02	2.586333014193918298e-02
7.111522214073266923e+02	4.390197573155842359e-01	2.381406297432711594e-01	8.867392090042146291e-02	1.002092500867272917e-01	8.976151105614109393e-02	2.016728194593879475e-02	2.600173278899376925e-02
7.159899916209819821e+02	4.383269752923183438e-01	2.379725791894064801e-01	8.901439381015222030e-02	1.003164946068409308e-01	8.987785417147521605e-02	2.032710469755817650e-02	2.613868206932640909e-02
7.208277618346371582e+02	4.376425791519490960e-01	2.378056779075007066e-01	8.935247463637906173e-02	1.004207213117872116e-01	8.999195947150211150e-02	2.048648572329291734e-02	2.627418563466662679e-02
7.256655320482924481e+02	4.369664374120195705e-01	2.376399222510773845e-01	8.968818672094332201e-02	1.005219967834934253e-01	9.010386986589753733e-02	2.064541948840969976e-02	2.640825131523679564e-02
7.305033022619478515e+02	4.362984211180398475e-01	2.374753083118870400e-01	9.002155311274162575e-02	1.006203861937810806e-01	9.021362735274264522e-02	2.080390063710496965e-02	2.654088711078053664e-02
7.353410724756030277e+02	4.356384037845041912e-01	2.373118319383815955e-01	9.035259657104878495e-02	1.007159533331228735e-01	9.032127303928932927e-02	2.096192398886775193e-02	2.667210118186316009e-02
7.401788426892584312e+02	4.349862613376567211e-01	2.371494887530565254e-01	9.068133956885850167e-02	1.008087606388970991e-01	9.042684716226723207e-02	2.111948453490428146e-02	2.680190184143731863e-02
7.450166129029136073e+02	4.343418720599357408e-01	2.369882741687316108e-01	9.100780429623722689e-02	1.008988692231421874e-01	9.053038910773995862e-02	2.127657743462376544e-02	2.693029754666714098e-02
7.498543831165690108e+02	4.337051165360322202e-01	2.368281834038369615e-01	9.133201266368712323e-02	1.009863388998143846e-01	9.063193743051814466e-02	2.143319801218447271e-02	2.705729689100429269e-02
7.546921533302243006e+02	4.330758776004997035e-01	2.366692114967660632e-01	9.165398630551419012e-02	1.010712282115517197e-01	9.073152987313694295e-02	2.158934175309949050e-02	2.718290859650947591e-02
7.595299235438793630e+02	4.324540402868563005e-01	2.365113533193544948e-01	9.197374658319792951e-02	1.011535944559486117e-01	9.082920338440571284e-02	2.174500430090138547e-02	2.730714150641308860e-02
7.643676937575347665e+02	4.318394917781240294e-01	2.363546035895380815e-01	9.229131458875915184e-02	1.012334937113449213e-01	9.092499413753750426e-02	2.190018145386499887e-02	2.743000457790885707e-02
7.692054639711900563e+02	4.312321213587497204e-01	2.361989568832420228e-01	9.260671114812309146e-02	1.013109808621344005e-01	9.101893754786623270e-02	2.205486916178762968e-02	2.755150687517440508e-02
7.740432341848452324e+02	4.306318203678590750e-01	2.360444076455483209e-01	9.291995682447479199e-02	1.013861096235972453e-01	9.111106829015934438e-02	2.220906352282589480e-02	2.767165756261280585e-02
7.788810043985006359e+02	4.300384821537934221e-01	2.358909502011866666e-01	9.323107192160411116e-02	1.014589325662620251e-01	9.120142031553346573e-02	2.236276078038840903e-02	2.779046589830936817e-02
7.837187746121558121e+02	4.294520020298843721e-01	2.357385787643899722e-01	9.354007648723826340e-02	1.015295011398023028e-01	9.129002686798103061e-02	2.251595732008361550e-02	2.790794122769798755e-02
7.885565448258112156e+02	4.288722772314216836e-01	2.355872874481541590e-01	9.384699031635920785e-02	1.015978656964737215e-01	9.137692050051533788e-02	2.266864966672196141e-02	2.802409297743148342e-02
7.933943150394665054e+02	4.282992068737728752e-01	2.354370702729388920e-01	9.415183295450429979e-02	1.016640755140972713e-01	9.146213309094189392e-02	2.282083448137163170e-02	2.813893064945060737e-02
7.982320852531219089e+02	4.277326919116141157e-01	2.352879211748434840e-01	9.445462370104816541e-02	1.017281788185947361e-01	9.154569585726346492e-02	2.297250855846711542e-02	2.825246381524629952e-02
8.030698554667769713e+02	4.271726350992345322e-01	2.351398340132900555e-01	9.475538161246398194e-02	1.017902228060823949e-01	9.162763937272640213e-02	2.312366882296982770e-02	2.836470211031016583e-02
8.079076256804323748e+02	4.266189409518769127e-01	2.349928025782444807e-01	9.505412550556281703e-02	1.018502536645292528e-01	9.170799358051576200e-02	2.327431232758002053e-02	2.847565522876799662e-02
8.127453958940876646e+02	4.260715157080816606e-01	2.348468205970027367e-01	9.535087396070951460e-02	1.019083165949861147e-01	9.178678780810649307e-02	2.342443624999923299e-02	2.858533291819149655e-02
8.175831661077428407e+02	4.255302672929976993e-01	2.347018817405697733e-01	9.564564532501382277e-02	1.019644558323919981e-01	9.186405078127805879e-02	2.357403789024251073e-02	2.869374497458332743e-02
8.224209363213982442e+02	4.249951052826317910e-01	2.345579796296554387e-01	9.593845771549568135e-02	1.020187146659640720e-01	9.193981063779968488e-02	2.372311466799967988e-02	2.880090123753083556e-02
8.272587065350534203e+02	4.244659408690033553e-01	2.344151078403104160e-01	9.622932902222347540e-02	1.020711354591779391e-01	9.201409494079336449e-02	2.387166412004486024e-02	2.890681158552377630e-02
8.320964767487085965e+02	4.239426868261769732e-01	2.342732599092242352e-01	9.651827691142444987e-02	1.021217596693447388e-01	9.208693069178158774e-02	2.401968389769356879e-02	2.901148593143163673e-02
8.369342469623640000e+02	4.234252574771438238e-01	2.341324293387058719e-01	9.680531882856643899e-02	1.021706278667914580e-01	9.215834434342683179e-02	2.416717176430659142e-02	2.911493421813613272e-02
8.417720171760191761e+02	4.229135686615261291e-01	2.339926096013656420e-01	9.709047200140986933e-02	1.022177797536513583e-01	9.222836181196955585e-02	2.431412559283994620e-02	2.921716641431462008e-02
8.466097873896745796e+02	4.224075377040781287e-01	2.338537941445166246e-01	9.737375344302982849e-02	1.022632541822707519e-01	9.229700848937137658e-02	2.446054336344018199e-02	2.931819251037021470e-02
8.514475576033297557e+02	4.219070833839593804e-01	2.337159763943124358e-01	9.765517995480715863e-02	1.023070891732389409e-01	9.236430925517015444e-02	2.460642316108432523e-02	2.941802251450463188e-02
8.562853278169851592e+02	4.214121259047571288e-01	2.335791497596369226e-01	9.793476812938828324e-02	1.023493219330478682e-01	9.243028848805345810e-02	2.475176317326371542e-02	2.951666644892969593e-02
8.611230980306403353e+02	4.209225868652340385e-01	2.334433076357604608e-01	9.821253435361329553e-02	1.023899888713878381e-01	9.249497007715669350e-02	2.489656168771108014e-02	2.961413434621366914e-02
8.659608682442956251e+02	4.204383892307809178e-01	2.333084434077771496e-01	9.848849481141189188e-02	1.024291256180859255e-01	9.255837743309236476e-02	2.504081709017009702e-02	2.971043624575866321e-02
8.707986384579510286e+02	4.199594573055523972e-01	2.331745504538355607e-01	9.876266548666672029e-02	1.024667670396935681e-01	9.262053349871655905e-02	2.518452786220679376e-02	2.980558219040539691e-02
8.756364086716062047e+02	4.194857167052658542e-01	2.330416221481750039e-01	9.903506216604400503e-02	1.025029472557296151e-01	9.268146075963866470e-02	2.532769257906208188e-02	2.989958222316172615e-02
8.804741788852616082e+02	4.190170943306444906e-01	2.329096518639793834e-01	9.930570044179118372e-02	1.025376996545852432e-01	9.274118125448034544e-02	2.547030990754474075e-02	2.999244638405145283e-02
8.853119490989170117e+02	4.185535183414856308e-01	2.327786329760588580e-01	9.957459571450136271e-02	1.025710569090971663e-01	9.279971658488955777e-02	2.561237860396421012e-02	3.008418470708000558e-02
8.901497193125721878e+02	4.180949181313362573e-01	2.326485588633694090e-01	9.984176319584434078e-02	1.026030509917951333e-01	9.285708792531549571e-02	2.575389751210248671e-02	3.017480721731360602e-02
8.949874895262273640e+02	4.176412243027592397e-01	2.325194229113800026e-01	1.001072179112643401e-01	1.026337131898300559e-01	9.291331603254975036e-02	2.589486556122452127e-02	3.026432392806878424e-02
8.998252597398827675e+02	4.171923686431726064e-01	2.323912185142960329e-01	1.003709747026441529e-01	1.026630741195888735e-01	9.296842125503958221e-02	2.603528176412643266e-02	3.035274483820894070e-02
9.046630299535379436e+02	4.167482841012467576e-01	2.322639390771474577e-01	1.006330482309359120e-01	1.026911637410021089e-01	9.302242354197841345e-02	2.617514521522091089e-02	3.044007992954500530e-02
9.095008001671932334e+02	4.163089047638437457e-01	2.321375780177492298e-01	1.008934529787582496e-01	1.027180113715500526e-01	9.307534245217891078e-02	2.631445508865921934e-02	3.052633916433709557e-02
9.143385703808486369e+02	4.158741658334837998e-01	2.320121287685417144e-01	1.011522032529600934e-01	1.027436456999735737e-01	9.312719716273393233e-02	2.645321063648907803e-02	3.061153248289430126e-02
9.191763405945038130e+02	4.154440036063246078e-01	2.318875847783176958e-01	1.014093131871510040e-01	1.027680947996952726e-01	9.317800647747023768e-02	2.659141118684792832e-02	3.069566980126971559e-02
9.240141108081592165e+02	4.150183554506400307e-01	2.317639395138425540e-01	1.016647967441982325e-01	1.027913861419567365e-01	9.322778883520001225e-02	2.672905614219090592e-02	3.077876100904793077e-02
9.288518810218145063e+02	4.145971597857841529e-01	2.316411864613737159e-01	1.019186677186907225e-01	1.028135466086774891e-01	9.327656231777506357e-02	2.686614497755293249e-02	3.086081596722233325e-02
9.336896512354697961e+02	4.141803560616280078e-01	2.315193191280849605e-01	1.021709397393699426e-01	1.028346025050412144e-01	9.332434465794842149e-02	2.700267723884435325e-02	3.094184450615950280e-02
9.385274214491247449e+02	4.137678847384566594e-01	2.313983310434012397e-01	1.024216262715278852e-01	1.028545795718148192e-01	9.337115324704799157e-02	2.713865254117954484e-02	3.102185642364818988e-02
9.433651916627801484e+02	4.133596872673146461e-01	2.312782157602486233e-01	1.026707406193723832e-01	1.028735029974055248e-01	9.341700514246684128e-02	2.727407056723788609e-02	3.110086148303035578e-02
9.482029618764355519e+02	4.129557060707872984e-01	2.311589668562246958e-01	1.029182959283599652e-01	1.028913974296615241e-01	9.346191707497443490e-02	2.740893106565656795e-02	3.117886941141183310e-02
9.530407320900908417e+02	4.125558845242073280e-01	2.310405779346932087e-01	1.031643051874963357e-01	1.029082869874212020e-01	9.350590545585329982e-02	2.754323384945466663e-02	3.125588989795025779e-02
9.578785023037459041e+02	4.121601669372761956e-01	2.309230426258076785e-01	1.034087812316048793e-01	1.029241952718162323e-01	9.354898638386538456e-02	2.767697879448793516e-02	3.133193259221791344e-02
9.627162725174014213e+02	4.117684985360885452e-01	2.308063545874677325e-01	1.036517367435632470e-01	1.029391453773335074e-01	9.359117565205207767e-02	2.781016583793377572e-02	3.140700710263732987e-02
9.675540427310568248e+02	4.113808254455496027e-01	2.306905075062119226e-01	1.038931842565085084e-01	1.029531599026408117e-01	9.363248875437214791e-02	2.794279497680584451e-02	3.148112299498730809e-02
9.723918129447120009e+02	4.109970946721769325e-01	2.305754950980505036e-01	1.041331361560107610e-01	1.029662609611812635e-01	9.367294089218149156e-02	2.807486626649779993e-02	3.155428979097741476e-02
9.772295831583674044e+02	4.106172540872750076e-01	2.304613111092412014e-01	1.043716046822159710e-01	1.029784701915411466e-01	9.371254698055843380e-02	2.820637981935565294e-02	3.162651696688868058e-02
9.820673533720223531e+02	4.102412524104749880e-01	2.303479493170117187e-01	1.046086019319578120e-01	1.029898087675960028e-01	9.375132165447870591e-02	2.833733580327819565e-02	3.169781395227865700e-02
9.869051235856777566e+02	4.098690391936291033e-01	2.302354035302312807e-01	1.048441398608391389e-01	1.030002974084393980e-01	9.378927927484329019e-02	2.846773444034506051e-02	3.176819012874874254e-02
9.917428937993331601e+02	4.095005648050522029e-01	2.301236675900342754e-01	1.050782302852832917e-01	1.030099563880991498e-01	9.382643393436324031e-02	2.859757600547186904e-02	3.183765482877191216e-02
9.965806640129884499e+02	4.091357804141010912e-01	2.300127353703984578e-01	1.053108848845553946e-01	1.030188055450451945e-01	9.386279946330471080e-02	2.872686082509198074e-02	3.190621733457902481e-02
