0.000000000000000000e+00	1.025109228771937220e+00	6.734207074694133938e-39	8.354391667968441338e-41	1.043526566133637844e-42	5.844728875520299646e-40	5.117980238712092228e-41	4.731900047431474124e-37
9.675540427310567182e+00	8.888887421329082494e-01	1.224723223936603489e-01	3.319034519586372845e-03	1.853601747083901763e-03	3.511868974130207509e-03	3.766559680990952917e-03	1.297099323577178198e-03
1.935108085462113081e+01	7.930948643875264104e-01	2.063106868083786904e-01	7.335755087461315327e-03	3.654122219241526942e-03	6.397961308024285518e-03	5.884845339685321197e-03	2.430993621619790580e-03
2.902662128193169622e+01	7.253114608850211864e-01	2.633955277961264607e-01	1.157331971242617913e-02	5.451176399411934367e-03	8.827323561371539298e-03	7.101803955845861945e-03	3.448616461734115186e-03
3.870216170924226162e+01	6.769466994764239409e-01	3.019577595716288476e-01	1.580085610274257341e-02	7.266924614982174686e-03	1.091958684971694980e-02	7.834889884570596721e-03	4.382512271872174812e-03
4.837770213655283413e+01	6.420533376123908065e-01	3.277002375775436294e-01	1.991740060096364173e-02	9.108705389012733411e-03	1.275970166462153665e-02	8.314579351096439142e-03	5.255266576308453841e-03
5.805324256386339954e+01	6.165136099692186678e-01	3.445744130260653404e-01	2.388811454342277749e-02	1.097618497717396668e-02	1.440826156675451865e-02	8.666074497311056224e-03	6.082570191990988029e-03
6.772878299117397205e+01	5.974757541045361275e-01	3.553182764690255846e-01	2.770987696195935379e-02	1.286535057950661913e-02	1.590873230694084609e-02	8.955899017599699280e-03	6.875339332369046624e-03
7.740432341848452324e+01	5.829643245828076692e-01	3.618290075916437143e-01	3.139320619006537305e-02	1.477069701036792457e-02	1.729251305740175243e-02	9.218297405958147603e-03	7.641182933692604838e-03
8.707986384579510286e+01	5.716105979051500086e-01	3.654211488064174063e-01	3.495312801329691216e-02	1.668638740591144726e-02	1.858248053848050169e-02	9.470067650615797764e-03	8.385418452065290101e-03
9.675540427310566827e+01	5.624660020604624888e-01	3.670054854220626828e-01	3.840485000026273854e-02	1.860683761536069750e-02	1.979547223937790090e-02	9.718806203072147612e-03	9.111775231338692035e-03
1.064309447004162337e+02	5.548729685293548597e-01	3.672129954108039329e-01	4.176194634691909185e-02	2.052698196436505626e-02	2.094402806519090124e-02	9.967426826685272037e-03	9.822881628618208155e-03
1.161064851277267991e+02	5.483755133222332212e-01	3.664807422442042384e-01	4.503579962779949430e-02	2.244236705695748860e-02	2.203761368808977023e-02	1.021659039760536639e-02	1.052060243504773958e-02
1.257820255550373645e+02	5.426573136219328131e-01	3.651113987612458200e-01	4.823562907571798258e-02	2.434915630882801552e-02	2.308348158916415441e-02	1.046597678058107210e-02	1.120627263446745230e-02
1.354575659823479441e+02	5.374988183534145092e-01	3.633144990886862935e-01	5.136875751650499949e-02	2.624409121701564568e-02	2.408727870438923113e-02	1.071492452277674964e-02	1.188085936914991779e-02
1.451331064096584669e+02	5.327475378942108097e-01	3.612350285193203225e-01	5.444094456125555398e-02	2.812443446347427656e-02	2.505347669634391469e-02	1.096273246071883915e-02	1.254507417661366100e-02
1.548086468369690749e+02	5.282974607314859794e-01	3.589732384249180730e-01	5.745670702540803254e-02	2.998790813538308384e-02	2.598567791090164794e-02	1.120878576772044860e-02	1.319945077612019735e-02
1.644841872642796261e+02	5.240747917902154329e-01	3.565983797357749618e-01	6.041959563865350463e-02	3.183263374635499077e-02	2.688683405812723054e-02	1.145259481621964913e-02	1.384439898659172927e-02
1.741597276915902057e+02	5.200280699769793680e-01	3.541582215713401371e-01	6.333242066795022329e-02	3.365707711816072478e-02	2.775940348502571250e-02	1.169379384671486409e-02	1.448024210576649706e-02
1.838352681189008138e+02	5.161213196878239318e-01	3.516856486083193012e-01	6.619742965063052376e-02	3.545999924073808124e-02	2.860546511909555986e-02	1.193212363685070519e-02	1.510724282847945507e-02
1.935108085462113081e+02	5.123293044830530274e-01	3.492032337101134143e-01	6.901644437584504577e-02	3.724041322836150331e-02	2.942680173163974081e-02	1.216741002066734634e-02	1.572562122225741946e-02
2.031863489735219162e+02	5.086342374307590841e-01	3.467264071782086288e-01	7.179096498745977939e-02	3.899754700948820929e-02	3.022496138351909653e-02	1.239954358449125993e-02	1.633556719801153301e-02
2.128618894008324673e+02	5.050235009041498246e-01	3.442656532892270915e-01	7.452224841256642474e-02	4.073081118788030724e-02	3.100130327485547954e-02	1.262846253813712516e-02	1.693724916512140757e-02
2.225374298281430470e+02	5.014880659635442273e-01	3.418280326167627003e-01	7.721136715958965002e-02	4.243977145913952614e-02	3.175703237659710521e-02	1.285413915469300027e-02	1.753082004161151536e-02
2.322129702554535982e+02	4.980213966016632243e-01	3.394182370357924361e-01	7.985925331306739650e-02	4.412412498571807035e-02	3.249322593379475738e-02	1.307656947112288345e-02	1.811642143077892009e-02
2.418885106827641494e+02	4.946186900523972252e-01	3.370393208180744171e-01	8.246673146321055470e-02	4.578368018463218475e-02	3.321085402937931641e-02	1.329576569762408803e-02	1.869418652661990199e-02
2.515640511100747290e+02	4.912763500400068040e-01	3.346932072210563325e-01	8.503454340677238377e-02	4.741833944436110032e-02	3.391079576587337219e-02	1.351175075603294924e-02	1.926424213783478612e-02
2.612395915373852517e+02	4.879916214973978872e-01	3.323810394707879534e-01	8.756336674244682983e-02	4.902808435013397692e-02	3.459385217917267802e-02	1.372455443140644694e-02	1.982671010059197658e-02
2.709151319646958882e+02	4.847623372165711375e-01	3.301034238969816070e-01	9.005382893580392289e-02	5.061296305507692606e-02	3.526075668647525585e-02	1.393421071368883268e-02	2.038170826734007901e-02
2.805906723920064678e+02	4.815867420956809752e-01	3.278605983234745835e-01	9.250651801559986454e-02	5.217307948661682737e-02	3.591218365006445395e-02	1.414075599899777130e-02	2.092935120150324346e-02
2.902662128193169337e+02	4.784633711827124269e-01	3.256525486591866914e-01	9.492199075605814440e-02	5.370858412275884841e-02	3.654875548242507433e-02	1.434422790072565485e-02	2.146975066807083055e-02
2.999417532466276270e+02	4.753909650179761193e-01	3.234790895934255839e-01	9.730077897333822001e-02	5.521966611173292905e-02	3.717104860690057661e-02	1.454466448607647129e-02	2.200301598248780369e-02
3.096172936739380930e+02	4.723684108389618608e-01	3.213399204186765390e-01	9.964339439861150116e-02	5.670654654170120129e-02	3.777959850840725831e-02	1.474210380446292282e-02	2.252925426111647422e-02
3.192928341012487294e+02	4.693947017193572102e-01	3.192346636209068556e-01	1.019503324691657803e-01	5.816947269546864085e-02	3.837490405127225862e-02	1.493658361249201004e-02	2.304857060327493434e-02
3.289683745285592522e+02	4.664689081458732733e-01	3.171628915324029019e-01	1.042220752907824372e-01	5.960871314915280883e-02	3.895743119953425787e-02	1.512814122853076322e-02	2.356106822566124068e-02
3.386439149558698318e+02	4.635901582222542450e-01	3.151241447167268950e-01	1.064590939603483333e-01	6.102455359418345465e-02	3.952761624447368588e-02	1.531681347035436860e-02	2.406684856359671623e-02
3.483194553831804114e+02	4.607576238584248363e-01	3.131179446287479240e-01	1.086618503907060135e-01	6.241729327937309973e-02	4.008586862152341973e-02	1.550263664406097662e-02	2.456601134910143744e-02
3.579949958104909342e+02	4.579705111128344330e-01	3.111438023118109908e-01	1.108307987453206467e-01	6.378724198459749528e-02	4.063257338180119305e-02	1.568564656282308081e-02	2.505865467274998037e-02
3.676705362378016275e+02	4.552280534176655347e-01	3.092012243528870497e-01	1.129663865649788435e-01	6.513471745024866644e-02	4.116809337071626607e-02	1.586587858131114498e-02	2.554487503413027313e-02
3.773460766651120935e+02	4.525295068059389525e-01	3.072897169414428586e-01	1.150690556499290862e-01	6.646004319740644872e-02	4.169277115631290359e-02	1.604336763665293458e-02	2.602476738425458722e-02
3.870216170924226162e+02	4.498741465294920916e-01	3.054087886178162292e-01	1.171392427468260222e-01	6.776354668289762129e-02	4.220693074242514581e-02	1.621814829023115676e-02	2.649842516224951844e-02
3.966971575197332527e+02	4.472612646439821926e-01	3.035579521167405259e-01	1.191773800792577387e-01	6.904555774130899382e-02	4.271087909576204433e-02	1.639025476694352945e-02	2.696594032794281601e-02
4.063726979470438323e+02	4.446901682668442102e-01	3.017367255868416143e-01	1.211838957525868676e-01	7.030640727278979207e-02	4.320490751131053631e-02	1.655972099009173429e-02	2.742740339147303058e-02
4.160482383743544119e+02	4.421601783041339551e-01	2.999446333804465792e-01	1.231592140576559524e-01	7.154642614128596534e-02	4.368929283663894325e-02	1.672658061106984534e-02	2.788290344070658983e-02
4.257237788016648778e+02	4.396706285045968166e-01	2.981812065481364016e-01	1.251037556931120787e-01	7.276594425283267054e-02	4.416429857259170089e-02	1.689086703365806977e-02	2.833252816701005775e-02
4.353993192289755143e+02	4.372208647425945838e-01	2.964459831309798621e-01	1.270179379223483063e-01	7.396528978781402586e-02	4.463017586532629782e-02	1.705261343311383418e-02	2.877636388976082329e-02
4.450748596562860939e+02	4.348102444615482565e-01	2.947385083146533136e-01	1.289021746780840416e-01	7.514478856477711799e-02	4.508716440253850155e-02	1.721185277047139472e-02	2.921449557986509696e-02
4.547504000835967304e+02	4.324381362303895693e-01	2.930583344897592091e-01	1.307568766252310277e-01	7.630476351655085532e-02	4.553549322496323881e-02	1.736861780257104027e-02	2.964700688247285179e-02
4.644259405109071963e+02	4.301039193799714444e-01	2.914050212488912828e-01	1.325824511907759684e-01	7.744553426213879321e-02	4.597538146275804982e-02	1.752294108837834999e-02	3.007398013902392447e-02
4.741014809382177759e+02	4.278069836964211725e-01	2.897781353414735639e-01	1.343793025678559905e-01	7.856741676019424192e-02	4.640703900512196944e-02	1.767485499214977232e-02	3.049549640872115455e-02
4.837770213655284124e+02	4.255467291553891029e-01	2.881772506008155044e-01	1.361478316999311933e-01	7.967072303189670635e-02	4.683066711043517433e-02	1.782439168397062859e-02	3.091163548949953793e-02
4.934525617928388783e+02	4.233225656859860853e-01	2.866019478532796372e-01	1.378884362499128158e-01	8.075576094277941985e-02	4.724645896329065370e-02	1.797158313814754133e-02	3.132247593854172590e-02
5.031281022201495148e+02	4.211339129565647710e-01	2.850518148163184717e-01	1.396015105582412985e-01	8.182283403454489179e-02	4.765460018400458769e-02	1.811646112988677185e-02	3.172809509237706216e-02
5.128036426474600376e+02	4.189802001768428985e-01	2.835264459899732303e-01	1.412874455931907303e-01	8.287224139918585031e-02	4.805526929551492965e-02	1.825905723063803165e-02	3.212856908659216665e-02
5.224791830747705035e+02	4.168608659124914961e-01	2.820254425449368330e-01	1.429466288960799802e-01	8.390427758882922082e-02	4.844863815199274004e-02	1.839940280243299031e-02	3.252397287517461155e-02
5.321547235020811968e+02	4.147753579094481391e-01	2.805484122092598009e-01	1.445794445235728531e-01	8.491923255566706519e-02	4.883487233298296898e-02	1.853752899150040712e-02	3.291438024950668617e-02
5.418302639293917764e+02	4.127231329260061532e-01	2.790949691550760892e-01	1.461862729888329937e-01	8.591739161715232498e-02	4.921413150645040369e-02	1.867346672139699737e-02	3.329986385702293772e-02
5.515058043567023560e+02	4.107036565712841036e-01	2.776647338862455738e-01	1.477674912029528775e-01	8.689903544233608390e-02	4.958656976372202707e-02	1.880724668585432094e-02	3.368049521954291636e-02
5.611813447840129356e+02	4.087164031490666538e-01	2.762573331274834620e-01	1.493234724177850692e-01	8.786444005582444428e-02	4.995233592898142699e-02	1.893889934150806698e-02	3.405634475128882510e-02
5.708568852113234016e+02	4.067608555062810494e-01	2.748723997153262322e-01	1.508545861710613445e-01	8.881387685634901941e-02	5.031157384567761653e-02	1.906845490064618120e-02	3.442748177659658154e-02
5.805324256386339812e+02	4.048365048855652182e-01	2.735095724911337234e-01	1.523611982344827975e-01	8.974761264738843891e-02	5.066442264195346323e-02	1.919594332408650419e-02	3.479397454732782724e-02
5.902079660659445608e+02	4.029428507815177585e-01	2.721684961962300697e-01	1.538436705652959369e-01	9.066590967765897346e-02	5.101101697697316834e-02	1.932139431427221804e-02	3.515589025998978184e-02
5.998835064932552541e+02	4.010794008003173428e-01	2.708488213692182844e-01	1.553023612617293325e-01	9.156902568961891586e-02	5.135148726983015943e-02	1.944483730865452856e-02	3.551329507256938134e-02
6.095590469205657200e+02	3.992456705224682323e-01	2.695502042454634983e-01	1.567376245225497455e-01	9.245721397441135359e-02	5.168595991254183730e-02	1.956630147341572451e-02	3.586625412108756378e-02
6.192345873478761860e+02	3.974411833684779460e-01	2.682723066587128780e-01	1.581498106109015811e-01	9.333072343191023412e-02	5.201455746848380329e-02	1.968581569757221414e-02	3.621483153587937154e-02
6.289101277751868793e+02	3.956654704673093770e-01	2.670147959448030961e-01	1.595392658225143201e-01	9.418979863474040426e-02	5.233739885747995535e-02	1.980340858748565538e-02	3.655909045760524778e-02
6.385856682024975726e+02	3.939180705274761274e-01	2.657773448473995659e-01	1.609063324583003829e-01	9.503467989531817761e-02	5.265459952864458976e-02	1.991910846180068237e-02	3.689909305299861331e-02
6.482612086298080385e+02	3.921985297106693746e-01	2.645596314257050996e-01	1.622513488013130611e-01	9.586560333511018328e-02	5.296627162196577282e-02	2.003294334681994526e-02	3.723490053035471981e-02
6.579367490571185044e+02	3.905064015078203443e-01	2.633613389640764857e-01	1.635746490979935741e-01	9.668280095543682617e-02	5.327252411952478062e-02	2.014494097232056441e-02	3.756657315476555348e-02
6.676122894844290840e+02	3.888412466175130699e-01	2.621821558834863120e-01	1.648765635436042210e-01	9.748650070925654609e-02	5.357346298716179900e-02	2.025512876781080523e-02	3.789417026310534092e-02
6.772878299117396637e+02	3.872026328266712780e-01	2.610217756547700274e-01	1.661574182717188153e-01	9.827692657346176475e-02	5.386919130732342048e-02	2.036353385922152689e-02	3.821775027877127168e-02
6.869633703390502433e+02	3.855901348934505091e-01	2.598798967136009552e-01	1.674175353476226036e-01	9.905429862129658258e-02	5.415980940376017433e-02	2.047018306602356452e-02	3.853737072618368398e-02
6.966389107663608229e+02	3.840033344322723030e-01	2.587562223771378012e-01	1.686572327654604631e-01	9.981883309457531550e-02	5.444541495868280429e-02	2.057510289875942242e-02	3.885308824505005060e-02
7.063144511936714025e+02	3.824418198009414405e-01	2.576504607622921994e-01	1.698768244489614332e-01	1.005707424754383322e-01	5.472610312293210016e-02	2.067831955697570223e-02	3.916495860439690724e-02
7.159899916209819821e+02	3.809051859897926717e-01	2.565623247055679457e-01	1.710766202555622506e-01	1.013102355574312108e-01	5.500196661966927358e-02	2.077985892754107000e-02	3.947303671637374112e-02
7.256655320482924481e+02	3.793930345128139758e-01	2.554915316844240669e-01	1.722569259837483380e-01	1.020375175157349629e-01	5.527309584205053472e-02	2.087974658333354230e-02	3.977737664983280186e-02
7.353410724756030277e+02	3.779049733006996648e-01	2.544378037401186510e-01	1.734180433834301427e-01	1.027527899764103525e-01	5.553957894531065531e-02	2.097800778228000457e-02	4.007803164368876209e-02
7.450166129029136073e+02	3.764406165957867034e-01	2.534008674019911922e-01	1.745602701691736647e-01	1.034562510845489502e-01	5.580150193364532413e-02	2.107466746673053448e-02	4.037505412006192618e-02
7.546921533302243006e+02	3.749995848488302808e-01	2.523804536131446508e-01	1.756839000361054282e-01	1.041480955712490858e-01	5.605894874225030022e-02	2.116975026314987796e-02	4.066849569720870639e-02
7.643676937575347665e+02	3.735815046175779419e-01	2.513762976574893671e-01	1.767892226783172593e-01	1.048285148193555116e-01	5.631200131484686427e-02	2.126328048210835223e-02	4.095840720224309950e-02
7.740432341848452324e+02	3.721860084671017588e-01	2.503881390881138591e-01	1.778765238095990076e-01	1.054976969279196319e-01	5.656073967699690869e-02	2.135528211855475256e-02	4.124483868365251549e-02
7.837187746121558121e+02	3.708127348718506244e-01	2.494157216569490576e-01	1.789460851863340640e-01	1.061558267753514445e-01	5.680524200548763003e-02	2.144577885235394998e-02	4.152783942361164271e-02
7.933943150394665054e+02	3.694613281193862564e-01	2.484587932456934489e-01	1.799981846323975843e-01	1.068030860812469729e-01	5.704558469404413801e-02	2.153479404907244002e-02	4.180745795009757626e-02
8.030698554667769713e+02	3.681314382157667708e-01	2.475171057979693445e-01	1.810330960659033706e-01	1.074396534668848463e-01	5.728184241560889400e-02	2.162235076099543185e-02	4.208374204880970665e-02
8.127453958940876646e+02	3.668227207925449096e-01	2.465904152526805782e-01	1.820510895276526708e-01	1.080657045143939843e-01	5.751408818140901769e-02	2.170847172835969896e-02	4.235673877489750522e-02
8.224209363213982442e+02	3.655348370153470583e-01	2.456784814785443471e-01	1.830524312111432295e-01	1.086814118246010874e-01	5.774239339701617985e-02	2.179317938078691869e-02	4.262649446449954388e-02
8.320964767487085965e+02	3.642674534940020803e-01	2.447810682097701362e-01	1.840373834940053355e-01	1.092869450735722142e-01	5.796682791558900594e-02	2.187649583890289781e-02	4.289305474609675373e-02
8.417720171760191761e+02	3.630202421941884916e-01	2.438979429828604106e-01	1.850062049707367207e-01	1.098824710678669714e-01	5.818746008847407170e-02	2.195844291612863292e-02	4.315646455168318379e-02
8.514475576033297557e+02	3.617928803505708335e-01	2.430288770745082927e-01	1.859591504866159317e-01	1.104681537985272438e-01	5.840435681332921403e-02	2.203904212062985160e-02	4.341676812775713962e-02
8.611230980306403353e+02	3.605850503813958219e-01	2.421736454405689354e-01	1.868964711726791017e-01	1.110441544938251673e-01	5.861758357992130630e-02	2.211831465741232253e-02	4.367400904613580326e-02
8.707986384579510286e+02	3.593964398045207398e-01	2.413320266560814442e-01	1.878184144816524848e-01	1.116106316707969615e-01	5.882720451373998904e-02	2.219628143055077038e-02	4.392823021459611732e-02
8.804741788852616082e+02	3.582267411548459290e-01	2.405038028563194208e-01	1.887252242247384471e-01	1.121677411855906553e-01	5.903328241755913253e-02	2.227296304553998130e-02	4.417947388734494440e-02
8.901497193125721878e+02	3.570756519031261789e-01	2.396887596788494501e-01	1.896171406091588518e-01	1.127156362826568226e-01	5.923587881106884973e-02	2.234837981175718385e-02	4.442778167532122208e-02
8.998252597398827675e+02	3.559428743761340330e-01	2.388866862065760488e-01	1.904944002763655497e-01	1.132544676428120234e-01	5.943505396869251667e-02	2.242255174502547771e-02	4.467319455633293745e-02
9.095008001671932334e+02	3.548281156781505907e-01	2.380973749117542282e-01	1.913572363408332921e-01	1.137843834302048746e-01	5.963086695569549955e-02	2.249549857026859542e-02	4.491575288503156516e-02
9.191763405945038130e+02	3.537310876137590987e-01	2.373206216009497715e-01	1.922058784293549094e-01	1.143055293382149035e-01	5.982337566268534218e-02	2.256723972424788671e-02	4.515549640272672333e-02
9.288518810218145063e+02	3.526515066119177977e-01	2.365562253609289067e-01	1.930405527207650906e-01	1.148180486343138434e-01	6.001263683859651976e-02	2.263779435837294865e-02	4.539246424704358740e-02
9.385274214491247449e+02	3.515890936512879317e-01	2.358039885054591667e-01	1.938614819860222660e-01	1.153220822039192350e-01	6.019870612224659939e-02	2.270718134157778678e-02	4.562669496142570530e-02
9.482029618764355519e+02	3.505435741867955479e-01	2.350637165230039793e-01	1.946688856285840596e-01	1.158177685932690326e-01	6.038163807254533222e-02	2.277541926325502702e-02	4.585822650448567739e-02
9.578785023037459041e+02	3.495146780774039952e-01	2.343352180252936123e-01	1.954629797250152512e-01	1.163052440513460128e-01	6.056148619743258882e-02	2.284252643624095497e-02	4.608709625920625469e-02
9.675540427310568248e+02	3.485021395150753043e-01	2.336183046967565125e-01	1.962439770657716243e-01	1.167846425708797403e-01	6.073830298161639329e-02	2.290852089984486695e-02	4.631334104199423540e-02
9.772295831583674044e+02	3.475056969549006336e-01	2.329127912447940263e-01	1.970120871961071052e-01	1.172560959284531801e-01	6.091213991317768334e-02	2.297342042291643932e-02	4.653699711158956059e-02
9.869051235856777566e+02	3.465250930463775747e-01	2.322184953508836525e-01	1.977675164570554256e-01	1.177197337237404356e-01	6.108304750910425324e-02	2.303724250694530462e-02	4.675810017783205846e-02
9.965806640129884499e+02	3.455600745658148343e-01	2.315352376224947828e-01	1.985104680264401789e-01	1.181756834179010923e-01	6.125107533981231228e-02	2.310000438918748122e-02	4.697668541028799521e-02
