0.000000000000000000e+00	1.018820718450934359e+00	1.261494470914803114e-39	1.160523262382623655e-40	1.773320140322826028e-37	7.286620197663049875e-38	6.604256233077950824e-39	5.907774545746900016e-38
9.675540427310567182e+00	8.845850688996956812e-01	1.236525758529786606e-01	1.978553366967435688e-03	7.235750559320536495e-04	3.140960830904591591e-03	3.592129226720741034e-03	1.147855217735153617e-03
1.935108085462113081e+01	7.908906051375979018e-01	2.073108487942165457e-01	5.435469521455771856e-03	1.923005030595289957e-03	5.783814590691590228e-03	5.278416381597324236e-03	2.198558994779918792e-03
2.902662128193169622e+01	7.249889807522530427e-01	2.635521059592262350e-01	9.407653249983893157e-03	3.456433573630914979e-03	8.059502272624781763e-03	6.174211273440850453e-03	3.181831369774744227e-03
3.870216170924226162e+01	6.781588803943509047e-01	3.010093382473761903e-01	1.351133374899108827e-02	5.221222741319988224e-03	1.006098886108672610e-02	6.742024391778012049e-03	4.116930066031558241e-03
4.837770213655283413e+01	6.444284722810701416e-01	3.256052823967184873e-01	1.759908034294090443e-02	7.143915573983271317e-03	1.185438646112099356e-02	7.172983351897551860e-03	5.016598043203058903e-03
5.805324256386339954e+01	6.197062242064144133e-01	3.414019980488555150e-01	2.161840369045830296e-02	9.172138234958562841e-03	1.348693709051536523e-02	7.545630399592633507e-03	5.889386780139782562e-03
6.772878299117397205e+01	6.011877797112128441e-01	3.511848092928736009e-01	2.555390925085394838e-02	1.126852597061891482e-02	1.499264880037199862e-02	7.891956135793024713e-03	6.741089289210173627e-03
7.740432341848452324e+01	5.869504708517884195e-01	3.568632715391845123e-01	2.940394284739181879e-02	1.340632785992140232e-02	1.639624041698437701e-02	8.224809041135181659e-03	7.575655894528856953e-03
8.707986384579510286e+01	5.756757960785671147e-01	3.597463333375873762e-01	3.317137978333893622e-02	1.556628560561856139e-02	1.771589074053479818e-02	8.549238672552614965e-03	8.395794232735280527e-03
9.675540427310566827e+01	5.664593489252592873e-01	3.607310963835225204e-01	3.686014731075204498e-02	1.773443853709774642e-02	1.896515175158105040e-02	8.867166586256268468e-03	9.203368956465757256e-03
1.064309447004162337e+02	5.586805859670400665e-01	3.604322754605951418e-01	4.047402494546194218e-02	1.990058684992369181e-02	2.015428067354838385e-02	9.179293681601549335e-03	9.999670872763927534e-03
1.161064851277267991e+02	5.519135722211805373e-01	3.592709756774466467e-01	4.401631704565849706e-02	2.205721690443787977e-02	2.129116923687685708e-02	9.485867977533110271e-03	1.078559938780121290e-02
1.257820255550373645e+02	5.458658008197788680e-01	3.575355663522693517e-01	4.748983579067229260e-02	2.419874875801349134e-02	2.238199405498182692e-02	9.786985981079274893e-03	1.156178669413974319e-02
1.354575659823479441e+02	5.403362523362156278e-01	3.554234195230879800e-01	5.089697691510026989e-02	2.632100772940794420e-02	2.343167385781295617e-02	1.008270557784411714e-02	1.232868251146603672e-02
1.451331064096584669e+02	5.351866416081426658e-01	3.530695271517281797e-01	5.423980887130974704e-02	2.842085159155299801e-02	2.444419279804451936e-02	1.037308443846402840e-02	1.308661199169281787e-02
1.548086468369690749e+02	5.303217046806381063e-01	3.505661214436041062e-01	5.752015019038908550e-02	3.049590595672248619e-02	2.542283069126426154e-02	1.065819017330897275e-02	1.383581531500784230e-02
1.644841872642796261e+02	5.256756832250411016e-01	3.479761265000123616e-01	6.073962991302372938e-02	3.254437502875720534e-02	2.637032838939586815e-02	1.093810062205290319e-02	1.457647477265176794e-02
1.741597276915902057e+02	5.212030578275279602e-01	3.453423805562681470e-01	6.389973265816582815e-02	3.456490502187836017e-02	2.728900776343510734e-02	1.121290133472539405e-02	1.530873328893404481e-02
1.838352681189008138e+02	5.168721942979803696e-01	3.426939584616435774e-01	6.700183153274238967e-02	3.655648454054808566e-02	2.818085976547957464e-02	1.148268276919816276e-02	1.603270708334275305e-02
1.935108085462113081e+02	5.126609871779300720e-01	3.400505060618347897e-01	7.004721197333069194e-02	3.851837104017005048e-02	2.904760990460139233e-02	1.174753797253535667e-02	1.674849432053247475e-02
2.031863489735219162e+02	5.085538725683592665e-01	3.374252115417785691e-01	7.303708901845548662e-02	4.045003581549281441e-02	2.989076762234598242e-02	1.200756087126643619e-02	1.745618101323641660e-02
2.128618894008324673e+02	5.045397798009952917e-01	3.348268422795859234e-01	7.597261988845320502e-02	4.235112225814678666e-02	3.071166408948596688e-02	1.226284508974012470e-02	1.815584504452769435e-02
2.225374298281430470e+02	5.006107268133863641e-01	3.322611410311175906e-01	7.885491323299904931e-02	4.422141370853233111e-02	3.151148158968539170e-02	1.251348317226213223e-02	1.884755890295207459e-02
2.322129702554535982e+02	4.967608568747312048e-01	3.297317828898725378e-01	8.168503601365997846e-02	4.606080832193516772e-02	3.229127671800651606e-02	1.275956609559987694e-02	1.953139153712957557e-02
2.418885106827641494e+02	4.929857779246986649e-01	3.272410311330078425e-01	8.446401870304995341e-02	4.786929912676671228e-02	3.305199897226298450e-02	1.300118298279541278e-02	2.020740960835329392e-02
2.515640511100747290e+02	4.892821094029218831e-01	3.247901866417307604e-01	8.719285927887523990e-02	4.964695797904545432e-02	3.379450586348554941e-02	1.323842095291910201e-02	2.087567833195686645e-02
2.612395915373852517e+02	4.856471713503459076e-01	3.223798958133206605e-01	8.987252634831223441e-02	5.139392248369834687e-02	3.451957535666605459e-02	1.347136506050609743e-02	2.153626203808558029e-02
2.709151319646958882e+02	4.820787710660395797e-01	3.200103614708298960e-01	9.250396163842346253e-02	5.311038520949008801e-02	3.522791623218166079e-02	1.370009829267208532e-02	2.218922454129810748e-02
2.805906723920064678e+02	4.785750566600173728e-01	3.176814872825124425e-01	9.508808201887401779e-02	5.479658470442873297e-02	3.592017680279143560e-02	1.392470160212058022e-02	2.283462938019040558e-02
2.902662128193169337e+02	4.751344164804112702e-01	3.153929766087433251e-01	9.762578117488293628e-02	5.645279794576876092e-02	3.659695231082968347e-02	1.414525396140978164e-02	2.347253996888924374e-02
2.999417532466276270e+02	4.717554100012790741e-01	3.131444001164095381e-01	1.001179310146708135e-01	5.807933394936129479e-02	3.725879125141449977e-02	1.436183242878717042e-02	2.410301968901261069e-02
3.096172936739380930e+02	4.684367202879615166e-01	3.109352419910962895e-01	1.025653828721411476e-01	5.967652832819720504e-02	3.790620081064254021e-02	1.457451221927574120e-02	2.472613194162060976e-02
3.192928341012487294e+02	4.651771212632642705e-01	3.087649314856705796e-01	1.049689685490377972e-01	6.124473863722027650e-02	3.853965156629055727e-02	1.478336677698294244e-02	2.534194017246866465e-02
3.289683745285592522e+02	4.619754551275990773e-01	3.066328644242711787e-01	1.073295012291943518e-01	6.278434037615564234e-02	3.915958156794999145e-02	1.498846784614037836e-02	2.595050787962444733e-02
3.386439149558698318e+02	4.588306167465574514e-01	3.045384178276149267e-01	1.096477762892445473e-01	6.429572354787620181e-02	3.976639989063310288e-02	1.518988553940581882e-02	2.655189860960297313e-02
3.483194553831804114e+02	4.557415428206860186e-01	3.024809598293758950e-01	1.119245720242676018e-01	6.577928968926784192e-02	4.036048973851716348e-02	1.538768840263280563e-02	2.714617594618766103e-02
3.579949958104909342e+02	4.527072043387950218e-01	3.004598563705131453e-01	1.141606503025892339e-01	6.723544930643252093e-02	4.094221116210624428e-02	1.558194347574998889e-02	2.773340349474882199e-02
3.676705362378016275e+02	4.497266012869000629e-01	2.984744756903161544e-01	1.163567571608569440e-01	6.866461965763200059e-02	4.151190344161424101e-02	1.577271634966961877e-02	2.831364486394596924e-02
3.773460766651120935e+02	4.467987589077054844e-01	2.965241913120738593e-01	1.185136233482187579e-01	7.006722283650131111e-02	4.206988718104991837e-02	1.596007121931503764e-02	2.888696364607066039e-02
3.870216170924226162e+02	4.439227250269019986e-01	2.946083840013503652e-01	1.206319648267208666e-01	7.144368411536994312e-02	4.261646615077665373e-02	1.614407093295661122e-02	2.945342339685854544e-02
3.966971575197332527e+02	4.410975681143528560e-01	2.927264430241297566e-01	1.227124832337391086e-01	7.279443051446611579e-02	4.315192891083931975e-02	1.632477703809843625e-02	3.001308761530944308e-02
4.063726979470438323e+02	4.383223758523526192e-01	2.908777669288049594e-01	1.247558663112564720e-01	7.411988956766184244e-02	4.367655024281948822e-02	1.650224982418125458e-02	3.056601972385842095e-02
4.160482383743544119e+02	4.355962540545474382e-01	2.890617640052209891e-01	1.267627883060138683e-01	7.542048825947925139e-02	4.419059241419340950e-02	1.667654836237082022e-02	3.111228304910930789e-02
4.257237788016648778e+02	4.329183258280848712e-01	2.872778525255010318e-01	1.287339103439378574e-01	7.669665211149094552e-02	4.469430629597273552e-02	1.684773054269333645e-02	3.165194080325425124e-02
4.353993192289755143e+02	4.302877309051633681e-01	2.855254608381843640e-01	1.306698807817453234e-01	7.794880439913921821e-02	4.518793235169284161e-02	1.701585310876530671e-02	3.218505606624467302e-02
4.450748596562860939e+02	4.277036250932061412e-01	2.838040273644704126e-01	1.325713355382147074e-01	7.917736548246563644e-02	4.567170151348991930e-02	1.718097169034711949e-02	3.271169176874123147e-02
4.547504000835967304e+02	4.251651798087089928e-01	2.821130005298074783e-01	1.344388984072728277e-01	8.038275223636034972e-02	4.614583595900934726e-02	1.734314083393055303e-02	3.323191067584557040e-02
4.644259405109071963e+02	4.226715816706729800e-01	2.804518386534208818e-01	1.362731813547615745e-01	8.156537756776632841e-02	4.661054980116076385e-02	1.750241403155086001e-02	3.374577537160172724e-02
4.741014809382177759e+02	4.202220321369926626e-01	2.788200098111000558e-01	1.380747848005088874e-01	8.272565000885484521e-02	4.706604970123764303e-02	1.765884374799538831e-02	3.425334824424559194e-02
4.837770213655284124e+02	4.178157471722978578e-01	2.772169916815958590e-01	1.398442978871245190e-01	8.386397337656111006e-02	4.751253541461700897e-02	1.781248144656298604e-02	3.475469147217578880e-02
4.934525617928388783e+02	4.154519569392676193e-01	2.756422713835893212e-01	1.415822987367648111e-01	8.498074649006454040e-02	4.795020027712003363e-02	1.796337761351218115e-02	3.524986701061666450e-02
5.031281022201495148e+02	4.131299055078636595e-01	2.740953453078818214e-01	1.432893546969615239e-01	8.607636293884032841e-02	4.837923163912327684e-02	1.811158178132114480e-02	3.573893657894350318e-02
5.128036426474600376e+02	4.108488505785957146e-01	2.725757189478879572e-01	1.449660225764782262e-01	8.715121089482040506e-02	4.879981125364395850e-02	1.825714255086904533e-02	3.622196164863996509e-02
5.224791830747705035e+02	4.086080632170867033e-01	2.710829067304460493e-01	1.466128488720450929e-01	8.820567296299812454e-02	4.921211562386424571e-02	1.840010761263625311e-02	3.669900343185886898e-02
5.321547235020811968e+02	4.064068275979981215e-01	2.696164318482397459e-01	1.482303699867243973e-01	8.924012606550915661e-02	4.961631631489520772e-02	1.854052376701000385e-02	3.717012287055865977e-02
5.418302639293917764e+02	4.042444407569287246e-01	2.681758260946416339e-01	1.498191124405728603e-01	9.025494135483191904e-02	5.001258023399841185e-02	1.867843694377254241e-02	3.763538062618920071e-02
5.515058043567023560e+02	4.021202123492799707e-01	2.667606297014623040e-01	1.513795930741912710e-01	9.125048415228725895e-02	5.040106988297232693e-02	1.881389222084014351e-02	3.809483706990207663e-02
5.611813447840129356e+02	4.000334644153490382e-01	2.653703911798740434e-01	1.529123192456871561e-01	9.222711390848707669e-02	5.078194358596218455e-02	1.894693384231380118e-02	3.854855227326212108e-02
5.708568852113234016e+02	3.979835311510956930e-01	2.640046671646364973e-01	1.544177890215170934e-01	9.318518418279389537e-02	5.115535569555826334e-02	1.907760523589568935e-02	3.899658599943827547e-02
5.805324256386339812e+02	3.959697586841607886e-01	2.626630222616591626e-01	1.558964913616250891e-01	9.412504263921567249e-02	5.152145677970203924e-02	1.920594902971951151e-02	3.943899769485315066e-02
5.902079660659445608e+02	3.939915048548053300e-01	2.613450288988773407e-01	1.573489062992492471e-01	9.504703105647800687e-02	5.188039379161581144e-02	1.933200706863761470e-02	3.987584648127207032e-02
5.998835064932552541e+02	3.920481390015078116e-01	2.600502671803833210e-01	1.587755051157282160e-01	9.595148535029454639e-02	5.223231022470489066e-02	1.945582043000309430e-02	4.030719114831346483e-02
6.095590469205657200e+02	3.901390417510025022e-01	2.587783247437329126e-01	1.601767505106067024e-01	9.683873560610177511e-02	5.257734625414700602e-02	1.957742943898100468e-02	4.073309014636354586e-02
6.192345873478761860e+02	3.882636048125769901e-01	2.575287966203366752e-01	1.615530967673062535e-01	9.770910612073953339e-02	5.291563886667768196e-02	1.969687368341917211e-02	4.115360157987921208e-02
6.289101277751868793e+02	3.864212307764748333e-01	2.563012850988415359e-01	1.629049899146025882e-01	9.856291545174700186e-02	5.324732197989952287e-02	1.981419202830598386e-02	4.156878320106401764e-02
6.385856682024975726e+02	3.846113329162653138e-01	2.550953995914064798e-01	1.642328678841265821e-01	9.940047647311062162e-02	5.357252655228408184e-02	1.992942262983955770e-02	4.197869240390292994e-02
6.482612086298080385e+02	3.828333349950594489e-01	2.539107565027786673e-01	1.655371606640841653e-01	1.002220964364452238e-01	5.389138068489551792e-02	2.004260294913036422e-02	4.238338621854221416e-02
6.579367490571185044e+02	3.810866710754622910e-01	2.527469791020805490e-01	1.668182904493735186e-01	1.010280770367182751e-01	5.420400971574218518e-02	2.015376976555711269e-02	4.278292130600169080e-02
6.676122894844290840e+02	3.793707853331600988e-01	2.516036973972211599e-01	1.680766717882602734e-01	1.018187144817390283e-01	5.451053630755436918e-02	2.026295918979371252e-02	4.317735395320702191e-02
6.772878299117396637e+02	3.776851318740488406e-01	2.504805480118504346e-01	1.693127117257577918e-01	1.025942995647331352e-01	5.481108052969149713e-02	2.037020667652351957e-02	4.356674006833045204e-02
6.869633703390502433e+02	3.760291745548173248e-01	2.493771740647790225e-01	1.705268099438464191e-01	1.033551177394099879e-01	5.510575993479865931e-02	2.047554703685548066e-02	4.395113517642880441e-02
6.966389107663608229e+02	3.744023868069012440e-01	2.482932250517916883e-01	1.717193588986543895e-01	1.041014491970057160e-01	5.539468963075892122e-02	2.057901445045549199e-02	4.433059441536826850e-02
7.063144511936714025e+02	3.728042514637313065e-01	2.472283567297852980e-01	1.728907439547130998e-01	1.048335689448519070e-01	5.567798234842339516e-02	2.068064247740505901e-02	4.470517253202564018e-02
7.159899916209819821e+02	3.712342605912009041e-01	2.461822310031669958e-01	1.740413435163905287e-01	1.055517468860783237e-01	5.595574850554424495e-02	2.078046406979831146e-02	4.507492387875640383e-02
7.256655320482924481e+02	3.696919153212820941e-01	2.451545158124519563e-01	1.751715291565982269e-01	1.062562479001094851e-01	5.622809626728610816e-02	2.087851158308757366e-02	4.543990241012028919e-02
7.353410724756030277e+02	3.681767256887225614e-01	2.441448850250029223e-01	1.762816657428611100e-01	1.069473319236598913e-01	5.649513160364728892e-02	2.097481678718667031e-02	4.580016167985530989e-02
7.450166129029136073e+02	3.666882104707575585e-01	2.431530183278572121e-01	1.773721115608324073e-01	1.076252540319724699e-01	5.675695834408375079e-02	2.106941087734066562e-02	4.615575483809172125e-02
7.546921533302243006e+02	3.652258970297749818e-01	2.421786011225895152e-01	1.784432184353302031e-01	1.082902645200790465e-01	5.701367822959477194e-02	2.116232448476983510e-02	4.650673462879752196e-02
7.643676937575347665e+02	3.637893211588715259e-01	2.412213244221614317e-01	1.794953318489680150e-01	1.089426089838926026e-01	5.726539096249944061e-02	2.125358768709529472e-02	4.685315338744754088e-02
7.740432341848452324e+02	3.623780269302427359e-01	2.402808847497109879e-01	1.805287910584463251e-01	1.095825284009674383e-01	5.751219425410690478e-02	2.134323001855306656e-02	4.719506303890838583e-02
7.837187746121558121e+02	3.609915665463486190e-01	2.393569840392373305e-01	1.815439292085687661e-01	1.102102592107864626e-01	5.775418387045996860e-02	2.143128048000291636e-02	4.753251509553178128e-02
7.933943150394665054e+02	3.596295001938007441e-01	2.384493295381382161e-01	1.825410734440422178e-01	1.108260333944559861e-01	5.799145367631156067e-02	2.151776754873795799e-02	4.786556065544918248e-02
8.030698554667769713e+02	3.582913958999168202e-01	2.375576337115589687e-01	1.835205450191178811e-01	1.114300785537055277e-01	5.822409567747558606e-02	2.160271918810054842e-02	4.819425040106057462e-02
8.127453958940876646e+02	3.569768293918906266e-01	2.366816141485139358e-01	1.844826594051264812e-01	1.120226179891064267e-01	5.845220006167783922e-02	2.168616285690975684e-02	4.851863459771085796e-02
8.224209363213982442e+02	3.556853839585269461e-01	2.358209934697425569e-01	1.854277263959586419e-01	1.126038707774364295e-01	5.867585523801889524e-02	2.176812551870530715e-02	4.883876309254722714e-02
8.320964767487085965e+02	3.544166503144915437e-01	2.349754992372633522e-01	1.863560502115389206e-01	1.131740518481294672e-01	5.889514787514864291e-02	2.184863365081272241e-02	4.915468531355129955e-02
8.417720171760191761e+02	3.531702264670291136e-01	2.341448638655911352e-01	1.872679295993400217e-01	1.137333720587605790e-01	5.911016293824132573e-02	2.192771325323407058e-02	4.946645026873977558e-02
8.514475576033297557e+02	3.519457175851007369e-01	2.333288245345827017e-01	1.881636579339811266e-01	1.142820382695245440e-01	5.932098372485050675e-02	2.200538985736854095e-02	4.977410654552791303e-02
8.611230980306403353e+02	3.507427358708966048e-01	2.325271231038789355e-01	1.890435233149533323e-01	1.148202534166754690e-01	5.952769189971503228e-02	2.208168853456686162e-02	5.007770231024985530e-02
8.707986384579510286e+02	3.495609004336780457e-01	2.317395060289109132e-01	1.899078086625129169e-01	1.153482165849008811e-01	5.973036752857959625e-02	2.215663390452341647e-02	5.037728530783039393e-02
8.804741788852616082e+02	3.483998371659059456e-01	2.309657242784386444e-01	1.907567918117815398e-01	1.158661230786103974e-01	5.992908911108721370e-02	2.223025014350972495e-02	5.067290286160273938e-02
8.901497193125721878e+02	3.472591786216120968e-01	2.302055332535935528e-01	1.915907456050919000e-01	1.163741644921240243e-01	6.012393361279486093e-02	2.230256099245279261e-02	5.096460187326701252e-02
8.998252597398827675e+02	3.461385638969724510e-01	2.294586927083940020e-01	1.924099379826147704e-01	1.168725287787499845e-01	6.031497649635883529e-02	2.237358976486176348e-02	5.125242882298444713e-02
9.095008001671932334e+02	3.450376385130403678e-01	2.287249666717064978e-01	1.932146320713036547e-01	1.173614003187456872e-01	6.050229175193160697e-02	2.244335935460610443e-02	5.153642976960233490e-02
9.191763405945038130e+02	3.439560543006007221e-01	2.280041233706241177e-01	1.940050862721908465e-01	1.178409599861589829e-01	6.068595192680819456e-02	2.251189224354845780e-02	5.181665035100492533e-02
9.288518810218145063e+02	3.428934692871050682e-01	2.272959351552355234e-01	1.947815543460684196e-01	1.183113852145498690e-01	6.086602815435645381e-02	2.257921050903524685e-02	5.209313578458563132e-02
9.385274214491247449e+02	3.418495475856497823e-01	2.266001784247577977e-01	1.955442854975864009e-01	1.187728500615954919e-01	6.104259018226275424e-02	2.264533583124794802e-02	5.236593086783603718e-02
9.482029618764355519e+02	3.408239592859591549e-01	2.259166335550075178e-01	1.962935244577998506e-01	1.192255252725830245e-01	6.121570640012149317e-02	2.271028950041785802e-02	5.263507997904731672e-02
9.578785023037459041e+02	3.398163803473370215e-01	2.252450848271851380e-01	1.970295115651948259e-01	1.196695783427974835e-01	6.138544386639481487e-02	2.277409242390714822e-02	5.290062707811983567e-02
9.675540427310568248e+02	3.388264924935503464e-01	2.245853203579473989e-01	1.977524828452236760e-01	1.201051735788127572e-01	6.155186833476648106e-02	2.283676513315888862e-02	5.316261570747669862e-02
9.772295831583674044e+02	3.378539831096100121e-01	2.239371320307444735e-01	1.984626700883780903e-01	1.205324721586955722e-01	6.171504427991207631e-02	2.289832779051863276e-02	5.342108899307743131e-02
9.869051235856777566e+02	3.368985451404128417e-01	2.233003154283975944e-01	1.991603009268286262e-01	1.209516321911335152e-01	6.187503492270593486e-02	2.295880019593009996e-02	5.367608964552762763e-02
9.965806640129884499e+02	3.359598769912124361e-01	2.226746697668950115e-01	1.998455989096579177e-01	1.213628087734986982e-01	6.203190225488378062e-02	2.301820179350740764e-02	5.392765996128098815e-02
