0.000000000000000000e+00	1.016582316864698798e+00	2.473781653248129941e-35	1.340044938918205583e-33	5.835698853966087360e-32	8.513250914164892792e-35	1.033296586715985145e-32	3.592197829889803439e-32
9.675540427310567182e+00	8.831356102267262642e-01	1.242868009146648883e-01	1.551394655875256660e-03	3.997258777135975208e-04	2.991589273366074796e-03	3.496183334013686864e-03	7.210125823389771033e-04
1.935108085462113081e+01	7.903288387514020297e-01	2.077845020693129818e-01	4.793877435879226150e-03	1.438745073208797702e-03	5.580965493448554818e-03	5.097454215018935343e-03	1.557933826428161425e-03
2.902662128193169622e+01	7.252236316829921980e-01	2.634842431012057729e-01	8.649297219087716954e-03	2.925910772472421414e-03	7.859042748864708203e-03	5.971889466093012466e-03	2.468301873982797594e-03
3.870216170924226162e+01	6.790211802755008463e-01	3.002552090984617617e-01	1.270662569385933201e-02	4.722474155386817071e-03	9.894971651306145102e-03	6.558661858432215420e-03	3.423194131751429708e-03
4.837770213655283413e+01	6.457317117961818287e-01	3.241470169496099563e-01	1.680611973816169974e-02	6.729346442136665586e-03	1.174024552721705632e-02	7.024926224920678350e-03	4.402950186470682738e-03
5.805324256386339954e+01	6.212752981749738446e-01	3.392839524412116226e-01	2.088392152456316347e-02	8.876162465877867475e-03	1.343304918317297578e-02	7.435696809050903848e-03	5.394236265848068555e-03
6.772878299117397205e+01	6.028718751381815233e-01	3.484768394359940014e-01	2.491356996288948342e-02	1.111295815122848724e-02	1.500182909165528704e-02	7.817208397380114027e-03	6.388036687369514320e-03
7.740432341848452324e+01	5.886265953377929350e-01	3.536409204918815052e-01	2.888370912945226188e-02	1.340414765309820219e-02	1.646797876500318003e-02	8.180683688620566177e-03	7.378281798849707293e-03
8.707986384579510286e+01	5.772476447511751818e-01	3.560809626204941569e-01	3.278940796879115105e-02	1.572426384145329467e-02	1.784778599799687407e-02	8.531340202937777797e-03	8.360911481849888499e-03
9.675540427310566827e+01	5.678540869180049855e-01	3.566856681858411871e-01	3.662865980782751413e-02	1.805497671736306861e-02	1.915382364913801108e-02	8.871865399115535372e-03	9.333236187408010948e-03
1.064309447004162337e+02	5.598449683404860266e-01	3.560602019712622024e-01	4.040089410788731683e-02	2.038301402769375145e-02	2.039593851320835663e-02	9.203798877448725671e-03	1.029350102671204234e-02
1.161064851277267991e+02	5.528101378316561121e-01	3.546165179619898411e-01	4.410629693620730235e-02	2.269871094308853476e-02	2.158195541200832318e-02	9.528109404136496721e-03	1.124058837561179615e-02
1.257820255550373645e+02	5.464694799862988006e-01	3.526349178405571716e-01	4.774547383625530467e-02	2.499499596021555539e-02	2.271818104882918424e-02	9.845453244644648827e-03	1.217381494789775837e-02
1.354575659823479441e+02	5.406315072060323690e-01	3.503060013466322564e-01	5.131926843179116654e-02	2.726667880712970241e-02	2.380976729702623945e-02	1.015630048057942873e-02	1.309279329550736698e-02
1.451331064096584669e+02	5.351651421450435153e-01	3.477592532529087399e-01	5.482865816852781904e-02	2.950994756695325683e-02	2.486097560823510508e-02	1.046100287273553364e-02	1.399733725029463256e-02
1.548086468369690749e+02	5.299804883101811859e-01	3.450825233935531644e-01	5.827469167436139658e-02	3.172201106417835842e-02	2.587537154975478454e-02	1.075983353276057167e-02	1.488739733990919294e-02
1.644841872642796261e+02	5.250157255374632292e-01	3.423353006433683121e-01	6.165845024652583106e-02	3.390084245706738442e-02	2.685596965484663909e-02	1.105301167097091572e-02	1.576301665445638267e-02
1.741597276915902057e+02	5.202281792832749163e-01	3.395577577902879618e-01	6.498102405850239571e-02	3.604499366313709124e-02	2.780534265840302680e-02	1.134071874076730303e-02	1.662430067032603237e-02
1.838352681189008138e+02	5.155882342133419893e-01	3.367769145307623058e-01	6.824349762908128725e-02	3.815345964007101076e-02	2.872570496646166191e-02	1.162310928204157885e-02	1.747139660293879626e-02
1.935108085462113081e+02	5.110751860949966918e-01	3.340108366685424768e-01	7.144694120650273150e-02	4.022557799456571298e-02	2.961897728744649835e-02	1.190031834451473793e-02	1.830447926812980158e-02
2.031863489735219162e+02	5.066744145984160008e-01	3.312714971423557087e-01	7.459240594091058607e-02	4.226095382316062687e-02	3.048683732989060369e-02	1.217246663820483257e-02	1.912374139176024196e-02
2.128618894008324673e+02	5.023754562769155996e-01	3.285667252105561875e-01	7.768092146686245147e-02	4.425940273812079689e-02	3.133076006575985506e-02	1.243966414489920680e-02	1.992938696158448944e-02
2.225374298281430470e+02	4.981706910134765520e-01	3.259015343085078786e-01	8.071349499493352120e-02	4.622090713351061086e-02	3.215205007795259723e-02	1.270201267467239645e-02	2.072162666164495404e-02
2.322129702554535982e+02	4.940544465474184244e-01	3.232790265451204736e-01	8.369111132283829635e-02	4.814558219964144153e-02	3.295186782309438012e-02	1.295960769278948696e-02	2.150067473379595542e-02
2.418885106827641494e+02	4.900223879305945496e-01	3.207010087375851137e-01	8.661473338207871520e-02	5.003364920180607828e-02	3.373125115583234385e-02	1.321253963825751165e-02	2.226674681854410795e-02
2.515640511100747290e+02	4.860711011736212894e-01	3.181684119065967264e-01	8.948530307250932014e-02	5.188541424093710136e-02	3.449113311631597789e-02	1.346089488569421691e-02	2.302005846902379846e-02
2.612395915373852517e+02	4.821978092443718888e-01	3.156815768683591816e-01	9.230374222769049952e-02	5.370125120486175796e-02	3.523235673572797794e-02	1.370475645509955376e-02	2.376082412858764384e-02
2.709151319646958882e+02	4.784001782765820998e-01	3.132404486032299151e-01	9.507095361372149001e-02	5.548158796444552926e-02	3.595568743620589092e-02	1.394420454202628321e-02	2.448925642848733680e-02
2.805906723920064678e+02	4.746761852684360794e-01	3.108447084820045725e-01	9.778782190353398074e-02	5.722689511386423039e-02	3.666182347099364996e-02	1.417931691866559929e-02	2.520556570720048142e-02
2.902662128193169337e+02	4.710240276977990526e-01	3.084938641643140134e-01	1.004552145941761676e-01	5.893767672924092593e-02	3.735140475414937961e-02	1.441016924124802548e-02	2.590995968377102568e-02
2.999417532466276270e+02	4.674420617141551437e-01	3.061873106692955537e-01	1.030739828509899675e-01	6.061446274605465645e-02	3.802502035687003318e-02	1.463683528872654349e-02	2.660264323860668523e-02
3.096172936739380930e+02	4.639287598153010728e-01	3.039243718161366292e-01	1.056449622728597576e-01	6.225780264763627198e-02	3.868321489267854268e-02	1.485938715047988717e-02	2.728381826960639411e-02
3.192928341012487294e+02	4.604826818118525900e-01	3.017043283003889020e-01	1.081689735789600759e-01	6.386826022477787301e-02	3.932649397159344862e-02	1.507789537574382235e-02	2.795368360138185057e-02
3.289683745285592522e+02	4.571024548555995271e-01	2.995264366743874973e-01	1.106468232210433139e-01	6.544640921697685021e-02	3.995532887060388588e-02	1.529242909396041905e-02	2.861243493212707947e-02
3.386439149558698318e+02	4.537867596523797453e-01	2.973899421390857056e-01	1.130793039272206812e-01	6.699282968397474169e-02	4.057016054191742854e-02	1.550305611276089554e-02	2.926026480735936450e-02
3.483194553831804114e+02	4.505343208965699731e-01	2.952940871273279089e-01	1.154671951840209321e-01	6.850810498543631610e-02	4.117140305982470300e-02	1.570984299854535568e-02	2.989736261297337369e-02
3.579949958104909342e+02	4.473439005888993347e-01	2.932381170268432147e-01	1.178112636636738236e-01	6.999281926924041941e-02	4.175944659039530077e-02	1.591285514337170692e-02	3.052391458227467561e-02
3.676705362378016275e+02	4.442142933250194936e-01	2.912212839608810389e-01	1.201122636033326585e-01	7.144755538661827499e-02	4.233465995468043558e-02	1.611215682096520108e-02	3.114010381320140436e-02
3.773460766651120935e+02	4.411443229324574777e-01	2.892428492512562621e-01	1.223709371424944459e-01	7.287289316648953852e-02	4.289739284497931515e-02	1.630781123400443233e-02	3.174611029301696585e-02
3.870216170924226162e+02	4.381328400313942995e-01	2.873020849889073580e-01	1.245880146243156794e-01	7.426940799268673399e-02	4.344797774452847233e-02	1.649988055435751624e-02	3.234211092850831915e-02
3.966971575197332527e+02	4.351787202295706591e-01	2.853982750010938263e-01	1.267642148659220702e-01	7.563766963696096080e-02	4.398673159331475263e-02	1.668842595758300920e-02	3.292827958025312113e-02
4.063726979470438323e+02	4.322808627535710269e-01	2.835307154117753248e-01	1.289002454022191158e-01	7.697824130819583277e-02	4.451395723630326151e-02	1.687350765273952849e-02	3.350478709989429538e-02
4.160482383743544119e+02	4.294381893814362972e-01	2.816987149286885872e-01	1.309968027071490293e-01	7.829167888447344237e-02	4.502994468498153213e-02	1.705518490834139617e-02	3.407180136962804917e-02
4.257237788016648778e+02	4.266496435843189494e-01	2.799015949477412502e-01	1.330545723958237725e-01	7.957853029979850001e-02	4.553497221857343707e-02	1.723351607513771977e-02	3.462948734330468376e-02
4.353993192289755143e+02	4.239141898140639242e-01	2.781386895361637190e-01	1.350742294104958219e-01	8.083933506159929339e-02	4.602930734742625984e-02	1.740855860626720764e-02	3.517800708868212833e-02
4.450748596562860939e+02	4.212308128935068896e-01	2.764093453360102481e-01	1.370564381929138265e-01	8.207462387874235599e-02	4.651320765780737193e-02	1.758036907524189452e-02	3.571751983047570522e-02
4.547504000835967304e+02	4.185985174798660391e-01	2.747129214161168620e-01	1.390018528452423852e-01	8.328491838284553250e-02	4.698692155456907216e-02	1.774900319213345776e-02	3.624818199392493973e-02
4.644259405109071963e+02	4.160163275808831385e-01	2.730487890914584659e-01	1.409111172814047630e-01	8.447073092824960994e-02	4.745068891577403081e-02	1.791451581827169931e-02	3.677014724865656364e-02
4.741014809382177759e+02	4.134832861097104129e-01	2.714163317226339633e-01	1.427848653704275883e-01	8.563256445819060481e-02	4.790474167135590211e-02	1.807696097971228308e-02	3.728356655266745756e-02
4.837770213655284124e+02	4.109984544688726760e-01	2.698149445039929595e-01	1.446237210731250722e-01	8.677091242656694015e-02	4.834930431616674823e-02	1.823639187968788961e-02	3.778858819628599236e-02
4.934525617928388783e+02	4.085609121566018964e-01	2.682440342460652993e-01	1.464282985732514586e-01	8.788625876627050026e-02	4.878459436629062340e-02	1.839286091022126687e-02	3.828535784599716024e-02
5.031281022201495148e+02	4.061697563908756026e-01	2.667030191560282315e-01	1.481992024040711953e-01	8.897907789639168674e-02	4.921082276624362539e-02	1.854641966304910322e-02	3.877401858803872226e-02
5.128036426474600376e+02	4.038241017478806372e-01	2.651913286186468599e-01	1.499370275711424116e-01	9.004983476175139334e-02	4.962819425360318754e-02	1.869711893998101532e-02	3.925471097169268980e-02
5.224791830747705035e+02	4.015230798125870582e-01	2.637084029792507445e-01	1.516423596719784217e-01	9.109898489918707987e-02	5.003690768668708766e-02	1.884500876279717602e-02	3.972757305221064766e-02
5.321547235020811968e+02	3.992658388397747893e-01	2.622536933297260897e-01	1.533157750131386998e-01	9.212697452585245916e-02	5.043715634011260163e-02	1.899013838277081867e-02	4.019274043332276419e-02
5.418302639293917764e+02	3.970515434243117037e-01	2.608266612981135490e-01	1.549578407252063250e-01	9.313424064550032688e-02	5.082912817238923603e-02	1.913255628988720647e-02	4.065034630928990311e-02
5.515058043567023560e+02	3.948793741797998469e-01	2.594267788421439347e-01	1.565691148760272322e-01	9.412121116932427312e-02	5.121300606911849407e-02	1.927231022181837700e-02	4.110052150646607838e-02
5.611813447840129356e+02	3.927485274249246650e-01	2.580535280468786441e-01	1.581501465825174146e-01	9.508830504845335041e-02	5.158896806487650588e-02	1.940944717270258468e-02	4.154339452434503005e-02
5.708568852113234016e+02	3.906582148769984220e-01	2.567064009265089264e-01	1.597014761212868228e-01	9.603593241563622429e-02	5.195718754642891096e-02	1.954401340176870755e-02	4.197909157607008362e-02
5.805324256386339812e+02	3.886076633522966284e-01	2.553848992303027754e-01	1.612236350382785510e-01	9.696449473402911357e-02	5.231783343956157573e-02	1.967605444183829697e-02	4.240773662839120162e-02
5.902079660659445608e+02	3.865961144728634058e-01	2.540885342526432167e-01	1.627171462575812966e-01	9.787438495132465277e-02	5.267107038149661247e-02	1.980561510773207884e-02	4.282945144105687607e-02
5.998835064932552541e+02	3.846228243795191681e-01	2.528168266470786074e-01	1.641825241895377707e-01	9.876598765773468569e-02	5.301705888059383975e-02	1.993273950460212884e-02	4.324435560563193170e-02
6.095590469205657200e+02	3.826870634508418023e-01	2.515693062442902472e-01	1.656202748382429868e-01	9.963967924657493591e-02	5.335595546480654400e-02	2.005747103620686422e-02	4.365256658373480730e-02
6.192345873478761860e+02	3.807881160279246724e-01	2.503455118738772689e-01	1.670308959085014255e-01	1.004958280764004924e-01	5.368791282016172756e-02	2.017985241314208117e-02	4.405419974469054062e-02
6.289101277751868793e+02	3.789252801447356434e-01	2.491449911898570291e-01	1.684148769122928990e-01	1.013347946338124389e-01	5.401307992036451233e-02	2.029992566103831081e-02	4.444936840259735428e-02
6.385856682024975726e+02	3.770978672639191953e-01	2.479673004997793584e-01	1.697726992747792540e-01	1.021569316962017970e-01	5.433160214847967961e-02	2.041773212873216822e-02	4.483818385280666924e-02
6.482612086298080385e+02	3.753052020178966885e-01	2.468120045973568599e-01	1.711048364398710664e-01	1.029625844938213547e-01	5.464362141151746233e-02	2.053331249641719702e-02	4.522075540781751030e-02
6.579367490571185044e+02	3.735466219551293321e-01	2.456786765985170262e-01	1.724117539753614592e-01	1.037520908706822814e-01	5.494927624864234111e-02	2.064670678377798080e-02	4.559719043258769755e-02
6.676122894844290840e+02	3.718214772914197885e-01	2.445668977807844702e-01	1.736939096776266567e-01	1.045257814438620980e-01	5.524870193363029536e-02	2.075795435810978348e-02	4.596759437926506431e-02
6.772878299117396637e+02	3.701291306661313452e-01	2.434762574259080603e-01	1.749517536758834479e-01	1.052839797608876582e-01	5.554203057211995476e-02	2.086709394242480808e-02	4.633207082134282312e-02
6.869633703390502433e+02	3.684689569032136847e-01	2.424063526656496104e-01	1.761857285359902381e-01	1.060270024549215678e-01	5.582939119413388857e-02	2.097416362354523334e-02	4.669072148724386084e-02
6.966389107663608229e+02	3.668403427769253988e-01	2.413567883306562967e-01	1.773962693637720356e-01	1.067551593975357566e-01	5.611090984228687961e-02	2.107920086018228584e-02	4.704364629333945835e-02
7.063144511936714025e+02	3.652426867821511602e-01	2.403271768023411969e-01	1.785838039078478656e-01	1.074687538489028649e-01	5.638670965604664770e-02	2.118224249100010559e-02	4.739094337640826354e-02
7.159899916209819821e+02	3.636753989092135209e-01	2.393171378677012018e-01	1.797487526619354625e-01	1.081680826052752731e-01	5.665691095236834174e-02	2.128332474266256963e-02	4.773270912554173490e-02
7.256655320482924481e+02	3.621379004230828591e-01	2.383262985770029929e-01	1.808915289666073734e-01	1.088534361436553632e-01	5.692163130298581036e-02	2.138248323786094002e-02	4.806903821350280021e-02
7.353410724756030277e+02	3.606296236468928273e-01	2.373542931042721682e-01	1.820125391104706059e-01	1.095250987635883883e-01	5.718098560860984669e-02	2.147975300331983473e-02	4.840002362754446119e-02
7.450166129029136073e+02	3.591500117496715938e-01	2.364007626105220916e-01	1.831121824307420931e-01	1.101833487260331645e-01	5.743508617025473717e-02	2.157516847777891933e-02	4.872575669969548412e-02
7.546921533302243006e+02	3.576985185382008381e-01	2.354653551096620723e-01	1.841908514131917474e-01	1.108284583892853586e-01	5.768404275789008190e-02	2.166876351994745029e-02	4.904632713652042758e-02
7.643676937575347665e+02	3.562746082529180125e-01	2.345477253370263082e-01	1.852489317914253197e-01	1.114606943419449991e-01	5.792796267659316295e-02	2.176057141642885606e-02	4.936182304836130713e-02
7.740432341848452324e+02	3.548777553677788243e-01	2.336475346204673342e-01	1.862868026454792825e-01	1.120803175329330853e-01	5.816695083035870739e-02	2.185062488961238281e-02	4.967233097806833531e-02
7.837187746121558121e+02	3.535074443940003364e-01	2.327644507539594343e-01	1.873048364997014770e-01	1.126875833985739039e-01	5.840110978370664091e-02	2.193895610552887288e-02	4.997793592922732814e-02
7.933943150394665054e+02	3.521631696876050821e-01	2.318981478736593105e-01	1.883033994198913263e-01	1.132827419867688673e-01	5.863053982121435581e-02	2.202559668166784862e-02	5.027872139389119588e-02
8.030698554667769713e+02	3.508444352606911454e-01	2.310483063363722722e-01	1.892828511096752153e-01	1.138660380782952619e-01	5.885533900508788108e-02	2.211057769475297322e-02	5.057476937982321313e-02
8.127453958940876646e+02	3.495507545963522644e-01	2.302146126003752347e-01	1.902435450060928901e-01	1.144377113052694184e-01	5.907560323087544807e-02	2.219392968847321013e-02	5.086616043725943753e-02
8.224209363213982442e+02	3.482816504671758517e-01	2.293967591085473712e-01	1.911858283743730624e-01	1.149979962668190581e-01	5.929142628141770982e-02	2.227568268116689176e-02	5.115297368519799298e-02
8.320964767487085965e+02	3.470366547572475979e-01	2.285944441737615129e-01	1.921100424018765129e-01	1.155471226420127923e-01	5.950289987912066314e-02	2.235586617345624444e-02	5.143528683722258660e-02
8.417720171760191761e+02	3.458153082875931594e-01	2.278073718664914427e-01	1.930165222911873202e-01	1.160853153000985377e-01	5.971011373662994670e-02	2.243450915582981611e-02	5.171317622686776722e-02
8.514475576033297557e+02	3.446171606449884850e-01	2.270352519045889250e-01	1.939055973523333698e-01	1.166127944081043200e-01	5.991315560597901269e-02	2.251164011617046157e-02	5.198671683253335007e-02
8.611230980306403353e+02	3.434417700140733887e-01	2.262777995451885626e-01	1.947775910941193789e-01	1.171297755358566423e-01	6.011211132627795189e-02	2.258728704722669234e-02	5.225598230195527966e-02
8.707986384579510286e+02	3.422887030127014785e-01	2.255347354786970404e-01	1.956328213145559769e-01	1.176364697584729030e-01	6.030706487000476318e-02	2.266147745402528196e-02	5.252104497624034141e-02
8.804741788852616082e+02	3.411575345304650453e-01	2.248057857248255964e-01	1.964716001903709930e-01	1.181330837563847463e-01	6.049809838795652817e-02	2.273423836122311428e-02	5.278197591347178613e-02
8.901497193125721878e+02	3.400478475703302417e-01	2.240906815306254185e-01	1.972942343655891551e-01	1.186198199129495506e-01	6.068529225291391382e-02	2.280559632039642209e-02	5.303884491189309047e-02
8.998252597398827675e+02	3.389592330933237641e-01	2.233891592704862761e-01	1.981010250391685990e-01	1.190968764097076610e-01	6.086872510206893516e-02	2.287557741726573696e-02	5.329172053267687559e-02
9.095008001671932334e+02	3.378912898662094766e-01	2.227009603480595568e-01	1.988922680516832797e-01	1.195644473193417934e-01	6.104847387826286415e-02	2.294420727885486400e-02	5.354067012228598543e-02
9.191763405945038130e+02	3.368436243120979112e-01	2.220258311000683771e-01	1.996682539710417092e-01	1.200227226963955923e-01	6.122461387007813172e-02	2.301151108058249045e-02	5.378575983443356634e-02
9.288518810218145063e+02	3.358158503639304127e-01	2.213635227019671858e-01	2.004292681772336104e-01	1.204718886658068672e-01	6.139721875082573832e-02	2.307751355328498816e-02	5.402705465164898274e-02
9.385274214491247449e+02	3.348075893207823062e-01	2.207137910754149446e-01	2.011755909460972158e-01	1.209121275093106157e-01	6.156636061646721114e-02	2.314223899016917829e-02	5.426461840645623036e-02
9.482029618764355519e+02	3.338184697069302986e-01	2.200763967975266633e-01	2.019074975321010768e-01	1.213436177497661250e-01	6.173211002250805768e-02	2.320571125369391002e-02	5.449851380217155677e-02
9.578785023037459041e+02	3.328481271336294900e-01	2.194511050118680417e-01	2.026252582501349986e-01	1.217665342334610795e-01	6.189453601989788195e-02	2.326795378237947465e-02	5.472880243332668704e-02
9.675540427310568248e+02	3.318962041635483140e-01	2.188376853411599932e-01	2.033291385563059939e-01	1.221810482104448564e-01	6.205370618997038679e-02	2.332898959754387685e-02	5.495554480572423239e-02
9.772295831583674044e+02	3.309623501778089505e-01	2.182359118016590216e-01	2.040193991277359509e-01	1.225873274129421209e-01	6.220968667845498679e-02	2.338884130996510269e-02	5.517880035613150630e-02
9.869051235856777566e+02	3.300462212455830269e-01	2.176455627191813680e-01	2.046962959413586580e-01	1.229855361318964169e-01	6.236254222859027863e-02	2.344753112646877358e-02	5.539862747161906908e-02
9.965806640129884499e+02	3.291474799961925379e-01	2.170664206467389223e-01	2.053600803517148243e-01	1.233758352916923678e-01	6.251233621336822754e-02	2.350508085644044398e-02	5.561508350855014909e-02
