0.000000000000000000e+00	1.016431871791751984e+00	3.685379333396872814e-29	1.253797261080786834e-29	5.477830455058001706e-24	2.952218119658491299e-25	8.082813132836973473e-29	2.625600743650926024e-23
9.675540427310567182e+00	8.830416085634669177e-01	1.243762205000063653e-01	1.558168571142751115e-03	4.227660392243236969e-04	2.886132068248423860e-03	3.496183058633682908e-03	6.507929910294492316e-04
1.935108085462113081e+01	7.903127368501113859e-01	2.078712024172199857e-01	4.794138809942709994e-03	1.491513658487412901e-03	5.426753838722720921e-03	5.084162894261479680e-03	1.451363323006165003e-03
2.902662128193169622e+01	7.252823689661238582e-01	2.635210457665282391e-01	8.631931126149329503e-03	2.995515676808568634e-03	7.693640977318408347e-03	5.960008827559298145e-03	2.347360451264103066e-03
3.870216170924226162e+01	6.791410560211943448e-01	3.002227958174562006e-01	1.267113514117091874e-02	4.797735854426415057e-03	9.740360387506754106e-03	6.556731715200816643e-03	3.302056854796260078e-03
4.837770213655283413e+01	6.458955999345473709e-01	3.240416371670626350e-01	1.675716553366865536e-02	6.804625927035957457e-03	1.160758788551397545e-02	7.034639864353919685e-03	4.290615479569231776e-03
5.805324256386339954e+01	6.214663294890564460e-01	3.391096879499206906e-01	2.082712750915386227e-02	8.950363123858695244e-03	1.332664355035266188e-02	7.455464137050836146e-03	5.296256032358426756e-03
6.772878299117397205e+01	6.030751454516272148e-01	3.482410923750592358e-01	2.485375296736901107e-02	1.118773034781792887e-02	1.492193613789881586e-02	7.844545442355219805e-03	6.307669069624112154e-03
7.740432341848452324e+01	5.888297750402954334e-01	3.533519484566257085e-01	2.882449426895683509e-02	1.348240765361715526e-02	1.641269661370669403e-02	8.213285936779522733e-03	7.317263821770144186e-03
8.707986384579510286e+01	5.774410053360057304e-01	3.557466393662018778e-01	3.273339630348253565e-02	1.580920576210097933e-02	1.781422949089217500e-02	8.567417405921456952e-03	8.319978127146703331e-03
9.675540427310566827e+01	5.680302477491575575e-01	3.563129451995397101e-01	3.657772860544708515e-02	1.814949716926165732e-02	1.913882865908206332e-02	8.910155254275912290e-03	9.312469154987490158e-03
1.064309447004162337e+02	5.599985363821113893e-01	3.556549512810727176e-01	4.035646602642176117e-02	2.048942665677556951e-02	2.039645572057525308e-02	9.243472993871942184e-03	1.029256273092268338e-02
1.161064851277267991e+02	5.529373333037476135e-01	3.541835680136816156e-01	4.406953505137037319e-02	2.281864640114351223e-02	2.159524801472827507e-02	9.568662492661710386e-03	1.125887851441820763e-02
1.257820255550373645e+02	5.465677933959446344e-01	3.521781753209682342e-01	4.771740610627692170e-02	2.512941162868380374e-02	2.274190314309871078e-02	9.886607358811581522e-03	1.221057483796733623e-02
1.354575659823479441e+02	5.406994060023737614e-01	3.498286005078429239e-01	5.130085845696025215e-02	2.741592751162524877e-02	2.384197300588767818e-02	1.019793130613376106e-02	1.314717500092752248e-02
1.451331064096584669e+02	5.352018305279744315e-01	3.472637028300036288e-01	5.482083946585821627e-02	2.967387295129587932e-02	2.490009085780856002e-02	1.050308613865489835e-02	1.406844902015553199e-02
1.548086468369690749e+02	5.299857164355886718e-01	3.445708374809804408e-01	5.827837915416285430e-02	3.190005000263138740e-02	2.592014827786008613e-02	1.080240729975326733e-02	1.497433314077444531e-02
1.644841872642796261e+02	5.249896413270271900e-01	3.418091088252223075e-01	6.167453862753183302e-02	3.409212329433973510e-02	2.690543430512486525e-02	1.109615035382892530e-02	1.586487505867621717e-02
1.741597276915902057e+02	5.201712153202679989e-01	3.390183944409427275e-01	6.501037969275368089e-02	3.624842446436842003e-02	2.785874570911183248e-02	1.138451551326419980e-02	1.674019665104210450e-02
1.838352681189008138e+02	5.155010226343027524e-01	3.362254893568151770e-01	6.828694780799399178e-02	3.836780398277717802e-02	2.878247502299161042e-02	1.166766435817214245e-02	1.760046862869802872e-02
1.935108085462113081e+02	5.109584953112140671e-01	3.334482893548542659e-01	7.150526336461740518e-02	4.044951783477152008e-02	2.967868128706031144e-02	1.194573133285276208e-02	1.844589330638063754e-02
2.031863489735219162e+02	5.065291027418087344e-01	3.306986390439027312e-01	7.466631808050280816e-02	4.249314009485020277e-02	3.054914723207144758e-02	1.221883169803223736e-02	1.927669290058275572e-02
2.128618894008324673e+02	5.022024372806662695e-01	3.279842707714728522e-01	7.777107443007483245e-02	4.449849491892360343e-02	3.139542574209779058e-02	1.248706705747236988e-02	2.009310159104309851e-02
2.225374298281430470e+02	4.979709101287767559e-01	3.253101244978962026e-01	8.082046678319416977e-02	4.646560324230625261e-02	3.221887777999368763e-02	1.275052921489482592e-02	2.089536014468888411e-02
2.322129702554535982e+02	4.938288628395020030e-01	3.226792461857606598e-01	8.381540341459690902e-02	4.839464072203568390e-02	3.302070346938563994e-02	1.300930287641947902e-02	2.168371228405028064e-02
2.418885106827641494e+02	4.897719618938065067e-01	3.200933992218436552e-01	8.675676886603195248e-02	5.028590435631447031e-02	3.380196765909308093e-02	1.326346755153954768e-02	2.245840224312147665e-02
2.515640511100747290e+02	4.857967860732690935e-01	3.175534804651686249e-01	8.964542635178920915e-02	5.213978585846039404e-02	3.456362101622769550e-02	1.351309889548787772e-02	2.321967313134775182e-02
2.612395915373852517e+02	4.819005451534489892e-01	3.150598032866824827e-01	9.248222003265253732e-02	5.395675033126089148e-02	3.530651747964527742e-02	1.375826966062927009e-02	2.396776584743111338e-02
2.709151319646958882e+02	4.780808880488620627e-01	3.126122900638155233e-01	9.526797706855927306e-02	5.573731913123971399e-02	3.603142873924038841e-02	1.399905037297850124e-02	2.470291836705511279e-02
2.805906723920064678e+02	4.743357718944343770e-01	3.102106030413831483e-01	9.800350941316918196e-02	5.748205606674940127e-02	3.673905627672872237e-02	1.423550981453764776e-02	2.542536528474808113e-02
2.902662128193169337e+02	4.706633726422974617e-01	3.078542332427451900e-01	1.006896153453452625e-01	5.919155626400796066e-02	3.743004140127557944e-02	1.446771536775854489e-02	2.613533752832059021e-02
2.999417532466276270e+02	4.670620239460278600e-01	3.055425608321348796e-01	1.033270807506938976e-01	6.086643717881477095e-02	3.810497363214857686e-02	1.469573326159250189e-02	2.683306219033804174e-02
3.096172936739380930e+02	4.635301753222697552e-01	3.032748960510936453e-01	1.059166801757586568e-01	6.250733134118627299e-02	3.876439771570829723e-02	1.491962874692123395e-02	2.751876243881266546e-02
3.192928341012487294e+02	4.600663634522554335e-01	3.010505069392260258e-01	1.084591776814869818e-01	6.411488050444769105e-02	3.940881951191330113e-02	1.513946622105228484e-02	2.819265748136883312e-02
3.289683745285592522e+02	4.566691924421800164e-01	2.988686380663958531e-01	1.109553275233317038e-01	6.568973093579762168e-02	4.003871094338753295e-02	1.535530931530239805e-02	2.885496256535536111e-02
3.386439149558698318e+02	4.533373201939177033e-01	2.967285231533628997e-01	1.134058746842029203e-01	6.723252963666344340e-02	4.065451416590258604e-02	1.556722095572474381e-02	2.950588900197615924e-02
3.483194553831804114e+02	4.500694489451924074e-01	2.946293935387275797e-01	1.158115552843352741e-01	6.874392132167114755e-02	4.125664509126059087e-02	1.577526340424050683e-02	3.014564420632294406e-02
3.579949958104909342e+02	4.468643186565611214e-01	2.925704838243607386e-01	1.181730968895399192e-01	7.022454601726570156e-02	4.184549637077859818e-02	1.597949828545429385e-02	3.077443174779002921e-02
3.676705362378016275e+02	4.437207023437236275e-01	2.905510356055953092e-01	1.204912187366049131e-01	7.167503716679531067e-02	4.242143992889184367e-02	1.617998660301999542e-02	3.139245140711934695e-02
3.773460766651120935e+02	4.406374027405897120e-01	2.885702999025776538e-01	1.227666318919933552e-01	7.309602014961764926e-02	4.298482912103493425e-02	1.637678874840874099e-02	3.199989923752821763e-02
3.870216170924226162e+02	4.376132498740246124e-01	2.866275387118980000e-01	1.250000393575678714e-01	7.448811113856090849e-02	4.353600057731017714e-02	1.656996450419626413e-02	3.259696762819230126e-02
3.966971575197332527e+02	4.346470992644001496e-01	2.847220259633799211e-01	1.271921361348958557e-01	7.585191623369409719e-02	4.407527578301403959e-02	1.675957304345105855e-02	3.318384536891492986e-02
4.063726979470438323e+02	4.317378305568630448e-01	2.828530480755789278e-01	1.293436092577744945e-01	7.718803082146165340e-02	4.460296243846720299e-02	1.694567292641051964e-02	3.376071771519417036e-02
4.160482383743544119e+02	4.288843464501156388e-01	2.810199042414160409e-01	1.314551378009538585e-01	7.849703911730941674e-02	4.511935563345723099e-02	1.712832209533973055e-02	3.432776645315806230e-02
4.257237788016648778e+02	4.260855718316928775e-01	2.792219065331272843e-01	1.335273928716108893e-01	7.977951385736369028e-02	4.562473886569158588e-02	1.730757786824881073e-02	3.488516996401477832e-02
4.353993192289755143e+02	4.233404530574941260e-01	2.774583798869886819e-01	1.355610375889168273e-01	8.103601611082809908e-02	4.611938492775804338e-02	1.748349693197959534e-02	3.543310328778447732e-02
4.450748596562860939e+02	4.206479573329579003e-01	2.757286620087585627e-01	1.375567270560185684e-01	8.226709518978299329e-02	4.660355668302358645e-02	1.765613533504699004e-02	3.597173818616122842e-02
4.547504000835967304e+02	4.180070721666639399e-01	2.740321032275225277e-01	1.395151083278977910e-01	8.347328863720578085e-02	4.707750774752642031e-02	1.782554848052431487e-02	3.650124320440900627e-02
4.644259405109071963e+02	4.154168048762963417e-01	2.723680663166255789e-01	1.414368203778577082e-01	8.465512227743805795e-02	4.754148309211068957e-02	1.799179111918802754e-02	3.702178373223333901e-02
4.741014809382177759e+02	4.128761821331513593e-01	2.707359262942703459e-01	1.433224940647935819e-01	8.581311031613729490e-02	4.799571957672127409e-02	1.815491734307996680e-02	3.753352206359587828e-02
4.837770213655284124e+02	4.103842495356471165e-01	2.691350702122237704e-01	1.451727521029143042e-01	8.694775547907111768e-02	4.844044642683610624e-02	1.831498057960083414e-02	3.803661745545647982e-02
4.934525617928388783e+02	4.079400712052204669e-01	2.675648969382702358e-01	1.469882090351787574e-01	8.805954918102858187e-02	4.887588566039876431e-02	1.847203358621395813e-02	3.853122618543897149e-02
5.031281022201495148e+02	4.055427293999980809e-01	2.660248169361582593e-01	1.487694712113813988e-01	8.914897171770611028e-02	4.930225247226972113e-02	1.862612844581145594e-02	3.901750160842472337e-02
5.128036426474600376e+02	4.031913241430075123e-01	2.645142520455061041e-01	1.505171367715529007e-01	9.021649247473216560e-02	4.971975558209388441e-02	1.877731656277377079e-02	3.949559421208336668e-02
5.224791830747705035e+02	4.008849728626375786e-01	2.630326352632742504e-01	1.522317956351239010e-01	9.126257014907485088e-02	5.012859755054838856e-02	1.892564865973733745e-02	3.996565167135334579e-02
5.321547235020811968e+02	3.986228100437111954e-01	2.615794105278313464e-01	1.539140294961246769e-01	9.228765297896765474e-02	5.052897506815517970e-02	1.907117477507228043e-02	4.042781890188734684e-02
5.418302639293917764e+02	3.964039868879832285e-01	2.601540325062555170e-01	1.555644118245534946e-01	9.329217897922351121e-02	5.092107922019246946e-02	1.921394426106248776e-02	4.088223811247901351e-02
5.515058043567023560e+02	3.942276709831887826e-01	2.587559663852545544e-01	1.571835078739353408e-01	9.427657617941413715e-02	5.130509573069584606e-02	1.935400578277292685e-02	4.132904885648811671e-02
5.611813447840129356e+02	3.920930459799847889e-01	2.573846876659179328e-01	1.587718746950051163e-01	9.524126286289112675e-02	5.168120518808536762e-02	1.949140731758351036e-02	4.176838808228192090e-02
5.708568852113234016e+02	3.899993112762790703e-01	2.560396819624018439e-01	1.603300611553822308e-01	9.618664780503624612e-02	5.204958325457489932e-02	1.962619615536479248e-02	4.220039018271070502e-02
5.805324256386339812e+02	3.879456817085505937e-01	2.547204448045756742e-01	1.618586079650517762e-01	9.711313050946701608e-02	5.241040086120157815e-02	1.975841889926788220e-02	4.262518704363518762e-02
5.902079660659445608e+02	3.859313872498389975e-01	2.534264814446119396e-01	1.633580477074289827e-01	9.802110144120063095e-02	5.276382439004621144e-02	1.988812146709902084e-02	4.304290809152389041e-02
5.998835064932552541e+02	3.839556727141355541e-01	2.521573066674726582e-01	1.648289048757567155e-01	9.891094225600731427e-02	5.311001584499138589e-02	2.001534909324808459e-02	4.345368034013791236e-02
6.095590469205657200e+02	3.820177974669505816e-01	2.509124446052275470e-01	1.662716959145657536e-01	9.978302602536974486e-02	5.344913301217564527e-02	2.014014633113966196e-02	4.385762843632068364e-02
6.192345873478761860e+02	3.801170351418571847e-01	2.496914285551301016e-01	1.676869292659163846e-01	1.006377174566174815e-01	5.378132961114349964e-02	2.026255705617523856e-02	4.425487470490978292e-02
6.289101277751868793e+02	3.782526733628362448e-01	2.484938008013715116e-01	1.690751054201331260e-01	1.014753731079283267e-01	5.410675543755735090e-02	2.038262446913524650e-02	4.464553919278779065e-02
6.385856682024975726e+02	3.764240134722631193e-01	2.473191124404313379e-01	1.704367169707427798e-01	1.022963415979890045e-01	5.442555649822450325e-02	2.050039110001021167e-02	4.502973971208865805e-02
6.482612086298080385e+02	3.746303702643877798e-01	2.461669232099432392e-01	1.717722486733266052e-01	1.031009638101881010e-01	5.473787513909678798e-02	2.061589881223103993e-02	4.540759188257605800e-02
6.579367490571185044e+02	3.728710717241728867e-01	2.450368013209959506e-01	1.730821775080031988e-01	1.038895730912793580e-01	5.504385016681937609e-02	2.072918880726925400e-02	4.577920917320955907e-02
6.676122894844290840e+02	3.711454587713604591e-01	2.439283232937905221e-01	1.743669727452638318e-01	1.046624954445049133e-01	5.534361696433633127e-02	2.084030162957906107e-02	4.614470294291445063e-02
6.772878299117396637e+02	3.694528850096450712e-01	2.428410737965779609e-01	1.756270960148903215e-01	1.054200497172094880e-01	5.563730760100184247e-02	2.094927717185428306e-02	4.650418248057055365e-02
6.869633703390502433e+02	3.677927164808375005e-01	2.417746454878033358e-01	1.768630013776952281e-01	1.061625477830083347e-01	5.592505093759585905e-02	2.105615468057409068e-02	4.685775504423512344e-02
6.966389107663608229e+02	3.661643314239071967e-01	2.407286388613846528e-01	1.780751353998332731e-01	1.068902947185969843e-01	5.620697272659972571e-02	2.116097276181291842e-02	4.720552589961466566e-02
7.063144511936714025e+02	3.645671200387963773e-01	2.397026620950574727e-01	1.792639372294440869e-01	1.076035889753097358e-01	5.648319570805062501e-02	2.126376938729090255e-02	4.754759835780022342e-02
7.159899916209819821e+02	3.630004842549021671e-01	2.386963309017180457e-01	1.804298386753968864e-01	1.083027225455479858e-01	5.675383970126157002e-02	2.136458190064246393e-02	4.788407381228031168e-02
7.256655320482924481e+02	3.614638375041269169e-01	2.377092683837004061e-01	1.815732642879189507e-01	1.089879811242097651e-01	5.701902169266604564e-02	2.146344702388183062e-02	4.821505177524552932e-02
7.353410724756030277e+02	3.599566044983992796e-01	2.367411048899242532e-01	1.826946314409006455e-01	1.096596442652588849e-01	5.727885592002256165e-02	2.156040086404532180e-02	4.854062991319844228e-02
7.450166129029136073e+02	3.584782210115725065e-01	2.357914778758527508e-01	1.837943504156806240e-01	1.103179855335765513e-01	5.753345395319315464e-02	2.165547891999145685e-02	4.886090408188228928e-02
7.546921533302243006e+02	3.570281336656075943e-01	2.348600317662010717e-01	1.848728244861256309e-01	1.109632726522408186e-01	5.778292477169171687e-02	2.174871608934095257e-02	4.917596836054155540e-02
7.643676937575347665e+02	3.556057997209529087e-01	2.339464178203377598e-01	1.859304500048298558e-01	1.115957676453798453e-01	5.802737483918181394e-02	2.184014667553974692e-02	4.948591508552736135e-02
7.740432341848452324e+02	3.542106868710335199e-01	2.330502940003233991e-01	1.869676164902691340e-01	1.122157269767442983e-01	5.826690817508940051e-02	2.192980439502915241e-02	4.979083488326029733e-02
7.837187746121558121e+02	3.528422730407651531e-01	2.321713248415318565e-01	1.879847067147546180e-01	1.128234016841430515e-01	5.850162642348306213e-02	2.201772238450826549e-02	5.009081670256314289e-02
7.933943150394665054e+02	3.515000461890107064e-01	2.313091813258009444e-01	1.889820967930405660e-01	1.134190375098834136e-01	5.873162891936337116e-02	2.210393320827462246e-02	5.038594784637555335e-02
8.030698554667769713e+02	3.501835041148990135e-01	2.304635407570607419e-01	1.899601562714497149e-01	1.140028750273545249e-01	5.895701275249253664e-02	2.218846886562999415e-02	5.067631400286271015e-02
8.127453958940876646e+02	3.488921542679269128e-01	2.296340866393892510e-01	1.909192482173886485e-01	1.145751497638890087e-01	5.917787282888678502e-02	2.227136079833907240e-02	5.096199927592956480e-02
8.224209363213982442e+02	3.476255135617684622e-01	2.288205085574459841e-01	1.918597293091336142e-01	1.151360923200340364e-01	5.939430193008540804e-02	2.235263989812954349e-02	5.124308621515217405e-02
8.320964767487085965e+02	3.463831081917157495e-01	2.280225020592354934e-01	1.927819499257753255e-01	1.156859284853592462e-01	5.960639077030324695e-02	2.243233651422289060e-02	5.151965584513728408e-02
8.417720171760191761e+02	3.451644734556786331e-01	2.272397685411535473e-01	1.936862542372189133e-01	1.162248793509244454e-01	5.981422805156651201e-02	2.251048046088587745e-02	5.179178769432128682e-02
8.514475576033297557e+02	3.439691535786713050e-01	2.264720151352707100e-01	1.945729802941425779e-01	1.167531614185263744e-01	6.001790051692563327e-02	2.258710102499343619e-02	5.205955982321926884e-02
8.611230980306403353e+02	3.427967015407160645e-01	2.257189545988076418e-01	1.954424601178242071e-01	1.172709867068388589e-01	6.021749300183342618e-02	2.266222697359433075e-02	5.232304885213474172e-02
8.707986384579510286e+02	3.416466789080960242e-01	2.249803052057590402e-01	1.962950197897538607e-01	1.177785628545569840e-01	6.041308848377140162e-02	2.273588656147144949e-02	5.258232998834046212e-02
8.804741788852616082e+02	3.405186556678892473e-01	2.242557906406226764e-01	1.971309795409533494e-01	1.182760932206515236e-01	6.060476813020242159e-02	2.280810753868939278e-02	5.283747705274053491e-02
8.901497193125721878e+02	3.394122100657193108e-01	2.235451398941921408e-01	1.979506538409323002e-01	1.187637769818357808e-01	6.079261134492356528e-02	2.287891715812229859e-02	5.308856250602370791e-02
8.998252597398827675e+02	3.383269284466577376e-01	2.228480871613719161e-01	1.987543514862143701e-01	1.192418092273429819e-01	6.097669581288880924e-02	2.294834218295559169e-02	5.333565747431771170e-02
9.095008001671932334e+02	3.372624050992162337e-01	2.221643717409745311e-01	1.995423756883726030e-01	1.197103810511084276e-01	6.115709754356744160e-02	2.301640889415566826e-02	5.357883177435422001e-02
9.191763405945038130e+02	3.362182421023671153e-01	2.214937379374610216e-01	2.003150241615176408e-01	1.201696796414467999e-01	6.133389091290061823e-02	2.308314309790211044e-02	5.381815393815383985e-02
9.288518810218145063e+02	3.351940491755312501e-01	2.208359349645857006e-01	2.010725892091878297e-01	1.206198883683115980e-01	6.150714870391507660e-02	2.314857013297734467e-02	5.405369123724035330e-02
9.385274214491247449e+02	3.341894435314757272e-01	2.201907168509079082e-01	2.018153578105934820e-01	1.210611868682195946e-01	6.167694214605007330e-02	2.321271487810914677e-02	5.428550970639321738e-02
9.482029618764355519e+02	3.332040497320633565e-01	2.195578423471335194e-01	2.025436117061722441e-01	1.214937511269204157e-01	6.184334095325056541e-02	2.327560175926171593e-02	5.451367416694729434e-02
9.578785023037459041e+02	3.322374995467968217e-01	2.189370748352508500e-01	2.032576274824167140e-01	1.219177535598876122e-01	6.200641336087718558e-02	2.333725475687150122e-02	5.473824824964842323e-02
9.675540427310568248e+02	3.312894318141036964e-01	2.183281822394247673e-01	2.039576766559377530e-01	1.223333630907045971e-01	6.216622616148075042e-02	2.339769741302414816e-02	5.495929441707334689e-02
9.772295831583674044e+02	3.303594923053074228e-01	2.177309369386148663e-01	2.046440257567319621e-01	1.227407452274160427e-01	6.232284473948693226e-02	2.345695283856938373e-02	5.517687398562248074e-02
9.869051235856777566e+02	3.294473335912311285e-01	2.171451156808840155e-01	2.053169364106233463e-01	1.231400621369119069e-01	6.247633310483424740e-02	2.351504372017090838e-02	5.539104714709357918e-02
9.965806640129884499e+02	3.285526149113835448e-01	2.165704994993634946e-01	2.059766654208536052e-01	1.235314727174089133e-01	6.262675392560658472e-02	2.357199232728860935e-02	5.560187298984441140e-02
