0.000000000000000000e+00	1.015403766466263402e+00	1.234037051622599741e-38	2.640611863681850329e-48	3.893568662573119838e-38	8.419151703255591346e-41	1.015277790386698139e-41	1.610726064026732454e-37
9.675540427310567182e+00	8.825777638249797663e-01	1.252488002555722235e-01	1.946091971000115219e-03	3.829354806277335136e-04	2.014350591481791752e-03	2.682369504761930156e-03	5.514548378398555955e-04
1.935108085462113081e+01	7.905612008060164397e-01	2.086606515188971778e-01	4.789055231920260301e-03	1.407009528879802013e-03	4.463661510817868751e-03	4.196080318639109491e-03	1.326107551092901545e-03
2.902662128193169622e+01	7.261941023924857186e-01	2.637939183738253202e-01	8.177984508550622741e-03	2.906665042406527191e-03	6.910958566228983004e-03	5.176102279135271454e-03	2.244035303631007616e-03
3.870216170924226162e+01	6.805775498205914875e-01	2.998200840820243740e-01	1.189503100335391472e-02	4.749525195165624214e-03	9.200763320159167230e-03	5.909496887596296134e-03	3.251316157372604286e-03
4.837770213655283413e+01	6.476917011216190012e-01	3.229437910473378914e-01	1.580216978133980321e-02	6.834195767820400516e-03	1.129586101818173989e-02	6.524431201438246099e-03	4.311616528526386605e-03
5.805324256386339954e+01	6.234630826412352889e-01	3.373627590907041229e-01	1.981057955963282449e-02	9.084713383875543669e-03	1.320481853455290379e-02	7.077312763032925572e-03	5.400500493229943785e-03
6.772878299117397205e+01	6.051345443995100881e-01	3.459169167129004796e-01	2.386246143176580514e-02	1.144479665798566956e-02	1.495081426795173349e-02	7.592653249226317957e-03	6.501579746923460100e-03
7.740432341848452324e+01	5.908394043070944734e-01	3.505274818249337065e-01	2.791993109585631447e-02	1.387295161097394300e-02	1.655898472183421621e-02	8.081104283421156748e-03	7.603908622149617783e-03
8.707986384579510286e+01	5.793134833975529530e-01	3.524940148490771086e-01	3.195806645678149482e-02	1.633863108503197728e-02	1.805186429864199041e-02	8.547484942878106479e-03	8.700221436299757777e-03
9.675540427310566827e+01	5.697003250726102586e-01	3.526954097283195866e-01	3.596047033367269496e-02	1.881934100932653245e-02	1.944821275550898815e-02	8.994267792629410257e-03	9.785739774195873972e-03
1.064309447004162337e+02	5.614194167291465254e-01	3.517258987630769163e-01	3.991639529943118159e-02	2.129850548130927945e-02	2.076314883673023234e-02	9.423035928813296852e-03	1.085736542775580550e-02
1.161064851277267991e+02	5.540770221262326656e-01	3.499870879618730002e-01	4.381885952540746920e-02	2.376390770079806966e-02	2.200869994899616947e-02	9.835054892774962657e-03	1.191313431018096655e-02
1.257820255550373645e+02	5.474058397030703293e-01	3.477502398842962639e-01	4.766340183517339679e-02	2.620655555488808630e-02	2.319440962547261037e-02	1.023147288683901382e-02	1.295184697652356984e-02
1.354575659823479441e+02	5.412241647397602051e-01	3.451984227824318463e-01	5.144725425378375572e-02	2.861985565823772087e-02	2.432787561220026498e-02	1.061337476153108306e-02	1.397281865831833877e-02
1.451331064096584669e+02	5.354082495068270831e-01	3.424550345807960139e-01	5.516878975085020426e-02	3.099900986593031454e-02	2.541518721738819653e-02	1.098178536831068142e-02	1.497571017616062053e-02
1.548086468369690749e+02	5.298735950718302945e-01	3.396031060153310022e-01	5.882715256183756319e-02	3.334057193264435698e-02	2.646126687326831595e-02	1.133766042794128598e-02	1.596041358341031974e-02
1.644841872642796261e+02	5.245622879268190264e-01	3.366983634801621328e-01	6.242201018456890182e-02	3.564211963097597274e-02	2.747013195900741347e-02	1.168187843862333181e-02	1.692697484610631437e-02
1.741597276915902057e+02	5.194344278622419209e-01	3.337780686833182742e-01	6.595338670402174641e-02	3.790201044500542127e-02	2.844509404918011547e-02	1.201523713847331420e-02	1.787554158402230794e-02
1.838352681189008138e+02	5.144623249799279430e-01	3.308670002215196027e-01	6.942155057825663556e-02	4.011919810941255021e-02	2.938891044605342756e-02	1.233845436231126649e-02	1.880632776878166795e-02
1.935108085462113081e+02	5.096265710474273680e-01	3.279815009464807640e-01	7.282693893261406315e-02	4.229309375770477081e-02	3.030389980639090763e-02	1.265217208093170204e-02	1.971958989471351772e-02
2.031863489735219162e+02	5.049133795748943498e-01	3.251322163781248387e-01	7.617010633974670430e-02	4.442346003351325262e-02	3.119203087197926563e-02	1.295696235689597180e-02	2.061561091110863941e-02
2.128618894008324673e+02	5.003127847058537192e-01	3.223259473215016047e-01	7.945169002462597330e-02	4.651032976360602866e-02	3.205499103623818402e-02	1.325333421001547406e-02	2.149468940442193082e-02
2.225374298281430470e+02	4.958174214708443994e-01	3.195669030664787247e-01	8.267238608718029125e-02	4.855394308982476786e-02	3.289423973159909947e-02	1.354174068933537353e-02	2.235713233100020472e-02
2.322129702554535982e+02	4.914216996036360752e-01	3.168575489797053613e-01	8.583293311552278593e-02	5.055469859201122684e-02	3.371105031945564878e-02	1.382258570547948741e-02	2.320325015045225300e-02
2.418885106827641494e+02	4.871212437990537492e-01	3.141991796485366084e-01	8.893410075818659888e-02	5.251311510314525532e-02	3.450654320739180575e-02	1.409623036828316217e-02	2.403335358166560493e-02
2.515640511100747290e+02	4.829125143626172290e-01	3.115923063363847390e-01	9.197668162671515657e-02	5.442980175957282118e-02	3.528171221969291643e-02	1.436299870614665859e-02	2.484775145513328995e-02
2.612395915373852517e+02	4.787925500020179803e-01	3.090369188136160572e-01	9.496148543908973505e-02	5.630543443968190342e-02	3.603744573752941383e-02	1.462318272878132715e-02	2.564674930554634164e-02
2.709151319646958882e+02	4.747587933276754546e-01	3.065326622081630537e-01	9.788933467622518148e-02	5.814073719085357389e-02	3.677454375250436419e-02	1.487704684700532839e-02	2.643064846383579372e-02
2.805906723920064678e+02	4.708089723669368620e-01	3.040789563775863624e-01	1.007610612662150351e-01	5.993646757391100921e-02	3.749373170329027560e-02	1.512483169251134345e-02	2.719974548581180485e-02
2.902662128193169337e+02	4.669410200185549753e-01	3.016750764104165206e-01	1.035775039732546032e-01	6.169340509952069701e-02	3.819567176232674388e-02	1.536675739489438801e-02	2.795433180729469183e-02
2.999417532466276270e+02	4.631530192106375066e-01	2.993202068460041887e-01	1.063395062765329913e-01	6.341234211525081932e-02	3.888097208831599316e-02	1.560302637820543993e-02	2.869469355131571905e-02
3.096172936739380930e+02	4.594431654763507233e-01	2.970134781294166970e-01	1.090479145965857766e-01	6.509407664168184726e-02	3.955019444648955051e-02	1.583382573863557907e-02	2.942111143710236104e-02
3.192928341012487294e+02	4.558097413364777251e-01	2.947539910621237436e-01	1.117035767745674785e-01	6.673940676280142037e-02	4.020386051229137697e-02	1.605932926111382567e-02	3.013386075688696125e-02
3.289683745285592522e+02	4.522510986888184092e-01	2.925408331446079924e-01	1.143073407416592135e-01	6.834912625830737165e-02	4.084245710804151885e-02	1.627969912721145829e-02	3.083321139761658822e-02
3.386439149558698318e+02	4.487656466304912883e-01	2.903730894455122669e-01	1.168600533367687155e-01	6.992402122947580234e-02	4.146644057113289122e-02	1.649508736077690343e-02	3.151942789210473994e-02
3.483194553831804114e+02	4.453518429693683056e-01	2.882498497785036529e-01	1.193625592444220174e-01	7.146486752037035928e-02	4.207624041261796843e-02	1.670563705177051383e-02	3.219276948920973824e-02
3.579949958104909342e+02	4.420081882430364484e-01	2.861702133907459977e-01	1.218157000337190821e-01	7.297242877564875940e-02	4.267226239392099552e-02	1.691148339315845864e-02	3.285349023603287288e-02
3.676705362378016275e+02	4.387332214443901979e-01	2.841332919764248399e-01	1.242203132850470404e-01	7.444745500749783140e-02	4.325489112484462439e-02	1.711275456062677502e-02	3.350183906743133683e-02
3.773460766651120935e+02	4.355255169108242508e-01	2.821382115647332878e-01	1.265772317950009385e-01	7.589068156912795460e-02	4.382449226652788965e-02	1.730957246035357347e-02	3.413805989969472682e-02
3.870216170924226162e+02	4.323836820086767729e-01	2.801841136532084997e-01	1.288872828523685565e-01	7.730282845216532306e-02	4.438141440742802979e-02	1.750205336613292612e-02	3.476239172628251689e-02
3.966971575197332527e+02	4.293063553629306583e-01	2.782701558366411088e-01	1.311512875795721456e-01	7.868459984125453222e-02	4.492599066789151885e-02	1.769030846374638338e-02	3.537506871422629873e-02
4.063726979470438323e+02	4.262922054623918822e-01	2.763955121002379389e-01	1.333700603349382563e-01	8.003668387204179724e-02	4.545854007879757824e-02	1.787444431757865410e-02	3.597632030027659439e-02
4.160482383743544119e+02	4.233399295249397620e-01	2.745593728906344233e-01	1.355444081717941951e-01	8.135975254908231480e-02	4.597936877160065106e-02	1.805456327201734532e-02	3.656637128619399241e-02
4.257237788016648778e+02	4.204482525443182239e-01	2.727609450411623837e-01	1.376751303507977031e-01	8.265446178860291759e-02	4.648877101047613203e-02	1.823076379810608175e-02	3.714544193279923495e-02
4.353993192289755143e+02	4.176159264649542679e-01	2.709994516026778544e-01	1.397630179021827901e-01	8.392145155784141997e-02	4.698703009188294477e-02	1.840314079418262430e-02	3.771374805254077561e-02
4.450748596562860939e+02	4.148417294482716899e-01	2.692741316143271169e-01	1.418088532348036890e-01	8.516134608818967666e-02	4.747441913245604300e-02	1.857178584777998895e-02	3.827150110043444492e-02
4.547504000835967304e+02	4.121244652055015556e-01	2.675842398372240694e-01	1.438134097890127194e-01	8.637475414383267991e-02	4.795120176254241695e-02	1.873678746485536728e-02	3.881890826329376792e-02
4.644259405109071963e+02	4.094629623798325402e-01	2.659290464663324194e-01	1.457774517305399919e-01	8.756226933120103695e-02	4.841763273974344917e-02	1.889823127140129178e-02	3.935617254721185398e-02
4.741014809382177759e+02	4.068560739660792569e-01	2.643078368306857606e-01	1.477017336826624005e-01	8.872447043749558115e-02	4.887395849440324958e-02	1.905620019165297011e-02	3.988349286328349980e-02
4.837770213655284124e+02	4.043026767596815119e-01	2.627199110886140887e-01	1.495870004940655640e-01	8.986192178893076532e-02	4.932041761698923582e-02	1.921077460640732704e-02	4.040106411157423638e-02
4.934525617928388783e+02	4.018016708293289940e-01	2.611645839223240562e-01	1.514339870399171173e-01	9.097517362127958973e-02	4.975724129566901077e-02	1.936203249438941260e-02	4.090907726335459710e-02
5.031281022201495148e+02	3.993519790091981103e-01	2.596411842346310617e-01	1.532434180537841362e-01	9.206476245687213178e-02	5.018465371103188188e-02	1.951004955912025510e-02	4.140771944162519036e-02
5.128036426474600376e+02	3.969525464079536325e-01	2.581490548496083726e-01	1.550160079881431896e-01	9.313121148347064393e-02	5.060287239378376961e-02	1.965489934334073430e-02	4.189717399996242125e-02
5.224791830747705035e+02	3.946023399324628533e-01	2.566875522182337499e-01	1.567524609013471459e-01	9.417503093147051862e-02	5.101210855031679259e-02	1.979665333271434305e-02	4.237762059971732914e-02
5.321547235020811968e+02	3.923003478247222287e-01	2.552560461296644045e-01	1.584534703690269053e-01	9.519671844670550553e-02	5.141256736028650826e-02	1.993538105025606175e-02	4.284923528560110467e-02
5.418302639293917764e+02	3.900455792108771247e-01	2.538539194284741285e-01	1.601197194180201677e-01	9.619675945680213058e-02	5.180444824969173551e-02	2.007115014270595410e-02	4.331219055969141862e-02
5.515058043567023560e+02	3.878370636614814626e-01	2.524805677379971525e-01	1.617518804810299249e-01	9.717562752956390715e-02	5.218794514242115767e-02	2.020402645987552995e-02	4.376665545389356315e-02
5.611813447840129356e+02	3.856738507623295176e-01	2.511353991897994908e-01	1.633506153703237207e-01	9.813378472229417060e-02	5.256324669278906320e-02	2.033407412783674179e-02	4.421279560089004523e-02
5.708568852113234016e+02	3.835550096953248556e-01	2.498178341592236784e-01	1.649165752688898645e-01	9.907168192130769158e-02	5.293053650121344600e-02	2.046135561669144842e-02	4.465077330361172381e-02
5.805324256386339812e+02	3.814796288289451498e-01	2.485273050069059519e-01	1.664504007375667283e-01	9.998975917115150713e-02	5.328999331488126073e-02	2.058593180354923585e-02	4.508074760326284680e-02
5.902079660659445608e+02	3.794468153179279546e-01	2.472632558261379232e-01	1.679527217367597081e-01	1.008884459932689187e-01	5.364179121498711955e-02	2.070786203124936123e-02	4.550287434593162927e-02
5.998835064932552541e+02	3.774556947118554717e-01	2.460251421959319118e-01	1.694241576614506917e-01	1.017681616940069173e-01	5.398609979191448111e-02	2.082720416328596308e-02	4.591730624781725084e-02
6.095590469205657200e+02	3.755054105723497071e-01	2.448124309396418341e-01	1.708653173882946352e-01	1.026293156619965674e-01	5.432308430954559120e-02	2.094401463533089938e-02	4.632419295910340795e-02
6.192345873478761860e+02	3.735951240986213895e-01	2.436245998889915443e-01	1.722767993336807024e-01	1.034723076550344983e-01	5.465290585973203025e-02	2.105834850369467728e-02	4.672368112650777255e-02
6.289101277751868793e+02	3.717240137611340089e-01	2.424611376533639950e-01	1.736591915217131077e-01	1.042975280766680474e-01	5.497572150782726458e-02	2.117025949102019008e-02	4.711591445453590377e-02
6.385856682024975726e+02	3.698912749431640945e-01	2.413215433942092203e-01	1.750130716611433823e-01	1.051053582427412536e-01	5.529168443007129868e-02	2.127980002946565363e-02	4.750103376546765954e-02
6.482612086298080385e+02	3.680961195900515626e-01	2.402053266044322788e-01	1.763390072303534506e-01	1.058961706381980894e-01	5.560094404352353831e-02	2.138702130160044859e-02	4.787917705810317004e-02
6.579367490571185044e+02	3.663377758659465133e-01	2.391120068926293751e-01	1.776375555695565989e-01	1.066703291644659074e-01	5.590364612915896259e-02	2.149197327921014214e-02	4.825047956529501109e-02
6.676122894844290840e+02	3.646154878178661241e-01	2.380411137720443715e-01	1.789092639794437056e-01	1.074281893777588870e-01	5.619993294867359906e-02	2.159470476018334612e-02	4.861507381029243208e-02
6.772878299117396637e+02	3.629285150468863907e-01	2.369921864541228163e-01	1.801546698255610535e-01	1.081700987186503676e-01	5.648994335548580825e-02	2.169526340363309505e-02	4.897308966192295138e-02
6.869633703390502433e+02	3.612761323862986873e-01	2.359647736465464163e-01	1.813743006477588349e-01	1.088963967332658295e-01	5.677381290036849493e-02	2.179369576338825026e-02	4.932465438863598006e-02
6.966389107663608229e+02	3.596576295865684392e-01	2.349584333556349325e-01	1.825686742741012003e-01	1.096074152864468521e-01	5.705167393210280880e-02	2.189004731997563555e-02	4.966989271143254503e-02
7.063144511936714025e+02	3.580723110069390369e-01	2.339727326930066964e-01	1.837382989386749932e-01	1.103034787672309558e-01	5.732365569350503232e-02	2.198436251120104018e-02	5.000892685570466900e-02
7.159899916209819821e+02	3.565194953135277789e-01	2.330072476863932762e-01	1.848836734027786144e-01	1.109849042869846120e-01	5.758988441314478318e-02	2.207668476142593539e-02	5.034187660200742376e-02
7.256655320482924481e+02	3.549985151837686259e-01	2.320615630945077890e-01	1.860052870790129265e-01	1.116520018705167983e-01	5.785048339304265513e-02	2.216705650962750435e-02	5.066885933578607615e-02
7.353410724756030277e+02	3.535087170170578275e-01	2.311352722258692427e-01	1.871036201578351044e-01	1.123050746404894440e-01	5.810557309260951792e-02	2.225551923632096765e-02	5.098999009608033012e-02
7.450166129029136073e+02	3.520494606514638636e-01	2.302279767614893446e-01	1.881791437361707287e-01	1.129444189954288413e-01	5.835527120906654902e-02	2.234211348941602879e-02	5.130538162322708512e-02
7.546921533302243006e+02	3.506201190863683093e-01	2.293392865813309589e-01	1.892323199477130569e-01	1.135703247816299971e-01	5.859969275456455157e-02	2.242687890907278311e-02	5.161514440558272188e-02
7.643676937575347665e+02	3.492200782109059487e-01	2.284688195944500899e-01	1.902636020945688566e-01	1.141830754592323416e-01	5.883895013020297438e-02	2.250985425161671979e-02	5.191938672528541993e-02
7.740432341848452324e+02	3.478487365380766305e-01	2.276162015727365429e-01	1.912734347799383561e-01	1.147829482627329978e-01	5.907315319713272311e-02	2.259107741256750207e-02	5.221821470307758811e-02
7.837187746121558121e+02	3.465055049444057955e-01	2.267810659881706603e-01	1.922622540415435122e-01	1.153702143561905202e-01	5.930240934491226579e-02	2.267058544883165244e-02	5.251173234220796182e-02
7.933943150394665054e+02	3.451898064150322742e-01	2.259630538535158661e-01	1.932304874855433063e-01	1.159451389833595497e-01	5.952682355727336588e-02	2.274841460010534194e-02	5.280004157143264321e-02
8.030698554667769713e+02	3.439010757941060592e-01	2.251618135663695230e-01	1.941785544206970082e-01	1.165079816129850065e-01	5.974649847544109132e-02	2.282460030952983970e-02	5.308324228713379167e-02
8.127453958940876646e+02	3.426387595403809216e-01	2.243770007564963309e-01	1.951068659925580262e-01	1.170589960794717888e-01	5.996153445914181174e-02	2.289917724363903576e-02	5.336143239457434573e-02
8.224209363213982442e+02	3.414023154878905175e-01	2.236082781363707972e-01	1.960158253174996978e-01	1.175984307191356021e-01	6.017202964542334859e-02	2.297217931163546625e-02	5.363470784830676880e-02
8.320964767487085965e+02	3.401912126115979595e-01	2.228553153548576415e-01	1.969058276163931365e-01	1.181265285022287531e-01	6.037808000540258180e-02	2.304363968402874455e-02	5.390316269175331881e-02
8.417720171760191761e+02	3.390049307979137727e-01	2.221177888539598022e-01	1.977772603477731816e-01	1.186435271609247999e-01	6.057977939904764242e-02	2.311359081066781049e-02	5.416688909597511953e-02
8.514475576033297557e+02	3.378429606199760404e-01	2.213953817285675418e-01	1.986305033403447939e-01	1.191496593134360182e-01	6.077721962809459061e-02	2.318206443819633908e-02	5.442597739764680476e-02
8.611230980306403353e+02	3.367048031175935430e-01	2.206877835891414286e-01	1.994659289246954736e-01	1.196451525844281077e-01	6.097049048719162256e-02	2.324909162695863035e-02	5.468051613625325713e-02
8.707986384579510286e+02	3.355899695817511352e-01	2.199946904272659653e-01	2.002839020640933554e-01	1.201302297218878323e-01	6.115967981335780623e-02	2.331470276738147052e-02	5.493059209052447711e-02
8.804741788852616082e+02	3.344979813435807192e-01	2.193158044840105292e-01	2.010847804842625097e-01	1.206051087105905611e-01	6.134487353383737823e-02	2.337892759585590008e-02	5.517629031412445845e-02
8.901497193125721878e+02	3.334283695677037196e-01	2.186508341210369466e-01	2.018689148020379187e-01	1.210700028823071678e-01	6.152615571242576326e-02	2.344179521014114198e-02	5.541769417060937730e-02
8.998252597398827675e+02	3.323806750498522478e-01	2.179994936943940864e-01	2.026366486528134447e-01	1.215251210228818213e-01	6.170360859433832168e-02	2.350333408431173540e-02	5.565488536767033978e-02
9.095008001671932334e+02	3.313544480186782493e-01	2.173615034309412664e-01	2.033883188167055212e-01	1.219706674763054860e-01	6.187731264968854283e-02	2.356357208326747069e-02	5.588794399067537749e-02
9.191763405945038130e+02	3.303492479416629268e-01	2.167365893073441019e-01	2.041242553433639528e-01	1.224068422459028416e-01	6.204734661563823805e-02	2.362253647682461405e-02	5.611694853552521428e-02
9.288518810218145063e+02	3.293646433350395086e-01	2.161244829315868143e-01	2.048447816753695971e-01	1.228338410927446583e-01	6.221378753727840882e-02	2.368025395340583872e-02	5.634197594083693861e-02
9.385274214491247449e+02	3.284002115776456510e-01	2.155249214269480129e-01	2.055502147701659954e-01	1.232518556313913216e-01	6.237671080729609296e-02	2.373675063334515153e-02	5.656310161946949411e-02
9.482029618764355519e+02	3.274555387286218200e-01	2.149376473183862157e-01	2.062408652204792414e-01	1.236610734230676328e-01	6.253619020447891141e-02	2.379205208182328182e-02	5.678039948940456078e-02
9.578785023037459041e+02	3.265302193488761606e-01	2.143624084212845671e-01	2.069170373731860635e-01	1.240616780663643809e-01	6.269229793110635274e-02	2.384618332144804870e-02	5.699394200399603150e-02
9.675540427310568248e+02	3.256238563262363050e-01	2.137989577325034307e-01	2.075790294465968966e-01	1.244538492855564449e-01	6.284510464927374473e-02	2.389916884449344581e-02	5.720380018160129559e-02
9.772295831583674044e+02	3.247360607042108493e-01	2.132470533236929533e-01	2.082271336461250510e-01	1.248377630166233598e-01	6.299467951619215633e-02	2.395103262481039844e-02	5.741004363460681936e-02
9.869051235856777566e+02	3.238664515142850031e-01	2.127064582368166923e-01	2.088616362783187463e-01	1.252135914910534054e-01	6.314109021850547454e-02	2.400179812942147828e-02	5.761274059786071489e-02
9.965806640129884499e+02	3.230146556116774148e-01	2.121769403818398181e-01	2.094828178632369697e-01	1.255815033175087525e-01	6.328440300566297305e-02	2.405148832981117771e-02	5.781195795652439157e-02
