0.000000000000000000e+00	1.014786692246892663e+00	2.175226181129719885e-37	3.360828401288622643e-37	7.965718139793620220e-42	1.942892659090656077e-45	2.668246994832165121e-37	2.146516056966546671e-37
9.675540427310567182e+00	8.823026913421432305e-01	1.256916898952206152e-01	1.509971861322819417e-03	3.766328110870210142e-04	2.101409577812744529e-03	2.286467072343616267e-03	5.178296869626080332e-04
1.935108085462113081e+01	7.907076392980518786e-01	2.090527701157564033e-01	4.107340303008187241e-03	1.379082577173159534e-03	4.443523326364597244e-03	3.806340239472335261e-03	1.289996387066105147e-03
2.902662128193169622e+01	7.267300452133212962e-01	2.639048208711702870e-01	7.392240092216209937e-03	2.850774901551953681e-03	6.791938740763834789e-03	4.891720057352678605e-03	2.225152370516396850e-03
3.870216170924226162e+01	6.814220110399910046e-01	2.995650993071803381e-01	1.110068981159355143e-02	4.671398017522603377e-03	9.037064773005185070e-03	5.728536399954939178e-03	3.261892897644969383e-03
4.837770213655283413e+01	6.487498907252585711e-01	3.223144456362818100e-01	1.505904207505013442e-02	6.747852896646583734e-03	1.113619075939726276e-02	6.420275892341262974e-03	4.358994261916921895e-03
5.805324256386339954e+01	6.246445252034330542e-01	3.363867397911332602e-01	1.915354563476130006e-02	9.007858850289356817e-03	1.308092598232566718e-02	7.024263067365563856e-03	5.488833717584329017e-03
6.772878299117397205e+01	6.063611239793554875e-01	3.446358879745671788e-01	2.331004850932407585e-02	1.139527000696299516e-02	1.487922362462767295e-02	7.572184163836388933e-03	6.632953988218660141e-03
7.740432341848452324e+01	5.920478010820010573e-01	3.489854538036079035e-01	2.748049481334754671e-02	1.386654489006225975e-02	1.654571321388944444e-02	8.081611142750582885e-03	7.779073301233662210e-03
8.707986384579510286e+01	5.804547272626389143e-01	3.507317766232923018e-01	3.163396451996729197e-02	1.638802900870934068e-02	1.809670837560592438e-02	8.562416647416182941e-03	8.919069809262514595e-03
9.675540427310566827e+01	5.707380554526118033e-01	3.507483250458999224e-01	3.575074500192447491e-02	1.893383411327864349e-02	1.954780047927901984e-02	9.020309308046540325e-03	1.004762284585205244e-02
1.064309447004162337e+02	5.623277276476881248e-01	3.496234699947446956e-01	3.981842138905301171e-02	2.148416949348065305e-02	2.091284709753809742e-02	9.458759654786871168e-03	1.116129696960108282e-02
1.161064851277267991e+02	5.548383442312149194e-01	3.477533720375693416e-01	4.382930789561254731e-02	2.402402362021471838e-02	2.220368436430898706e-02	9.880035585751895458e-03	1.225792451222020019e-02
1.257820255550373645e+02	5.480090638424818250e-01	3.454046077267738935e-01	4.777876737166127097e-02	2.654212130183797660e-02	2.343019156682935727e-02	1.028575107061833853e-02	1.333618936668989723e-02
1.354575659823479441e+02	5.416630755588046631e-01	3.427563940535459097e-01	5.166411730934082625e-02	2.903009929815124346e-02	2.460050698973987107e-02	1.067715259085897338e-02	1.439534644645095417e-02
1.451331064096584669e+02	5.356802675513776535e-01	3.399290576744359305e-01	5.548392163367542318e-02	3.148185579250593891e-02	2.572129025683725367e-02	1.105526672630756553e-02	1.543503261175256311e-02
1.548086468369690749e+02	5.299787939215798716e-01	3.370032299912639195e-01	5.923753518801068430e-02	3.389303832209188128e-02	2.679797979669364116e-02	1.142097576525344903e-02	1.645513926199887456e-02
1.644841872642796261e+02	5.245026418155321890e-01	3.340327892461961712e-01	6.292481291182572267e-02	3.626064184187362954e-02	2.783502298861482982e-02	1.177505694039700582e-02	1.745572650245272306e-02
1.741597276915902057e+02	5.192132449329679433e-01	3.310535865583942305e-01	6.654592572460858724e-02	3.858269419032726855e-02	2.883607168057964257e-02	1.211820382053373224e-02	1.843696533948095684e-02
1.838352681189008138e+02	5.140838259628623952e-01	3.280893292651840820e-01	7.010124506291748325e-02	4.085801071675054102e-02	2.980414324403808310e-02	1.245103922352580605e-02	1.939909877161382148e-02
1.935108085462113081e+02	5.090955795501953540e-01	3.251555475498467129e-01	7.359127121834077578e-02	4.308600346434213191e-02	3.074175064303748262e-02	1.277412420214222265e-02	2.034241561898754436e-02
2.031863489735219162e+02	5.042350966959090464e-01	3.222622687027990596e-01	7.701658933764901627e-02	4.526653324971893072e-02	3.165100612386186063e-02	1.308796519723920415e-02	2.126723293971514300e-02
2.128618894008324673e+02	4.994926265595433512e-01	3.194158199889099992e-01	8.037784267646905234e-02	4.739979536485431494e-02	3.253370317530285966e-02	1.339302024761310564e-02	2.217388423419960203e-02
2.225374298281430470e+02	4.948609031711987960e-01	3.166200439689170754e-01	8.367571644912638607e-02	4.948623155210502694e-02	3.339138096670805911e-02	1.368970458856236250e-02	2.306271155027454778e-02
2.322129702554535982e+02	4.903343532619784395e-01	3.138771176653681327e-01	8.691092806021144535e-02	5.152646244950846721e-02	3.422537485581405442e-02	1.397839573714158672e-02	2.393406021687013996e-02
2.418885106827641494e+02	4.859085612420987466e-01	3.111881046225248859e-01	9.008422108416698493e-02	5.352123594059236822e-02	3.503685592823538308e-02	1.425943808084446755e-02	2.478827534842938107e-02
2.515640511100747290e+02	4.815799077000798012e-01	3.085533268748835156e-01	9.319636137412379284e-02	5.547138782803272272e-02	3.582686195666575507e-02	1.453314697131819280e-02	2.562569954178842840e-02
2.612395915373852517e+02	4.773453250071684750e-01	3.059726154958988809e-01	9.624813432661477597e-02	5.737781203158687227e-02	3.659632167636530514e-02	1.479981233358328846e-02	2.644667137567454154e-02
2.709151319646958882e+02	4.732021319649138413e-01	3.034454792873497175e-01	9.924034273426432518e-02	5.924143812759209704e-02	3.734607386763565129e-02	1.505970181511031257e-02	2.725152445002613361e-02
2.805906723920064678e+02	4.691479218142750596e-01	3.009712182834969330e-01	1.021738049093211115e-01	6.106321453270059652e-02	3.807688240858551898e-02	1.531306351051357761e-02	2.804058678799927623e-02
2.902662128193169337e+02	4.651804862764001292e-01	2.985490000552079581e-01	1.050493529128027070e-01	6.284409601516977029e-02	3.878944820152875617e-02	1.556012830450538044e-02	2.881418048127731835e-02
2.999417532466276270e+02	4.612977639296449439e-01	2.961779109404212851e-01	1.078678308134158603e-01	6.458503451463826206e-02	3.948441867218183826e-02	1.580111187835394823e-02	2.957262149823594241e-02
3.096172936739380930e+02	4.574978050289222331e-01	2.938569903768731284e-01	1.106300929508475944e-01	6.628697248336971881e-02	4.016239538168725476e-02	1.603621642442706191e-02	3.031621960076514091e-02
3.192928341012487294e+02	4.537787474385590047e-01	2.915852538493351465e-01	1.133370022046118336e-01	6.795083814243195464e-02	4.082394016811287385e-02	1.626563211059643688e-02	3.104527833324491337e-02
3.289683745285592522e+02	4.501388000808137502e-01	2.893617081675899372e-01	1.159894282819997069e-01	6.957754218633933896e-02	4.146958013878222077e-02	1.648953833226730198e-02	3.176009505909983821e-02
3.386439149558698318e+02	4.465762314704270208e-01	2.871853615803980908e-01	1.185882460428647062e-01	7.116797557815238151e-02	4.209981176137039122e-02	1.670810478528154952e-02	3.246096102839790554e-02
3.483194553831804114e+02	4.430893616941031787e-01	2.850552304142195958e-01	1.211343338787106566e-01	7.272300816086520181e-02	4.271510424522309557e-02	1.692149238839246728e-02	3.314816146537784280e-02
3.579949958104909342e+02	4.396765567261322061e-01	2.829703433749553576e-01	1.236285721611022070e-01	7.424348787559663376e-02	4.331590236095148733e-02	1.712985407971327756e-02	3.382197566844086234e-02
3.676705362378016275e+02	4.363362243307638555e-01	2.809297442798269762e-01	1.260718417711107764e-01	7.573024042692326485e-02	4.390262881300753539e-02	1.733333550765646380e-02	3.448267711760319432e-02
3.773460766651120935e+02	4.330668110446555530e-01	2.789324937362910872e-01	1.284650227180869353e-01	7.718406927400456308e-02	4.447568625432014866e-02	1.753207563347067635e-02	3.513053358606312709e-02
3.870216170924226162e+02	4.298667998966499981e-01	2.769776701162022792e-01	1.308089928528991253e-01	7.860575585556267564e-02	4.503545901237151344e-02	1.772620725955429202e-02	3.576580725365220703e-02
3.966971575197332527e+02	4.267347086328937555e-01	2.750643700597274477e-01	1.331046266780725740e-01	7.999605997932181245e-02	4.558231458093307820e-02	1.791585749525171842e-02	3.638875482069164891e-02
4.063726979470438323e+02	4.236690882901582578e-01	2.731917086668690930e-01	1.353527942550487861e-01	8.135572032375969209e-02	4.611660491999996364e-02	1.810114816977607954e-02	3.699962762128022886e-02
4.160482383743544119e+02	4.206685220108214440e-01	2.713588194827981082e-01	1.375543602070524729e-01	8.268545501319418678e-02	4.663866759744889068e-02	1.828219620019737660e-02	3.759867173537958379e-02
4.257237788016648778e+02	4.177316240271908843e-01	2.695648543483859516e-01	1.397101828147443991e-01	8.398596223726795262e-02	4.714882679897481471e-02	1.845911392103687446e-02	3.818612809929115143e-02
4.353993192289755143e+02	4.148570387659969994e-01	2.678089831638725826e-01	1.418211132008978803e-01	8.525792089352569880e-02	4.764739422746057385e-02	1.863200938086663483e-02	3.876223261427166195e-02
4.450748596562860939e+02	4.120434400395620034e-01	2.660903935978077839e-01	1.438879945996965892e-01	8.650199123756892317e-02	4.813466990873608436e-02	1.880098661038422797e-02	3.932721625313643360e-02
4.547504000835967304e+02	4.092895303007642593e-01	2.644082907627665069e-01	1.459116617058533460e-01	8.771881552964945483e-02	4.861094291741220597e-02	1.896614586567819949e-02	3.988130516476801751e-02
4.644259405109071963e+02	4.065940399461162036e-01	2.627618968721778248e-01	1.478929400985424525e-01	8.890901866986071489e-02	4.907649203391423187e-02	1.912758384978753556e-02	4.042472077649298529e-02
4.741014809382177759e+02	4.039557266561576987e-01	2.611504508877893760e-01	1.498326457350751262e-01	9.007320881655934974e-02	4.953158634182965037e-02	1.928539391516116697e-02	4.095767989431955275e-02
4.837770213655284124e+02	4.013733747656850759e-01	2.595732081640532707e-01	1.517315845092944704e-01	9.121197798449445782e-02	4.997648577309739271e-02	1.943966624921894884e-02	4.148039480104829396e-02
4.934525617928388783e+02	3.988457946585922120e-01	2.580294400935447818e-01	1.535905518697916750e-01	9.232590262048931407e-02	5.041144160730748336e-02	1.959048804488566428e-02	4.199307335228077281e-02
5.031281022201495148e+02	3.963718221836406430e-01	2.565184337560663108e-01	1.554103324932268881e-01	9.341554415552474899e-02	5.083669693037488890e-02	1.973794365769941661e-02	4.249591907035897564e-02
5.128036426474600376e+02	3.939503180885253197e-01	2.550394915731151180e-01	1.571917000082558580e-01	9.448144953280329661e-02	5.125248705704547880e-02	1.988211475087357100e-02	4.298913123627314675e-02
5.224791830747705035e+02	3.915801674703237589e-01	2.535919309687415524e-01	1.589354167658044437e-01	9.552415171189587717e-02	5.165903992103958176e-02	2.002308042950791053e-02	4.347290497957861238e-02
5.321547235020811968e+02	3.892602792409109447e-01	2.521750840373919167e-01	1.606422336516868943e-01	9.654417014943911246e-02	5.205657643610776125e-02	2.016091736499174558e-02	4.394743136636332370e-02
5.418302639293917764e+02	3.869895856062655626e-01	2.507882972190433324e-01	1.623128899378204759e-01	9.754201125710161568e-02	5.244531083083776163e-02	2.029569991051410546e-02	4.441289748530879294e-02
5.515058043567023560e+02	3.847670415588298476e-01	2.494309309817515641e-01	1.639481131685440740e-01	9.851816883770041222e-02	5.282545095969074650e-02	2.042750020848840137e-02	4.486948653188660430e-02
5.611813447840129356e+02	3.825916243822529150e-01	2.481023595116087221e-01	1.655486190787980039e-01	9.947312450044722143e-02	5.319719859244471244e-02	2.055638829060757455e-02	4.531737789073248673e-02
5.708568852113234016e+02	3.804623331679651832e-01	2.468019704100319067e-01	1.671151115411618759e-01	1.004073480563561216e-01	5.356074968396944830e-02	2.068243217116780622e-02	4.575674721623926994e-02
5.805324256386339812e+02	3.783781883431149295e-01	2.455291643982540073e-01	1.686482825389765683e-01	1.013212978948616477e-01	5.391629462604347056e-02	2.080569793423171082e-02	4.618776651140921174e-02
5.902079660659445608e+02	3.763382312094608606e-01	2.442833550288595612e-01	1.701488121629932959e-01	1.022154213426892944e-01	5.426401848273965101e-02	2.092624981514373816e-02	4.661060420500508228e-02
5.998835064932552541e+02	3.743415234928578195e-01	2.430639684041925319e-01	1.716173686291970479e-01	1.030901550059967614e-01	5.460410121074853185e-02	2.104415027685996656e-02	4.702542522703887645e-02
6.095590469205657200e+02	3.723871469030091697e-01	2.418704429014544022e-01	1.730546083156420945e-01	1.039459250967690596e-01	5.493671786587119021e-02	2.115946008150995650e-02	4.743239108263564568e-02
6.192345873478761860e+02	3.704742027031840967e-01	2.407022289043104224e-01	1.744611758163171211e-01	1.047831477444074733e-01	5.526203879679398440e-02	2.127223835756912942e-02	4.783165992430928048e-02
6.289101277751868793e+02	3.686018112896189414e-01	2.395587885408211881e-01	1.758377040102219180e-01	1.056022292934059026e-01	5.558022982715198762e-02	2.138254266298552503e-02	4.822338662268600001e-02
6.385856682024975726e+02	3.667691117803399403e-01	2.384395954275217167e-01	1.771848141439920643e-01	1.064035665879582981e-01	5.589145242679528086e-02	2.149042904457370770e-02	4.860772283571051372e-02
6.482612086298080385e+02	3.649752616131566874e-01	2.373441344194742730e-01	1.785031159265504930e-01	1.071875472442910260e-01	5.619586387308925235e-02	2.159595209396109397e-02	4.898481707636868909e-02
6.579367490571185044e+02	3.632194361525901694e-01	2.362719013661266909e-01	1.797932076343958518e-01	1.079545499114651363e-01	5.649361740300660323e-02	2.169916500034698575e-02	4.935481477896007385e-02
6.676122894844290840e+02	3.615008283055064497e-01	2.352224028728140404e-01	1.810556762262589825e-01	1.087049445213447985e-01	5.678486235670238136e-02	2.180011960031240023e-02	4.971785836395240660e-02
6.772878299117396637e+02	3.598186481452395613e-01	2.341951560677466848e-01	1.822910974659705530e-01	1.094390925283823535e-01	5.706974431320407937e-02	2.189886642489849433e-02	5.007408730144964626e-02
6.869633703390502433e+02	3.581721225439928324e-01	2.331896883743346804e-01	1.835000360524851881e-01	1.101573471398261672e-01	5.734840521879506353e-02	2.199545474415316726e-02	5.042363817330430126e-02
6.966389107663608229e+02	3.565604948133163088e-01	2.322055372887029678e-01	1.846830457561023653e-01	1.108600535369158729e-01	5.762098350862121521e-02	2.208993260932879191e-02	5.076664473390387483e-02
7.063144511936714025e+02	3.549830243524659812e-01	2.312422501622583559e-01	1.858406695600105518e-01	1.115475490875902087e-01	5.788761422200652124e-02	2.218234689289904846e-02	5.110323796966071558e-02
7.159899916209819821e+02	3.534389863044549718e-01	2.302993839891736283e-01	1.869734398063605807e-01	1.122201635511958923e-01	5.814842911192349278e-02	2.227274332654904584e-02	5.143354615723375045e-02
7.256655320482924481e+02	3.519276712196138246e-01	2.293765051986598469e-01	1.880818783461477017e-01	1.128782192756516839e-01	5.840355674902793920e-02	2.236116653728041290e-02	5.175769492050991127e-02
7.353410724756030277e+02	3.504483847264838747e-01	2.284731894519017592e-01	1.891664966922477764e-01	1.135220313874893833e-01	5.865312262063441390e-02	2.244766008176171321e-02	5.207580728637235812e-02
7.450166129029136073e+02	3.490004472098702237e-01	2.275890214435369596e-01	1.902277961750150348e-01	1.141519079751644322e-01	5.889724922497854842e-02	2.253226647904402191e-02	5.238800373928206855e-02
7.546921533302243006e+02	3.475831934958886760e-01	2.267235947075626756e-01	1.912662680999045461e-01	1.147681502660002073e-01	5.913605616108458252e-02	2.261502724175203441e-02	5.269440227469857074e-02
7.643676937575347665e+02	3.461959725438447100e-01	2.258765114275584629e-01	1.922823939066336807e-01	1.153710527971052863e-01	5.936966021453167486e-02	2.269598290585232714e-02	5.299511845136512661e-02
7.740432341848452324e+02	3.448381471447866109e-01	2.250473822511167843e-01	1.932766453294446352e-01	1.159609035805789085e-01	5.959817543938888268e-02	2.277517305909240036e-02	5.329026544248301189e-02
7.837187746121558121e+02	3.435090936265801087e-01	2.242358261083778892e-01	1.942494845580714502e-01	1.165379842632977836e-01	5.982171323656805539e-02	2.285263636819689567e-02	5.357995408579897118e-02
7.933943150394665054e+02	3.422082015653559739e-01	2.234414700345670468e-01	1.952013643990564984e-01	1.171025702815574610e-01	6.004038242882414611e-02	2.292841060490055649e-02	5.386429293262944701e-02
8.030698554667769713e+02	3.409348735031855204e-01	2.226639489964378216e-01	1.961327284370945612e-01	1.176549310108223334e-01	6.025428933261498671e-02	2.300253267089142489e-02	5.414338829584449536e-02
8.127453958940876646e+02	3.396885246718435725e-01	2.219029057225259671e-01	1.970440111961180851e-01	1.181953299108214894e-01	6.046353782701604368e-02	2.307503862173215792e-02	5.441734429683382085e-02
8.224209363213982442e+02	3.384685827225216159e-01	2.211579905371230670e-01	1.979356382998651853e-01	1.187240246662112086e-01	6.066822941987091988e-02	2.314596368982208691e-02	5.468626291147706681e-02
8.320964767487085965e+02	3.372744874613573529e-01	2.204288611978812706e-01	1.988080266317001354e-01	1.192412673230103942e-01	6.086846331134450339e-02	2.321534230645795963e-02	5.495024401513957241e-02
8.417720171760191761e+02	3.361056905906510961e-01	2.197151827369628052e-01	1.996615844934808426e-01	1.197473044210014964e-01	6.106433645503324403e-02	2.328320812304692303e-02	5.520938542671474658e-02
8.514475576033297557e+02	3.349616554556418269e-01	2.190166273056511903e-01	2.004967117632908691e-01	1.202423771222770749e-01	6.125594361677532546e-02	2.334959403152129728e-02	5.546378295173348683e-02
8.611230980306403353e+02	3.338418567967194051e-01	2.183328740223431652e-01	2.013138000518736592e-01	1.207267213361001568e-01	6.144337743129300172e-02	2.341453218400098638e-02	5.571353042456064775e-02
8.707986384579510286e+02	3.327457805069524155e-01	2.176636088238423916e-01	2.021132328576262793e-01	1.212005678402361258e-01	6.162672845678949379e-02	2.347805401174606760e-02	5.595871974969821722e-02
8.804741788852616082e+02	3.316729233948143563e-01	2.170085243198793257e-01	2.028953857200261612e-01	1.216641423989038989e-01	6.180608522761406320e-02	2.354019024343887226e-02	5.619944094221428210e-02
8.901497193125721878e+02	3.306227929519935937e-01	2.163673196507819585e-01	2.036606263713814369e-01	1.221176658774849183e-01	6.198153430510035256e-02	2.360097092283210823e-02	5.643578216731658104e-02
8.998252597398827675e+02	3.295949071261742302e-01	2.157397003482265097e-01	2.044093148868086074e-01	1.225613543541199113e-01	6.215316032667578955e-02	2.366042542579691738e-02	5.666782977908888658e-02
9.095008001671932334e+02	3.285887940986809141e-01	2.151253781989964919e-01	2.051418038323543913e-01	1.229954192283158054e-01	6.232104605333273900e-02	2.371858247680232873e-02	5.689566835840818154e-02
9.191763405945038130e+02	3.276039920668783467e-01	2.145240711116831178e-01	2.058584384111907806e-01	1.234200673266776099e-01	6.248527241554559936e-02	2.377547016485533765e-02	5.711938075006003923e-02
9.288518810218145063e+02	3.266400490312239002e-01	2.139355029862597679e-01	2.065595566078228806e-01	1.238355010058736771e-01	6.264591855771226014e-02	2.383111595892882517e-02	5.733904809906951311e-02
9.385274214491247449e+02	3.256965225868703184e-01	2.133594035864659899e-01	2.072454893302586587e-01	1.242419182529362065e-01	6.280306188119294530e-02	2.388554672290260986e-02	5.755474988626407135e-02
9.482029618764355519e+02	3.247729797197201340e-01	2.127955084149379394e-01	2.079165605500988001e-01	1.246395127829934141e-01	6.295677808601410352e-02	2.393878873004120014e-02	5.776656396308513935e-02
9.578785023037459041e+02	3.238689966068346027e-01	2.122435585910241451e-01	2.085730874405122837e-01	1.250284741345242534e-01	6.310714121130102383e-02	2.399086767703023648e-02	5.797456658566416815e-02
9.675540427310568248e+02	3.229841584211025074e-01	2.117033007312260906e-01	2.092153805120716414e-01	1.254089877622215077e-01	6.325422367449788641e-02	2.404180869759208264e-02	5.817883244817894511e-02
9.772295831583674044e+02	3.221180591400769067e-01	2.111744868322060209e-01	2.098437437464268640e-01	1.257812351275449658e-01	6.339809630943060714e-02	2.409163637569972441e-02	5.837943471550547520e-02
9.869051235856777566e+02	3.212703013588896206e-01	2.106568741563041580e-01	2.104584747278041845e-01	1.261453937870414266e-01	6.353882840326390002e-02	2.414037475840686078e-02	5.857644505518040667e-02
9.965806640129884499e+02	3.204404961071539715e-01	2.101502251195108972e-01	2.110598647723203325e-01	1.265016374785049580e-01	6.367648773240075499e-02	2.418804736831085822e-02	5.876993366868878133e-02
