0.000000000000000000e+00	1.000417339701739294e+00	3.681747986502411549e-25	1.841209034097533725e-03	1.753245188039084192e-18	1.245349402261201432e-04	1.232537331126882987e-03	2.056763433996208508e-15
4.837770213655283591e+00	9.808046859121132277e-01	1.789255341246131711e-02	2.127766655474480368e-03	8.333613175733288459e-05	1.472476822079799106e-03	1.224836216763314743e-03	9.965856542400673544e-06
9.675540427310567182e+00	9.621278919810004604e-01	3.458733571341828655e-02	2.506455647111036512e-03	3.236415995877304315e-04	2.829762233713012907e-03	1.219131288812542275e-03	2.140254354882875531e-05
1.451331064096584811e+01	9.443323604375951641e-01	5.016257225184794083e-02	2.968879101883304100e-03	7.071316277997151574e-04	4.194068632185379147e-03	1.215887022038492256e-03	3.472193384195217325e-05
1.935108085462113081e+01	9.273669197441331002e-01	6.469139561323351828e-02	3.507256762031291629e-03	1.220992816594315342e-03	5.563254364812695793e-03	1.215515253134971663e-03	5.028645325214707693e-05
2.418885106827641707e+01	9.111836040068631570e-01	7.824217710858480390e-02	4.114382647842119121e-03	1.853318415194137384e-03	6.935346366061158167e-03	1.218379337874204212e-03	6.841312477242365907e-05
2.902662128193169622e+01	8.957374469677210627e-01	9.087883668366424084e-02	4.783585517345239485e-03	2.593047838194288950e-03	8.308528665175528294e-03	1.224798014120785736e-03	8.937732097089762814e-05
3.386439149558698603e+01	8.809862893483270119e-01	1.026611326534283830e-01	5.508691970323163420e-03	3.429910148310381327e-03	9.681131651566022428e-03	1.235048990620812685e-03	1.134162446162707068e-04
3.870216170924226162e+01	8.668905986783473905e-01	1.136449325752104805e-01	6.283992022175301055e-03	4.354371246733441947e-03	1.105162204843189618e-02	1.249372280154905463e-03	1.407321561385847482e-04
4.353993192289755143e+01	8.534133007967378282e-01	1.238824664886434418e-01	7.104206984607465934e-03	5.357584529161707812e-03	1.241859354832796844e-02	1.267973294409619010e-03	1.714953653041058638e-04
4.837770213655283413e+01	8.405196222671897921e-01	1.334225636703647022e-01	7.964459500807478942e-03	6.431344781341396394e-03	1.378075806739837740e-02	1.291025716768662767e-03	2.058470033217730014e-04
5.321547235020811684e+01	8.281769429984725539e-01	1.423108739767933728e-01	8.860245592756839372e-03	7.568045102684196890e-03	1.513693757782320036e-02	1.318674168148116456e-03	2.439015905138372997e-04
5.805324256386339954e+01	8.163546584065103362e-01	1.505900747783866234e-01	9.787408587665236831e-03	8.760636660305191198e-03	1.648605648066122156e-02	1.351036679993455327e-03	2.857494136701025310e-04
6.289101277751868224e+01	8.050240504981861500e-01	1.583000644234481558e-01	1.074211479924123448e-02	1.000259108870377514e-02	1.782713448373788104e-02	1.388206987616071291e-03	3.314587262588604747e-04
6.772878299117397205e+01	7.941581672972044537e-01	1.654781431084836607e-01	1.172083084766866422e-02	1.128786536235018220e-02	1.915927995153261093e-02	1.430256656168739111e-03	3.810777837838098922e-04
7.256655320482924765e+01	7.837317100700553762e-01	1.721591819749947183e-01	1.272030250978128246e-02	1.261086897969619126e-02	2.048168369617472950e-02	1.477237050739086278e-03	4.346367257508572694e-04
7.740432341848452324e+01	7.737209278453843764e-01	1.783757811992200681e-01	1.373753499805287041e-02	1.396643330765151396e-02	2.179361318067167194e-02	1.529181161273794999e-03	4.921493149378833830e-04
8.224209363213981305e+01	7.641035187530363926e-01	1.841584177914244447e-01	1.476977457367870464e-02	1.534978294540486482e-02	2.309440710737663618e-02	1.586105292330445638e-03	5.536145439407492291e-04
8.707986384579510286e+01	7.548585377398558949e-01	1.895355837746776073e-01	1.581449140524765484e-02	1.675650897566563491e-02	2.438347036646343682e-02	1.648010626985298849e-03	6.190181182966496450e-04
9.191763405945040688e+01	7.459663102481447483e-01	1.945339153694458367e-01	1.686936359032034996e-02	1.818254397999992042e-02	2.566026932082217729e-02	1.714884673600820158e-03	6.883338248582869913e-04
9.675540427310566827e+01	7.374083514696083697e-01	1.991783137695385120e-01	1.793226226266464440e-02	1.962413870297263774e-02	2.692432740532818558e-02	1.786702603573472490e-03	7.615247935062927596e-04
1.015931744867609581e+02	7.291672908128097319e-01	2.034920580568282678e-01	1.900123771297969333e-02	2.107784025732175118e-02	2.817522101987498390e-02	1.863428487637542848e-03	8.385446597401517103e-04
1.064309447004162337e+02	7.212268012456921618e-01	2.074969107665207146e-01	2.007450645568764624e-02	2.254047176941574235e-02	2.941257569690679599e-02	1.945016437792013511e-03	9.193386351770195010e-04
1.112687149140715235e+02	7.135715331967452668e-01	2.112132165814287199e-01	2.115043917880881155e-02	2.400911337081275063e-02	3.063606252544331596e-02	2.031411661442349137e-03	1.003844492510882818e-03
1.161064851277267991e+02	7.061870527189657576e-01	2.146599946025548877e-01	2.222754951808271137e-02	2.548108444787957477e-02	3.184539481476442863e-02	2.122551433905373302e-03	1.091993471039269742e-03
1.209442553413820747e+02	6.990597836400073151e-01	2.178550246141621738e-01	2.330448360037241234e-02	2.695392706716851286e-02	3.304032498202140455e-02	2.218365995011060444e-03	1.183711108449076376e-03
1.257820255550373645e+02	6.921769534398983792e-01	2.208149277342859873e-01	2.438001030501063537e-02	2.842539049961581923e-02	3.422064164906789968e-02	2.318779375148177259e-03	1.278918004165104875e-03
1.306197957686926259e+02	6.855265426145256136e-01	2.235552418161872723e-01	2.545301219513040197e-02	2.989341677164212424e-02	3.538616693476441533e-02	2.423710155739418250e-03	1.377530519202767876e-03
1.354575659823479441e+02	6.790972372988037797e-01	2.260904919424485404e-01	2.652247707418508432e-02	3.135612717592467513e-02	3.653675392990711479e-02	2.533072168794383346e-03	1.479461417128416284e-03
1.402953361960032339e+02	6.728783849381496651e-01	2.284342563311685115e-01	2.758749012581803231e-02	3.281180967899551687e-02	3.767228434277117982e-02	2.646775139873788416e-03	1.584620450415300886e-03
1.451331064096584669e+02	6.668599528106223806e-01	2.305992279529119060e-01	2.864722659800326629e-02	3.425890716691828292e-02	3.879266630404311356e-02	2.764725278504274759e-03	1.692914896188781396e-03
1.499708766233137851e+02	6.610324892149407328e-01	2.325972721376262098e-01	2.970094499495923995e-02	3.569600647412795452e-02	3.989783232064954277e-02	2.886825819808677088e-03	1.804250045079692447e-03
1.548086468369690749e+02	6.553870871515992125e-01	2.344394804325596604e-01	3.074798074274877682e-02	3.712182814409983878e-02	4.098773736867573209e-02	3.012977520860362669e-03	1.918529646648422940e-03
1.596464170506243647e+02	6.499153503355370454e-01	2.361362209552190228e-01	3.178774029673148843e-02	3.853521687386274319e-02	4.206235711620749662e-02	3.143079115031038092e-03	2.035656314603099051e-03
1.644841872642796261e+02	6.446093613893120189e-01	2.376971854695181796e-01	3.281969566114010389e-02	3.993513259750195582e-02	4.312168626752950484e-02	3.277027727378152566e-03	2.155531894812106383e-03
1.693219574779349159e+02	6.394616520755487254e-01	2.391314333984147500e-01	3.384337929301934472e-02	4.132064216672401424e-02	4.416573702067256441e-02	3.414719253909612173e-03	2.278057798903014488e-03
1.741597276915902057e+02	6.344651754366104068e-01	2.404474329724453352e-01	3.485837936460395997e-02	4.269091158929130131e-02	4.519453763082621062e-02	3.556048707369026656e-03	2.403135306045767975e-03
1.789974979052454671e+02	6.296132797180211682e-01	2.416530997005869041e-01	3.586433535992976374e-02	4.404519878869216087e-02	4.620813107262201902e-02	3.700910532003168479e-03	2.530665835336870506e-03
1.838352681189008138e+02	6.248996839601890230e-01	2.427558323377366489e-01	3.686093398307623004e-02	4.538284685080321013e-02	4.720657379475064891e-02	3.849198889603950256e-03	2.660551191032344172e-03
1.886730383325560467e+02	6.203184551504827837e-01	2.437625465117533585e-01	3.784790535693811908e-02	4.670327772553592438e-02	4.818993456080305354e-02	4.000807918959133937e-03	2.792693782719688281e-03
1.935108085462113081e+02	6.158639868347250967e-01	2.446797061623970926e-01	3.882501949282431836e-02	4.800598635354886429e-02	4.915829337062610493e-02	4.155631970698502389e-03	2.926996822372128580e-03
1.983485787598666263e+02	6.115309790937223378e-01	2.455133529345858157e-01	3.979208301249065327e-02	4.929053519006078299e-02	5.011174045685641565e-02	4.313565819384621892e-03	3.063364500091452468e-03
2.031863489735219162e+02	6.073144197965818503e-01	2.462691336591162072e-01	4.074893610543581235e-02	5.055654909962572358e-02	5.105037535164560353e-02	4.474504854568924980e-03	3.201702140217992879e-03
2.080241191871772060e+02	6.032095670482968686e-01	2.469523260453274083e-01	4.169544970543167389e-02	5.180371059743844875e-02	5.197430601891643576e-02	4.638345252414091680e-03	3.341916339367242538e-03
2.128618894008324673e+02	5.992119327544391805e-01	2.475678627020839184e-01	4.263152287132618984e-02	5.303175541433455265e-02	5.288364804779480122e-02	4.804984129371990542e-03	3.483915087841587058e-03
2.176996596144877287e+02	5.953172672308083557e-01	2.481203535958767803e-01	4.355708035815371304e-02	5.424046836414146006e-02	5.377852390314749598e-02	4.974319679302245147e-03	3.627607875762184266e-03
2.225374298281430470e+02	5.915215447905712853e-01	2.486141070477594639e-01	4.447207036551870107e-02	5.542967949343115958e-02	5.465906222942271131e-02	5.146251295319311664e-03	3.772905785169603822e-03
2.273752000417983652e+02	5.878209502458034974e-01	2.490531493642144656e-01	4.537646245108838822e-02	5.659926049502937706e-02	5.552539720423911584e-02	5.320679677565332867e-03	3.919721569251998113e-03
2.322129702554535982e+02	5.842118662644402161e-01	2.494412431908547001e-01	4.627024559784241597e-02	5.774912136785474714e-02	5.637766793840275070e-02	5.497506928021532110e-03	4.067969719775861581e-03
2.370507404691088880e+02	5.806908615274710694e-01	2.497819046720770320e-01	4.715342642448633326e-02	5.887920730680073350e-02	5.721601791924847691e-02	5.676636633392118797e-03	4.217566523716461541e-03
2.418885106827641494e+02	5.772546796347944875e-01	2.500784194943745931e-01	4.802602752914456041e-02	5.998949580743839771e-02	5.804059449440655827e-02	5.857973937021235603e-03	4.368430110012381552e-03
2.467262808964194392e+02	5.739002287114908230e-01	2.503338578859565233e-01	4.888808595711033322e-02	6.107999397131355646e-02	5.885154839328504695e-02	6.041425600734990839e-03	4.520480487300951658e-03
2.515640511100747290e+02	5.706245716694055004e-01	2.505510886405934445e-01	4.973965178404872456e-02	6.215073599854273323e-02	5.964903328373671876e-02	6.226900057436829221e-03	4.673639573428366688e-03
2.564018213237300188e+02	5.674249170818564947e-01	2.507327922291875955e-01	5.058078680662582427e-02	6.320178085528244116e-02	6.043320536154540845e-02	6.414307455224980276e-03	4.827831217469619011e-03
2.612395915373852517e+02	5.642986106320176942e-01	2.508814730584319475e-01	5.141156333307696918e-02	6.423321010445953716e-02	6.120422297052216520e-02	6.603559693745329577e-03	4.982981214938767348e-03
2.660773617510405415e+02	5.612431270980851039e-01	2.509994709320589323e-01	5.223206306673005422e-02	6.524512588891083487e-02	6.196224625114684498e-02	6.794570453441397054e-03	5.139017316819256657e-03
2.709151319646958882e+02	5.582560628407264858e-01	2.510889717665665266e-01	5.304237607597057924e-02	6.623764905679081771e-02	6.270743681582642559e-02	6.987255218315014012e-03	5.295869232996680900e-03
2.757529021783511780e+02	5.553351287605480247e-01	2.511520176099323320e-01	5.384259984457417242e-02	6.721091741977067158e-02	6.343995744896852029e-02	7.181531292766451385e-03	5.453468630632395640e-03
2.805906723920064678e+02	5.524781436954052660e-01	2.511905160086685962e-01	5.463283839674230868e-02	6.816508413517301246e-02	6.415997183018691541e-02	7.377317813041047237e-03	5.611749127975437616e-03
2.854284426056617008e+02	5.496830282293371228e-01	2.512062487656189225e-01	5.541320149155989916e-02	6.910031620376712314e-02	6.486764427906692443e-02	7.574535753770469948e-03	5.770646284072126000e-03
2.902662128193169337e+02	5.469477988867316176e-01	2.512008801281377379e-01	5.618380388195109987e-02	7.001679307549210640e-02	6.556313952002217060e-02	7.773107930060607976e-03	5.930097584797327376e-03
2.951039830329722804e+02	5.442705626870392166e-01	2.511759644437137617e-01	5.694476463354315038e-02	7.091470535588294266e-02	6.624662246587079140e-02	7.972958995544347088e-03	6.090042425598435338e-03
2.999417532466276270e+02	5.416495120369496652e-01	2.511329533176860918e-01	5.769620649915987998e-02	7.179425360644822729e-02	6.691825801885015190e-02	8.174015436786171221e-03	6.250422091312516845e-03
3.047795234602828600e+02	5.390829199384384873e-01	2.510732023054465523e-01	5.843825534495748764e-02	7.265564723269181402e-02	6.757821088787339947e-02	8.376205564396305148e-03	6.411179733388654850e-03
3.096172936739380930e+02	5.365691354924908563e-01	2.509979771694138551e-01	5.917103962448652665e-02	7.349910345388503685e-02	6.822664542091025353e-02	8.579459501185002571e-03	6.572260344821093461e-03
3.144550638875934396e+02	5.341065796796132803e-01	2.509084597290937024e-01	5.989468989721767611e-02	7.432484634908294308e-02	6.886372545144853197e-02	8.783709167662275344e-03	6.733610733074248123e-03
3.192928341012487294e+02	5.316937413994654582e-01	2.508057533306963793e-01	6.060933838830551146e-02	7.513310597424058268e-02	6.948961415806194364e-02	8.988888265164914765e-03	6.895179491257878539e-03
3.241306043149040192e+02	5.293291737530889662e-01	2.506908879610607599e-01	6.131511858658523356e-02	7.592411754562339299e-02	7.010447393617393053e-02	9.194932256870763654e-03	7.056916967789550639e-03
3.289683745285592522e+02	5.270114905522749194e-01	2.505648250290224976e-01	6.201216487800342847e-02	7.669812068502190883e-02	7.070846628116816968e-02	9.401778346939917291e-03	7.218775234761897613e-03
3.338061447422145420e+02	5.247393630416106181e-01	2.504284618358591508e-01	6.270061221187625544e-02	7.745535872257688914e-02	7.130175168205221681e-02	9.609365458003633204e-03	7.380708055213992813e-03
3.386439149558698318e+02	5.225115168196839965e-01	2.502826357550362868e-01	6.338059579754812267e-02	7.819607805329724382e-02	7.188448952493378674e-02	9.817634207204183061e-03	7.542670849489225074e-03
3.434816851695251216e+02	5.203267289467898848e-01	2.501281281401634971e-01	6.405225082919105417e-02	7.892052754361114641e-02	7.245683800561833476e-02	1.002652688097260998e-02	7.704620660846439768e-03
3.483194553831804114e+02	5.181838252273062162e-01	2.499656679788376801e-01	6.471571223664152051e-02	7.962895798453227536e-02	7.301895405068242750e-02	1.023598740871616182e-02	7.866516120476589255e-03
3.531572255968357013e+02	5.160816776556673702e-01	2.497959353089018730e-01	6.537111446031722284e-02	8.032162158824882048e-02	7.357099324642071836e-02	1.044596133557317355e-02	8.028317412063683614e-03
3.579949958104909342e+02	5.140192020155756047e-01	2.496195644125709934e-01	6.601859124839210002e-02	8.099877152515357059e-02	7.411310977510414399e-02	1.065639579438006426e-02	8.189986236016388518e-03
3.628327660241463377e+02	5.119953556227624381e-01	2.494371468028718508e-01	6.665827547453509472e-02	8.166066149853061507e-02	7.464545635802480317e-02	1.086723947698304757e-02	8.351485773485088984e-03
3.676705362378016275e+02	5.100091352022326774e-01	2.492492340159034869e-01	6.729029897463617571e-02	8.230754535429830876e-02	7.516818420483785401e-02	1.107844260501591842e-02	8.512780650268584812e-03
3.725083064514568036e+02	5.080595748915098797e-01	2.490563402215457689e-01	6.791479240105390003e-02	8.293967672338035946e-02	7.568144296874362853e-02	1.128995690025481023e-02	8.673836900704697331e-03
3.773460766651120935e+02	5.061457443619465923e-01	2.488589446644226544e-01	6.853188509302107767e-02	8.355730869443768472e-02	7.618538070708381904e-02	1.150173555465122156e-02	8.834621931629973654e-03
3.821838468787673833e+02	5.042667470506742022e-01	2.486574939461576317e-01	6.914170496194199655e-02	8.416069351484424532e-02	7.668014384695415186e-02	1.171373320013563077e-02	8.995104486485234335e-03
3.870216170924226162e+02	5.024217184962436189e-01	2.484524041592416632e-01	6.974437839040326104e-02	8.475008231793029756e-02	7.716587715546260884e-02	1.192590587827569749e-02	9.155254609635937041e-03
3.918593873060780197e+02	5.006098247714571015e-01	2.482440628821614148e-01	7.034003014380435514e-02	8.532572487464816502e-02	7.764272371428738995e-02	1.213821100986544124e-02	9.315043610969159227e-03
3.966971575197332527e+02	4.988302610073049315e-01	2.480328310448093321e-01	7.092878329359166012e-02	8.588786936793801896e-02	7.811082489821218056e-02	1.235060736451459341e-02	9.474444030822362292e-03
4.015349277333884856e+02	4.970822500023150958e-01	2.478190446726084295e-01	7.151075915115186199e-02	8.643676218818609203e-02	7.857032035733774178e-02	1.256305503030081053e-02	9.633429605293012538e-03
4.063726979470438323e+02	4.953650409119878528e-01	2.476030165172378728e-01	7.208607721148892200e-02	8.697264774827487277e-02	7.902134800268975634e-02	1.277551538354132661e-02	9.791975231972513752e-03
4.112104681606991221e+02	4.936779080133275599e-01	2.473850375813308466e-01	7.265485510587103846e-02	8.749576831682477629e-02	7.946404399496116711e-02	1.298795105873501096e-02	9.950056936142719424e-03
4.160482383743544119e+02	4.920201495398062730e-01	2.471653785440377782e-01	7.321720856269321731e-02	8.800636386832076663e-02	7.989854273614593883e-02	1.320032591872057418e-02	1.010765183746854465e-02
4.208860085880095880e+02	4.903910865823894460e-01	2.469442910938992319e-01	7.377325137585555304e-02	8.850467194890440648e-02	8.032497686383668900e-02	1.341260502509193479e-02	1.026473811721584015e-02
4.257237788016648778e+02	4.887900620525357787e-01	2.467220091750532696e-01	7.432309538000826665e-02	8.899092755669375798e-02	8.074347724797516224e-02	1.362475460890727637e-02	1.042129498601963855e-02
4.305615490153201677e+02	4.872164397033436067e-01	2.464987501524107949e-01	7.486685043206184331e-02	8.946536303557008074e-02	8.115417298985830308e-02	1.383674204172427070e-02	1.057730265222424706e-02
4.353993192289755143e+02	4.856696032052611467e-01	2.462747159010655051e-01	7.540462439840545095e-02	8.992820798144109118e-02	8.155719142321644910e-02	1.404853580699017349e-02	1.073274229081325887e-02
4.402370894426308041e+02	4.841489552730062207e-01	2.460500938248629255e-01	7.593652314731674791e-02	9.037968916005768849e-02	8.195265811719283644e-02	1.426010547181208107e-02	1.088759601294448341e-02
4.450748596562860939e+02	4.826539168405549751e-01	2.458250578087322613e-01	7.646265054608593348e-02	9.082003043552311361e-02	8.234069688106540608e-02	1.447142165912936561e-02	1.104184683610196296e-02
4.499126298699413837e+02	4.811839262812596107e-01	2.455997691090857082e-01	7.698310846241127048e-02	9.124945270869160019e-02	8.272142977056264057e-02	1.468245602030748484e-02	1.119547865487469269e-02
4.547504000835967304e+02	4.797384386703424375e-01	2.453743771863101386e-01	7.749799676965743456e-02	9.166817386470815787e-02	8.309497709563597179e-02	1.489318120816957199e-02	1.134847621236927638e-02
4.595881702972519065e+02	4.783169250871875944e-01	2.451490204831138220e-01	7.800741335559835399e-02	9.207640872899154616e-02	8.346145742956026514e-02	1.510357085047982911e-02	1.150082507226165771e-02
4.644259405109071963e+02	4.769188719550162547e-01	2.449238271522463373e-01	7.851145413429522213e-02	9.247436903101037553e-02	8.382098761924337837e-02	1.531359952389043863e-02	1.165251159149108436e-02
4.692637107245624861e+02	4.755437804156852355e-01	2.446989157368813228e-01	7.901021306078705175e-02	9.286226337524615404e-02	8.417368279663396680e-02	1.552324272836162755e-02	1.180352289359772912e-02
4.741014809382177759e+02	4.741911657374901501e-01	2.444743958067376322e-01	7.950378214829580126e-02	9.324029721877866161e-02	8.451965639112432593e-02	1.573247686206267343e-02	1.195384684270381186e-02
4.789392511518730657e+02	4.728605567539901910e-01	2.442503685528143731e-01	7.999225148767158400e-02	9.360867285496773937e-02	8.485902014285269523e-02	1.594127919675985758e-02	1.210347201813656570e-02
4.837770213655284124e+02	4.715514953319962510e-01	2.440269273434285680e-01	8.047570926882451070e-02	9.396758940274156646e-02	8.519188411681609396e-02	1.614962785369583945e-02	1.225238768969017650e-02
4.886147915791837022e+02	4.702635358669814414e-01	2.438041582440692023e-01	8.095424180391018465e-02	9.431724280103517821e-02	8.551835671771093605e-02	1.635750177996343757e-02	1.240058379352261368e-02
4.934525617928388783e+02	4.689962448042835352e-01	2.435821405034180875e-01	8.142793355205391048e-02	9.465782580795469026e-02	8.583854470542495729e-02	1.656488072537554146e-02	1.254805090868221437e-02
4.982903320064942250e+02	4.677492001845703906e-01	2.433609470077354453e-01	8.189686714541639934e-02	9.498952800427175325e-02	8.615255321110924791e-02	1.677174521983170602e-02	1.269478023425800635e-02
5.031281022201495148e+02	4.665219912121365553e-01	2.431406447056645159e-01	8.236112341641931012e-02	9.531253580088056010e-02	8.646048575376440171e-02	1.697807655118078671e-02	1.284076356714686749e-02
5.079658724338048046e+02	4.653142178446890709e-01	2.429212950053766806e-01	8.282078142596427384e-02	9.562703244987502682e-02	8.676244425727974718e-02	1.718385674357819984e-02	1.298599328042994439e-02
5.128036426474600376e+02	4.641254904033647044e-01	2.427029541458535222e-01	8.327591849249242617e-02	9.593319805892801255e-02	8.705852906786887280e-02	1.738906853633532049e-02	1.313046230235006238e-02
5.176414128611153274e+02	4.629554292017982187e-01	2.424856735439852862e-01	8.372661022174464340e-02	9.623120960867657947e-02	8.734883897184896051e-02	1.759369536325787464e-02	1.327416409588132694e-02
5.224791830747705035e+02	4.618036641931376751e-01	2.422695001190562081e-01	8.417293053709418160e-02	9.652124097283820703e-02	8.763347121371553583e-02	1.779772133246942598e-02	1.341709263888160759e-02
5.273169532884259070e+02	4.606698346339694328e-01	2.420544765960850886e-01	8.461495171033490970e-02	9.680346294080229008e-02	8.791252151446751761e-02	1.800113120671542957e-02	1.355924240481819198e-02
5.321547235020811968e+02	4.595535887641806760e-01	2.418406417893940730e-01	8.505274439281797216e-02	9.707804324245966621e-02	8.818608409014122573e-02	1.820391038414275950e-02	1.370060834405652239e-02
5.369924937157364866e+02	4.584545835018487558e-01	2.416280308676894417e-01	8.548637764683965357e-02	9.734514657504945989e-02	8.845425167051479409e-02	1.840604487954913479e-02	1.384118586570163428e-02
5.418302639293917764e+02	4.573724841523017504e-01	2.414166756018548965e-01	8.591591897719168258e-02	9.760493463181878215e-02	8.871711551794768391e-02	1.860752130609642785e-02	1.398097081998166819e-02
5.466680341430470662e+02	4.563069641305481650e-01	2.412066045965792493e-01	8.634143436279353989e-02	9.785756613230517376e-02	8.897476544632268447e-02	1.880832685748144370e-02	1.411995948116262500e-02
5.515058043567023560e+02	4.552577046963235397e-01	2.409978435068686753e-01	8.676298828833355070e-02	9.810319685406604373e-02	8.922728984006025876e-02	1.900844929055743593e-02	1.425814853098335104e-02
5.563435745703576458e+02	4.542243947010480287e-01	2.407904152404240772e-01	8.718064377585285629e-02	9.834197966569141469e-02	8.947477567317745073e-02	1.920787690839931630e-02	1.439553504259968864e-02
5.611813447840129356e+02	4.532067303460319829e-01	2.405843401468014675e-01	8.759446241621249296e-02	9.857406456094908176e-02	8.971730852836601322e-02	1.940659854380529653e-02	1.453211646502654102e-02
5.660191149976681118e+02	4.522044149513073097e-01	2.403796361942134308e-01	8.800450440038985744e-02	9.879959869392185290e-02	8.995497261606626160e-02	1.960460354322749246e-02	1.466789060806666239e-02
5.708568852113234016e+02	4.512171587345017998e-01	2.401763191347735249e-01	8.841082855055633349e-02	9.901872641500740480e-02	9.018785079351514244e-02	1.980188175112379198e-02	1.480285562771489066e-02
5.756946554249786914e+02	4.502446785992064160e-01	2.399744026589341883e-01	8.881349235089279481e-02	9.923158930766072527e-02	9.041602458374893569e-02	1.999842349472323588e-02	1.493701001202655913e-02
5.805324256386339812e+02	4.492866979323224541e-01	2.397738985398191192e-01	8.921255197810455673e-02	9.943832622576831426e-02	9.063957419454246600e-02	2.019421956919699099e-02	1.507035256743888968e-02
5.853701958522892710e+02	4.483429464099034645e-01	2.395748167681063523e-01	8.960806233160154011e-02	9.963907333155180845e-02	9.085857853726847511e-02	2.038926122322691492e-02	1.520288240553418525e-02
5.902079660659445608e+02	4.474131598110386854e-01	2.393771656780750157e-01	9.000007706331328294e-02	9.983396413390642488e-02	9.107311524566194527e-02	2.058354014496366000e-02	1.533459893023372475e-02
5.950457362795999643e+02	4.464970798393500528e-01	2.391809520653895571e-01	9.038864860711239013e-02	1.000231295270870985e-01	9.128326069447602331e-02	2.077704844836626361e-02	1.546550182541137075e-02
5.998835064932552541e+02	4.455944539517026626e-01	2.389861812971574295e-01	9.077382820782282924e-02	1.002066978296619892e-01	9.148909001801673602e-02	2.096977865991507192e-02	1.559559104291597699e-02
6.047212767069104302e+02	4.447050351937506529e-01	2.387928574147618610e-01	9.115566594979339354e-02	1.003847948236593485e-01	9.169067712854560293e-02	2.116172370568993044e-02	1.572486679099183507e-02
6.095590469205657200e+02	4.438285820419640704e-01	2.386009832299383904e-01	9.153421078501854102e-02	1.005575437938398958e-01	9.188809473453971033e-02	2.135287689880555409e-02	1.585332952308651788e-02
6.143968171342210098e+02	4.429648582518030953e-01	2.384105604145337343e-01	9.190951056079206538e-02	1.007250655670319239e-01	9.208141435880019821e-02	2.154323192719600696e-02	1.598097992703560385e-02
6.192345873478761860e+02	4.421136327117267673e-01	2.382215895843571851e-01	9.228161204688135888e-02	1.008874785514721067e-01	9.227070635640097218e-02	2.173278284174030850e-02	1.610781891461393611e-02
6.240723575615315895e+02	4.412746793027394476e-01	2.380340703775074840e-01	9.265056096221191417e-02	1.010448987760991651e-01	9.245603993247003549e-02	2.192152404472122451e-02	1.623384761144329100e-02
6.289101277751868793e+02	4.404477767631988505e-01	2.378480015275342974e-01	9.301640200105394662e-02	1.011974399297526223e-01	9.263748315979719594e-02	2.210945027860933623e-02	1.635906734724635811e-02
6.337478979888421691e+02	4.396327085586226868e-01	2.376633809317687807e-01	9.337917885870489210e-02	1.013452134002324201e-01	9.281510299626197225e-02	2.229655661516463314e-02	1.648347964643723240e-02
6.385856682024975726e+02	4.388292627562491166e-01	2.374802057151376433e-01	9.373893425666290913e-02	1.014883283131794572e-01	9.298896530207682865e-02	2.248283844484790656e-02	1.660708621903876636e-02
6.434234384161527487e+02	4.380372319041176965e-01	2.372984722897533150e-01	9.409570996728831849e-02	1.016268915707405629e-01	9.315913485684114426e-02	2.266829146653432173e-02	1.672988895191731065e-02
6.482612086298080385e+02	4.372564129144534406e-01	2.371181764105541601e-01	9.444954683795123151e-02	1.017610078899847115e-01	9.332567537640187871e-02	2.285291167752167424e-02	1.685188990032552431e-02
6.530989788434633283e+02	4.364866069511474378e-01	2.369393132272521463e-01	9.480048481466471499e-02	1.018907798410404048e-01	9.348864952951783935e-02	2.303669536382592017e-02	1.697309127974418533e-02
6.579367490571185044e+02	4.357276193211399584e-01	2.367618773328264148e-01	9.514856296520393664e-02	1.020163078849270766e-01	9.364811895432445521e-02	2.321963909075671836e-02	1.709349545801408868e-02
6.627745192707737942e+02	4.349792593695234744e-01	2.365858628087880722e-01	9.549381950171323408e-02	1.021376904110560813e-01	9.380414427459674021e-02	2.340173969376575444e-02	1.721310494774930602e-02
6.676122894844290840e+02	4.342413403781923420e-01	2.364112632674250924e-01	9.583629180280332782e-02	1.022550237743790891e-01	9.395678511580855818e-02	2.358299426956089045e-02	1.733192239902331053e-02
6.724500596980843738e+02	4.335136794678767225e-01	2.362380718912240607e-01	9.617601643514214760e-02	1.023684023321643349e-01	9.410610012098655219e-02	2.376340016747911094e-02	1.744995059231966433e-02
6.772878299117396637e+02	4.327960975034065294e-01	2.360662814696515566e-01	9.651302917454315788e-02	1.024779184803830540e-01	9.425214696635762779e-02	2.394295498111156245e-02	1.756719243173904960e-02
6.821256001253949535e+02	4.320884190020609639e-01	2.358958844334670679e-01	9.684736502655628965e-02	1.025836626896904635e-01	9.439498237678893566e-02	2.412165654017395591e-02	1.768365093845482988e-02
6.869633703390502433e+02	4.313904720448653585e-01	2.357268728867277230e-01	9.717905824656644653e-02	1.026857235409876917e-01	9.453466214102015930e-02	2.429950290261581256e-02	1.779932924440931485e-02
6.918011405527055331e+02	4.307020881907068777e-01	2.355592386366346380e-01	9.750814235940558072e-02	1.027841877605524812e-01	9.467124112668751090e-02	2.447649234696214204e-02	1.791423058624320996e-02
6.966389107663608229e+02	4.300231023931462282e-01	2.353929732213614623e-01	9.783465017848470835e-02	1.028791402547281075e-01	9.480477329513971319e-02	2.465262336488130424e-02	1.802835829945087162e-02
7.014766809800161127e+02	4.293533529198090837e-01	2.352280679359960991e-01	9.815861382445241479e-02	1.029706641441616305e-01	9.493531171604599472e-02	2.482789465397287204e-02	1.814171581275426243e-02
7.063144511936714025e+02	4.286926812742485882e-01	2.350645138567182268e-01	9.848006474338701077e-02	1.030588407975837895e-01	9.506290858179676506e-02	2.500230511076950365e-02	1.825430664268849756e-02
7.111522214073266923e+02	4.280409321201743000e-01	2.349023018633275839e-01	9.879903372452977783e-02	1.031437498651238682e-01	9.518761522169756628e-02	2.517585382394695731e-02	1.836613438839231061e-02
7.159899916209819821e+02	4.273979532079505983e-01	2.347414226602300980e-01	9.911555091756664437e-02	1.032254693111546162e-01	9.530948211595714759e-02	2.534854006773648583e-02	1.847720272659674270e-02
7.208277618346371582e+02	4.267635953032704599e-01	2.345818667959825021e-01	9.942964584946639706e-02	1.033040754466626465e-01	9.542855890947064823e-02	2.552036329553400429e-02	1.858751540680562628e-02
7.256655320482924481e+02	4.261377121179173999e-01	2.344236246814888625e-01	9.974134744088333782e-02	1.033796429611412437e-01	9.554489442539927657e-02	2.569132313370055959e-02	1.869707624666160431e-02
7.305033022619478515e+02	4.255201602425314755e-01	2.342666866069373355e-01	1.000506840221324495e-01	1.034522449540031391e-01	9.565853667854756770e-02	2.586141937554872761e-02	1.880588912749161373e-02
7.353410724756030277e+02	4.249107990813008606e-01	2.341110427575587294e-01	1.003576833487455355e-01	1.035219529655117543e-01	9.576953288853981561e-02	2.603065197550971308e-02	1.891395799002585157e-02
7.401788426892584312e+02	4.243094907885035516e-01	2.339566832282841680e-01	1.006623726166164662e-01	1.035888370072302334e-01	9.587792949279719257e-02	2.619902104347606245e-02	1.902128683028454434e-02
7.450166129029136073e+02	4.237161002068279836e-01	2.338035980373731615e-01	1.009647784767440798e-01	1.036529655919879306e-01	9.598377215931723494e-02	2.636652683931502497e-02	1.912787969562686902e-02
7.498543831165690108e+02	4.231304948074044447e-01	2.336517771390797249e-01	1.012649270495812187e-01	1.037144057633651167e-01	9.608710579925748563e-02	2.653316976754770129e-02	1.923374068095661318e-02
7.546921533302243006e+02	4.225525446314842837e-01	2.335012104354189377e-01	1.015628439389981569e-01	1.037732231246971670e-01	9.618797457932515282e-02	2.669895037218922296e-02	1.933887392507932165e-02
7.595299235438793630e+02	4.219821222337045152e-01	2.333518877870932873e-01	1.018585542458691762e-01	1.038294818675995074e-01	9.628642193397454752e-02	2.686386933174540401e-02	1.944328360720577048e-02
7.643676937575347665e+02	4.214191026268801488e-01	2.332037990236329739e-01	1.021520825812904931e-01	1.038832448000159697e-01	9.638249057741449244e-02	2.702792745436134042e-02	1.954697394359683482e-02
7.692054639711900563e+02	4.208633632282691717e-01	2.330569339528021922e-01	1.024434530794380016e-01	1.039345733737927630e-01	9.647622251542761762e-02	2.719112567311759987e-02	1.964994918434490728e-02
7.740432341848452324e+02	4.203147838072576747e-01	2.329112823693193501e-01	1.027326894100732552e-01	1.039835277117813345e-01	9.656765905700373520e-02	2.735346504146971697e-02	1.975221361028719688e-02
7.788810043985006359e+02	4.197732464344145487e-01	2.327668340629359123e-01	1.030198147907058354e-01	1.040301666344734810e-01	9.665684082578923642e-02	2.751494672882687925e-02	1.985377153004637754e-02
7.837187746121558121e+02	4.192386354318683450e-01	2.326235788259163884e-01	1.033048519984205160e-01	1.040745476861721919e-01	9.674380777135489773e-02	2.767557201626573080e-02	1.995462727719416254e-02
7.885565448258112156e+02	4.187108373249609494e-01	2.324815064599582981e-01	1.035878233813770644e-01	1.041167271607026379e-01	9.682859918028424717e-02	2.783534229237538682e-02	2.005478520753357918e-02
7.933943150394665054e+02	4.181897407951344348e-01	2.323406067825893317e-01	1.038687508699910195e-01	1.041567601266672194e-01	9.691125368708458643e-02	2.799425904922982905e-02	2.015424969649576292e-02
7.982320852531219089e+02	4.176752366340095168e-01	2.322008696330758737e-01	1.041476559878031921e-01	1.041947004522493503e-01	9.699180928492306952e-02	2.815232387848394177e-02	2.025302513664730547e-02
8.030698554667769713e+02	4.171672176986167546e-01	2.320622848778751413e-01	1.044245598620456017e-01	1.042306008295707520e-01	9.707030333619010021e-02	2.830953846758959766e-02	2.035111593530425020e-02
8.079076256804323748e+02	4.166655788677423033e-01	2.319248424156612476e-01	1.046994832339119136e-01	1.042645127986072118e-01	9.714677258289231010e-02	2.846590459612824073e-02	2.044852651224897053e-02
8.127453958940876646e+02	4.161702169993519718e-01	2.317885321819529165e-01	1.049724464685395792e-01	1.042964867706676485e-01	9.722125315687725478e-02	2.862142413225656976e-02	2.054526129754628838e-02
8.175831661077428407e+02	4.156810308890594996e-01	2.316533441533696336e-01	1.052434695647112700e-01	1.043265720514420652e-01	9.729378058989243683e-02	2.877609902926196728e-02	2.064132472945534244e-02
8.224209363213982442e+02	4.151979212296059152e-01	2.315192683515406302e-01	1.055125721642831138e-01	1.043548168636236062e-01	9.736438982348075144e-02	2.892993132222444405e-02	2.073672125243372286e-02
8.272587065350534203e+02	4.147207905713184428e-01	2.313862948466898772e-01	1.057797735613466017e-01	1.043812683691101029e-01	9.743311521871453329e-02	2.908292312478197306e-02	2.083145531523061464e-02
8.320964767487085965e+02	4.142495432835185398e-01	2.312544137609184314e-01	1.060450927111314945e-01	1.044059726907908825e-01	9.749999056577099421e-02	2.923507662599610785e-02	2.092553136906571271e-02
8.369342469623640000e+02	4.137840855168502530e-01	2.311236152712045078e-01	1.063085482386565278e-01	1.044289749339244039e-01	9.756504909335064757e-02	2.938639408731497440e-02	2.101895386589085202e-02
8.417720171760191761e+02	4.133243251665011386e-01	2.309938896121402629e-01	1.065701584471347579e-01	1.044503192071123548e-01	9.762832347794166143e-02	2.953687783963067706e-02	2.111172725673130662e-02
8.466097873896745796e+02	4.128701718362892681e-01	2.308652270784224136e-01	1.068299413261400849e-01	1.044700486428761649e-01	9.768984585293197243e-02	2.968653028042836720e-02	2.120385599010388838e-02
8.514475576033297557e+02	4.124215368035901719e-01	2.307376180271138999e-01	1.070879145595416554e-01	1.044882054178416370e-01	9.774964781757160270e-02	2.983535387102423386e-02	2.129534451050899349e-02
8.562853278169851592e+02	4.119783329850799092e-01	2.306110528796911918e-01	1.073440955332124191e-01	1.045048307725375131e-01	9.780776044578746997e-02	2.998335113388973794e-02	2.138619725699395305e-02
8.611230980306403353e+02	4.115404749032702814e-01	2.304855221238925889e-01	1.075985013425179160e-01	1.045199650308139827e-01	9.786421429485277212e-02	3.013052465005956748e-02	2.147641866178500586e-02
8.659608682442956251e+02	4.111078786538138741e-01	2.303610163153802792e-01	1.078511487995916784e-01	1.045336476188867963e-01	9.791903941391337518e-02	3.027687705662076775e-02	2.156601314898533295e-02
8.707986384579510286e+02	4.106804618735564461e-01	2.302375260792290379e-01	1.081020544404029810e-01	1.045459170840130625e-01	9.797226535237313350e-02	3.042241104428064849e-02	2.165498513333676336e-02
8.756364086716062047e+02	4.102581437093166805e-01	2.301150421112536926e-01	1.083512345316227643e-01	1.045568111128044736e-01	9.802392116814061251e-02	3.056712935501109882e-02	2.174333901904273308e-02
8.804741788852616082e+02	4.098408447873724270e-01	2.299935551791857657e-01	1.085987050772935919e-01	1.045663665491838867e-01	9.807403543573918470e-02	3.071103477976703036e-02	2.183107919865021410e-02
8.853119490989170117e+02	4.094284871836342821e-01	2.298730561237101178e-01	1.088444818253088697e-01	1.045746194119910599e-01	9.812263625428269131e-02	3.085413015627671424e-02	2.191821005198836547e-02
8.901497193125721878e+02	4.090209943944879689e-01	2.297535358593712773e-01	1.090885802737070892e-01	1.045816049122433034e-01	9.816975125531883506e-02	3.099641836690186086e-02	2.200473594516180742e-02
8.949874895262273640e+02	4.086182913082870849e-01	2.296349853753578973e-01	1.093310156767860059e-01	1.045873574700569852e-01	9.821540761054231572e-02	3.113790233656536788e-02	2.209066122959642275e-02
8.998252597398827675e+02	4.082203041774794539e-01	2.295173957361747452e-01	1.095718030510421936e-01	1.045919107312354712e-01	9.825963203937986001e-02	3.127858503074466140e-02	2.217599024113567699e-02
9.046630299535379436e+02	4.078269605913494855e-01	2.294007580822091386e-01	1.098109571809408047e-01	1.045952975835292564e-01	9.830245081644919947e-02	3.141846945352869819e-02	2.226072729918551416e-02
9.095008001671932334e+02	4.074381894493611100e-01	2.292850636301999034e-01	1.100484926245204331e-01	1.045975501725740497e-01	9.834388977889386985e-02	3.155755864573668579e-02	2.234487670590601036e-02
9.143385703808486369e+02	4.070539209350854670e-01	2.291703036736156551e-01	1.102844237188379678e-01	1.045986999175122223e-01	9.838397433359613586e-02	3.169585568309668533e-02	2.242844274544790809e-02
9.191763405945038130e+02	4.066740864906979724e-01	2.290564695829484798e-01	1.105187645852578338e-01	1.045987775263033520e-01	9.842272946426970648e-02	3.183336367448226512e-02	2.251142968323232782e-02
9.240141108081592165e+02	4.062986187920308301e-01	2.289435528059295399e-01	1.107515291345903957e-01	1.045978130107292903e-01	9.846017973843436411e-02	3.197008576020549109e-02	2.259384176527198460e-02
9.288518810218145063e+02	4.059274517241658331e-01	2.288315448676719321e-01	1.109827310720836735e-01	1.045958357010992323e-01	9.849634931427442286e-02	3.210602511036451945e-02	2.267568321753225466e-02
9.336896512354697961e+02	4.055605203575550766e-01	2.287204373707462379e-01	1.112123839022728378e-01	1.045928742606601347e-01	9.853126194738283383e-02	3.224118492324416080e-02	2.275695824533053094e-02
9.385274214491247449e+02	4.051977609246554812e-01	2.286102219951937908e-01	1.114405009336914831e-01	1.045889566997179193e-01	9.856494099739294967e-02	3.237556842376781985e-02	2.283767103277236504e-02
9.433651916627801484e+02	4.048391107970646940e-01	2.285008904984818789e-01	1.116670952834488140e-01	1.045841103894745439e-01	9.859740943449969708e-02	3.250917886199925638e-02	2.291782574222291438e-02
9.482029618764355519e+02	4.044845084631461529e-01	2.283924347154057399e-01	1.118921798816767538e-01	1.045783620755862536e-01	9.862868984587193355e-02	3.264201951169263399e-02	2.299742651381229963e-02
9.530407320900908417e+02	4.041338935061310478e-01	2.282848465579410124e-01	1.121157674758504752e-01	1.045717378914482604e-01	9.865880444195801457e-02	3.277409366888945491e-02	2.307647746497348828e-02
9.578785023037459041e+02	4.037872065826856871e-01	2.281781180150504740e-01	1.123378706349865974e-01	1.045642633712106223e-01	9.868777506268602839e-02	3.290540465056092378e-02	2.315498269001143097e-02
9.627162725174014213e+02	4.034443894019333343e-01	2.280722411524486459e-01	1.125585017537220622e-01	1.045559634625305989e-01	9.871562318356071064e-02	3.303595579329432486e-02	2.323294625970212177e-02
9.675540427310568248e+02	4.031053847049186345e-01	2.279672081123277350e-01	1.127776730562778246e-01	1.045468625390662681e-01	9.874236992165866256e-02	3.316575045202221211e-02	2.331037222092042366e-02
9.723918129447120009e+02	4.027701362445059718e-01	2.278630111130474645e-01	1.129953966003101745e-01	1.045369844127163189e-01	9.876803604152346872e-02	3.329479199879291362e-02	2.338726459629543106e-02
9.772295831583674044e+02	4.024385887656988237e-01	2.277596424487924598e-01	1.132116842806534796e-01	1.045263523456107513e-01	9.879264196096265715e-02	3.342308382158135777e-02	2.346362738389222782e-02
9.820673533720223531e+02	4.021106879863728389e-01	2.276570944891989356e-01	1.134265478329572890e-01	1.045149890618572441e-01	9.881620775674772317e-02	3.355062932313870872e-02	2.353946455691901737e-02
9.869051235856777566e+02	4.017863805784110953e-01	2.275553596789540445e-01	1.136399988372211317e-01	1.045029167590478397e-01	9.883875317021932616e-02	3.367743191987988827e-02	2.361478006345846259e-02
9.917428937993331601e+02	4.014656141492328190e-01	2.274544305373697173e-01	1.138520487212298510e-01	1.044901571195305245e-01	9.886029761279888084e-02	3.380349504080770034e-02	2.368957782622227795e-02
9.965806640129884499e+02	4.011483372237067413e-01	2.273542996579335229e-01	1.140627087638925174e-01	1.044767313214501753e-01	9.888086017140830519e-02	3.392882212647242712e-02	2.376386174232807819e-02
