0.000000000000000000e+00	1.007400757787034307e+00	5.710081334256027716e-40	6.527617894988695240e-34	4.881170857275479274e-41	9.700408242482168089e-36	5.227127266986750788e-32	5.971363034939327314e-39
4.837770213655283591e+00	9.925910805923834346e-01	1.001527868506681303e-02	3.534311006444368743e-04	4.246950150047751988e-04	1.821707101057052584e-03	1.173205191520456476e-03	1.021360101357408814e-03
9.675540427310567182e+00	9.782020882507058701e-01	1.971368431492378365e-02	1.149327898767629015e-03	1.226536454989893927e-03	3.603847056063189114e-03	1.952685041117034484e-03	1.552588770466962077e-03
1.451331064096584811e+01	9.642147810025634147e-01	2.910472876261023176e-02	2.153135813555062325e-03	2.103372302260034764e-03	5.347449614655036716e-03	2.571132284281633668e-03	1.906158007109007855e-03
1.935108085462113081e+01	9.506149833572536956e-01	3.819759948967899055e-02	3.253907973579843807e-03	2.973865052942997224e-03	7.053507661463145201e-03	3.110388100459624949e-03	2.196506151656281696e-03
2.418885106827641707e+01	9.373904919462927587e-01	4.700119665491398618e-02	4.398200369210119622e-03	3.819864853689325032e-03	8.722983227095885625e-03	3.603306780948600622e-03	2.464713954884020265e-03
2.902662128193169622e+01	9.245300475384047312e-01	5.552415175273109349e-02	5.559153568909088947e-03	4.640230441870641168e-03	1.035681020903224392e-02	4.065452933309334112e-03	2.724911342777628330e-03
3.386439149558698603e+01	9.120229516837130568e-01	6.377483941963053848e-02	6.722504106149276674e-03	5.437624801385263981e-03	1.195589588727715910e-02	4.505426900034549369e-03	2.981514988844915452e-03
3.870216170924226162e+01	8.998589157478121825e-01	7.176138655916344811e-02	7.880254415749639307e-03	6.214970294067484122e-03	1.352112197773321436e-02	4.928526355427903169e-03	3.235582437080940753e-03
4.353993192289755143e+01	8.880279957852225126e-01	7.949168029954381542e-02	9.027729212780199672e-03	6.974663542914436368e-03	1.505334549389499704e-02	5.338229975847439204e-03	3.487113476831575978e-03
4.837770213655283413e+01	8.765205601817207537e-01	8.697337535326475633e-02	1.016213585758851679e-02	7.718528991107397215e-03	1.655339951825335332e-02	5.736904927741931157e-03	3.735852957358340182e-03
5.321547235020811684e+01	8.653272704232789492e-01	9.421390100265952805e-02	1.128181207368374010e-02	8.447934156923669197e-03	1.802209392296108895e-02	6.126197878092908174e-03	3.981548329435275618e-03
5.805324256386339954e+01	8.544390675125944634e-01	1.012204678058741120e-01	1.238580420360143979e-02	9.163912615435261533e-03	1.946021605615590525e-02	6.507274192077766410e-03	4.224015401296286366e-03
6.289101277751868224e+01	8.438471610704376680e-01	1.080000740675086252e-01	1.347361548189502344e-02	9.867261413086201097e-03	2.086853140137295143e-02	6.880972878910209325e-03	4.463141473824598811e-03
6.772878299117397205e+01	8.335430198802410429e-01	1.145595120977410258e-01	1.454504835671367041e-02	1.055861172790330087e-02	2.224778421384249888e-02	7.247909885003745063e-03	4.698871625589962943e-03
7.256655320482924765e+01	8.235183633145384263e-01	1.209053742748270044e-01	1.560010238877240600e-02	1.123847844435390056e-02	2.359869813589165338e-02	7.608547899671996850e-03	4.931193328979889719e-03
7.740432341848452324e+01	8.137651533648303515e-01	1.270440589216111638e-01	1.663890673790591537e-02	1.190729446960988799e-02	2.492197679292433229e-02	7.963243834272278054e-03	5.160123665881419415e-03
8.224209363213981305e+01	8.042755871226743292e-01	1.329817760044286201e-01	1.766167496672953544e-02	1.256543436337088579e-02	2.621830437106555112e-02	8.312281217590075655e-03	5.385699741176436933e-03
8.707986384579510286e+01	7.950420896211211064e-01	1.387245526614504232e-01	1.866867458261564985e-02	1.321323058482004251e-02	2.748834617733329072e-02	8.655892338025491378e-03	5.607971821669426732e-03
9.191763405945040688e+01	7.860573069782390565e-01	1.442782385666761258e-01	1.966020645136685313e-02	1.385098466881180823e-02	2.873274918306203962e-02	8.994273396340058541e-03	5.826998542539569594e-03
9.675540427310566827e+01	7.773140998033055693e-01	1.496485111351899544e-01	2.063659087770656000e-02	1.447897492796585903e-02	2.995214255120951310e-02	9.327594887398243245e-03	6.042843604259892122e-03
1.015931744867609581e+02	7.688055368378509113e-01	1.548408805748688610e-01	2.159815820916813345e-02	1.509746177687826610e-02	3.114713814811309600e-02	9.656008722995913784e-03	6.255573517160314956e-03
1.064309447004162337e+02	7.605248888112170480e-01	1.598606947894044561e-01	2.254524251673052301e-02	1.570669142912258648e-02	3.231833104021512859e-02	9.979653127749173874e-03	6.465256072596508620e-03
1.112687149140715235e+02	7.524656224952628314e-01	1.647131441372406691e-01	2.347817737066838772e-02	1.630689848050388691e-02	3.346629997624028796e-02	1.029865601277295088e-02	6.671959314346377797e-03
1.161064851277267991e+02	7.446213949462212600e-01	1.694032660508142663e-01	2.439729304367539015e-02	1.689830772960245614e-02	3.459160785528016258e-02	1.061313730854824069e-02	6.875750852893599413e-03
1.209442553413820747e+02	7.369860479240321061e-01	1.739359495203036399e-01	2.530291468596860063e-02	1.748113547555346300e-02	3.569480218121708071e-02	1.092321058587186755e-02	7.076697414088678993e-03
1.257820255550373645e+02	7.295536024810937992e-01	1.783159394459302716e-01	2.619536116175496046e-02	1.805559045706926075e-02	3.677641550390042119e-02	1.122898418961220182e-02	7.274864547674515791e-03
1.306197957686926259e+02	7.223182537135239834e-01	1.825478408627147220e-01	2.707494433505032785e-02	1.862187454481285809e-02	3.783696584747185676e-02	1.153056203882944948e-02	7.470316444632221081e-03
1.354575659823479441e+02	7.152743656688383966e-01	1.866361230414568528e-01	2.794196866012374145e-02	1.918018326376641838e-02	3.887695712622148830e-02	1.182804419819897916e-02	7.663115828429464642e-03
1.402953361960032339e+02	7.084164664045610182e-01	1.905851234695885021e-01	2.879673097777323346e-02	1.973070619800532111e-02	3.989687954834351263e-02	1.212152729245718347e-02	7.853323896306543470e-03
1.451331064096584669e+02	7.017392431927256258e-01	1.943990517154317310e-01	2.963952045000801255e-02	2.027362731372921861e-02	4.089721000794799277e-02	1.241110481289264648e-02	8.041000294300224352e-03
1.499708766233137851e+02	6.952375378655752947e-01	1.980819931792866251e-01	3.047061858713750668e-02	2.080912522508620785e-02	4.187841246567373249e-02	1.269686734939741782e-02	8.226203114878691269e-03
1.548086468369690749e+02	6.889063422980382656e-01	2.016379127346698552e-01	3.129029933590255635e-02	2.133737341959401207e-02	4.284093831823667514e-02	1.297890277099706183e-02	8.408988909597122502e-03
1.596464170506243647e+02	6.827407940227776528e-01	2.050706582629238384e-01	3.209882920728071576e-02	2.185854045467784321e-02	4.378522675723790780e-02	1.325729637053778623e-02	8.589412711599827069e-03
1.644841872642796261e+02	6.767361719738025361e-01	2.083839640843213881e-01	3.289646742942583385e-02	2.237279013323295596e-02	4.471170511754563731e-02	1.353213098426147079e-02	8.767528064445823804e-03
1.693219574779349159e+02	6.708878923547839657e-01	2.115814542886980398e-01	3.368346611586529177e-02	2.288028166365138269e-02	4.562078921555597771e-02	1.380348709361859348e-02	8.943387054862448476e-03
1.741597276915902057e+02	6.651915046283649602e-01	2.146666459685544481e-01	3.446007044226289534e-02	2.338116980806453568e-02	4.651288367762854842e-02	1.407144291435851423e-02	9.117040347801828870e-03
1.789974979052454671e+02	6.596426876228804748e-01	2.176429523574843483e-01	3.522651882722950545e-02	2.387560502139916829e-02	4.738838225898384104e-02	1.433607447635749065e-02	9.288537222700923163e-03
1.838352681189008138e+02	6.542372457530222229e-01	2.205136858767003660e-01	3.598304311414732976e-02	2.436373358305460313e-02	4.824766815334114584e-02	1.459745569656534583e-02	9.457925610204909878e-03
1.886730383325560467e+02	6.489711053510934802e-01	2.232820610923478832e-01	3.672986875198613194e-02	2.484569772246874100e-02	4.909111429356740469e-02	1.485565844671366854e-02	9.625252128858603415e-03
1.935108085462113081e+02	6.438403111056066885e-01	2.259511975862184274e-01	3.746721497377971527e-02	2.532163573947009139e-02	4.991908364359954470e-02	1.511075261692379663e-02	9.790562121437728846e-03
1.983485787598666263e+02	6.388410226040694972e-01	2.285241227423978616e-01	3.819529497190116835e-02	2.579168212005927135e-02	5.073192948189508139e-02	1.536280617600744094e-02	9.953899690705684047e-03
2.031863489735219162e+02	6.339695109769081238e-01	2.310037744523098235e-01	3.891431606959509792e-02	2.625596764808903888e-02	5.152999567665836333e-02	1.561188522901653039e-02	1.011530773445894378e-02
2.080241191871772060e+02	6.292221556395624082e-01	2.333930037405432256e-01	3.962447988844207403e-02	2.671461951319202208e-02	5.231361695308255760e-02	1.585805407243685156e-02	1.027482797977691958e-02
2.128618894008324673e+02	6.245954411298761944e-01	2.356945773137823219e-01	4.032598251157778341e-02	2.716776141522241061e-02	5.308311915284045363e-02	1.610137524730908057e-02	1.043250101642783333e-02
2.176996596144877287e+02	6.200859540379957124e-01	2.379111800350905692e-01	4.101901464258822516e-02	2.761551366542057406e-02	5.383881948605031414e-02	1.634190959048439917e-02	1.058836632940621941e-02
2.225374298281430470e+02	6.156903800260647985e-01	2.400454173257327295e-01	4.170376176006897195e-02	2.805799328446948598e-02	5.458102677593644481e-02	1.657971628416953294e-02	1.074246233059402561e-02
2.273752000417983652e+02	6.114055009350896075e-01	2.420998174966565442e-01	4.238040426788069331e-02	2.849531409758380984e-02	5.531004169639772150e-02	1.681485290387960130e-02	1.089482638954801172e-02
2.322129702554535982e+02	6.072281919764221936e-01	2.440768340116925561e-01	4.304911764116211431e-02	2.892758682675253962e-02	5.602615700269100024e-02	1.704737546489218381e-02	1.104549486342338606e-02
2.370507404691088880e+02	6.031554190053858289e-01	2.459788476844713134e-01	4.371007256818024850e-02	2.935491918024168284e-02	5.672965775543029054e-02	1.727733846727833728e-02	1.119450312604822542e-02
2.418885106827641494e+02	5.991842358746388708e-01	2.478081688109972647e-01	4.436343508810958181e-02	2.977741593945309670e-02	5.742082153809688339e-02	1.750479493957400948e-02	1.134188559616624084e-02
2.467262808964194392e+02	5.953117818649432680e-01	2.495670392397633386e-01	4.500936672483839968e-02	3.019517904322761154e-02	5.809991866824964352e-02	1.772979648114653140e-02	1.148767576486719837e-02
2.515640511100747290e+02	5.915352791910734043e-01	2.512576343812342738e-01	4.564802461690456448e-02	3.060830766967459482e-02	5.876721240261933293e-02	1.795239330330452091e-02	1.163190622222531716e-02
2.564018213237300188e+02	5.878520305806663737e-01	2.528820651584732793e-01	4.627956164366409803e-02	3.101689831560538665e-02	5.942295913626539916e-02	1.817263426919490249e-02	1.177460868316652226e-02
2.612395915373852517e+02	5.842594169238796153e-01	2.544423799006348963e-01	4.690412654779621549e-02	3.142104487364410365e-02	6.006740859596841620e-02	1.839056693252724695e-02	1.191581401258544858e-02
2.660773617510405415e+02	5.807548949917833436e-01	2.559405661809968091e-01	4.752186405424738136e-02	3.182083870708608125e-02	6.070080402802631447e-02	1.860623757516295662e-02	1.205555224973309074e-02
2.709151319646958882e+02	5.773359952214777158e-01	2.573785526011531655e-01	4.813291498571551502e-02	3.221636872257142847e-02	6.132338238061774138e-02	1.881969124360474699e-02	1.219385263189562418e-02
2.757529021783511780e+02	5.740003195659820756e-01	2.587582105229464524e-01	4.873741637477320421e-02	3.260772144063867756e-02	6.193537448089089098e-02	1.903097178442001575e-02	1.233074361738465546e-02
2.805906723920064678e+02	5.707455394070005683e-01	2.600813557496665096e-01	4.933550157272697384e-02	3.299498106422125987e-02	6.253700520693164511e-02	1.924012187863034448e-02	1.246625290785865862e-02
2.854284426056617008e+02	5.675693935287253744e-01	2.613497501580029359e-01	4.992730035530688892e-02	3.337822954514739482e-02	6.312849365476046193e-02	1.944718307509805261e-02	1.260040746999490334e-02
2.902662128193169337e+02	5.644696861508909924e-01	2.625651032821911257e-01	5.051293902527849433e-02	3.375754664870225796e-02	6.371005330050286131e-02	1.965219582293959572e-02	1.273323355653073301e-02
2.951039830329722804e+02	5.614442850193461787e-01	2.637290738517528155e-01	5.109254051206668645e-02	3.413301001630909826e-02	6.428189215787427635e-02	1.985519950299458741e-02	1.286475672669245771e-02
2.999417532466276270e+02	5.584911195524610017e-01	2.648432712841882752e-01	5.166622446847844025e-02	3.450469522638464209e-02	6.484421293111590490e-02	2.005623245837826613e-02	1.299500186602972965e-02
3.047795234602828600e+02	5.556081790417346511e-01	2.659092571339391475e-01	5.223410736460906006e-02	3.487267585342215814e-02	6.539721316351418401e-02	2.025533202414432632e-02	1.312399320567272584e-02
3.096172936739380930e+02	5.527935109050197138e-01	2.669285464989026857e-01	5.279630257901404139e-02	3.523702352535405813e-02	6.594108538163255540e-02	2.045253455608429805e-02	1.325175434102892486e-02
3.144550638875934396e+02	5.500452189908209277e-01	2.679026093857392321e-01	5.335292048722647951e-02	3.559780797924444462e-02	6.647601723538064389e-02	2.064787545868865606e-02	1.337830824993588297e-02
3.192928341012487294e+02	5.473614619321771624e-01	2.688328720351790269e-01	5.390406854769747014e-02	3.595509711536037240e-02	6.700219163404198819e-02	2.084138921229432978e-02	1.350367731028585989e-02
3.241306043149040192e+02	5.447404515486734544e-01	2.697207182085004651e-01	5.444985138523471963e-02	3.630895704966925763e-02	6.751978687837829896e-02	2.103310939944233460e-02	1.362788331713772616e-02
3.289683745285592522e+02	5.421804512951762245e-01	2.705674904363147837e-01	5.499037087201258389e-02	3.665945216480847452e-02	6.802897678892445843e-02	2.122306873046865897e-02	1.375094749933113321e-02
3.338061447422145420e+02	5.396797747559242131e-01	2.713744912307624046e-01	5.552572620622438920e-02	3.700664515957172856e-02	6.852993083058524226e-02	2.141129906835084057e-02	1.387289053561746935e-02
3.386439149558698318e+02	5.372367841826490853e-01	2.721429842621902462e-01	5.605601398844593797e-02	3.735059709695565805e-02	6.902281423364167723e-02	2.159783145283196773e-02	1.399373257032171872e-02
3.434816851695251216e+02	5.348498890754358470e-01	2.728741955013512799e-01	5.658132829577709744e-02	3.769136745080865075e-02	6.950778811127134027e-02	2.178269612384324538e-02	1.411349322854895359e-02
3.483194553831804114e+02	5.325175448050737392e-01	2.735693143281346384e-01	5.710176075382641242e-02	3.802901415112275307e-02	6.998500957368454511e-02	2.196592254424559881e-02	1.423219163094872376e-02
3.531572255968357013e+02	5.302382512756845800e-01	2.742294946078066564e-01	5.761740060660164309e-02	3.836359362800837586e-02	7.045463183897461568e-02	2.214753942191023672e-02	1.434984640805029091e-02
3.579949958104909342e+02	5.280105516264478327e-01	2.748558557357138055e-01	5.812833478436762319e-02	3.869516085439017594e-02	7.091680434077816952e-02	2.232757473115749153e-02	1.446647571418121538e-02
3.628327660241463377e+02	5.258330309712812012e-01	2.754494836513705081e-01	5.863464796953064134e-02	3.902376938746161122e-02	7.137167283283818442e-02	2.250605573357264064e-02	1.458209724098149911e-02
3.676705362378016275e+02	5.237043151753644210e-01	2.760114318228282793e-01	5.913642266060711167e-02	3.934947140893427925e-02	7.181937949056016457e-02	2.268300899821698927e-02	1.469672823052507217e-02
3.725083064514568036e+02	5.216230696674285516e-01	2.765427222021969444e-01	5.963373923433246127e-02	3.967231776411745542e-02	7.226006300964887830e-02	2.285846042125179445e-02	1.481038548806011199e-02
3.773460766651120935e+02	5.195879982867669389e-01	2.770443461531608143e-01	6.012667600596454526e-02	3.999235799986176204e-02	7.269385870191061305e-02	2.303243524499225259e-02	1.492308539437930959e-02
3.821838468787673833e+02	5.175978421639472193e-01	2.775172653513115484e-01	6.061530928783446376e-02	4.030964040140040672e-02	7.312089858830352063e-02	2.320495807640814839e-02	1.503484391783090762e-02
3.870216170924226162e+02	5.156513786342437067e-01	2.779624126580921839e-01	6.109971344619577471e-02	4.062421202811998533e-02	7.354131148931619677e-02	2.337605290508734668e-02	1.514567662598100169e-02
3.918593873060780197e+02	5.137474201828292619e-01	2.783806929691255982e-01	6.157996095642204182e-02	4.093611874829220648e-02	7.395522311275208593e-02	2.354574312067783670e-02	1.525559869693728435e-02
3.966971575197332527e+02	5.118848134207986122e-01	2.787729840376770296e-01	6.205612245660072773e-02	4.124540527279695057e-02	7.436275613899541448e-02	2.371405152982351827e-02	1.536462493034411458e-02
4.015349277333884856e+02	5.100624380911221722e-01	2.791401372739790165e-01	6.252826679957047828e-02	4.155211518786595948e-02	7.476403030383174664e-02	2.388100037260853722e-02	1.547276975805853168e-02
4.063726979470438323e+02	5.082792061036530695e-01	2.794829785211248585e-01	6.299646110344719885e-02	4.185629098687597416e-02	7.515916247889434243e-02	2.404661133852451990e-02	1.558004725451649607e-02
4.112104681606991221e+02	5.065340605983390532e-01	2.798023088082170484e-01	6.346077080068296405e-02	4.215797410121886746e-02	7.554826674980553991e-02	2.421090558197464687e-02	1.568647114679845578e-02
4.160482383743544119e+02	5.048259750358119469e-01	2.800989050814368664e-01	6.392125968570079586e-02	4.245720493027590331e-02	7.593145449207994169e-02	2.437390373732807244e-02	1.579205482440294850e-02
4.208860085880095880e+02	5.031539523145575066e-01	2.803735209136806183e-01	6.437798996114672823e-02	4.275402287052217087e-02	7.630883444485468681e-02	2.453562593353781490e-02	1.589681134873683829e-02
4.257237788016648778e+02	5.015170239138836417e-01	2.806268871933912390e-01	6.483102228279964685e-02	4.304846634378667325e-02	7.668051278250991032e-02	2.469609180833490930e-02	1.600075346233040610e-02
4.305615490153201677e+02	4.999142490619352674e-01	2.808597127931932169e-01	6.528041580317808790e-02	4.334057282469266914e-02	7.704659318424073033e-02	2.485532052201112202e-02	1.610389359778534313e-02
4.353993192289755143e+02	4.983447139280228755e-01	2.810726852189232572e-01	6.572622821388197922e-02	4.363037886730221360e-02	7.740717690164035381e-02	2.501333077080230421e-02	1.620624388646345684e-02
4.402370894426308041e+02	4.968075308385520583e-01	2.812664712396300559e-01	6.616851578670639167e-02	4.391792013098817782e-02	7.776236282435207425e-02	2.517014079988400682e-02	1.630781616692364780e-02
4.450748596562860939e+02	4.953018375158653175e-01	2.814417174991004633e-01	6.660733341356299408e-02	4.420323140555625779e-02	7.811224754384622770e-02	2.532576841599069178e-02	1.640862199311450206e-02
4.499126298699413837e+02	4.938267963393245252e-01	2.815990511094530468e-01	6.704273464524415638e-02	4.448634663563887093e-02	7.845692541537672982e-02	2.548023099966949256e-02	1.650867264232964288e-02
4.547504000835967304e+02	4.923815936279847261e-01	2.817390802273241901e-01	6.747477172906346521e-02	4.476729894438222224e-02	7.879648861816990202e-02	2.563354551717925492e-02	1.660797912293275613e-02
4.595881702972519065e+02	4.909654389442262845e-01	2.818623946131564861e-01	6.790349564540537619e-02	4.504612065644716251e-02	7.913102721389705940e-02	2.578572853204514487e-02	1.670655218185903429e-02
4.644259405109071963e+02	4.895775644177338681e-01	2.819695661740837522e-01	6.832895614321596311e-02	4.532284332034384328e-02	7.946062920348070935e-02	2.593679621627890952e-02	1.680440231189951963e-02
4.692637107245624861e+02	4.882172240892257431e-01	2.820611494908936701e-01	6.875120177446555902e-02	4.559749773011969459e-02	7.978538058228264174e-02	2.608676436127456422e-02	1.690153975877472722e-02
4.741014809382177759e+02	4.868836932733565104e-01	2.821376823295336789e-01	6.917027992761344557e-02	4.587011394641946765e-02	8.010536539372095644e-02	2.623564838838892202e-02	1.699797452800367106e-02
4.789392511518730657e+02	4.855762679402318982e-01	2.821996861376132593e-01	6.958623686010351195e-02	4.614072131693579271e-02	8.042066578136174149e-02	2.638346335921622210e-02	1.709371639157428527e-02
4.837770213655284124e+02	4.842942641149918237e-01	2.822476665263414231e-01	6.999911772991944392e-02	4.640934849626800890e-02	8.073136203952936685e-02	2.653022398556571793e-02	1.718877489442100295e-02
4.886147915791837022e+02	4.830370172949325913e-01	2.822821137383262902e-01	7.040896662622656010e-02	4.667602346520646761e-02	8.103753266247873399e-02	2.667594463915099606e-02	1.728315936071515152e-02
4.934525617928388783e+02	4.818038818836554715e-01	2.823035031016510876e-01	7.081582659912723232e-02	4.694077354945916380e-02	8.133925439217098985e-02	2.682063936099929324e-02	1.737687889997358709e-02
4.982903320064942250e+02	4.805942306417438359e-01	2.823122954706270837e-01	7.121973968855567494e-02	4.720362543783690468e-02	8.163660226469325598e-02	2.696432187058910024e-02	1.746994241299093531e-02
5.031281022201495148e+02	4.794074541534854017e-01	2.823089376536154216e-01	7.162074695233709709e-02	4.746460519991284321e-02	8.192964965536170263e-02	2.710700557472391775e-02	1.756235859760051088e-02
5.079658724338048046e+02	4.782429603091691850e-01	2.822938628282952722e-01	7.201888849343571208e-02	4.772373830317176019e-02	8.221846832254617321e-02	2.724870357614987693e-02	1.765413595426893606e-02
5.128036426474600376e+02	4.771001738025038019e-01	2.822674909447465685e-01	7.241420348641532112e-02	4.798104962966377729e-02	8.250312845025344066e-02	2.738942868192470112e-02	1.774528279152934318e-02
5.176414128611153274e+02	4.759785356427127523e-01	2.822302291167037014e-01	7.280673020313525867e-02	4.823656349217729511e-02	8.278369868950491428e-02	2.752919341154521152e-02	1.783580723125784487e-02
5.224791830747705035e+02	4.748775026808785271e-01	2.821824720013270671e-01	7.319650603770427866e-02	4.849030364994484643e-02	8.306024619854399105e-02	2.766801000484052364e-02	1.792571721379779617e-02
5.273169532884259070e+02	4.737965471501184300e-01	2.821246021678285310e-01	7.358356753071364220e-02	4.874229332389570096e-02	8.333283668190673288e-02	2.780589042963764121e-02	1.801502050293637969e-02
5.321547235020811968e+02	4.727351562191877687e-01	2.820569904552771567e-01	7.396795039277088979e-02	4.899255521146834991e-02	8.360153442838894056e-02	2.794284638920618499e-02	1.810372469073775331e-02
5.369924937157364866e+02	4.716928315591176757e-01	2.819799963199023929e-01	7.434968952735429570e-02	4.924111150099572815e-02	8.386640234794144610e-02	2.807888932948861271e-02	1.819183720223692402e-02
5.418302639293917764e+02	4.706690889225058627e-01	2.818939681722018031e-01	7.472881905300805816e-02	4.948798388567562934e-02	8.412750200752490415e-02	2.821403044612225824e-02	1.827936529999851095e-02
5.466680341430470662e+02	4.696634577350912720e-01	2.817992437041527687e-01	7.510537232489733483e-02	4.973319357713842231e-02	8.438489366595383623e-02	2.834828069125921307e-02	1.836631608854421074e-02
5.515058043567023560e+02	4.686754806992522449e-01	2.816961502068168754e-01	7.547938195574185882e-02	4.997676131862378857e-02	8.463863630775950164e-02	2.848165078018994462e-02	1.845269651865285437e-02
5.563435745703576458e+02	4.677047134090803193e-01	2.815850048786197601e-01	7.585087983614619001e-02	5.021870739777788140e-02	8.488878767609982223e-02	2.861415119777637600e-02	1.853851339153679209e-02
5.611813447840129356e+02	4.667507239766907623e-01	2.814661151245779203e-01	7.621989715434422663e-02	5.045905165908198819e-02	8.513540430474399179e-02	2.874579220470000612e-02	1.862377336289816609e-02
5.660191149976681118e+02	4.658130926694413754e-01	2.813397788467396077e-01	7.658646441537511618e-02	5.069781351592343027e-02	8.537854154915851257e-02	2.887658384353042687e-02	1.870848294686857163e-02
5.708568852113234016e+02	4.648914115577403305e-01	2.812062847260952125e-01	7.695061145970691352e-02	5.093501196231910166e-02	8.561825361672054102e-02	2.900653594461945206e-02	1.879264851983554821e-02
5.756946554249786914e+02	4.639852841731334498e-01	2.810659124962082145e-01	7.731236748132447323e-02	5.117066558430183321e-02	8.585459359608399454e-02	2.913565813182599287e-02	1.887627632415912055e-02
5.805324256386339812e+02	4.630943251763710578e-01	2.809189332088090629e-01	7.767176104529670277e-02	5.140479257097931715e-02	8.608761348572260830e-02	2.926395982807658905e-02	1.895937247178169915e-02
5.853701958522892710e+02	4.622181600351611408e-01	2.807656094915870759e-01	7.802882010483883080e-02	5.163741072527522347e-02	8.631736422167403389e-02	2.939145026076634554e-02	1.904194294773433466e-02
5.902079660659445608e+02	4.613564247113268735e-01	2.806061957984092303e-01	7.838357201788406781e-02	5.186853747436168116e-02	8.654389570450773950e-02	2.951813846700498956e-02	1.912399361354243099e-02
5.950457362795999643e+02	4.605087653570925643e-01	2.804409386521876102e-01	7.873604356317898123e-02	5.209818987979223520e-02	8.676725682553940167e-02	2.964403329871248549e-02	1.920553021053379023e-02
5.998835064932552541e+02	4.596748380202319573e-01	2.802700768806105636e-01	7.908626095591680949e-02	5.232638464734382794e-02	8.698749549231338252e-02	2.976914342756865894e-02	1.928655836305186513e-02
6.047212767069104302e+02	4.588543083578192627e-01	2.800938418449474554e-01	7.943424986292159373e-02	5.255313813657644384e-02	8.720465865337440059e-02	2.989347734982102101e-02	1.936708358157695695e-02
6.095590469205657200e+02	4.580468513583311752e-01	2.799124576621286331e-01	7.978003541739672744e-02	5.277846637011860548e-02	8.741879232234898989e-02	3.001704339095493529e-02	1.944711126575806096e-02
6.143968171342210098e+02	4.572521510718560722e-01	2.797261414202994456e-01	8.012364223325038615e-02	5.300238504268656864e-02	8.762994160135657851e-02	3.013984971023020432e-02	1.952664670735794125e-02
6.192345873478761860e+02	4.564699003481733075e-01	2.795351033880372760e-01	8.046509441901011916e-02	5.322490952984516854e-02	8.783815070376958800e-02	3.026190430508780491e-02	1.960569509311395342e-02
6.240723575615315895e+02	4.556998005824722808e-01	2.793395472174193817e-01	8.080441559133867691e-02	5.344605489651775565e-02	8.804346297634124685e-02	3.038321501543074163e-02	1.968426150751712358e-02
6.289101277751868793e+02	4.549415614684882425e-01	2.791396701411203440e-01	8.114162888816257857e-02	5.366583590525241670e-02	8.824592092071932570e-02	3.050378952778254674e-02	1.976235093551175284e-02
6.337478979888421691e+02	4.541949007588373388e-01	2.789356631637146533e-01	8.147675698142485545e-02	5.388426702425175296e-02	8.844556621436361343e-02	3.062363537932701399e-02	1.983996826511799996e-02
6.385856682024975726e+02	4.534595440323414550e-01	2.787277112473538487e-01	8.180982208947271128e-02	5.410136243517301574e-02	8.864243973088403727e-02	3.074275996183266704e-02	1.991711828997953099e-02
6.434234384161527487e+02	4.527352244681373539e-01	2.785159934919835822e-01	8.214084598909082713e-02	5.431713604070524670e-02	8.883658155981646876e-02	3.086117052546526532e-02	1.999380571183858452e-02
6.482612086298080385e+02	4.520216826263726562e-01	2.783006833102600885e-01	8.246985002719064983e-02	5.453160147192998020e-02	8.902803102585206407e-02	3.097887418249160862e-02	2.007003514294036783e-02
6.530989788434633283e+02	4.513186662352956513e-01	2.780819485973215488e-01	8.279685513216562820e-02	5.474477209547173873e-02	8.921682670753598721e-02	3.109587791087784284e-02	2.014581110836902514e-02
6.579367490571185044e+02	4.506259299845520316e-01	2.778599518955656156e-01	8.312188182492211141e-02	5.495666102044447637e-02	8.940300645545085079e-02	3.121218855778529200e-02	2.022113804831704095e-02
6.627745192707737942e+02	4.499432353245072513e-01	2.776348505545784828e-01	8.344495022959537434e-02	5.516728110519995149e-02	8.958660740989954352e-02	3.132781284296679014e-02	2.029602032029007713e-02
6.676122894844290840e+02	4.492703502714183728e-01	2.774067968863582201e-01	8.376608008395985960e-02	5.537664496388362140e-02	8.976766601810189095e-02	3.144275736206643412e-02	2.037046220124908921e-02
6.724500596980843738e+02	4.486070492182841485e-01	2.771759383159704826e-01	8.408529074954272653e-02	5.558476497280388784e-02	8.994621805091916611e-02	3.155702858982556425e-02	2.044446788969155743e-02
6.772878299117396637e+02	4.479531127512075828e-01	2.769424175277699351e-01	8.440260122144895016e-02	5.579165327661992496e-02	9.012229861911982831e-02	3.167063288319767189e-02	2.051804150767361570e-02
6.821256001253949535e+02	4.473083274711101009e-01	2.767063726073176189e-01	8.471803013790685233e-02	5.599732179435344681e-02	9.029594218919993753e-02	3.178357648437488830e-02	2.059118710277473702e-02
6.869633703390502433e+02	4.466724858206397863e-01	2.764679371791203821e-01	8.503159578954176678e-02	5.620178222522954209e-02	9.046718259877072066e-02	3.189586552372863232e-02	2.066390865000674107e-02
6.918011405527055331e+02	4.460453859161236934e-01	2.762272405403149445e-01	8.534331612838594316e-02	5.640504605435151669e-02	9.063605307152589052e-02	3.200750602266692890e-02	2.073621005366865083e-02
6.966389107663608229e+02	4.454268313844149674e-01	2.759844077904152204e-01	8.565320877663237797e-02	5.660712455821456657e-02	9.080258623180070821e-02	3.211850389641073694e-02	2.080809514914901126e-02
7.014766809800161127e+02	4.448166312044926629e-01	2.757395599572386446e-01	8.596129103513990011e-02	5.680802881006295074e-02	9.096681411873447365e-02	3.222886495669174955e-02	2.087956770467720019e-02
7.063144511936714025e+02	4.442145995536755376e-01	2.754928141191231306e-01	8.626757989169675511e-02	5.700776968509529974e-02	9.112876820004774114e-02	3.233859491437387351e-02	2.095063142302518860e-02
7.111522214073266923e+02	4.436205556583143750e-01	2.752442835235436869e-01	8.657209202904984913e-02	5.720635786552229901e-02	9.128847938544551455e-02	3.244769938200059434e-02	2.102128994316121088e-02
7.159899916209819821e+02	4.430343236488319403e-01	2.749940777022342187e-01	8.687484383270628607e-02	5.740380384548118831e-02	9.144597803965678895e-02	3.255618387627044752e-02	2.109154684185672243e-02
7.208277618346371582e+02	4.424557324189842267e-01	2.747423025829165422e-01	8.717585139851385945e-02	5.760011793581117784e-02	9.160129399512112469e-02	3.266405382044260119e-02	2.116140563524802204e-02
7.256655320482924481e+02	4.418846154892190348e-01	2.744890605977371445e-01	8.747513054002692412e-02	5.779531026869383359e-02	9.175445656433212083e-02	3.277131454667464583e-02	2.123086978035383307e-02
7.305033022619478515e+02	4.413208108740120372e-01	2.742344507885067784e-01	8.777269679566400418e-02	5.798939080216224812e-02	9.190549455184784944e-02	3.287797129829447135e-02	2.129994267655010640e-02
7.353410724756030277e+02	4.407641609530645876e-01	2.739785689088379828e-01	8.806856543566289608e-02	5.818236932448303533e-02	9.205443626597738238e-02	3.298402923200826481e-02	2.136862766700335300e-02
7.401788426892584312e+02	4.402145123462501974e-01	2.737215075232704020e-01	8.836275146883934561e-02	5.837425545841455621e-02	9.220130953015309716e-02	3.308949342004634947e-02	2.143692804006360614e-02
7.450166129029136073e+02	4.396717157921997687e-01	2.734633561034731097e-01	8.865526964915508568e-02	5.856505866534518490e-02	9.234614169399738004e-02	3.319436885224877343e-02	2.150484703061830011e-02
7.498543831165690108e+02	4.391356260304202230e-01	2.732042011216090360e-01	8.894613448210045292e-02	5.875478824931493899e-02	9.248895964409253878e-02	3.329866043809232012e-02	2.157238782140806846e-02
7.546921533302243006e+02	4.386061016868420537e-01	2.729441261409454311e-01	8.923536023089730096e-02	5.894345336092404047e-02	9.262978981446244597e-02	3.340237300866066850e-02	2.163955354430569661e-02
7.595299235438793630e+02	4.380830051626966593e-01	2.726832119037896907e-01	8.952296092252720605e-02	5.913106300113143976e-02	9.276865819677414249e-02	3.350551131855936116e-02	2.170634728155918999e-02
7.643676937575347665e+02	4.375662025266254807e-01	2.724215364168310893e-01	8.980895035359001688e-02	5.931762602494673742e-02	9.290559035026714485e-02	3.360808004777713492e-02	2.177277206700005407e-02
7.692054639711900563e+02	4.370555634099272391e-01	2.721591750339626969e-01	9.009334209599785537e-02	5.950315114501839031e-02	9.304061141141846403e-02	3.371008380349524436e-02	2.183883088721777499e-02
7.740432341848452324e+02	4.365509609048504602e-01	2.718962005366582502e-01	9.037614950250920376e-02	5.968764693512133845e-02	9.317374610335076024e-02	3.381152712184617298e-02	2.190452668270148964e-02
7.788810043985006359e+02	4.360522714658435217e-01	2.716326832119755896e-01	9.065738571210758823e-02	5.987112183354695305e-02	9.330501874499085024e-02	3.391241446962330736e-02	2.196986234894978546e-02
7.837187746121558121e+02	4.355593748136754040e-01	2.713686909282562731e-01	9.093706365522970236e-02	6.005358414639798414e-02	9.343445325998574191e-02	3.401275024594291319e-02	2.203484073754953532e-02
7.885565448258112156e+02	4.350721538423427681e-01	2.711042892085888112e-01	9.121519605884695348e-02	6.023504205079150547e-02	9.356207318538301010e-02	3.411253878385982902e-02	2.209946465722469749e-02
7.933943150394665054e+02	4.345904945286825360e-01	2.708395413021011944e-01	9.149179545140491421e-02	6.041550359797233372e-02	9.368790168008239716e-02	3.421178435193822365e-02	2.216373687485595143e-02
7.982320852531219089e+02	4.341142858446113140e-01	2.705745082531466617e-01	9.176687416762477345e-02	6.059497671633955196e-02	9.381196153306474439e-02	3.431049115577868014e-02	2.222766011647193257e-02
8.030698554667769713e+02	4.336434196719134992e-01	2.703092489684440491e-01	9.204044435317061679e-02	6.077346921438868399e-02	9.393427517140481853e-02	3.440866333950290401e-02	2.229123706821303091e-02
8.079076256804323748e+02	4.331777907195056287e-01	2.700438202822335043e-01	9.231251796918661656e-02	6.095098878357194105e-02	9.405486466807430612e-02	3.450630498719723521e-02	2.235447037726839489e-02
8.127453958940876646e+02	4.327172964431028057e-01	2.697782770195044644e-01	9.258310679670780918e-02	6.112754300107890726e-02	9.417375174954041583e-02	3.460342012431624759e-02	2.241736265278699777e-02
8.175831661077428407e+02	4.322618369672180938e-01	2.695126720573542412e-01	9.285222244094801236e-02	6.130313933253994652e-02	9.429095780316634756e-02	3.470001271904744888e-02	2.247991646676353317e-02
8.224209363213982442e+02	4.318113150094267105e-01	2.692470563845305587e-01	9.311987633546869869e-02	6.147778513465460004e-02	9.440650388441897134e-02	3.479608668363832341e-02	2.254213435489978504e-02
8.272587065350534203e+02	4.313656358068282404e-01	2.689814791592120558e-01	9.338607974623196195e-02	6.165148765774715323e-02	9.452041072388922549e-02	3.489164587568674425e-02	2.260401881744226668e-02
8.320964767487085965e+02	4.309247070446434735e-01	2.687159877650786566e-01	9.365084377554108719e-02	6.182425404825137721e-02	9.463269873413043820e-02	3.498669409939583752e-02	2.266557231999675667e-02
8.369342469623640000e+02	4.304884387868832540e-01	2.684506278657212142e-01	9.391417936587205528e-02	6.199609135112656849e-02	9.474338801631984608e-02	3.508123510679431178e-02	2.272679729432039789e-02
8.417720171760191761e+02	4.300567434090282748e-01	2.681854434574400536e-01	9.417609730359884079e-02	6.216700651220694734e-02	9.485249836674818080e-02	3.517527259892321706e-02	2.278769613909206043e-02
8.466097873896745796e+02	4.296295355326620879e-01	2.679204769204794889e-01	9.443660822261594479e-02	6.233700638048612214e-02	9.496004928314218108e-02	3.526881022699018819e-02	2.284827122066152710e-02
8.514475576033297557e+02	4.292067319619997656e-01	2.676557690687434987e-01	9.469572260786077167e-02	6.250609771033868722e-02	9.506605997082470672e-02	3.536185159349199136e-02	2.290852487377817784e-02
8.562853278169851592e+02	4.287882516222564777e-01	2.673913591980383031e-01	9.495345079873900029e-02	6.267428716368068919e-02	9.517054934871703453e-02	3.545440025330642841e-02	2.296845940229966937e-02
8.611230980306403353e+02	4.283740154998034733e-01	2.671272851328843623e-01	9.520980299245559997e-02	6.284158131207073783e-02	9.527353605518784629e-02	3.554645971475428601e-02	2.302807707988131433e-02
8.659608682442956251e+02	4.279639465840578971e-01	2.668635832719399859e-01	9.546478924725432247e-02	6.300798663875344097e-02	9.537503845375296108e-02	3.563803344063242590e-02	2.308738015064657964e-02
8.707986384579510286e+02	4.275579698110569260e-01	2.666002886320772980e-01	9.571841948556812640e-02	6.317350954064687718e-02	9.547507463863036392e-02	3.572912484921865472e-02	2.314637082983938415e-02
8.756364086716062047e+02	4.271560120086663748e-01	2.663374348911501932e-01	9.597070349708333725e-02	6.333815633027567449e-02	9.557366244015419454e-02	3.581973731524928928e-02	2.320505130445857378e-02
8.804741788852616082e+02	4.267580018433762001e-01	2.660750544294930298e-01	9.622165094171986066e-02	6.350193323765125630e-02	9.567081943005188716e-02	3.590987417087014577e-02	2.326342373387519855e-02
8.853119490989170117e+02	4.263638697686373824e-01	2.658131783701864204e-01	9.647127135252987762e-02	6.366484641210086448e-02	9.576656292658823622e-02	3.599953870656173727e-02	2.332149025043306692e-02
8.901497193125721878e+02	4.259735479746936115e-01	2.655518366181273127e-01	9.671957413851745011e-02	6.382690192404666396e-02	9.586090999958002401e-02	3.608873417203947720e-02	2.337925296003300069e-02
8.949874895262273640e+02	4.255869703398658666e-01	2.652910578979382206e-01	9.696656858738125773e-02	6.398810576673653883e-02	9.595387747528487388e-02	3.617746377712948574e-02	2.343671394270128994e-02
8.998252597398827675e+02	4.252040723832461455e-01	2.650308697907493016e-01	9.721226386818264398e-02	6.414846385792788430e-02	9.604548194116789561e-02	3.626573069262079008e-02	2.349387525314287212e-02
9.046630299535379436e+02	4.248247912187602671e-01	2.647712987698868647e-01	9.745666903394126224e-02	6.430798204152568531e-02	9.613573975054938436e-02	3.635353805109459158e-02	2.355073892127951610e-02
9.095008001671932334e+02	4.244490655105589982e-01	2.645123702355003936e-01	9.769979302416012534e-02	6.446666608917638042e-02	9.622466702713694531e-02	3.644088894773120368e-02	2.360730695277362193e-02
9.143385703808486369e+02	4.240768354296992615e-01	2.642541085481590057e-01	9.794164466728236262e-02	6.462452170181851030e-02	9.631227966944527763e-02	3.652778644109536815e-02	2.366358132953789647e-02
9.191763405945038130e+02	4.237080426120776178e-01	2.639965370614480444e-01	9.818223268308162721e-02	6.478155451119169128e-02	9.639859335510678195e-02	3.661423355390049095e-02	2.371956401023139413e-02
9.240141108081592165e+02	4.233426301175797213e-01	2.637396781535947810e-01	9.842156568498777736e-02	6.493777008130482975e-02	9.648362354507578065e-02	3.670023327375249861e-02	2.377525693074230770e-02
9.288518810218145063e+02	4.229805423904093309e-01	2.634835532581520923e-01	9.865965218234999667e-02	6.509317390986503471e-02	9.656738548772959840e-02	3.678578855387379387e-02	2.383066200465784948e-02
9.336896512354697961e+02	4.226217252205641262e-01	2.632281828937678148e-01	9.889650058263903254e-02	6.524777142966797783e-02	9.664989422286919540e-02	3.687090231380796279e-02	2.388578112372163192e-02
9.385274214491247449e+02	4.222661257064235785e-01	2.629735866930660304e-01	9.913211919359028734e-02	6.540156800995121367e-02	9.673116458562201758e-02	3.695557744010571910e-02	2.394061615827887748e-02
9.433651916627801484e+02	4.219136922184167915e-01	2.627197834306677082e-01	9.936651622528938632e-02	6.555456895771126502e-02	9.681121121025011711e-02	3.703981678699271030e-02	2.399516895770981151e-02
9.482029618764355519e+02	4.215643743637388363e-01	2.624667910503745705e-01	9.959969979220212322e-02	6.570677951898552804e-02	9.689004853386565252e-02	3.712362317701957404e-02	2.404944135085160251e-02
9.530407320900908417e+02	4.212181229520852721e-01	2.622146266915416635e-01	9.983167791514997724e-02	6.585820488010010743e-02	9.696769080005679387e-02	3.720699940169489017e-02	2.410343514640913079e-02
9.578785023037459041e+02	4.208748899623750983e-01	2.619633067146625027e-01	1.000624585232332692e-01	6.600885016888445589e-02	9.704415206242618386e-02	3.728994822210141002e-02	2.415715213335494285e-02
9.627162725174014213e+02	4.205346285104324955e-01	2.617128467261894964e-01	1.002920494557027753e-01	6.615872045585387273e-02	9.711944618804449481e-02	3.737247236949607643e-02	2.421059408131868984e-02
9.675540427310568248e+02	4.201972928176008204e-01	2.614632616026125178e-01	1.005204584637820475e-01	6.630782075536065245e-02	9.719358686082127385e-02	3.745457454589432716e-02	2.426376274096630689e-02
9.723918129447120009e+02	4.198628381802607112e-01	2.612145655138170541e-01	1.007476932124412999e-01	6.645615602671481326e-02	9.726658758479560241e-02	3.753625742463907733e-02	2.431665984436932534e-02
9.772295831583674044e+02	4.195312209402261017e-01	2.609667719457441915e-01	1.009737612821242775e-01	6.660373117527543241e-02	9.733846168734841542e-02	3.761752365095488715e-02	2.436928710536448092e-02
9.820673533720223531e+02	4.192023984559928862e-01	2.607198937223713098e-01	1.011986701704298969e-01	6.675055105351314355e-02	9.740922232233895084e-02	3.769837584248761364e-02	2.442164621990397522e-02
9.869051235856777566e+02	4.188763290748147572e-01	2.604739430270351375e-01	1.014224272937492982e-01	6.689662046204480905e-02	9.747888247316705002e-02	3.777881658983010121e-02	2.447373886639662988e-02
9.917428937993331601e+02	4.185529721055830654e-01	2.602289314231152062e-01	1.016450399888601253e-01	6.704194415064121393e-02	9.754745495576373771e-02	3.785884845703420265e-02	2.452556670604019370e-02
9.965806640129884499e+02	4.182322877924866122e-01	2.599848698740976349e-01	1.018665155144788947e-01	6.718652681920830871e-02	9.761495242151159435e-02	3.793847398210958843e-02	2.457713138314504206e-02
