0.000000000000000000e+00	9.947281276811896777e-01	5.165218509369220745e-27	5.166015056308496424e-03	6.768117881970727561e-24	2.170314106483730264e-03	1.095702436654928842e-03	7.269242785066346413e-16
4.837770213655283591e+00	9.756185971126146717e-01	1.798958998936697404e-02	5.132478231907280919e-03	8.074436241747325440e-05	3.199309016484810052e-03	1.106621888026458698e-03	3.281867981984422703e-05
9.675540427310567182e+00	9.574322798470650264e-01	3.476427249096179783e-02	5.204047388110561757e-03	3.135901888954124796e-04	4.263589242965824463e-03	1.117492466745190552e-03	6.488765589355556345e-05
1.451331064096584811e+01	9.401143844770123437e-01	5.040423493017207740e-02	5.371622114281693859e-03	6.852047632017821757e-04	5.359023368260105655e-03	1.128821106679697098e-03	9.686852102975842236e-05
1.935108085462113081e+01	9.236136091389494096e-01	6.498438675065912329e-02	5.626768726174808527e-03	1.183199240243808584e-03	6.481782523860877589e-03	1.141063667530626798e-03	1.293492332187354591e-04
2.418885106827641707e+01	9.078819142318796942e-01	7.857470679239351996e-02	5.961673998714563105e-03	1.796065235310447244e-03	7.628319956812752885e-03	1.154628873782213242e-03	1.628501917442186483e-04
2.902662128193169622e+01	8.928743100459014537e-01	9.124056780082945295e-02	6.369102031704876321e-03	2.513115611722947264e-03	8.795351950210297462e-03	1.169881974717307954e-03	1.978298655510170962e-04
3.386439149558698603e+01	8.785486583203818700e-01	1.030430395730437404e-01	6.842354038958501500e-03	3.324429190038968775e-03	9.979840008489509681e-03	1.187148144557512944e-03	2.346900051671620179e-04
3.870216170924226162e+01	8.648654868157471531e-01	1.140391721474999787e-01	7.375230865255966682e-03	4.220799120193303132e-03	1.117897422408232512e-02	1.206715640509467211e-03	2.737804673489664903e-04
4.353993192289755143e+01	8.517878160432060808e-01	1.242822603514636276e-01	7.961998048538086389e-03	5.193684674994722937e-03	1.239015774750088644e-02	1.228838735303078734e-03	3.154036796306606302e-04
4.837770213655283413e+01	8.392809973530411805e-01	1.338220909335595954e-01	8.597353256871788016e-03	6.235166239312919627e-03	1.361099228805300217e-02	1.253740439691848835e-03	3.598187701068468122e-04
5.321547235020811684e+01	8.273125616347125622e-01	1.427051734281300222e-01	9.276395941061077802e-03	7.337903284155792433e-03	1.483926457718655334e-02	1.281615029344127443e-03	4.072453860470447357e-04
5.805324256386339954e+01	8.158520779311655424e-01	1.509749558225380039e-01	9.994599054356864340e-03	8.495095128724570316e-03	1.607293373094122527e-02	1.312630389582233404e-03	4.578672233287826442e-04
6.289101277751868224e+01	8.048710213156428095e-01	1.586720260280254091e-01	1.074778270060037892e-02	9.700444306506810291e-03	1.731011945217118819e-02	1.346930190519290320e-03	5.118352871712996332e-04
6.772878299117397205e+01	7.943426494221907941e-01	1.658343000888412022e-01	1.153208958136166598e-02	1.094812236358555860e-02	1.854909101711223543e-02	1.384635904297035636e-03	5.692709032487322952e-04
7.256655320482924765e+01	7.842418870611123083e-01	1.724971980028023877e-01	1.234396212124998747e-02	1.223273792866300808e-02	1.978825699451886022e-02	1.425848675337780666e-03	6.302684969529219732e-04
7.740432341848452324e+01	7.745452183880454644e-01	1.786938079689521786e-01	1.318012115861770181e-02	1.354930690487154109e-02	2.102615564900857728e-02	1.470651053786356348e-03	6.948981573553967249e-04
8.224209363213981305e+01	7.652305861303099199e-01	1.844550398242662814e-01	1.403754609639063129e-02	1.489322464332317256e-02	2.226144598343757913e-02	1.519108601629780850e-03	7.632080012797825153e-04
8.707986384579510286e+01	7.562772974068214804e-01	1.898097683811845460e-01	1.491345641477170858e-02	1.626023996757585202e-02	2.349289937810888212e-02	1.571271380340278322e-03	8.352263518343806424e-04
9.191763405945040688e+01	7.476659357083874635e-01	1.947849673308735541e-01	1.580529445411336595e-02	1.764643092681490028e-02	2.471939178739494467e-02	1.627175328288077948e-03	9.109637447647949597e-04
9.675540427310566827e+01	7.393782786336964286e-01	1.994058343333426908e-01	1.671070938236867559e-02	1.904818216359989436e-02	2.593989645695455454e-02	1.686843535611308930e-03	9.904147750635170638e-04
1.015931744867609581e+02	7.313972210029408005e-01	2.036959078746352347e-01	1.762754226724025028e-02	2.046216378954907739e-02	2.715347712715037234e-02	1.750287423708605204e-03	1.073559795412807206e-03
1.064309447004162337e+02	7.237067029958826891e-01	2.076771764331101500e-01	1.855381217847625747e-02	2.188531166935970412e-02	2.835928169054025352e-02	1.817507836033249030e-03	1.160366477234880218e-03
1.112687149140715235e+02	7.162916429844107258e-01	2.113701804611386459e-01	1.948770325073952148e-02	2.331480902012621897e-02	2.955653627343301365e-02	1.888496046413516401e-03	1.250791244375417050e-03
1.161064851277267991e+02	7.091378747513387149e-01	2.147941076552001005e-01	2.042755264212213484e-02	2.474806923904964567e-02	3.074453971347719874e-02	1.963234690700143680e-03	1.344780588749140650e-03
1.209442553413820747e+02	7.022320888074734535e-01	2.179668819562168569e-01	2.137183932771595518e-02	2.618271987835876780e-02	3.192265840709925667e-02	2.041698627146521991e-03	1.442272276626236976e-03
1.257820255550373645e+02	6.955617775379249190e-01	2.209052466928743963e-01	2.231917367169934663e-02	2.761658769161408344e-02	3.309032150233329889e-02	2.123855730558411523e-03	1.543196453632570027e-03
1.306197957686926259e+02	6.891151839263217616e-01	2.236248422534952984e-01	2.326828772518156271e-02	2.904768468056329392e-02	3.424701641419714004e-02	2.209667624905947095e-03	1.647476655972018823e-03
1.354575659823479441e+02	6.828812536221288143e-01	2.261402786466484571e-01	2.421802620057593447e-02	3.047419507638571973e-02	3.539228464127518875e-02	2.299090358769754518e-03	1.755030734853053713e-03
1.402953361960032339e+02	6.768495901317057584e-01	2.284652032869575744e-01	2.516733807656843999e-02	3.189446319352427089e-02	3.652571786357588363e-02	2.392075027693650342e-03	1.865771700611310296e-03
1.451331064096584669e+02	6.710104129281687646e-01	2.306123643204207596e-01	2.611526879082449321e-02	3.330698209837741619e-02	3.764695430304519641e-02	2.488568347237169603e-03	1.979608492563014570e-03
1.499708766233137851e+02	6.653545182885980402e-01	2.325936697828560329e-01	2.706095298044852368e-02	3.471038303892923921e-02	3.875567532934579007e-02	2.588513180260731440e-03	2.096446680198390741e-03
1.548086468369690749e+02	6.598732426797188078e-01	2.344202428657567450e-01	2.800360773289179567e-02	3.610342558495061027e-02	3.985160229465782578e-02	2.691849021733363004e-03	2.216189100927576112e-03
1.596464170506243647e+02	6.545584285249472778e-01	2.361024735457805113e-01	2.894252631250635727e-02	3.748498843172518025e-02	4.093449358232882640e-02	2.798512444126380599e-03	2.338736439222090235e-03
1.644841872642796261e+02	6.494023921966793900e-01	2.376500668172257247e-01	2.987707233027897188e-02	3.885406082335601113e-02	4.200414185520045390e-02	2.908437506245187092e-03	2.463987751650772388e-03
1.693219574779349159e+02	6.443978940879622197e-01	2.390720877510904563e-01	3.080667432645939341e-02	4.020973455460636475e-02	4.306037149037506701e-02	3.021556128154350308e-03	2.591840941988542927e-03
1.741597276915902057e+02	6.395381106272782779e-01	2.403770035895874402e-01	3.173082073783257961e-02	4.155119651293499861e-02	4.410303618805773429e-02	3.137798434667469355e-03	2.722193190277859363e-03
1.789974979052454671e+02	6.348166081091286550e-01	2.415727230712365614e-01	3.264905522328422072e-02	4.287772172491480238e-02	4.513201674292526694e-02	3.257093069702060497e-03	2.854941339444736804e-03
1.838352681189008138e+02	6.302273182214703784e-01	2.426666331688102085e-01	3.356097232308212497e-02	4.418866687358571910e-02	4.614721896723555233e-02	3.379367483640035447e-03	2.989982242812407737e-03
1.886730383325560467e+02	6.257645151588778765e-01	2.436656334104060906e-01	3.446621342895090506e-02	4.548346425549913696e-02	4.714857175560221991e-02	3.504548195685484868e-03	3.127213075614713924e-03
1.935108085462113081e+02	6.214227942176057118e-01	2.445761679427122526e-01	3.536446304356204162e-02	4.676161614827208796e-02	4.813602528202452768e-02	3.632561033072716737e-03	3.266531613387031741e-03
1.983485787598666263e+02	6.171970517755466235e-01	2.454042554850567048e-01	3.625544530950308708e-02	4.802268956139486150e-02	4.910954932038318760e-02	3.763331348848151722e-03	3.407836479903740470e-03
2.031863489735219162e+02	6.130824665664563744e-01	2.461555173130517138e-01	3.713892078913499928e-02	4.926631134483396013e-02	5.006913168019316157e-02	3.896784219829110135e-03	3.551027367136944113e-03
2.080241191871772060e+02	6.090744821637702477e-01	2.468352034015045826e-01	3.801468347800226327e-02	5.049216363165258403e-02	5.101477674994606831e-02	4.032844626230162183e-03	3.696005229530345288e-03
2.128618894008324673e+02	6.051687905948961443e-01	2.474482168477299959e-01	3.888255803563218232e-02	5.169997959243968072e-02	5.194650414088124862e-02	4.171437614342987134e-03	3.842672454713937612e-03
2.176996596144877287e+02	6.013613170120691853e-01	2.479991366884248261e-01	3.974239721865317071e-02	5.288953948080506867e-02	5.286434742449713092e-02	4.312488443558110986e-03	3.990933012628685751e-03
2.225374298281430470e+02	5.976482053507039538e-01	2.484922392158161464e-01	4.059407950218202332e-02	5.406066695056688937e-02	5.376835295755640759e-02	4.455922718925952805e-03	4.140692584884773930e-03
2.273752000417983652e+02	5.940258049107183247e-01	2.489315178918355409e-01	4.143750687638264596e-02	5.521322562653727117e-02	5.465857878875075154e-02	4.601666510369899037e-03	4.291858676041652304e-03
2.322129702554535982e+02	5.904906578005379991e-01	2.493207019525710000e-01	4.227260280598667957e-02	5.634711591200650127e-02	5.553509364157657724e-02	4.749646459585193416e-03	4.444340708372153219e-03
2.370507404691088880e+02	5.870394871874494713e-01	2.496632737891755216e-01	4.309931034139569128e-02	5.746227201714253219e-02	5.639797596833296539e-02	4.899789875583902138e-03	4.598050101555979131e-03
2.418885106827641494e+02	5.836691863016685300e-01	2.499624851857387975e-01	4.391759037075793071e-02	5.855865919356478128e-02	5.724731307048932377e-02	5.052024819777731386e-03	4.752900338638988385e-03
2.467262808964194392e+02	5.803768081449427463e-01	2.502213724893290747e-01	4.472742000313419813e-02	5.963627116132542288e-02	5.808320028098436227e-02	5.206280181426693743e-03	4.908807019493633544e-03
2.515640511100747290e+02	5.771595558577377050e-01	2.504427707824614657e-01	4.552879107354065175e-02	6.069512771544093716e-02	5.890574020431129515e-02	5.362485744222209201e-03	5.065687902921905787e-03
2.564018213237300188e+02	5.740147737020689922e-01	2.506293271236253450e-01	4.632170876128433035e-02	6.173527249996631217e-02	5.971504201051835298e-02	5.520572244717914835e-03	5.223462938454836307e-03
2.612395915373852517e+02	5.709399386198609205e-01	2.507835129171825383e-01	4.710619031359317838e-02	6.275677093839830689e-02	6.051122077950956551e-02	5.680471423269969726e-03	5.382054288821526422e-03
2.660773617510405415e+02	5.679326523293422024e-01	2.509076354699135702e-01	4.788226386708886034e-02	6.375970830993536731e-02	6.129439689226989785e-02	5.842116068100674034e-03	5.541386343985343389e-03
2.709151319646958882e+02	5.649906339244509246e-01	2.510038487877182534e-01	4.864996736016033441e-02	6.474418796181459490e-02	6.206469546586219910e-02	6.005440053054604023e-03	5.701385727575000034e-03
2.757529021783511780e+02	5.621117129445147853e-01	2.510741636624560513e-01	4.940934752977189925e-02	6.571032964859288561e-02	6.282224582925201306e-02	6.170378369574934692e-03	5.861981296473303855e-03
2.805906723920064678e+02	5.592938228836208392e-01	2.511204570956221405e-01	5.016045898668283765e-02	6.665826798984381130e-02	6.356718103721124835e-02	6.336867153388934734e-03	6.023104134266149025e-03
2.854284426056617008e+02	5.565349951110925009e-01	2.511444811024802215e-01	5.090336336346934498e-02	6.758815103830620452e-02	6.429963741973361568e-02	6.504843706355683750e-03	6.184687539198368590e-03
2.902662128193169337e+02	5.538333531763666162e-01	2.511478709374048157e-01	5.163812853012542808e-02	6.850013895104763162e-02	6.501975416456466650e-02	6.674246513895560652e-03	6.346667007231261010e-03
2.951039830329722804e+02	5.511871074733101228e-01	2.511321527785013163e-01	5.236482787237915076e-02	6.939440275669836455e-02	6.572767293060852167e-02	6.845015258389943423e-03	6.508980210748483049e-03
2.999417532466276270e+02	5.485945502406550656e-01	2.510987509070689572e-01	5.308353962819586935e-02	7.027112321227185765e-02	6.642353749012104569e-02	7.017090828910603484e-03	6.671566973412420415e-03
3.047795234602828600e+02	5.460540508767544043e-01	2.510489944151296782e-01	5.379434627825339932e-02	7.113048974351664222e-02	6.710749339773844357e-02	7.190415327611332508e-03	6.834369241631832459e-03
3.096172936739380930e+02	5.435640515482912383e-01	2.509841234720607828e-01	5.449733398646524479e-02	7.197269946314688305e-02	6.777968768451908543e-02	7.364932073089319568e-03	6.997331053063265451e-03
3.144550638875934396e+02	5.411230630739044534e-01	2.509052951793266928e-01	5.519259208690036750e-02	7.279795626167288869e-02	6.844026857529761365e-02	7.540585601000516537e-03	7.160398502533264244e-03
3.192928341012487294e+02	5.387296610649443540e-01	2.508135890403963009e-01	5.588021261370117870e-02	7.360646996590347602e-02	6.908938522776332525e-02	7.717321662191584629e-03	7.323519705735567764e-03
3.241306043149040192e+02	5.363824823067292469e-01	2.507100120711515667e-01	5.656028987083821374e-02	7.439845556051902231e-02	6.972718749177977959e-02	7.895087218590926895e-03	7.486644761027074456e-03
3.289683745285592522e+02	5.340802213647676266e-01	2.505955035744261150e-01	5.723292003875973116e-02	7.517413246841962715e-02	7.035382568756183563e-02	8.073830437082610278e-03	7.649725709618225740e-03
3.338061447422145420e+02	5.318216274014232470e-01	2.504709396007595013e-01	5.789820081520043182e-02	7.593372388583786992e-02	7.096945040141763861e-02	8.253500681569646627e-03	7.812716494427447700e-03
3.386439149558698318e+02	5.296055011894499343e-01	2.503371371159973102e-01	5.855623108760443091e-02	7.667745616847258805e-02	7.157421229784928507e-02	8.434048503416970849e-03	7.975572917845209775e-03
3.434816851695251216e+02	5.274306923097120681e-01	2.501948578950120572e-01	5.920711063479625752e-02	7.740555826514852744e-02	7.216826194688634455e-02	8.615425630449483757e-03	8.138252598631037435e-03
3.483194553831804114e+02	5.252960965212323252e-01	2.500448121595499340e-01	5.985093985569987091e-02	7.811826119573965499e-02	7.275174966560091216e-02	8.797584954666662349e-03	8.300714928146291430e-03
3.531572255968357013e+02	5.232006532924866615e-01	2.498876619770256102e-01	6.048781952306048898e-02	7.881579757031091649e-02	7.332482537282326851e-02	8.980480518822301847e-03	8.462921026106505831e-03
3.579949958104909342e+02	5.211433434835839318e-01	2.497240244359793804e-01	6.111785056026844409e-02	7.949840114663569990e-02	7.388763845614247650e-02	9.164067502006019786e-03	8.624833696019636176e-03
3.628327660241463377e+02	5.191231871696532219e-01	2.495544746128776081e-01	6.174113383951880529e-02	8.016630642343638979e-02	7.444033765033716832e-02	9.348302204352045008e-03	8.786417380460367563e-03
3.676705362378016275e+02	5.171392415963809164e-01	2.493795483439720240e-01	6.235776999966557294e-02	8.081974826687170210e-02	7.498307092643911875e-02	9.533142030990513632e-03	8.947638116315779003e-03
3.725083064514568036e+02	5.151905992592427097e-01	2.491997448150307937e-01	6.296785928224619966e-02	8.145896156795995324e-02	7.551598539068513083e-02	9.718545475346958284e-03	9.108463490123928225e-03
3.773460766651120935e+02	5.132763860985176674e-01	2.490155289809116712e-01	6.357150138426066743e-02	8.208418092878175254e-02	7.603922719266277552e-02	9.904472101886805518e-03	9.268862593614288908e-03
3.821838468787673833e+02	5.113957598026922513e-01	2.488273338261601797e-01	6.416879532639076233e-02	8.269564037544978319e-02	7.655294144200176787e-02	1.009088252839354660e-02	9.428805979547353125e-03
3.870216170924226162e+02	5.095479082133402837e-01	2.486355624770805184e-01	6.475983933543924542e-02	8.329357309596767400e-02	7.705727213300632428e-02	1.027773840786160714e-02	9.588265617940022398e-03
3.918593873060780197e+02	5.077320478250182401e-01	2.484405901750389722e-01	6.534473073985642977e-02	8.387821120122605778e-02	7.755236207666435511e-02	1.046500241007793791e-02	9.747214852753595740e-03
3.966971575197332527e+02	5.059474223741329268e-01	2.482427661201190849e-01	6.592356587730377471e-02	8.444978550750092960e-02	7.803835283950694146e-02	1.065263820295981809e-02	9.905628359112112966e-03
4.015349277333884856e+02	5.041933015111320637e-01	2.480424151936465316e-01	6.649644001327943699e-02	8.500852533892926111e-02	7.851538468882721111e-02	1.084061043371037023e-02	1.006348210111058551e-02
4.063726979470438323e+02	5.024689795507376600e-01	2.478398395675430743e-01	6.706344726990218219e-02	8.555465834853934193e-02	7.898359654380054939e-02	1.102888470984768679e-02	1.022075329026500556e-02
4.112104681606991221e+02	5.007737742952808047e-01	2.476353202079440430e-01	6.762468056401570171e-02	8.608841035650843798e-02	7.944312593207902840e-02	1.121742758015834528e-02	1.037742034464915301e-02
4.160482383743544119e+02	4.991070259265226183e-01	2.474291182800268107e-01	6.818023155383653999e-02	8.661000520441013151e-02	7.989410895146131786e-02	1.140620651562130466e-02	1.053346284875677705e-02
4.208860085880095880e+02	4.974680959616408771e-01	2.472214764605385473e-01	6.873019059342642956e-02	8.711966462429700242e-02	8.033668023626683308e-02	1.159518989034378361e-02	1.068886151412198719e-02
4.257237788016648778e+02	4.958563662693443730e-01	2.470126201640874819e-01	6.927464669432215061e-02	8.761760812154181788e-02	8.077097292806760531e-02	1.178434696254671531e-02	1.084359814072538043e-02
4.305615490153201677e+02	4.942712381423383095e-01	2.468027586888612013e-01	6.981368749370601978e-02	8.810405287043346356e-02	8.119711865045452226e-02	1.197364785563351935e-02	1.099765557920856160e-02
4.353993192289755143e+02	4.927121314226086679e-01	2.465920862870642771e-01	7.034739922854583993e-02	8.857921362159165701e-02	8.161524748753717917e-02	1.216306353937259520e-02	1.115101769391538787e-02
4.402370894426308041e+02	4.911784836762214668e-01	2.463807831650194624e-01	7.087586671517587256e-02	8.904330262032765508e-02	8.202548796589630153e-02	1.235256581122068896e-02	1.130366932677416038e-02
4.450748596562860939e+02	4.896697494145469398e-01	2.461690164175510676e-01	7.139917333382987674e-02	8.949652953513759224e-02	8.242796703972721239e-02	1.254212727781135912e-02	1.145559626203149911e-02
4.499126298699413837e+02	4.881853993590184460e-01	2.459569409009666752e-01	7.191740101767452042e-02	8.993910139557025063e-02	8.282281007893040059e-02	1.273172133663009326e-02	1.160678519184521994e-02
4.547504000835967304e+02	4.867249197467214405e-01	2.457447000486683297e-01	7.243063024592552579e-02	9.037122253876256339e-02	8.321014085992196885e-02	1.292132215789511956e-02	1.175722368274065288e-02
4.595881702972519065e+02	4.852878116742843084e-01	2.455324266331607441e-01	7.293894004066095449e-02	9.079309456398447498e-02	8.359008155895233938e-02	1.311090466666070022e-02	1.190690014293210169e-02
4.644259405109071963e+02	4.838735904777032304e-01	2.453202434779752361e-01	7.344240796697544538e-02	9.120491629457964933e-02	8.396275274773572217e-02	1.330044452515755267e-02	1.205580379050878552e-02
4.692637107245624861e+02	4.824817851458878537e-01	2.451082641227979031e-01	7.394111013614700079e-02	9.160688374673041368e-02	8.432827339120690935e-02	1.348991811538317528e-02	1.220392462248237435e-02
4.741014809382177759e+02	4.811119377658555352e-01	2.448965934448736337e-01	7.443512121151313332e-02	9.199919010451473866e-02	8.468676084723418540e-02	1.367930252195305278e-02	1.235125338469135470e-02
4.789392511518730657e+02	4.797636029976356520e-01	2.446853282395563545e-01	7.492451441677727697e-02	9.238202570075944309e-02	8.503833086812907782e-02	1.386857551522211081e-02	1.249778154255569255e-02
4.837770213655284124e+02	4.784363475770698204e-01	2.444745577626869781e-01	7.540936154648816836e-02	9.275557800322793700e-02	8.538309760380466407e-02	1.405771553468431259e-02	1.264350125267372539e-02
4.886147915791837022e+02	4.771297498448101027e-01	2.442643642373042989e-01	7.588973297845519328e-02	9.312003160571290239e-02	8.572117360644435080e-02	1.424670167265693760e-02	1.278840533525188276e-02
4.934525617928388783e+02	4.758433992999256401e-01	2.440548233270298795e-01	7.636569768788216417e-02	9.347556822363378703e-02	8.605266983655274204e-02	1.443551365825485218e-02	1.293248724735660861e-02
4.982903320064942250e+02	4.745768961766309024e-01	2.438460045783137353e-01	7.683732326301907778e-02	9.382236669376704807e-02	8.637769567026919171e-02	1.462413184165893380e-02	1.307574105697680358e-02
5.031281022201495148e+02	4.733298510427422223e-01	2.436379718335842659e-01	7.730467592214787520e-02	9.416060297776258914e-02	8.669635890783261578e-02	1.481253717868183037e-02	1.321816141788423153e-02
5.079658724338048046e+02	4.721018844185596031e-01	2.434307836172117101e-01	7.776782053173354747e-02	9.449045016912442640e-02	8.700876578309454934e-02	1.500071121563326983e-02	1.335974354527849628e-02
5.128036426474600376e+02	4.708926264149523311e-01	2.432244934960686167e-01	7.822682062558561356e-02	9.481207850335607312e-02	8.731502097398412265e-02	1.518863607448628014e-02	1.350048319220256351e-02
5.176414128611153274e+02	4.697017163895062519e-01	2.430191504163543292e-01	7.868173842488829228e-02	9.512565537099182400e-02	8.761522761383573610e-02	1.537629443834497532e-02	1.364037662671418842e-02
5.224791830747705035e+02	4.685288026196617328e-01	2.428147990182403237e-01	7.913263485896958327e-02	9.543134533325547952e-02	8.790948730349645857e-02	1.556366953721378954e-02	1.377942060979817952e-02
5.273169532884259070e+02	4.673735419918401690e-01	2.426114799297917624e-01	7.957956958669049063e-02	9.572931014010557793e-02	8.819790012413608604e-02	1.575074513406748283e-02	1.391761237400400766e-02
5.321547235020811968e+02	4.662355997056192858e-01	2.424092300415242041e-01	8.002260101834625383e-02	9.601970875044392451e-02	8.848056465068826482e-02	1.593750551122062598e-02	1.405494960279297413e-02
5.369924937157364866e+02	4.651146489920787164e-01	2.422080827628662059e-01	8.046178633798062307e-02	9.630269735427995914e-02	8.875757796585634352e-02	1.612393545699484718e-02	1.419143041057889520e-02
5.418302639293917764e+02	4.640103708454902387e-01	2.420080682617139212e-01	8.089718152602339007e-02	9.657842939665813031e-02	8.902903567462219780e-02	1.631002025268156810e-02	1.432705332344612684e-02
5.466680341430470662e+02	4.629224537675817874e-01	2.418092136881876131e-01	8.132884138216929515e-02	9.684705560316972384e-02	8.929503191920096228e-02	1.649574565979763235e-02	1.446181726052859357e-02
5.515058043567023560e+02	4.618505935236502657e-01	2.416115433836248660e-01	8.175681954842399513e-02	9.710872400688341788e-02	8.955565939438871192e-02	1.668109790763086867e-02	1.459572151603344241e-02
5.563435745703576458e+02	4.607944929098460873e-01	2.414150790757799425e-01	8.218116853224989582e-02	9.736357997654061791e-02	8.981100936325391026e-02	1.686606368107223045e-02	1.472876574189294421e-02
5.611813447840129356e+02	4.597538615309918475e-01	2.412198400611330062e-01	8.260193972975095333e-02	9.761176624587333817e-02	9.006117167312716054e-02	1.705063010873103524e-02	1.486094993102827534e-02
5.660191149976681118e+02	4.587284155883410430e-01	2.410258433751549523e-01	8.301918344884154366e-02	9.785342294391248530e-02	9.030623477184727965e-02	1.723478475132940099e-02	1.499227440120886636e-02
5.708568852113234016e+02	4.577178776767162893e-01	2.408331039513171290e-01	8.343294893234989851e-02	9.808868762616460013e-02	9.054628572422457333e-02	1.741851559037191355e-02	1.512273977949116568e-02
5.756946554249786914e+02	4.567219765905031759e-01	2.406416347695845559e-01	8.384328438101171233e-02	9.831769530654368983e-02	9.078141022868545240e-02	1.760181101708629264e-02	1.525234698722072700e-02
5.805324256386339812e+02	4.557404471380083200e-01	2.404514469950814748e-01	8.425023697631424391e-02	9.854057848995388669e-02	9.101169263406515275e-02	1.778465982163069878e-02	1.538109722558173367e-02
5.853701958522892710e+02	4.547730299637204876e-01	2.402625501075745518e-01	8.465385290315524669e-02	9.875746720542608048e-02	9.123721595651762550e-02	1.796705118256321579e-02	1.550899196167826281e-02
5.902079660659445608e+02	4.538194713780409062e-01	2.400749520223745548e-01	8.505417737228541941e-02	9.896848903971941502e-02	9.145806189651452256e-02	1.814897465656887046e-02	1.563603291513175619e-02
5.950457362795999643e+02	4.528795231940777044e-01	2.398886592032203335e-01	8.545125464250626079e-02	9.917376917130513170e-02	9.167431085590699302e-02	1.833042016843954014e-02	1.576222204517946715e-02
5.998835064932552541e+02	4.519529425711227288e-01	2.397036767676698765e-01	8.584512804259880614e-02	9.937343040465698718e-02	9.188604195502629579e-02	1.851137800130198824e-02	1.588756153825877579e-02
6.047212767069104302e+02	4.510394918644525242e-01	2.395200085854903571e-01	8.623583999296169367e-02	9.956759320477794051e-02	9.209333304980110713e-02	1.869183878708920166e-02	1.601205379606264120e-02
6.095590469205657200e+02	4.501389384811178562e-01	2.393376573705056909e-01	8.662343202693990885e-02	9.975637573189907736e-02	9.229626074887106735e-02	1.887179349725023533e-02	1.613570142405167107e-02
6.143968171342210098e+02	4.492510547414055311e-01	2.391566247663308997e-01	8.700794481182771989e-02	9.993989387629109711e-02	9.249490043067805367e-02	1.905123343369366506e-02	1.625850722040853708e-02
6.192345873478761860e+02	4.483756177456765246e-01	2.389769114263940175e-01	8.738941816953241237e-02	1.001182612931340588e-01	9.268932626051784585e-02	1.923015021995979831e-02	1.638047416542082885e-02
6.240723575615315895e+02	4.475124092463010350e-01	2.387985170886199882e-01	8.776789109688672152e-02	1.002915894373955508e-01	9.287961120753680799e-02	1.940853579261675801e-02	1.650160541127862132e-02
6.289101277751868793e+02	4.466612155244291671e-01	2.386214406451266923e-01	8.814340178560049754e-02	1.004599875986712243e-01	9.306582706165879293e-02	1.958638239287561686e-02	1.662190427227345363e-02
6.337478979888421691e+02	4.458218272713506680e-01	2.384456802072602855e-01	8.851598764184352708e-02	1.006235629359460010e-01	9.324804445042965406e-02	1.976368255841971788e-02	1.674137421538561196e-02
6.385856682024975726e+02	4.449940394742120664e-01	2.382712331662752148e-01	8.888568530545330748e-02	1.007824205122374583e-01	9.342633285576701363e-02	1.994042911544338312e-02	1.686001885124697661e-02
6.434234384161527487e+02	4.441776513058741660e-01	2.380980962499448517e-01	8.925253066876281949e-02	1.009366633290865317e-01	9.360076063060482343e-02	2.011661517089527451e-02	1.697784192546697088e-02
6.482612086298080385e+02	4.433724660187037259e-01	2.379262655753694999e-01	8.961655889504492600e-02	1.010863923608637388e-01	9.377139501542250399e-02	2.029223410492165397e-02	1.709484731030945850e-02
6.530989788434633283e+02	4.425782908421078132e-01	2.377557366982312459e-01	8.997780443657106553e-02	1.012317065888617557e-01	9.393830215464996081e-02	2.046727956350486918e-02	1.721103899670876555e-02
6.579367490571185044e+02	4.417949368836287527e-01	2.375865046587288254e-01	9.033630105228314389e-02	1.013727030351485175e-01	9.410154711294047014e-02	2.064174545129250291e-02	1.732642108661326674e-02
6.627745192707737942e+02	4.410222190334283088e-01	2.374185640244103890e-01	9.069208182507829119e-02	1.015094767961565725e-01	9.426119389130399595e-02	2.081562592461254357e-02	1.744099778564533673e-02
6.676122894844290840e+02	4.402599558720010631e-01	2.372519089301074746e-01	9.104517917870756649e-02	1.016421210759877874e-01	9.441730544309462347e-02	2.098891538467017107e-02	1.755477339606670295e-02
6.724500596980843738e+02	4.395079695809647191e-01	2.370865331151608135e-01	9.139562489428967873e-02	1.017707272194137286e-01	9.456994368984618371e-02	2.116160847092168895e-02	1.766775231003858693e-02
6.772878299117396637e+02	4.387660858567841160e-01	2.369224299581155491e-01	9.174345012644249953e-02	1.018953847445546873e-01	9.471916953695098951e-02	2.133370005462124214e-02	1.777993900316630557e-02
6.821256001253949535e+02	4.380341338272949470e-01	2.367595925090523190e-01	9.208868541903474092e-02	1.020161813752218788e-01	9.486504288917717298e-02	2.150518523253607331e-02	1.789133802831829531e-02
6.869633703390502433e+02	4.373119459708994516e-01	2.365980135197087997e-01	9.243136072056190589e-02	1.021332030729091012e-01	9.500762266602037764e-02	2.167605932082606116e-02	1.800195400970977175e-02
6.918011405527055331e+02	4.365993580383142891e-01	2.364376854715378728e-01	9.277150539914982841e-02	1.022465340684217683e-01	9.514696681688658564e-02	2.184631784908347071e-02	1.811179163724162267e-02
6.966389107663608229e+02	4.358962089767576265e-01	2.362786006018371965e-01	9.310914825719078525e-02	1.023562568931327549e-01	9.528313233610291588e-02	2.201595655452881495e-02	1.822085566108529175e-02
7.014766809800161127e+02	4.352023408564680285e-01	2.361207509280772721e-01	9.344431754561678682e-02	1.024624524098556866e-01	9.541617527775390906e-02	2.218497137635887587e-02	1.832915088650475394e-02
7.063144511936714025e+02	4.345175987994547850e-01	2.359641282705467746e-01	9.377704097781522363e-02	1.025651998433277784e-01	9.554615077034085691e-02	2.235335845024296123e-02	1.843668216890696765e-02
7.111522214073266923e+02	4.338418309103837522e-01	2.358087242734250022e-01	9.410734574319241930e-02	1.026645768102952966e-01	9.567311303126281585e-02	2.252111410296364982e-02	1.854345440911240803e-02
7.159899916209819821e+02	4.331748882095091124e-01	2.356545304243862493e-01	9.443525852039076629e-02	1.027606593491960651e-01	9.579711538111741753e-02	2.268823484719820205e-02	1.864947254883754166e-02
7.208277618346371582e+02	4.325166245675653443e-01	2.355015380728313623e-01	9.476080549016543952e-02	1.028535219494340763e-01	9.591821025782061583e-02	2.285471737643706217e-02	1.875474156638145748e-02
7.256655320482924481e+02	4.318668966425388001e-01	2.353497384468380971e-01	9.508401234792673851e-02	1.029432375802425276e-01	9.603644923054445448e-02	2.302055856003580939e-02	1.885926647250895163e-02
7.305033022619478515e+02	4.312255638182425632e-01	2.351991226689139902e-01	9.540490431595458065e-02	1.030298777191321902e-01	9.615188301347218913e-02	2.318575543839714037e-02	1.896305230652273535e-02
7.353410724756030277e+02	4.305924881446225316e-01	2.350496817706310693e-01	9.572350615529109930e-02	1.031135123799229725e-01	9.626456147937068053e-02	2.335030521827939978e-02	1.906610413251767083e-02
7.401788426892584312e+02	4.299675342797257271e-01	2.349014067062161204e-01	9.603984217731831308e-02	1.031942101403571371e-01	9.637453367297964257e-02	2.351420526822835602e-02	1.916842703581006849e-02
7.450166129029136073e+02	4.293505694332665490e-01	2.347542883651654866e-01	9.635393625502712556e-02	1.032720381692935341e-01	9.648184782421824479e-02	2.367745311412898165e-02	1.927002611953540848e-02
7.498543831165690108e+02	4.287414633117288543e-01	2.346083175839487334e-01	9.666581183398439969e-02	1.033470622534822386e-01	9.658655136120905538e-02	2.384004643487402930e-02	1.937090650140804379e-02
7.546921533302243006e+02	4.281400880649456342e-01	2.344634851568618283e-01	9.697549194300460196e-02	1.034193468239204133e-01	9.668869092311999092e-02	2.400198305814630478e-02	1.947107331063662253e-02
7.595299235438793630e+02	4.275463182341012192e-01	2.343197818460856230e-01	9.728299920453283012e-02	1.034889549817898380e-01	9.678831237282499445e-02	2.416326095631166418e-02	1.957053168498920637e-02
7.643676937575347665e+02	4.269600307011032214e-01	2.341771983910027333e-01	9.758835584474577496e-02	1.035559485239777033e-01	9.688546080938401084e-02	2.432387824241969559e-02	1.966928676800226011e-02
7.692054639711900563e+02	4.263811046392737558e-01	2.340357255168217798e-01	9.789158370337711079e-02	1.036203879681821122e-01	9.698018058034348077e-02	2.448383316630928230e-02	1.976734370632788826e-02
7.740432341848452324e+02	4.258094214653131426e-01	2.338953539425550343e-01	9.819270424327414259e-02	1.036823325776048410e-01	9.707251529385818589e-02	2.464312411081621967e-02	1.986470764721391322e-02
7.788810043985006359e+02	4.252448647924904623e-01	2.337560743883924375e-01	9.849173855969189928e-02	1.037418403852332915e-01	9.716250783063583307e-02	2.480174958808012767e-02	1.996138373611145572e-02
7.837187746121558121e+02	4.246873203850181633e-01	2.336178775825122900e-01	9.878870738933157036e-02	1.037989682177149486e-01	9.725020035570540455e-02	2.495970823594803947e-02	2.005737711440508039e-02
7.885565448258112156e+02	4.241366761135697550e-01	2.334807542673659198e-01	9.908363111912917021e-02	1.038537717188270093e-01	9.733563433001102272e-02	2.511699881447205032e-02	2.015269291726049308e-02
7.933943150394665054e+02	4.235928219119016735e-01	2.333446952054716583e-01	9.937652979480122994e-02	1.039063053725448604e-01	9.741885052183231475e-02	2.527362020249848337e-02	2.024733627158516874e-02
7.982320852531219089e+02	4.230556497345417943e-01	2.332096911847508225e-01	9.966742312915342905e-02	1.039566225257127219e-01	9.749988901803319230e-02	2.542957139434613364e-02	2.034131229409730235e-02
8.030698554667769713e+02	4.225250535155097853e-01	2.330757330234362878e-01	9.995633051015841153e-02	1.040047754103204658e-01	9.757878923514046177e-02	2.558485149657120997e-02	2.043462608949871140e-02
8.079076256804323748e+02	4.220009291280352737e-01	2.329428115745825478e-01	1.002432710088090317e-01	1.040508151653903729e-01	9.765558993025399981e-02	2.573945972481660530e-02	2.052728274874743644e-02
8.127453958940876646e+02	4.214831743452411850e-01	2.328109177302039312e-01	1.005282633867526088e-01	1.040947918584781834e-01	9.773032921179009014e-02	2.589339540074322640e-02	2.061928734742601507e-02
8.175831661077428407e+02	4.209716888017620562e-01	2.326800424250656807e-01	1.008113261037124758e-01	1.041367545067926059e-01	9.780304455005980890e-02	2.604665794904123186e-02	2.071064494420139443e-02
8.224209363213982442e+02	4.204663739562674585e-01	2.325501766401519288e-01	1.010924773247020847e-01	1.041767510979377948e-01	9.787377278768416566e-02	2.619924689451894745e-02	2.080136057937280805e-02
8.272587065350534203e+02	4.199671330548628845e-01	2.324213114058320540e-01	1.013717349270378404e-01	1.042148286102832361e-01	9.794255014984790120e-02	2.635116185926741905e-02	2.089143927350384927e-02
8.320964767487085965e+02	4.194738710953403449e-01	2.322934378047457893e-01	1.016491165071557595e-01	1.042510330329657342e-01	9.800941225439369076e-02	2.650240255989857324e-02	2.098088602613530987e-02
8.369342469623640000e+02	4.189864947922539162e-01	2.321665469744263188e-01	1.019246393872375867e-01	1.042854093855283687e-01	9.807439412175880666e-02	2.665296880485496303e-02	2.106970581457532493e-02
8.417720171760191761e+02	4.185049125427945382e-01	2.320406301096794022e-01	1.021983206216515727e-01	1.043180017372009050e-01	9.813753018475601664e-02	2.680286049178919744e-02	2.115790359276359042e-02
8.466097873896745796e+02	4.180290343934419117e-01	2.319156784647349034e-01	1.024701770032132309e-01	1.043488532258268486e-01	9.819885429820059131e-02	2.695207760501121264e-02	2.124548429020650664e-02
8.514475576033297557e+02	4.175587720073686837e-01	2.317916833551864064e-01	1.027402250692709684e-01	1.043780060764418066e-01	9.825839974838564139e-02	2.710062021300149032e-02	2.133245281098020141e-02
8.562853278169851592e+02	4.170940386325773241e-01	2.316686361597335431e-01	1.030084811076216189e-01	1.044055016195082619e-01	9.831619926240739438e-02	2.724848846598853375e-02	2.141881403279852561e-02
8.611230980306403353e+02	4.166347490707473233e-01	2.315465283217408854e-01	1.032749611622607866e-01	1.044313803088115916e-01	9.837228501734260333e-02	2.739568259358882499e-02	2.150457280614321079e-02
8.659608682442956251e+02	4.161808196467735588e-01	2.314253513506255300e-01	1.035396810389726668e-01	1.044556817390224490e-01	9.842668864927990591e-02	2.754220290250757389e-02	2.158973395345347920e-02
8.707986384579510286e+02	4.157321681789763468e-01	2.313050968230859483e-01	1.038026563107638106e-01	1.044784446629304780e-01	9.847944126220727068e-02	2.768804977429873207e-02	2.167430226837253893e-02
8.756364086716062047e+02	4.152887139499642499e-01	2.311857563841827334e-01	1.040639023231456489e-01	1.044997070083543284e-01	9.853057343675726554e-02	2.783322366318253388e-02	2.175828251504840008e-02
8.804741788852616082e+02	4.148503776781322094e-01	2.310673217482819286e-01	1.043234341992698155e-01	1.045195058947329947e-01	9.858011523881234084e-02	2.797772509391916601e-02	2.184167942748667726e-02
8.853119490989170117e+02	4.144170814897784605e-01	2.309497846998703752e-01	1.045812668449207367e-01	1.045378776494035461e-01	9.862809622797198694e-02	2.812155465973699767e-02	2.192449770895300507e-02
8.901497193125721878e+02	4.139887488918221892e-01	2.308331370942526550e-01	1.048374149533696925e-01	1.045548578235701576e-01	9.867454546588361186e-02	2.826471302031390714e-02	2.200674203142287746e-02
8.949874895262273640e+02	4.135653047451079423e-01	2.307173708581372606e-01	1.050918930100940979e-01	1.045704812079694124e-01	9.871949152443927622e-02	2.840720089981034133e-02	2.208841703507677043e-02
8.998252597398827675e+02	4.131466752382798591e-01	2.306024779901207911e-01	1.053447152973663731e-01	1.045847818482368158e-01	9.876296249384010351e-02	2.854901908495269258e-02	2.216952732783843139e-02
9.046630299535379436e+02	4.127327878622119584e-01	2.304884505610770296e-01	1.055958958987158469e-01	1.045977930599796268e-01	9.880498599053039177e-02	2.869016842316567811e-02	2.225007748495447246e-02
9.095008001671932334e+02	4.123235713849798256e-01	2.303752807144581194e-01	1.058454487032677027e-01	1.046095474435605188e-01	9.884558916500314762e-02	2.883064982075240340e-02	2.233007204861324480e-02
9.143385703808486369e+02	4.119189558273602114e-01	2.302629606665139717e-01	1.060933874099623808e-01	1.046200768985972446e-01	9.888479870947911032e-02	2.897046424112086072e-02	2.240951552760125573e-02
9.191763405945038130e+02	4.115188724388446628e-01	2.301514827064360946e-01	1.063397255316592266e-01	1.046294126381829420e-01	9.892264086546115331e-02	2.910961270305564147e-02	2.248841239699532479e-02
9.240141108081592165e+02	4.111232536741554200e-01	2.300408391964318122e-01	1.065844763991275063e-01	1.046375852028319925e-01	9.895914143116582573e-02	2.924809627903364809e-02	2.256676709788882004e-02
9.288518810218145063e+02	4.107320331702503102e-01	2.299310225717334510e-01	1.068276531649283434e-01	1.046446244741559423e-01	9.899432576883400448e-02	2.938591609358268131e-02	2.264458403715034762e-02
9.336896512354697961e+02	4.103451457238046496e-01	2.298220253405479085e-01	1.070692688071907678e-01	1.046505596882743860e-01	9.902821881192229447e-02	2.952307332168170248e-02	2.272186758721332633e-02
9.385274214491247449e+02	4.099625272691593825e-01	2.297138400839513206e-01	1.073093361332849438e-01	1.046554194489653089e-01	9.906084507217734203e-02	2.965956918720179247e-02	2.279862208589498659e-02
9.433651916627801484e+02	4.095841148567230250e-01	2.296064594557323535e-01	1.075478677833957841e-01	1.046592317405595080e-01	9.909222864659444907e-02	2.979540496138660677e-02	2.287485183624332272e-02
9.482029618764355519e+02	4.092098466318180305e-01	2.294998761821890332e-01	1.077848762339997518e-01	1.046620239405835900e-01	9.912239322426262544e-02	2.993058196137141427e-02	2.295056110641066627e-02
9.530407320900908417e+02	4.088396618139591987e-01	2.293940830618823312e-01	1.080203738012477516e-01	1.046638228321560421e-01	9.915136209309761972e-02	3.006510154873961657e-02	2.302575412955250658e-02
9.578785023037459041e+02	4.084735006765560783e-01	2.292890729653500048e-01	1.082543726442572185e-01	1.046646546161408564e-01	9.917915814646473260e-02	3.019896512811583861e-02	2.310043510375035455e-02
9.627162725174014213e+02	4.081113045270273187e-01	2.291848388347840770e-01	1.084868847683155141e-01	1.046645449230629160e-01	9.920580388969324481e-02	3.033217414579458815e-02	2.317460819195739721e-02
9.675540427310568248e+02	4.077530156873193645e-01	2.290813736836750103e-01	1.087179220279978487e-01	1.046635188247895670e-01	9.923132144648390274e-02	3.046473008840359584e-02	2.324827752196575309e-02
9.723918129447120009e+02	4.073985774748183908e-01	2.289786705964253766e-01	1.089474961302020067e-01	1.046616008459826386e-01	9.925573256521148802e-02	3.059663448160091989e-02	2.332144718639428405e-02
9.772295831583674044e+02	4.070479341836478748e-01	2.288767227279353833e-01	1.091756186371023452e-01	1.046588149753249763e-01	9.927905862512378943e-02	3.072788888880493771e-02	2.339412124269582560e-02
9.820673533720223531e+02	4.067010310663422556e-01	2.287755233031633917e-01	1.094023009690255482e-01	1.046551846765257643e-01	9.930132064243887835e-02	3.085849490995638128e-02	2.346630371318284003e-02
9.869051235856777566e+02	4.063578143158886324e-01	2.286750656166629814e-01	1.096275544072504576e-01	1.046507328991086588e-01	9.932253927634221435e-02	3.098845418031160800e-02	2.353799858507050341e-02
9.917428937993331601e+02	4.060182310481275647e-01	2.285753430320990875e-01	1.098513900967342249e-01	1.046454820889866355e-01	9.934273483488506584e-02	3.111776836926625350e-02	2.360920981053626216e-02
9.965806640129884499e+02	4.056822292845054800e-01	2.284763489817452642e-01	1.100738190487669660e-01	1.046394541988277249e-01	9.936192728078610537e-02	3.124643917920854122e-02	2.367994130679500209e-02
