0.000000000000000000e+00	1.011321558851172586e+00	5.279295438962070019e-22	9.539272503774192625e-20	7.329652213036587418e-19	5.074685827188102929e-22	1.645297248913103183e-23	2.924244843025042823e-19
4.837770213655283591e+00	9.932733245992527715e-01	1.241892702847551856e-02	4.655828253224894705e-04	5.184297574375078353e-04	2.264533434439437547e-03	1.338962116415945642e-03	1.041799089828965384e-03
9.675540427310567182e+00	9.758507938488454325e-01	2.435630594003360128e-02	1.446090784071009210e-03	1.471151881386768660e-03	4.468999027425170183e-03	2.148234280008995325e-03	1.579983089401653914e-03
1.451331064096584811e+01	9.590236367716225008e-01	3.582984350898166248e-02	2.619324851019867555e-03	2.499470795512615581e-03	6.615304877210514967e-03	2.791728720819346317e-03	1.942249326006131004e-03
1.935108085462113081e+01	9.427680706252028475e-01	4.685654481250999676e-02	3.862117916925636094e-03	3.515423983830501167e-03	8.705282335012668599e-03	3.369883320937965606e-03	2.244235856753111404e-03
2.418885106827641707e+01	9.270629081211522182e-01	5.745277996553894984e-02	5.126864542280161821e-03	4.499754994259162755e-03	1.074069616295416675e-02	3.912604328716377117e-03	2.525950736271753098e-03
2.902662128193169622e+01	9.118882933028158444e-01	6.763432038249560241e-02	6.394245532948587829e-03	5.450419994604188689e-03	1.272324929616623981e-02	4.430286850033342619e-03	2.800743492108918355e-03
3.386439149558698603e+01	8.972252759329902849e-01	7.741636479825800277e-02	7.655621897673096921e-03	6.369415216535751802e-03	1.465458583297859531e-02	4.927592377910200265e-03	3.072702794826811211e-03
3.870216170924226162e+01	8.830556542350004312e-01	8.681356144042351453e-02	8.906556995886582770e-03	7.259423888963738650e-03	1.653629339634056852e-02	5.407286022752263478e-03	3.342782871805643607e-03
4.353993192289755143e+01	8.693619057602187672e-01	9.584002843130431937e-02	1.014442368890786789e-02	8.122995578347115900e-03	1.836990523662469441e-02	5.871361350806448415e-03	3.610938804963567325e-03
4.837770213655283413e+01	8.561271481439994835e-01	1.045093731210061938e-01	1.136749537144383926e-02	8.962379434793875735e-03	2.015690219931164096e-02	6.321402547236853325e-03	3.876858033380987598e-03
5.321547235020811684e+01	8.433351105610225051e-01	1.128347106038155301e-01	1.257457640556984557e-02	9.779522687750293042e-03	2.189871460067596004e-02	6.758722301871766293e-03	4.140201690467016499e-03
5.805324256386339954e+01	8.309701094388618481e-01	1.208286815205955600e-01	1.376483209472056414e-02	1.057610646433974899e-02	2.359672402788711570e-02	7.184428571542019956e-03	4.400676733226105766e-03
6.289101277751868224e+01	8.190170262195591855e-01	1.285034691989072608e-01	1.493769604314007689e-02	1.135358572206447009e-02	2.525226507088350336e-02	7.599465573526788253e-03	4.658051023091719367e-03
6.772878299117397205e+01	8.074612863833934284e-01	1.358708161645078571e-01	1.609281053848280255e-02	1.211322522759364362e-02	2.686662699021432135e-02	8.004643293288715017e-03	4.912150253692292544e-03
7.256655320482924765e+01	7.962888394352981569e-01	1.429420400509819888e-01	1.722998333395456272e-02	1.285613019582036026e-02	2.844105532387748714e-02	8.400660498220420547e-03	5.162850013020078149e-03
7.740432341848452324e+01	7.854861397233344755e-01	1.497280489312143581e-01	1.834915415439270989e-02	1.358327191753166616e-02	2.997675343570198672e-02	8.788123325634307828e-03	5.410067363363539085e-03
8.224209363213981305e+01	7.750401280191205888e-01	1.562393560927314018e-01	1.945036789085968429e-02	1.429550906863758658e-02	3.147488400758521182e-02	9.167560516130480314e-03	5.653753256108151257e-03
8.707986384579510286e+01	7.649382138131041176e-01	1.624860942777718864e-01	2.053375284549144655e-02	1.499360539729005168e-02	3.293657047774686819e-02	9.539435974586825059e-03	5.893886065181864337e-03
9.191763405945040688e+01	7.551682582873475713e-01	1.684780294079906149e-01	2.159950297782212841e-02	1.567824440138704603e-02	3.436289842704801090e-02	9.904159156506098932e-03	6.130466193071547679e-03
9.675540427310566827e+01	7.457185579334756342e-01	1.742245738128510302e-01	2.264786339303240942e-02	1.635004151382291396e-02	3.575491691532749206e-02	1.026209366902764743e-02	6.363511613635801541e-03
1.015931744867609581e+02	7.365778287865508700e-01	1.797347989799811530e-01	2.367911848231666477e-02	1.700955422634140707e-02	3.711363976962150923e-02	1.061356440077876676e-02	6.593054205582499910e-03
1.064309447004162337e+02	7.277351912479405049e-01	1.850174478450335447e-01	2.469358224158262755e-02	1.765729050892762830e-02	3.844004682605205864e-02	1.095886343749951503e-02	6.819136744136877933e-03
1.112687149140715235e+02	7.191801554721098944e-01	1.900809466378991230e-01	2.569159038205002035e-02	1.829371581984631789e-02	3.973508512709565677e-02	1.129825497473198499e-02	7.041810437439802173e-03
1.161064851277267991e+02	7.109026072938775531e-01	1.949334163014688759e-01	2.667349391548043749e-02	1.891925895012985803e-02	4.099967007587394102e-02	1.163197940173452821e-02	7.261132912607699483e-03
1.209442553413820747e+02	7.028927946740778365e-01	1.995826834985140463e-01	2.763965395283460996e-02	1.953431690388056016e-02	4.223468654904158348e-02	1.196025670031814966e-02	7.477166572506064625e-03
1.257820255550373645e+02	6.951413146428272460e-01	2.040362912216619751e-01	2.859043750106848164e-02	2.013925898068902320e-02	4.344098996978491833e-02	1.228328927721977423e-02	7.689977257921390592e-03
1.306197957686926259e+02	6.876391007207161010e-01	2.083015090208781284e-01	2.952621408055068272e-02	2.073443019751576577e-02	4.461940734238546008e-02	1.260126432794418661e-02	7.899633161182560009e-03
1.354575659823479441e+02	6.803774107992677234e-01	2.123853428623236894e-01	3.044735301671330774e-02	2.132015416347762815e-02	4.577073824974633998e-02	1.291435581294060608e-02	8.106203946703614133e-03
1.402953361960032339e+02	6.733478154629343182e-01	2.162945446319404219e-01	3.135422128522381141e-02	2.189673550124416473e-02	4.689575581522641839e-02	1.322272611289469768e-02	8.309760041708963776e-03
1.451331064096584669e+02	6.665421867357469443e-01	2.200356212966187719e-01	3.224718181114988313e-02	2.246446189245573932e-02	4.799520763007560087e-02	1.352652741829027568e-02	8.510372066835527119e-03
1.499708766233137851e+02	6.599526872365193420e-01	2.236148437353293328e-01	3.312659214006945935e-02	2.302360581112345914e-02	4.906981664771643131e-02	1.382590289879731191e-02	8.708110381617438847e-03
1.548086468369690749e+02	6.535717597272298063e-01	2.270382552521424402e-01	3.399280341350218587e-02	2.357442599786545995e-02	5.012028204607038573e-02	1.412098769011969901e-02	8.903044724242725402e-03
1.596464170506243647e+02	6.473921170398766467e-01	2.303116797826226247e-01	3.484615959294090626e-02	2.411716871866517037e-02	5.114728005908277669e-02	1.441190972939522530e-02	9.095243928589340221e-03
1.644841872642796261e+02	6.414067323677282717e-01	2.334407298046640711e-01	3.568699688658269475e-02	2.465206884426665579e-02	5.215146477855739371e-02	1.469879046484001868e-02	9.284775704533577631e-03
1.693219574779349159e+02	6.356088299074791337e-01	2.364308139644299700e-01	3.651564334096187719e-02	2.517935078007139602e-02	5.313346892737115523e-02	1.498174546087142553e-02	9.471706469987710084e-03
1.741597276915902057e+02	6.299918758393733276e-01	2.392871444276686022e-01	3.733241856637270484e-02	2.569922927123928155e-02	5.409390460509976711e-02	1.526088491626213101e-02	9.656101225156749415e-03
1.789974979052454671e+02	6.245495696328783319e-01	2.420147439663072886e-01	3.813763357048443464e-02	2.621191010343436323e-02	5.503336400704741255e-02	1.553631410983907606e-02	9.838023461181609822e-03
1.838352681189008138e+02	6.192758356659835428e-01	2.446184527898639938e-01	3.893159067910059723e-02	2.671759071613573344e-02	5.595242011763754825e-02	1.580813378573099268e-02	1.001753509672005833e-02
1.886730383325560467e+02	6.141648151466659877e-01	2.471029351308718092e-01	3.971458352676643377e-02	2.721646074252679487e-02	5.685162737908681235e-02	1.607644048809603668e-02	1.019469643715854336e-02
1.935108085462113081e+02	6.092108583255073651e-01	2.494726855931775067e-01	4.048689710302299377e-02	2.770870248757465598e-02	5.773152233625048618e-02	1.634132685354956413e-02	1.036956615208992766e-02
1.983485787598666263e+02	6.044085169888685494e-01	2.517320352716552745e-01	4.124880784265738676e-02	2.819449135392768438e-02	5.859262425849592892e-02	1.660288186809854433e-02	1.054220126746906530e-02
2.031863489735219162e+02	5.997525372224323803e-01	2.538851576515677166e-01	4.200058375040265773e-02	2.867399622362013997e-02	5.943543573942906139e-02	1.686119109422174259e-02	1.071265716949882686e-02
2.080241191871772060e+02	5.952378524353043598e-01	2.559360742955084644e-01	4.274248455227379340e-02	2.914737980221849406e-02	6.026044327526942218e-02	1.711633687277029636e-02	1.088098761782768480e-02
2.128618894008324673e+02	5.908595766352351397e-01	2.578886603255748922e-01	4.347476186715577146e-02	2.961479893092455046e-02	6.106811782264013472e-02	1.736839850356651851e-02	1.104724476607540570e-02
2.176996596144877287e+02	5.866129979458734045e-01	2.597466497081430403e-01	4.419765939343570094e-02	3.007640487122516595e-02	6.185891533651195762e-02	1.761745240792051553e-02	1.121147918806271286e-02
2.225374298281430470e+02	5.824935723572981505e-01	2.615136403483501737e-01	4.491141310644092277e-02	3.053234356591320517e-02	6.263327728901341152e-02	1.786357227573991818e-02	1.137373990841652159e-02
2.273752000417983652e+02	5.784969177014039898e-01	2.631930990011362437e-01	4.561625146324245483e-02	3.098275587967135730e-02	6.339163116979354418e-02	1.810682919945841643e-02	1.153407443646635097e-02
2.322129702554535982e+02	5.746188078440158664e-01	2.647883660054456412e-01	4.631239561203965432e-02	3.142777782188693053e-02	6.413439096859913091e-02	1.834729179663683457e-02	1.169252880254828021e-02
2.370507404691088880e+02	5.708551670859164373e-01	2.663026598479562024e-01	4.700005960388205228e-02	3.186754075393220809e-02	6.486195764070420977e-02	1.858502632278297845e-02	1.184914759599814751e-02
2.418885106827641494e+02	5.672020647652489256e-01	2.677390815624688947e-01	4.767945060492772419e-02	3.230217158278600453e-02	6.557471955580676526e-02	1.882009677568199230e-02	1.200397400425187375e-02
2.467262808964194392e+02	5.636557100540335874e-01	2.691006189708750052e-01	4.835076910780212317e-02	3.273179294257475697e-02	6.627305293098552375e-02	1.905256499231848186e-02	1.215704985258268464e-02
2.515640511100747290e+02	5.602124469418039432e-01	2.703901507714011054e-01	4.901420914092007031e-02	3.315652336536474565e-02	6.695732224828807033e-02	1.928249073929718879e-02	1.230841564409703402e-02
2.564018213237300188e+02	5.568687493996188342e-01	2.716104504796288399e-01	4.966995847487895577e-02	3.357647744233268478e-02	6.762788065750141575e-02	1.950993179752469331e-02	1.245811059968669754e-02
2.612395915373852517e+02	5.536212167179541677e-01	2.727641902275877439e-01	5.031819882523121817e-02	3.399176597627193847e-02	6.828507036463574154e-02	1.973494404179481493e-02	1.260617269769651917e-02
2.660773617510405415e+02	5.504665690122106936e-01	2.738539444260292277e-01	5.095910605110884339e-02	3.440249612625048692e-02	6.892922300663362201e-02	1.995758151582111006e-02	1.275263871311820355e-02
2.709151319646958882e+02	5.474016428898047515e-01	2.748821932948046221e-01	5.159285034930567726e-02	3.480877154511931304e-02	6.956066001279802291e-02	2.017789650317745181e-02	1.289754425616227405e-02
2.757529021783511780e+02	5.444233872730234181e-01	2.758513262660953758e-01	5.221959644353287716e-02	3.521069251047201365e-02	7.017969295341483504e-02	2.039593959453920441e-02	1.304092381009435905e-02
2.805906723920064678e+02	5.415288593720377630e-01	2.767636452650694689e-01	5.283950376865080567e-02	3.560835604957483802e-02	7.078662387602881190e-02	2.061175975156047391e-02	1.318281076824991647e-02
2.854284426056617008e+02	5.387152208026696476e-01	2.776213678723770117e-01	5.345272664975270899e-02	3.600185605871811245e-02	7.138174562981496052e-02	2.082540436767557623e-02	1.332323747016407427e-02
2.902662128193169337e+02	5.359797338437035652e-01	2.784266303727357950e-01	5.405941447603295619e-02	3.639128341738284700e-02	7.196534217847172510e-02	2.103691932607325982e-02	1.346223523677186722e-02
2.951039830329722804e+02	5.333197578287223184e-01	2.791814906937067908e-01	5.465971186941927934e-02	3.677672609756853228e-02	7.253768890204682906e-02	2.124634905505917021e-02	1.359983440464905373e-02
2.999417532466276270e+02	5.307327456676245170e-01	2.798879312386119977e-01	5.525375884798530701e-02	3.715826926858761814e-02	7.309905288809220858e-02	2.145373658099447925e-02	1.373606435927577328e-02
3.047795234602828600e+02	5.282162404931610711e-01	2.805478616174029716e-01	5.584169098418927807e-02	3.753599539759841508e-02	7.364969321252980150e-02	2.165912357897532836e-02	1.387095356731510992e-02
3.096172936739380930e+02	5.257678724279902793e-01	2.811631212791534939e-01	5.642363955800761000e-02	3.790998434611918266e-02	7.418986121059646666e-02	2.186255042139834126e-02	1.400452960790640917e-02
3.144550638875934396e+02	5.233853554679189779e-01	2.817354820497168788e-01	5.699973170505030773e-02	3.828031346274200775e-02	7.471980073822309665e-02	2.206405622454104404e-02	1.413681920297935220e-02
3.192928341012487294e+02	5.210664844771469850e-01	2.822666505779600210e-01	5.757009055975866041e-02	3.864705767224392574e-02	7.523974842419017817e-02	2.226367889327208333e-02	1.426784824659976456e-02
3.241306043149040192e+02	5.188091322914886172e-01	2.827582706938654988e-01	5.813483539379597081e-02	3.901028956127541858e-02	7.574993391338971649e-02	2.246145516399453146e-02	1.439764183336196546e-02
3.289683745285592522e+02	5.166112469256864959e-01	2.832119256816721942e-01	5.869408174974989623e-02	3.937007946079067872e-02	7.625058010151161692e-02	2.265742064591538124e-02	1.452622428584531694e-02
3.338061447422145420e+02	5.144708488810743052e-01	2.836291404711140385e-01	5.924794157026965630e-02	3.972649552537121931e-02	7.674190336146137492e-02	2.285160986072596809e-02	1.465361918115506111e-02
3.386439149558698318e+02	5.123860285499776124e-01	2.840113837497021398e-01	5.979652332276524929e-02	4.007960380958264235e-02	7.722411376180439435e-02	2.304405628077060494e-02	1.477984937656898722e-02
3.434816851695251216e+02	5.103549437133754196e-01	2.843600699988942937e-01	6.033993211979743476e-02	4.042946834149468982e-02	7.769741527752241361e-02	2.323479236577442875e-02	1.490493703431280091e-02
3.483194553831804114e+02	5.083758171284679106e-01	2.846765614568894653e-01	6.087826983528801111e-02	4.077615119348561301e-02	7.816200599335650090e-02	2.342384959819602055e-02	1.502890364548783476e-02
3.531572255968357013e+02	5.064469342029158661e-01	2.849621700106888533e-01	6.141163521667968722e-02	4.111971255044450518e-02	7.861807830000173969e-02	2.361125851726555286e-02	1.515177005317513981e-02
3.579949958104909342e+02	5.045666407526360198e-01	2.852181590199693306e-01	6.194012399317369577e-02	4.146021077547804023e-02	7.906581908340895581e-02	2.379704875176504725e-02	1.527355647474038652e-02
3.628327660241463377e+02	5.027333408401465364e-01	2.854457450752233560e-01	6.246382898017199120e-02	4.179770247322223825e-02	7.950540990743987235e-02	2.398124905160368275e-02	1.539428252336389261e-02
3.676705362378016275e+02	5.009454946905672612e-01	2.856460996925310192e-01	6.298284018004840501e-02	4.213224255085408487e-02	7.993702719011289148e-02	2.416388731823777836e-02	1.551396722882006363e-02
3.725083064514568036e+02	4.992016166824808643e-01	2.858203509472453940e-01	6.349724487937097317e-02	4.246388427689309214e-02	8.036084237366859784e-02	2.434499063398225596e-02	1.563262905753026039e-02
3.773460766651120935e+02	4.975002734109625901e-01	2.859695850487898872e-01	6.400712774269483318e-02	4.279267933787814226e-02	8.077702208867557077e-02	2.452458529025766665e-02	1.575028593191270601e-02
3.821838468787673833e+02	4.958400818201850746e-01	2.860948478586864407e-01	6.451257090304224340e-02	4.311867789300100756e-02	8.118572831238926590e-02	2.470269681481464252e-02	1.586695524905272145e-02
3.870216170924226162e+02	4.942197074030946768e-01	2.861971463538591220e-01	6.501365404918311997e-02	4.344192862677404704e-02	8.158711852156902422e-02	2.487934999797538835e-02	1.598265389871595527e-02
3.918593873060780197e+02	4.926378624657486438e-01	2.862774500371820796e-01	6.551045450982663498e-02	4.376247879980595112e-02	8.198134583995116131e-02	2.505456891792999519e-02	1.609739828072688506e-02
3.966971575197332527e+02	4.910933044539870784e-01	2.863366922971709583e-01	6.600304733483070008e-02	4.408037429775646387e-02	8.236855918056849857e-02	2.522837696512343283e-02	1.621120432173420167e-02
4.015349277333884856e+02	4.895848343401991154e-01	2.863757717186487528e-01	6.649150537353366863e-02	4.439565967853755651e-02	8.274890338310048055e-02	2.540079686576762058e-02	1.632408749138415660e-02
4.063726979470438323e+02	4.881112950680218665e-01	2.863955533461502445e-01	6.697589935030875963e-02	4.470837821782608357e-02	8.312251934643073714e-02	2.557185070451121686e-02	1.643606281792236307e-02
4.112104681606991221e+02	4.866715700528895794e-01	2.863968699017670483e-01	6.745629793743881941e-02	4.501857195294996922e-02	8.348954415658332850e-02	2.574155994629858529e-02	1.654714490324385445e-02
4.160482383743544119e+02	4.852645817364241720e-01	2.863805229590726253e-01	6.793276782540598469e-02	4.532628172520766080e-02	8.385011121020208291e-02	2.590994545744792002e-02	1.665734793741077691e-02
4.208860085880095880e+02	4.838892901927318024e-01	2.863472840747083303e-01	6.840537379068734047e-02	4.563154722067808144e-02	8.420435033373199762e-02	2.607702752597725743e-02	1.676668571265627766e-02
4.257237788016648778e+02	4.825446917847392436e-01	2.862978958791557726e-01	6.887417876114511339e-02	4.593440700957623218e-02	8.455238789845588576e-02	2.624282588120607079e-02	1.687517163689270308e-02
4.305615490153201677e+02	4.812298178687700601e-01	2.862330731281630403e-01	6.933924387909648490e-02	4.623489858420715831e-02	8.489434693153369293e-02	2.640735971265891630e-02	1.698281874674162362e-02
4.353993192289755143e+02	4.799437335456271936e-01	2.861535037162425965e-01	6.980062856214573619e-02	4.653305839556938495e-02	8.523034722318702239e-02	2.657064768829655449e-02	1.708963972010249174e-02
4.402370894426308041e+02	4.786855364565095194e-01	2.860598496536054247e-01	7.025839056185803622e-02	4.682892188865651895e-02	8.556050543016595344e-02	2.673270797209906235e-02	1.719564688827638146e-02
4.450748596562860939e+02	4.774543556221500507e-01	2.859527480078489781e-01	7.071258602035196406e-02	4.712252353650436820e-02	8.588493517563057511e-02	2.689355824102444142e-02	1.730085224766053989e-02
4.499126298699413837e+02	4.762493503236220893e-01	2.858328118116664207e-01	7.116326952488478963e-02	4.741389687302861866e-02	8.620374714557466067e-02	2.705321570136536707e-02	1.740526747102899216e-02
4.547504000835967304e+02	4.750697090233158559e-01	2.857006309378014586e-01	7.161049416050219163e-02	4.770307452469698534e-02	8.651704918191459315e-02	2.721169710452581159e-02	1.750890391841396221e-02
4.595881702972519065e+02	4.739146483246407526e-01	2.855567729424280388e-01	7.205431156082153787e-02	4.799008824107761639e-02	8.682494637236205792e-02	2.736901876223855543e-02	1.761177264760226124e-02
4.644259405109071963e+02	4.727834119690610404e-01	2.854017838780911198e-01	7.249477195701532761e-02	4.827496892430440528e-02	8.712754113719481386e-02	2.752519656124369218e-02	1.771388442426047316e-02
4.692637107245624861e+02	4.716752698691231149e-01	2.852361890773051911e-01	7.293192422505907768e-02	4.855774665749802016e-02	8.742493331303585746e-02	2.768024597744761853e-02	1.781524973170204446e-02
4.741014809382177759e+02	4.705895171761804163e-01	2.850604939078669187e-01	7.336581593130589440e-02	4.883845073218037736e-02	8.771722023374707577e-02	2.783418208958112622e-02	1.791587878030915376e-02
4.789392511518730657e+02	4.695254733815686365e-01	2.848751845009001027e-01	7.379649337644715590e-02	4.911710967471861339e-02	8.800449680854006973e-02	2.798701959237473447e-02	1.801578151662163937e-02
4.837770213655284124e+02	4.684824814500286871e-01	2.846807284526151061e-01	7.422400163791750827e-02	4.939375127183342346e-02	8.828685559740283295e-02	2.813877280926848148e-02	1.811496763210490926e-02
4.886147915791837022e+02	4.674599069842180210e-01	2.844775755007293294e-01	7.464838461079947862e-02	4.966840259520539924e-02	8.856438688393750147e-02	2.828945570467303328e-02	1.821344657160822375e-02
4.934525617928388783e+02	4.664571374191933129e-01	2.842661581764606704e-01	7.506968504728150915e-02	4.994109002521175678e-02	8.883717874570105921e-02	2.843908189579807261e-02	1.831122754152456067e-02
4.982903320064942250e+02	4.654735812457865829e-01	2.840468924329747624e-01	7.548794459472117635e-02	5.021183927382453366e-02	8.910531712213758115e-02	2.858766466406364309e-02	1.840831951766256497e-02
5.031281022201495148e+02	4.645086672618369272e-01	2.838201782511324267e-01	7.590320383236343060e-02	5.048067540670049536e-02	8.936888588018737645e-02	2.873521696610929765e-02	1.850473125284097381e-02
5.079658724338048046e+02	4.635618438502751015e-01	2.835864002233559611e-01	7.631550230676213686e-02	5.074762286449154003e-02	8.962796687765525738e-02	2.888175144441550851e-02	1.860047128421542587e-02
5.128036426474600376e+02	4.626325782830978950e-01	2.833459281164021903e-01	7.672487856595114342e-02	5.101270548340373912e-02	8.988264002441745393e-02	2.902728043755125123e-02	1.869554794034720968e-02
5.176414128611153274e+02	4.617203560503000404e-01	2.830991174138015598e-01	7.713137019240967618e-02	5.127594651503173534e-02	9.013298334154362657e-02	2.917181599006112361e-02	1.878996934802316249e-02
5.224791830747705035e+02	4.608246802128670438e-01	2.828463098386957419e-01	7.753501383486531562e-02	5.153736864549454677e-02	9.037907301840765462e-02	2.931536986200494049e-02	1.888374343883564288e-02
5.273169532884259070e+02	4.599450707789651260e-01	2.825878338577798021e-01	7.793584523897599536e-02	5.179699401389790958e-02	9.062098346785867065e-02	2.945795353816217654e-02	1.897687795553116424e-02
5.321547235020811968e+02	4.590810641024926642e-01	2.823240051670301010e-01	7.833389927693125421e-02	5.205484423014695994e-02	9.085878737952052253e-02	2.959957823691338960e-02	1.906938045813591498e-02
5.369924937157364866e+02	4.582322123031917216e-01	2.820551271598726317e-01	7.872920997601123849e-02	5.231094039213289582e-02	9.109255577128611003e-02	2.974025491881001487e-02	1.916125832986617997e-02
5.418302639293917764e+02	4.573980827075426747e-01	2.817814913784260078e-01	7.912181054614095266e-02	5.256530310231566361e-02	9.132235803907025329e-02	2.987999429484381256e-02	1.925251878283134460e-02
5.466680341430470662e+02	4.565782573096968111e-01	2.815033779484275578e-01	7.951173340647553489e-02	5.281795248372453400e-02	9.154826200488262733e-02	3.001880683442663400e-02	1.934316886353687481e-02
5.515058043567023560e+02	4.557723322517258091e-01	2.812210559984307245e-01	7.989901021105130785e-02	5.306890819539729354e-02	9.177033396327999304e-02	3.015670277309087308e-02	1.943321545819446522e-02
5.563435745703576458e+02	4.549799173224939874e-01	2.809347840638406479e-01	8.028367187353598056e-02	5.331818944727806375e-02	9.198863872625495652e-02	3.029369211992066074e-02	1.952266529784618676e-02
5.611813447840129356e+02	4.542006354744844709e-01	2.806448104763336615e-01	8.066574859111008688e-02	5.356581501459321132e-02	9.220323966661640724e-02	3.042978466472329169e-02	1.961152496330934025e-02
5.660191149976681118e+02	4.534341223579341218e-01	2.803513737391878924e-01	8.104526986751107998e-02	5.381180325172400802e-02	9.241419875991468968e-02	3.056498998495026792e-02	1.969980088994836842e-02
5.708568852113234016e+02	4.526800258716549008e-01	2.800547028890322254e-01	8.142226453526954510e-02	5.405617210559388736e-02	9.262157662496287025e-02	3.069931745237689663e-02	1.978749937228005407e-02
5.756946554249786914e+02	4.519380057299425268e-01	2.797550178445028513e-01	8.179676077716678539e-02	5.429893912858781840e-02	9.282543256300339329e-02	3.083277623954900487e-02	1.987462656841790937e-02
5.805324256386339812e+02	4.512077330449941193e-01	2.794525297422796872e-01	8.216878614694136940e-02	5.454012149102042267e-02	9.302582459556800465e-02	3.096537532600512899e-02	1.996118850436151906e-02
5.853701958522892710e+02	4.504888899242777689e-01	2.791474412609566969e-01	8.253836758927163286e-02	5.477973599316890430e-02	9.322280950107660058e-02	3.109712350428221750e-02	2.004719107813639906e-02
5.902079660659445608e+02	4.497811690823165232e-01	2.788399469331855340e-01	8.290553145905987797e-02	5.501779907688647553e-02	9.341644285021959149e-02	3.122802938571250103e-02	2.013264006378966131e-02
5.950457362795999643e+02	4.490842734663698099e-01	2.785302334465140084e-01	8.327030354004329171e-02	5.525432683681112678e-02	9.360677904016626028e-02	3.135810140601903023e-02	2.021754111524664763e-02
5.998835064932552541e+02	4.483979158955115896e-01	2.782184799333276559e-01	8.363270906275559191e-02	5.548933503118420874e-02	9.379387132764054058e-02	3.148734783071707038e-02	2.030189977003351784e-02
6.047212767069104302e+02	4.477218187126255633e-01	2.779048582502866016e-01	8.399277272186260468e-02	5.572283909229286403e-02	9.397777186090378043e-02	3.161577676032825690e-02	2.038572145287053175e-02
6.095590469205657200e+02	4.470557134488521434e-01	2.775895332476368549e-01	8.435051869289399151e-02	5.595485413654948531e-02	9.415853171068289118e-02	3.174339613541417998e-02	2.046901147914066688e-02
6.143968171342210098e+02	4.463993405000405423e-01	2.772726630287604688e-01	8.470597064839305301e-02	5.618539497422149476e-02	9.433620090008074111e-02	3.187021374143580998e-02	2.055177505823800252e-02
6.192345873478761860e+02	4.457524488147748820e-01	2.769543992003171140e-01	8.505915177350478751e-02	5.641447611882353941e-02	9.451082843350452900e-02	3.199623721344509869e-02	2.063401729680017227e-02
6.240723575615315895e+02	4.451147955935578215e-01	2.766348871133150755e-01	8.541008478102281309e-02	5.664211179618445363e-02	9.468246232464638812e-02	3.212147404061451578e-02	2.071574320182898582e-02
6.289101277751868793e+02	4.444861459987520247e-01	2.763142660954403529e-01	8.575879192591405464e-02	5.686831595320035460e-02	9.485114962354945778e-02	3.224593157061052262e-02	2.079695768370323772e-02
6.337478979888421691e+02	4.438662728748922204e-01	2.759926696749573916e-01	8.610529501934008345e-02	5.709310226628520890e-02	9.501693644279116113e-02	3.236961701381636802e-02	2.087766555908753333e-02
6.385856682024975726e+02	4.432549564789958763e-01	2.756702257964864233e-01	8.644961544219284533e-02	5.731648414952957016e-02	9.517986798281478922e-02	3.249253744740966676e-02	2.095787155374080613e-02
6.434234384161527487e+02	4.426519842205133282e-01	2.753470570289496822e-01	8.679177415816222152e-02	5.753847476257788196e-02	9.533998855643881221e-02	3.261469981929984024e-02	2.103758030522816583e-02
6.482612086298080385e+02	4.420571504105708649e-01	2.750232807659698242e-01	8.713179172635203418e-02	5.775908701823441460e-02	9.549734161257282528e-02	3.273611095193056097e-02	2.111679636553943570e-02
6.530989788434633283e+02	4.414702560201738124e-01	2.746990094189910026e-01	8.746968831346065010e-02	5.797833358980743201e-02	9.565196975916749611e-02	3.285677754595178746e-02	2.119552420361774797e-02
6.579367490571185044e+02	4.408911084470471531e-01	2.743743506033871626e-01	8.780548370554161486e-02	5.819622691820096338e-02	9.580391478542539530e-02	3.297670618376621898e-02	2.127376820780138567e-02
6.627745192707737942e+02	4.403195212908037615e-01	2.740494073178090795e-01	8.813919731935927759e-02	5.841277921876314450e-02	9.595321768329818923e-02	3.309590333295447939e-02	2.135153268818199349e-02
6.676122894844290840e+02	4.397553141361416618e-01	2.737242781170139971e-01	8.847084821335386706e-02	5.862800248789969138e-02	9.609991866829520335e-02	3.321437534958349147e-02	2.142882187888201645e-02
6.724500596980843738e+02	4.391983123437813719e-01	2.733990572784141815e-01	8.880045509822986904e-02	5.884190850946107582e-02	9.624405719962700334e-02	3.333212848140203882e-02	2.150563994025439518e-02
6.772878299117396637e+02	4.386483468488660553e-01	2.730738349625694283e-01	8.912803634718116652e-02	5.905450886091118123e-02	9.638567199970726751e-02	3.344916887092765079e-02	2.158199096100713726e-02
6.821256001253949535e+02	4.381052539665562517e-01	2.727486973678434068e-01	8.945361000576580734e-02	5.926581491928539086e-02	9.652480107303500201e-02	3.356550255842851577e-02	2.165787896025553674e-02
6.869633703390502433e+02	4.375688752045611141e-01	2.724237268794328370e-01	8.977719380144276451e-02	5.947583786694553287e-02	9.666148172447869280e-02	3.368113548480435038e-02	2.173330788950453285e-02
6.918011405527055331e+02	4.370390570823569631e-01	2.720990022129746722e-01	9.009880515278301250e-02	5.968458869713885728e-02	9.679575057698285023e-02	3.379607349436959673e-02	2.180828163456375451e-02
6.966389107663608229e+02	4.365156509568534626e-01	2.717745985529248509e-01	9.041846117836596641e-02	5.989207821936808063e-02	9.692764358871716612e-02	3.391032233754257691e-02	2.188280401739757866e-02
7.014766809800161127e+02	4.359985128542753774e-01	2.714505876858984701e-01	9.073617870537313557e-02	6.009831706457906958e-02	9.705719606968725433e-02	3.402388767344382420e-02	2.195687879791253030e-02
7.063144511936714025e+02	4.354875033080380931e-01	2.711270381291529530e-01	9.105197427788906672e-02	6.030331569017281790e-02	9.718444269782564038e-02	3.413677507240685943e-02	2.203050967568429344e-02
7.111522214073266923e+02	4.349824872024001254e-01	2.708040152543895740e-01	9.136586416492044338e-02	6.050708438484773966e-02	9.730941753458093035e-02	3.424899001840453483e-02	2.210370029162635891e-02
7.159899916209819821e+02	4.344833336216870623e-01	2.704815814070424262e-01	9.167786436814311102e-02	6.070963327327850989e-02	9.743215404002228408e-02	3.436053791139383196e-02	2.217645422960250190e-02
7.208277618346371582e+02	4.339899157048854317e-01	2.701597960212174798e-01	9.198799062938671500e-02	6.091097232063697603e-02	9.755268508747598488e-02	3.447142406958215999e-02	2.224877501798499385e-02
7.256655320482924481e+02	4.335021105054150947e-01	2.698387157304390493e-01	9.229625843786627704e-02	6.111111133696104508e-02	9.767104297770999588e-02	3.458165373161777023e-02	2.232066613116051590e-02
7.305033022619478515e+02	4.330197988558938671e-01	2.695183944743547722e-01	9.260268303716974458e-02	6.131005998137663976e-02	9.778725945268212927e-02	3.469123205870704163e-02	2.239213099098555371e-02
7.353410724756030277e+02	4.325428652377151240e-01	2.691988836015455355e-01	9.290727943200995098e-02	6.150782776617813585e-02	9.790136570886665002e-02	3.480016413666124631e-02	2.246317296819316800e-02
7.401788426892584312e+02	4.320711976552659705e-01	2.688802319685804076e-01	9.321006239474950716e-02	6.170442406077210340e-02	9.801339241017373305e-02	3.490845497787523760e-02	2.253379538375278532e-02
7.450166129029136073e+02	4.316046875146197226e-01	2.685624860354529631e-01	9.351104647170670192e-02	6.189985809548937540e-02	9.812336970047577656e-02	3.501610952324045456e-02	2.260400151018465351e-02
7.498543831165690108e+02	4.311432295065417142e-01	2.682456899575289544e-01	9.381024598924989077e-02	6.209413896526994742e-02	9.823132721575385251e-02	3.512313264399462287e-02	2.267379457283062727e-02
7.546921533302243006e+02	4.306867214936543897e-01	2.679298856741315626e-01	9.410767505968814506e-02	6.228727563322519756e-02	9.833729409587717296e-02	3.522952914351032416e-02	2.274317775108276526e-02
7.595299235438793630e+02	4.302350644016117442e-01	2.676151129938865170e-01	9.440334758696522499e-02	6.247927693408193012e-02	9.844129899602824252e-02	3.533530375902459164e-02	2.281215417957127220e-02
7.643676937575347665e+02	4.297881621141403374e-01	2.673014096769428805e-01	9.469727727216378788e-02	6.267015157751215648e-02	9.854337009778553480e-02	3.544046116331163454e-02	2.288072694931318068e-02
7.692054639711900563e+02	4.293459213718074929e-01	2.669888115141832441e-01	9.498947761882658991e-02	6.285990815135285292e-02	9.864353511987540568e-02	3.554500596630069675e-02	2.294889910882317446e-02
7.740432341848452324e+02	4.289082516743832896e-01	2.666773524035324083e-01	9.527996193810120418e-02	6.304855512471944923e-02	9.874182132860429006e-02	3.564894271664095782e-02	2.301667366518789573e-02
7.788810043985006359e+02	4.284750651866675031e-01	2.663670644234682472e-01	9.556874335371431939e-02	6.323610085101688538e-02	9.883825554798224278e-02	3.575227590321529425e-02	2.308405358510499938e-02
7.837187746121558121e+02	4.280462766476575975e-01	2.660579779038375614e-01	9.585583480678167012e-02	6.342255357085171963e-02	9.893286416954794049e-02	3.585500995660482332e-02	2.315104179588820671e-02
7.885565448258112156e+02	4.276218032829375293e-01	2.657501214940726775e-01	9.614124906045957986e-02	6.360792141484888917e-02	9.902567316190540037e-02	3.595714925050583211e-02	2.321764118643955196e-02
7.933943150394665054e+02	4.272015647201726773e-01	2.654435222289042162e-01	9.642499870444344590e-02	6.379221240637637791e-02	9.911670807998201882e-02	3.605869810310080581e-02	2.328385460818995986e-02
7.982320852531219089e+02	4.267854829075983236e-01	2.651382055916596259e-01	9.670709615931856462e-02	6.397543446418112179e-02	9.920599407401729797e-02	3.615966077838517201e-02	2.334968487600931272e-02
8.030698554667769713e+02	4.263734820353962673e-01	2.648341955752355759e-01	9.698755368076879269e-02	6.415759540493916335e-02	9.929355589829129414e-02	3.626004148745134992e-02	2.341513476908699265e-02
8.079076256804323748e+02	4.259654884598541580e-01	2.645315147408274781e-01	9.726638336364755444e-02	6.433870294572319182e-02	9.937941791960153148e-02	3.635984438973147159e-02	2.348020703178404361e-02
8.127453958940876646e+02	4.255614306302095140e-01	2.642301842744982920e-01	9.754359714591653852e-02	6.451876470639020256e-02	9.946360412549659635e-02	3.645907359420039184e-02	2.354490437445782430e-02
8.175831661077428407e+02	4.251612390180813383e-01	2.639302240416642742e-01	9.781920681245627469e-02	6.469778821189219042e-02	9.954613813227482233e-02	3.655773316054022198e-02	2.360922947426022725e-02
8.224209363213982442e+02	4.247648460493967937e-01	2.636316526395727777e-01	9.809322399875346210e-02	6.487578089451262464e-02	9.962704319275561549e-02	3.665582710026783070e-02	2.367318497591031079e-02
8.272587065350534203e+02	4.243721860387238420e-01	2.633344874478454889e-01	9.836566019446910114e-02	6.505275009603107839e-02	9.970634220383105262e-02	3.675335937782656798e-02	2.373677349244229101e-02
8.320964767487085965e+02	4.239831951259235288e-01	2.630387446771570437e-01	9.863652674689168953e-02	6.522870306981878863e-02	9.978405771380513545e-02	3.685033391164344030e-02	2.379999760592970900e-02
8.369342469623640000e+02	4.235978112150392549e-01	2.627444394161159158e-01	9.890583486427964588e-02	6.540364698286735279e-02	9.986021192952748704e-02	3.694675457515297912e-02	2.386285986818662691e-02
8.417720171760191761e+02	4.232159739153422140e-01	2.624515856764132460e-01	9.917359561909648569e-02	6.557758891775308796e-02	9.993482672332856809e-02	3.704262519778895452e-02	2.392536280144665767e-02
8.466097873896745796e+02	4.228376244844563869e-01	2.621601964363025061e-01	9.943981995114298256e-02	6.575053587453902337e-02	1.000079236397626720e-01	3.713794956594501651e-02	2.398750889902060215e-02
8.514475576033297557e+02	4.224627057734888225e-01	2.618702836824699509e-01	9.970451867058945095e-02	6.592249477261705182e-02	1.000795239021651656e-01	3.723273142390538804e-02	2.404930062593340842e-02
8.562853278169851592e+02	4.220911621740927600e-01	2.615818584503547539e-01	9.996770246091185586e-02	6.609347245249194702e-02	1.001496484190300962e-01	3.732697447474659508e-02	2.411074041954123018e-02
8.611230980306403353e+02	4.217229395673955383e-01	2.612949308629745060e-01	1.002293818817351773e-01	6.626347567750963397e-02	1.002183177902138816e-01	3.742068238121133705e-02	2.417183069012920210e-02
8.659608682442956251e+02	4.213579852747232346e-01	2.610095101683106988e-01	1.004895673715870685e-01	6.643251113553136356e-02	1.002855523129708715e-01	3.751385876655533025e-02	2.423257382149064665e-02
8.707986384579510286e+02	4.209962480100592486e-01	2.607256047753062078e-01	1.007482692505650979e-01	6.660058544055577623e-02	1.003513719878263294e-01	3.760650721536817898e-02	2.429297217148837160e-02
8.756364086716062047e+02	4.206376778341733291e-01	2.604432222885250670e-01	1.010054977229204037e-01	6.676770513429078346e-02	1.004157965242918615e-01	3.769863127436905853e-02	2.435302807259864810e-02
8.804741788852616082e+02	4.202822261103629220e-01	2.601623695415233861e-01	1.012612628795608177e-01	6.693387668767668275e-02	1.004788453464287024e-01	3.779023445317823693e-02	2.441274383243845561e-02
8.853119490989170117e+02	4.199298454617473864e-01	2.598830526289777620e-01	1.015155747004762438e-01	6.709910650236261542e-02	1.005405375982635074e-01	3.788132022506506685e-02	2.447212173427660079e-02
8.901497193125721878e+02	4.195804897300617342e-01	2.596052769376165914e-01	1.017684430570889031e-01	6.726340091213763028e-02	1.006008921490615937e-01	3.797189202767344701e-02	2.453116403752926902e-02
8.949874895262273640e+02	4.192341139358941593e-01	2.593290471759978066e-01	1.020198777145309987e-01	6.742676618431807378e-02	1.006599275984621511e-01	3.806195326372538434e-02	2.458987297824053939e-02
8.998252597398827675e+02	4.188906742403172290e-01	2.590543674031747789e-01	1.022698883338526155e-01	6.758920852109280564e-02	1.007176622814797140e-01	3.815150730170353832e-02	2.464825076954835215e-02
9.046630299535379436e+02	4.185501279078627235e-01	2.587812410562905230e-01	1.025184844741618140e-01	6.775073406082775251e-02	1.007741142733764722e-01	3.824055747651332327e-02	2.470629960213647364e-02
9.095008001671932334e+02	4.182124332707913839e-01	2.585096709771395052e-01	1.027656755946996514e-01	6.791134887933097941e-02	1.008293013944091959e-01	3.832910709012542216e-02	2.476402164467291986e-02
9.143385703808486369e+02	4.178775496946122714e-01	2.582396594377350252e-01	1.030114710568521552e-01	6.807105899107991631e-02	1.008832412144550772e-01	3.841715941219923935e-02	2.482141904423528986e-02
9.191763405945038130e+02	4.175454375448067745e-01	2.579712081649171984e-01	1.032558801261015125e-01	6.822987035041189197e-02	1.009359510575200125e-01	3.850471768068809697e-02	2.487849392672348767e-02
9.240141108081592165e+02	4.172160581547139091e-01	2.577043183640372881e-01	1.034989119739185420e-01	6.838778885267914054e-02	1.009874480061332819e-01	3.859178510242661925e-02	2.493524839726023526e-02
9.288518810218145063e+02	4.168893737945360001e-01	2.574389907417517498e-01	1.037405756795984346e-01	6.854482033536979380e-02	1.010377489056321493e-01	3.867836485370107491e-02	2.499168454057982408e-02
9.336896512354697961e+02	4.165653476414247769e-01	2.571752255279583510e-01	1.039808802320417030e-01	6.870097057919564987e-02	1.010868703683397568e-01	3.876446008080319805e-02	2.504780442140546945e-02
9.385274214491247449e+02	4.162439437506090245e-01	2.569130224969058407e-01	1.042198345314824248e-01	6.885624530914818964e-02	1.011348287776397820e-01	3.885007390056795240e-02	2.510361008481569109e-02
9.433651916627801484e+02	4.159251270275263201e-01	2.566523809875068118e-01	1.044574473911651785e-01	6.901065019552367341e-02	1.011816402919508834e-01	3.893520940089599536e-02	2.515910355660007369e-02
9.482029618764355519e+02	4.156088632009243278e-01	2.563932999228829002e-01	1.046937275389728111e-01	6.916419085491856689e-02	1.012273208486043213e-01	3.901986964126114010e-02	2.521428684360477873e-02
9.530407320900908417e+02	4.152951187968958457e-01	2.561357778291711851e-01	1.049286836190066047e-01	6.931687285119608743e-02	1.012718861676275284e-01	3.910405765320346116e-02	2.526916193406814060e-02
9.578785023037459041e+02	4.149838611138146338e-01	2.558798128536169947e-01	1.051623241931202712e-01	6.946870169642510584e-02	1.013153517554365862e-01	3.918777644080852912e-02	2.532373079794670093e-02
9.627162725174014213e+02	4.146750581981406003e-01	2.556254027819807595e-01	1.053946577424096226e-01	6.961968285179215288e-02	1.013577329084405648e-01	3.927102898117311447e-02	2.537799538723202117e-02
9.675540427310568248e+02	4.143686788210622640e-01	2.553725450552831178e-01	1.056256926686592601e-01	6.976982172848750219e-02	1.013990447165602216e-01	3.935381822485796433e-02	2.543195763625848843e-02
9.723918129447120009e+02	4.140646924559478470e-01	2.551212367859126973e-01	1.058554372957478118e-01	6.991912368856617599e-02	1.014393020666637113e-01	3.943614709632804749e-02	2.548561946200258999e-02
9.772295831583674044e+02	4.137630692565751334e-01	2.548714747731194441e-01	1.060838998710131043e-01	7.006759404578480344e-02	1.014785196459220551e-01	3.951801849438058012e-02	2.553898276437375353e-02
9.820673533720223531e+02	4.134637800361135596e-01	2.546232555179165913e-01	1.063110885665785321e-01	7.021523806641513654e-02	1.015167119450864491e-01	3.959943529256140793e-02	2.559204942649720427e-02
9.869051235856777566e+02	4.131667962468305033e-01	2.543765752374124167e-01	1.065370114806421659e-01	7.036206097003475102e-02	1.015538932616901063e-01	3.968040033957004331e-02	2.564482131498895326e-02
9.917428937993331601e+02	4.128720899604968464e-01	2.541314298785926074e-01	1.067616766387295829e-01	7.050806793029616715e-02	1.015900777031766705e-01	3.976091645965372512e-02	2.569730028022334384e-02
9.965806640129884499e+02	4.125796338494669979e-01	2.538878151315737686e-01	1.069850919949118240e-01	7.065326407567470990e-02	1.016252791899575070e-01	3.984098645299087582e-02	2.574948815659323237e-02
