0.000000000000000000e+00	9.906847522004400552e-01	3.472170025047500488e-30	7.816776172039623105e-03	7.592211960093687556e-23	3.321831403415334474e-03	1.213908093388677304e-03	3.819018900767315222e-16
4.837770213655283591e+00	9.719231544425037672e-01	1.785712213854998009e-02	7.788752971236871658e-03	8.264857816241744949e-05	4.144887653932814026e-03	1.231741478424588747e-03	8.960606473622311185e-06
9.675540427310567182e+00	9.540649451331718600e-01	3.451817278722556920e-02	7.840831266958930151e-03	3.207068739289193867e-04	5.022923680613341178e-03	1.249433267191486265e-03	2.025486019407209950e-05
1.451331064096584811e+01	9.370567495955078874e-01	5.006178028701010335e-02	7.966825512401035092e-03	7.001470117558530491e-04	5.950109296539094796e-03	1.267289834868874339e-03	3.436633120126968675e-05
1.935108085462113081e+01	9.208485790389608905e-01	6.456140744091734551e-02	8.160969711626039902e-03	1.207953914137978963e-03	6.921044127619570621e-03	1.285590606300777679e-03	5.172302972147924431e-05
2.418885106827641707e+01	9.053936105984288218e-01	7.808569107755049254e-02	8.417889644866083723e-03	1.832056536061872718e-03	7.930728334906456470e-03	1.304589951643321966e-03	7.270172582699274124e-05
2.902662128193169622e+01	8.906479817789583198e-01	9.069875928485925110e-02	8.732576923001835259e-03	2.561263673997611449e-03	8.974535285161939699e-03	1.324518955301077616e-03	9.763196800392453622e-05
3.386439149558698603e+01	8.765705983599756390e-01	1.024605277827404237e-01	9.100364750881996881e-03	3.385204047299502587e-03	1.004818604101954255e-02	1.345587066517403216e-03	1.267998208493789506e-04
3.870216170924226162e+01	8.631229548751432334e-01	1.134269768065268719e-01	9.516905287061087557e-03	4.294270369789241967e-03	1.114772555055125111e-02	1.367983639433392219e-03	1.604513407787706662e-04
4.353993192289755143e+01	8.502689668420432278e-01	1.236504097831651328e-01	9.978148494928182691e-03	5.279567147887666290e-03	1.226950042397169198e-02	1.391879369915595497e-03	1.987958073723642598e-04
4.837770213655283413e+01	8.379748139701753695e-01	1.331796949975714017e-01	1.048032238710757888e-02	6.332861959030379809e-03	1.341013819260605984e-02	1.417427635972109794e-03	2.420087268209547039e-04
5.321547235020811684e+01	8.262087936264733701e-01	1.420604913678916725e-01	1.101991457146625671e-02	7.446539980328490543e-03	1.456652795215772518e-02	1.444765748127663533e-03	2.902346228385976456e-04
5.805324256386339954e+01	8.149411838849233147e-01	1.503354593748091883e-01	1.159365501309240522e-02	8.613561552593686568e-03	1.573580229876588715e-02	1.474016115708891555e-03	3.435896293903375294e-04
6.289101277751868224e+01	8.041441155311339628e-01	1.580444581212976096e-01	1.219849993224206806e-02	9.827422579007216025e-03	1.691532047237339839e-02	1.505287334599159912e-03	4.021638986302297769e-04
6.772878299117397205e+01	7.937914524340624611e-01	1.652247294349983298e-01	1.283161676351326705e-02	1.108211757094056116e-02	1.810265262755765894e-02	1.538675201656235746e-03	4.660238365551753721e-04
7.256655320482924765e+01	7.838586797357329772e-01	1.719110698654016112e-01	1.349037010642316348e-02	1.237210516579317909e-02	1.929556515723950330e-02	1.574263660644124700e-03	5.352141780490445857e-04
7.740432341848452324e+01	7.743227993458816627e-01	1.781359913719613441e-01	1.417230860215660908e-02	1.369227595325675333e-02	2.049200699960092992e-02	1.612125684210914981e-03	6.097599122153896795e-04
8.224209363213981305e+01	7.651622322621789429e-01	1.839298714469074780e-01	1.487515267554517448e-02	1.503792245719958766e-02	2.169009686313435464e-02	1.652324096146005374e-03	6.896680681721237055e-04
8.707986384579510286e+01	7.563567272681861464e-01	1.893210933676021390e-01	1.559678308534422249e-02	1.640471113043904736e-02	2.288811130903628532e-02	1.694912337871276554e-03	7.749293708044936030e-04
9.191763405945040688e+01	7.478872755906342817e-01	1.943361772275817578e-01	1.633523022962048502e-02	1.778865622908099714e-02	2.408447363416554854e-02	1.739935182860270291e-03	8.655197753403531509e-04
9.675540427310566827e+01	7.397360311251064413e-01	1.989999023527322108e-01	1.708866415656104878e-02	1.918609544189667920e-02	2.527774350152997562e-02	1.787429402436112964e-03	9.614018890211933248e-04
1.015931744867609581e+02	7.318862358648992039e-01	2.033354216691559135e-01	1.785538523428316371e-02	2.059366715842013071e-02	2.646660726876272005e-02	1.837424386171572412e-03	1.062526287590860683e-03
1.064309447004162337e+02	7.243221501918316596e-01	2.073643685520257796e-01	1.863381543627762663e-02	2.200828926712122824e-02	2.764986896831621299e-02	1.889942719902272918e-03	1.168832733808827795e-03
1.112687149140715235e+02	7.170289877101945208e-01	2.111069566499083339e-01	1.942249020197114526e-02	2.342713938217624511e-02	2.882644189615383989e-02	1.945000724165680010e-03	1.280251304713859225e-03
1.161064851277267991e+02	7.099928543259803604e-01	2.145820731465143683e-01	2.022005083455805097e-02	2.484763640405272811e-02	2.999534076857024445e-02	2.002608955693127406e-03	1.396703433914698884e-03
1.209442553413820747e+02	7.032006912931022535e-01	2.178073658914520538e-01	2.102523740074137976e-02	2.626742332537953042e-02	3.115567440943444247e-02	2.062772674408995272e-03	1.518102874764911672e-03
1.257820255550373645e+02	6.966402219665926987e-01	2.207993248031718814e-01	2.183688209934926336e-02	2.768435119941514352e-02	3.230663893263787528e-02	2.125492278229403585e-03	1.644356589887255391e-03
1.306197957686926259e+02	6.902999020198566926e-01	2.235733579207742350e-01	2.265390306796557021e-02	2.909646419388483424e-02	3.344751138685347902e-02	2.190763707801648107e-03	1.775365572147138147e-03
1.354575659823479441e+02	6.841688728990074075e-01	2.261438624565767219e-01	2.347529859874363314e-02	3.050198565805529310e-02	3.457764383188293572e-02	2.258578823184456599e-03	1.911025601833105493e-03
1.402953361960032339e+02	6.782369183022265435e-01	2.285242911781929231e-01	2.430014173646855707e-02	3.189930513567765247e-02	3.569645781789734101e-02	2.328925754337244931e-03	2.051227944483306753e-03
1.451331064096584669e+02	6.724944234860139591e-01	2.307272144272529413e-01	2.512757523370510310e-02	3.328696626087844501e-02	3.680343924077082024e-02	2.401789227163351158e-03	2.195859993499027062e-03
1.499708766233137851e+02	6.669323372132092143e-01	2.327643780616951152e-01	2.595680683952367521e-02	3.466365547823364174e-02	3.789813354847663962e-02	2.477150866737139103e-03	2.344805861408238729e-03
1.548086468369690749e+02	6.615421361698226033e-01	2.346467575896874769e-01	2.678710489984300822e-02	3.602819153214269210e-02	3.898014127516813421e-02	2.554989479237328772e-03	2.497946923382426531e-03
1.596464170506243647e+02	6.563157916890708377e-01	2.363846087456070444e-01	2.761779424887289905e-02	3.737951567424568217e-02	4.004911388111129233e-02	2.635281314008469569e-03	2.655162316367459981e-03
1.644841872642796261e+02	6.512457386316252705e-01	2.379875147420347226e-01	2.844825237248999050e-02	3.871668254101394424e-02	4.110474987807825192e-02	2.718000307078645428e-03	2.816329396962880764e-03
1.693219574779349159e+02	6.463248462809945138e-01	2.394644304163357218e-01	2.927790582564036154e-02	4.003885165680829555e-02	4.214679122115837923e-02	2.803118307373825453e-03	2.981324160972595970e-03
1.741597276915902057e+02	6.415463911222243354e-01	2.408237234760212397e-01	3.010622688704067337e-02	4.134527952065494144e-02	4.317501994920244085e-02	2.890605286787402937e-03	3.150021627352616281e-03
1.789974979052454671e+02	6.369040313807520226e-01	2.420732130336568366e-01	3.093273043554997659e-02	4.263531223774957163e-02	4.418925505729109915e-02	2.980429535186951331e-03	3.322296189097221578e-03
1.838352681189008138e+02	6.323917832063363775e-01	2.432202056095366938e-01	3.175697103361247581e-02	4.390837865927924022e-02	4.518934958571714511e-02	3.072557841368765523e-03	3.498021933432938178e-03
1.886730383325560467e+02	6.280039983945391313e-01	2.442715287686221537e-01	3.257854020413182561e-02	4.516398399656027657e-02	4.617518791099700648e-02	3.166955660904005945e-03	3.677072933529122040e-03
1.935108085462113081e+02	6.237353435452882566e-01	2.452335625472924774e-01	3.339706388803495574e-02	4.640170387774078531e-02	4.714668322538519141e-02	3.263587271757886245e-03	3.859323513784037891e-03
1.983485787598666263e+02	6.195807805646472710e-01	2.461122688152259097e-01	3.421220007062150681e-02	4.762117881741784187e-02	4.810377519226059773e-02	3.362415918505087635e-03	4.044648490605404038e-03
2.031863489735219162e+02	6.155355484220765838e-01	2.469132187081723162e-01	3.502363656557833105e-02	4.882210907148282208e-02	4.904642776558962997e-02	3.463403945910170818e-03	4.232923390473737092e-03
2.080241191871772060e+02	6.115951460812237839e-01	2.476416182584499082e-01	3.583108894626978180e-02	5.000424985134199751e-02	4.997462716245223285e-02	3.566512922590900792e-03	4.424024646954918816e-03
2.128618894008324673e+02	6.077553165276597946e-01	2.483023323416573280e-01	3.663429861459827075e-02	5.116740687337242854e-02	5.088837997834632504e-02	3.671703755434916564e-03	4.617829778214599043e-03
2.176996596144877287e+02	6.040120318219983631e-01	2.488999070503000177e-01	3.743303099836807479e-02	5.231143222107286633e-02	5.178771143566765489e-02	3.778936795395809213e-03	4.814217546480841457e-03
2.225374298281430470e+02	6.003614791115341465e-01	2.494385905977495876e-01	3.822707386868175877e-02	5.343622049886403991e-02	5.267266375639850090e-02	3.888171935253229190e-03	5.013068100802288256e-03
2.273752000417983652e+02	5.968000475379129366e-01	2.499223528491537616e-01	3.901623576945595362e-02	5.454170525788810259e-02	5.354329465063318444e-02	3.999368699882924726e-03	5.214263104356603451e-03
2.322129702554535982e+02	5.933243159824501678e-01	2.503549035695603608e-01	3.980034455166404916e-02	5.562785567546109367e-02	5.439967591312368234e-02	4.112486329546461566e-03	5.417685847477620407e-03
2.370507404691088880e+02	5.899310415945383523e-01	2.507397094735832610e-01	4.057924600539942334e-02	5.669467347104957533e-02	5.524189212054722575e-02	4.227483856676567987e-03	5.623221347489058657e-03
2.418885106827641494e+02	5.866171490521612242e-01	2.510800101553921082e-01	4.135280258330749359e-02	5.774219004278018097e-02	5.607003942268228708e-02	4.344320176602519540e-03	5.830756436357503389e-03
2.467262808964194392e+02	5.833797205068745884e-01	2.513788329726270865e-01	4.212089220935934242e-02	5.877046380955294053e-02	5.688422442113173771e-02	4.462954112630481210e-03	6.040179837107180136e-03
2.515640511100747290e+02	5.802159861687310460e-01	2.516390069530001772e-01	4.288340716733620578e-02	5.977957774482139941e-02	5.768456312965468402e-02	4.583344475866191550e-03	6.251382229873632054e-03
2.564018213237300188e+02	5.771233154895503148e-01	2.518631757878220800e-01	4.364025306376458080e-02	6.076963708902918121e-02	5.847118001056313824e-02	4.705450120141658685e-03	6.464256308412333688e-03
2.612395915373852517e+02	5.740992089056540237e-01	2.520538099724698999e-01	4.439134786038811953e-02	6.174076722855807026e-02	5.924420708200832386e-02	4.829229992383504352e-03	6.678696827821335377e-03
2.660773617510405415e+02	5.711412901037343781e-01	2.522132181498645265e-01	4.513662097158545328e-02	6.269311172985098102e-02	6.000378309132581994e-02	4.954643178738151778e-03	6.894600644183870169e-03
2.709151319646958882e+02	5.682472987759049632e-01	2.523435577093388615e-01	4.587601242244554456e-02	6.362683051812814683e-02	6.075005274993026255e-02	5.081648946748090756e-03	7.111866746787311351e-03
2.757529021783511780e+02	5.654150838322019590e-01	2.524468446898343599e-01	4.660947206349411176e-02	6.454209819081964394e-02	6.148316602555066457e-02	5.210206783853874382e-03	7.330396283528647916e-03
2.805906723920064678e+02	5.626425970408834853e-01	2.525249630331453665e-01	4.733695883832866880e-02	6.543910245649611768e-02	6.220327748787791294e-02	5.340276432478191851e-03	7.550092580073504422e-03
2.854284426056617008e+02	5.599278870688143561e-01	2.525796732299240288e-01	4.805844010066569194e-02	6.631804269069420388e-02	6.291054570395802903e-02	5.471817921931315491e-03	7.770861153295559841e-03
2.902662128193169337e+02	5.572690938960355167e-01	2.526126203983501406e-01	4.877389097753376951e-02	6.717912860060752667e-02	6.360513267990934583e-02	5.604791597361216508e-03	7.992609719485703132e-03
2.951039830329722804e+02	5.546644435803120832e-01	2.526253418327464861e-01	4.948329377556162645e-02	6.802257899115050910e-02	6.428720334577034401e-02	5.739158145956779061e-03	8.215248197785317286e-03
2.999417532466276270e+02	5.521122433490377457e-01	2.526192740569699891e-01	5.018663742751054008e-02	6.884862062540279826e-02	6.495692508049799585e-02	5.874878620598594260e-03	8.438688709265503712e-03
3.047795234602828600e+02	5.496108769973496733e-01	2.525957594151163055e-01	5.088391697638848521e-02	6.965748717291002368e-02	6.561446727433618842e-02	6.011914461138819984e-03	8.662845572043652645e-03
3.096172936739380930e+02	5.471588005726926163e-01	2.525560522299393207e-01	5.157513309465863033e-02	7.044941823975335582e-02	6.626000092595937807e-02	6.150227513479451964e-03	8.887635292800451919e-03
3.144550638875934396e+02	5.447545383273597608e-01	2.525013245573853871e-01	5.226029163621847412e-02	7.122465847470776934e-02	6.689369827197073903e-02	6.289780046607006472e-03	9.112976555034076054e-03
3.192928341012487294e+02	5.423966789217459228e-01	2.524326715637771334e-01	5.293940321897891432e-02	7.198345674619031909e-02	6.751573244649620997e-02	6.430534767731015816e-03	9.338790204363614164e-03
3.241306043149040192e+02	5.400838718621749912e-01	2.523511165504353504e-01	5.361248283601566939e-02	7.272606538505495266e-02	6.812627716876737405e-02	6.572454835663836016e-03	9.564999231170960223e-03
3.289683745285592522e+02	5.378148241582165756e-01	2.522576156488988697e-01	5.427954949339868634e-02	7.345273948862234004e-02	6.872550645672746705e-02	6.715503872570060748e-03	9.791528750848965332e-03
3.338061447422145420e+02	5.355882971853934693e-01	2.521530622083795747e-01	5.494062587293020716e-02	7.416373628164363296e-02	6.931359436482727177e-02	6.859645974205147261e-03	1.001830598190380471e-02
3.386439149558698318e+02	5.334031037400954744e-01	2.520382908956666501e-01	5.559573801813845473e-02	7.485931453018612736e-02	6.989071474430066933e-02	7.004845718754855108e-03	1.024526022214096964e-02
3.434816851695251216e+02	5.312581052743832188e-01	2.519140815263660738e-01	5.624491504198300684e-02	7.553973400469943256e-02	7.045704102432488736e-02	7.151068174379534258e-03	1.047232282314699593e-02
3.483194553831804114e+02	5.291522092991602921e-01	2.517811626451190721e-01	5.688818885482946341e-02	7.620525498877275816e-02	7.101274601257816232e-02	7.298278905560287404e-03	1.069942716326304985e-02
3.531572255968357013e+02	5.270843669449459812e-01	2.516402148712843512e-01	5.752559391134609568e-02	7.685613783032994861e-02	7.155800171380777286e-02	7.446443978337458428e-03	1.092650861923143493e-02
3.579949958104909342e+02	5.250535706701834338e-01	2.514918740254840079e-01	5.815716697506397026e-02	7.749264253222830356e-02	7.209297916511527016e-02	7.595529964525778860e-03	1.115350453668224016e-02
3.628327660241463377e+02	5.230588521076705577e-01	2.513367340514019999e-01	5.878294689942497459e-02	7.811502837943321009e-02	7.261784828675316161e-02	7.745503944984757916e-03	1.138035419961432385e-02
3.676705362378016275e+02	5.210992800403143610e-01	2.511753497462776985e-01	5.940297442421946933e-02	7.872355360013173764e-02	7.313277774730919667e-02	7.896333512017589956e-03	1.160699879901278854e-02
3.725083064514568036e+02	5.191739584979830902e-01	2.510082393126531475e-01	6.001729198638802720e-02	7.931847505832771705e-02	7.363793484223020436e-02	8.047986770966818193e-03	1.183338140073390485e-02
3.773460766651120935e+02	5.172820249677607674e-01	2.508358867431078609e-01	6.062594354422896209e-02	7.990004797562759442e-02	7.413348538470940219e-02	8.200432341070391234e-03	1.205944691277793281e-02
3.821838468787673833e+02	5.154226487104154319e-01	2.506587440489434493e-01	6.122897441411676023e-02	8.046852568008243389e-02	7.461959360802684904e-02	8.353639355637312511e-03	1.228514205206065156e-02
3.870216170924226162e+02	5.135950291763516917e-01	2.504772333430599351e-01	6.182643111889545712e-02	8.102415938009713270e-02	7.509642207849512308e-02	8.507577461598138727e-03	1.251041531078534580e-02
3.918593873060780197e+02	5.117983945147605018e-01	2.502917487865923829e-01	6.241836124716617501e-02	8.156719796155327551e-02	7.556413161822025937e-02	8.662216818481643932e-03	1.273521692250859962e-02
3.966971575197332527e+02	5.100320001700833217e-01	2.501026584082479132e-01	6.300481332273939750e-02	8.209788780641950889e-02	7.602288123694168898e-02	8.817528096865567475e-03	1.295949882798547691e-02
4.015349277333884856e+02	5.082951275602910490e-01	2.499103058046954762e-01	6.358583668357102592e-02	8.261647263124108354e-02	7.647282807226600532e-02	8.973482476345950171e-03	1.318321464087238333e-02
4.063726979470438323e+02	5.065870828318326247e-01	2.497150117298122252e-01	6.416148136954565040e-02	8.312319334401105375e-02	7.691412733765563836e-02	9.130051643066539394e-03	1.340631961335923134e-02
4.112104681606991221e+02	5.049071956864432664e-01	2.495170755800766860e-01	6.473179801851310089e-02	8.361828791802843053e-02	7.734693227757827305e-02	9.287207786846832930e-03	1.362877060179621021e-02
4.160482383743544119e+02	5.032548182753107113e-01	2.493167767829213566e-01	6.529683777002306955e-02	8.410199128144497938e-02	7.777139412926331596e-02	9.444923597944654761e-03	1.385052603237471938e-02
4.208860085880095880e+02	5.016293241563900551e-01	2.491143760944079244e-01	6.585665217623951073e-02	8.457453522129187995e-02	7.818766209055016958e-02	9.603172263486631915e-03	1.407154586691662657e-02
4.257237788016648778e+02	5.000301073109313377e-01	2.489101168121721774e-01	6.641129311955064340e-02	8.503614830086121679e-02	7.859588329334890600e-02	9.761927463597622201e-03	1.429179156882099191e-02
4.305615490153201677e+02	4.984565812155337672e-01	2.487042259091931384e-01	6.696081273642241760e-02	8.548705578939590211e-02	7.899620278226697490e-02	9.921163367257923929e-03	1.451122606921281116e-02
4.353993192289755143e+02	4.969081779662825049e-01	2.484969150935776860e-01	6.750526334707332432e-02	8.592747960311350464e-02	7.938876349798683341e-02	1.008085462791508471e-02	1.472981373333400075e-02
4.402370894426308041e+02	4.953843474517421464e-01	2.482883817992096454e-01	6.804469739057592004e-02	8.635763825665861149e-02	7.977370626500847328e-02	1.024097637887522345e-02	1.494752032721290147e-02
4.450748596562860939e+02	4.938845565717909225e-01	2.480788101117945010e-01	6.857916736501702692e-02	8.677774682414085561e-02	8.015116978339777154e-02	1.040150422849695985e-02	1.516431298464488049e-02
4.499126298699413837e+02	4.924082884994726572e-01	2.478683716345330135e-01	6.910872577237257841e-02	8.718801690897544365e-02	8.052129062420658456e-02	1.056241425520944646e-02	1.538016017451319939e-02
4.547504000835967304e+02	4.909550419832243162e-01	2.476572262973792682e-01	6.963342506777603358e-02	8.758865662179804445e-02	8.088420322825463915e-02	1.072368300237441958e-02	1.559503166847616557e-02
4.595881702972519065e+02	4.895243306870075140e-01	2.474455231135785638e-01	7.015331761288030876e-02	8.797987056577738496e-02	8.124003990798470132e-02	1.088528747301072304e-02	1.580889850904368399e-02
4.644259405109071963e+02	4.881156825660295517e-01	2.472334008869379596e-01	7.066845563303347788e-02	8.836185982869672328e-02	8.158893085212309826e-02	1.104720512439846640e-02	1.602173297806359920e-02
4.692637107245624861e+02	4.867286392758887748e-01	2.470209888730558190e-01	7.117889117800636767e-02	8.873482198122047138e-02	8.193100413289705619e-02	1.120941386257867135e-02	1.623350856563574376e-02
4.741014809382177759e+02	4.853627556131163145e-01	2.468084073975246318e-01	7.168467608602824281e-02	8.909895108080369275e-02	8.226638571557760848e-02	1.137189203676310968e-02	1.644419993946933181e-02
4.789392511518730657e+02	4.840175989852169569e-01	2.465957684339232514e-01	7.218586195090240243e-02	8.945443768074118340e-02	8.259519947013398145e-02	1.153461843366795567e-02	1.665378291469719885e-02
4.837770213655284124e+02	4.826927489084317235e-01	2.463831761442304980e-01	7.268250009198895523e-02	8.980146884388912065e-02	8.291756718480046418e-02	1.169757227178382271e-02	1.686223442415837881e-02
4.886147915791837022e+02	4.813877965315580543e-01	2.461707273841187982e-01	7.317464152685605738e-02	9.014022816062614019e-02	8.323360858137122953e-02	1.186073319559385365e-02	1.706953248915883681e-02
4.934525617928388783e+02	4.801023441842707795e-01	2.459585121754249426e-01	7.366233694641394214e-02	9.047089577065205168e-02	8.354344133205229839e-02	1.202408126975058021e-02	1.727565619071843098e-02
4.982903320064942250e+02	4.788360049484831071e-01	2.457466141479449084e-01	7.414563669235889332e-02	9.079364838825193518e-02	8.384718107771199636e-02	1.218759697322153307e-02	1.748058564131061907e-02
5.031281022201495148e+02	4.775884022513827709e-01	2.455351109525584496e-01	7.462459073676507015e-02	9.110865933068060252e-02	8.414494144738324244e-02	1.235126119341271519e-02	1.768430195710016251e-02
5.079658724338048046e+02	4.763591694788611441e-01	2.453240746475574552e-01	7.509924866367367891e-02	9.141609854934801271e-02	8.443683407888162573e-02	1.251505522027840725e-02	1.788678723068265128e-02
5.128036426474600376e+02	4.751479496081380538e-01	2.451135720599292855e-01	7.556965965253835404e-02	9.171613266350982230e-02	8.472296864041375941e-02	1.267896074042506628e-02	1.808802450432859046e-02
5.176414128611153274e+02	4.739543948584572508e-01	2.449036651232313622e-01	7.603587246339531258e-02	9.200892499618955334e-02	8.500345285305924148e-02	1.284295983121649075e-02	1.828799774373371032e-02
5.224791830747705035e+02	4.727781663587997119e-01	2.446944111935861199e-01	7.649793542363581000e-02	9.229463561207937317e-02	8.527839251401898857e-02	1.300703495488680049e-02	1.848669181227608968e-02
5.273169532884259070e+02	4.716189338316288948e-01	2.444858633452246244e-01	7.695589641626604527e-02	9.257342135718563125e-02	8.554789152053050849e-02	1.317116895266727192e-02	1.868409244577992970e-02
5.321547235020811968e+02	4.704763752917419106e-01	2.442780706469141472e-01	7.740980286954790568e-02	9.284543590000320090e-02	8.581205189435832381e-02	1.333534503893256742e-02	1.888018622778483979e-02
5.369924937157364866e+02	4.693501767593603602e-01	2.440710784205170070e-01	7.785970174792070098e-02	9.311082977401941019e-02	8.607097380677512788e-02	1.349954679537140011e-02	1.907496056531892900e-02
5.418302639293917764e+02	4.682400319866473204e-01	2.438649284828462438e-01	7.830563954411096095e-02	9.336975042136351488e-02	8.632475560395552749e-02	1.366375816518627072e-02	1.926840366517311096e-02
5.466680341430470662e+02	4.671456421968885886e-01	2.436596593719076442e-01	7.874766227234336613e-02	9.362234223743254313e-02	8.657349383271056853e-02	1.382796344732650264e-02	1.946050451067365267e-02
5.515058043567023560e+02	4.660667158356237572e-01	2.434553065585454146e-01	7.918581546257189019e-02	9.386874661633717865e-02	8.681728326649700012e-02	1.399214729075840165e-02	1.965125283894924094e-02
5.563435745703576458e+02	4.650029683330546559e-01	2.432519026444432686e-01	7.962014415565574210e-02	9.410910199702432477e-02	8.705621693164034003e-02	1.415629468877603082e-02	1.984063911868848631e-02
5.611813447840129356e+02	4.639541218771049413e-01	2.430494775473691915e-01	8.005069289940930366e-02	9.434354390994421913e-02	8.729038613371613298e-02	1.432039097335577847e-02	2.002865452838324331e-02
5.660191149976681118e+02	4.629199051965378064e-01	2.428480586744949377e-01	8.047750574546073954e-02	9.457220502414102892e-02	8.751988048403785969e-02	1.448442180955756935e-02	2.021529093505280289e-02
5.708568852113234016e+02	4.619000533535797537e-01	2.426476710845660023e-01	8.090062624685781523e-02	9.479521519465551604e-02	8.774478792620479806e-02	1.464837318997529517e-02	2.040054087344359002e-02
5.756946554249786914e+02	4.608943075455290694e-01	2.424483376396476819e-01	8.132009745636367692e-02	9.501270151013808951e-02	8.796519476266677351e-02	1.481223142923879417e-02	2.058439752569874576e-02
5.805324256386339812e+02	4.599024149148617235e-01	2.422500791471250414e-01	8.173596192538955252e-02	9.522478834057898633e-02	8.818118568126648293e-02	1.497598315856941975e-02	2.076685470149162646e-02
5.853701958522892710e+02	4.589241283673761718e-01	2.420529144925901710e-01	8.214826170351449686e-02	9.543159738507023260e-02	8.839284378172350409e-02	1.513961532039109943e-02	2.094790681861706527e-02
5.902079660659445608e+02	4.579592063979460170e-01	2.418568607642088142e-01	8.255703833854600993e-02	9.563324771952178005e-02	8.860025060202759983e-02	1.530311516299845929e-02	2.112754888403402947e-02
5.950457362795999643e+02	4.570074129234760751e-01	2.416619333691194527e-01	8.296233287707839577e-02	9.582985584426099990e-02	8.880348614471121615e-02	1.546647023528350227e-02	2.130577647535304361e-02
5.998835064932552541e+02	4.560685171226823709e-01	2.414681461423824060e-01	8.336418586550853327e-02	9.602153573145107146e-02	8.900262890297451490e-02	1.562966838152208063e-02	2.148258572276172743e-02
6.047212767069104302e+02	4.551422932823384060e-01	2.412755114489615604e-01	8.376263735147174150e-02	9.620839887226984022e-02	8.919775588663844679e-02	1.579269773622125200e-02	2.165797329138149582e-02
6.095590469205657200e+02	4.542285206496519678e-01	2.410840402791907811e-01	8.415772688566269810e-02	9.639055432379639576e-02	8.938894264790385458e-02	1.595554671902848359e-02	2.183193636404856183e-02
6.143968171342210098e+02	4.533269832904568419e-01	2.408937423381473097e-01	8.454949352400914497e-02	9.656810875555732476e-02	8.957626330689665017e-02	1.611820402970347288e-02	2.200447262451205380e-02
6.192345873478761860e+02	4.524374699529221666e-01	2.407046261293258882e-01	8.493797583016780839e-02	9.674116649568992310e-02	8.975979057698145469e-02	1.628065864315326669e-02	2.217558024104224895e-02
6.240723575615315895e+02	4.515597739365010965e-01	2.405166990329832832e-01	8.532321187831466702e-02	9.690982957668342612e-02	8.993959578982746450e-02	1.644289980453118860e-02	2.234525785044166185e-02
6.289101277751868793e+02	4.506936929658539315e-01	2.403299673794973557e-01	8.570523925620308903e-02	9.707419778066386784e-02	9.011574892021270711e-02	1.660491702440006212e-02	2.251350454245179544e-02
6.337478979888421691e+02	4.498390290695004623e-01	2.401444365180629981e-01	8.608409506846563530e-02	9.723436868419184365e-02	9.028831861055366947e-02	1.676670007395997947e-02	2.268031984454832103e-02
6.385856682024975726e+02	4.489955884629667215e-01	2.399601108810259509e-01	8.645981594013668614e-02	9.739043770254560139e-02	9.045737219514964067e-02	1.692823898034089697e-02	2.284570370711744985e-02
6.434234384161527487e+02	4.481631814362082578e-01	2.397769940441360770e-01	8.683243802037478309e-02	9.754249813346564657e-02	9.062297572413173519e-02	1.708952402196014728e-02	2.300965648900628324e-02
6.482612086298080385e+02	4.473416222451018776e-01	2.395950887829832732e-01	8.720199698636522945e-02	9.769064120033951748e-02	9.078519398710820087e-02	1.725054572394498983e-02	2.317217894343983828e-02
6.530989788434633283e+02	4.465307290068118995e-01	2.394143971258616554e-01	8.756852804738438079e-02	9.783495609480843958e-02	9.094409053649883667e-02	1.741129485362007817e-02	2.333327220429767812e-02
6.579367490571185044e+02	4.457303235988466228e-01	2.392349204032923615e-01	8.793206594900894457e-02	9.797553001878005208e-02	9.109972771055223351e-02	1.757176241605984748e-02	2.349293777274288550e-02
6.627745192707737942e+02	4.449402315616329262e-01	2.390566592944195767e-01	8.829264497745435702e-02	9.811244822583359282e-02	9.125216665604059252e-02	1.773193964970562128e-02	2.365117750419631903e-02
6.676122894844290840e+02	4.441602820044439071e-01	2.388796138704808725e-01	8.865029896402774889e-02	9.824579406200623088e-02	9.140146735062795735e-02	1.789181802204722893e-02	2.380799359564909207e-02
6.724500596980843738e+02	4.433903075145272932e-01	2.387037836355395959e-01	8.900506128968169173e-02	9.837564900595105466e-02	9.154768862490834935e-02	1.805138922536885654e-02	2.396338857330625530e-02
6.772878299117396637e+02	4.426301440692875233e-01	2.385291675646550869e-01	8.935696488965640116e-02	9.850209270845938780e-02	9.169088818411107178e-02	1.821064517255886403e-02	2.411736528055475476e-02
6.821256001253949535e+02	4.418796309513852716e-01	2.383557641396548132e-01	8.970604225819843458e-02	9.862520303134113264e-02	9.183112262947147608e-02	1.836957799298313820e-02	2.426992686624880602e-02
6.869633703390502433e+02	4.411386106666237428e-01	2.381835713826618295e-01	9.005232545334529437e-02	9.874505608565914416e-02	9.196844747926551100e-02	1.852818002842161402e-02	2.442107677330589144e-02
6.918011405527055331e+02	4.404069288644996139e-01	2.380125868875214157e-01	9.039584610176559787e-02	9.886172626931441498e-02	9.210291718950776307e-02	1.868644382906755816e-02	2.457081872760665670e-02
6.966389107663608229e+02	4.396844342613023260e-01	2.378428078492606790e-01	9.073663540364584890e-02	9.897528630398043370e-02	9.223458517431254444e-02	1.884436214958907715e-02	2.471915672719209728e-02
7.014766809800161127e+02	4.389709785656521479e-01	2.376742310917071277e-01	9.107472413761494301e-02	9.908580727138635580e-02	9.236350382591849983e-02	1.900192794525238857e-02	2.486609503175150199e-02
7.063144511936714025e+02	4.382664164063735379e-01	2.375068530933830691e-01	9.141014266569852387e-02	9.919335864894923693e-02	9.248972453437756536e-02	1.915913436810634529e-02	2.501163815239467597e-02
7.111522214073266923e+02	4.375706052626049947e-01	2.373406700117857981e-01	9.174292093829589101e-02	9.929800834475716043e-02	9.261329770690944485e-02	1.931597476322758147e-02	2.515579084170210117e-02
7.159899916209819821e+02	4.368834053960527486e-01	2.371756777061563848e-01	9.207308849917260341e-02	9.939982273190542394e-02	9.273427278692319975e-02	1.947244266502580132e-02	2.529855808404679260e-02
7.208277618346371582e+02	4.362046797853005309e-01	2.370118717588327317e-01	9.240067449046239501e-02	9.949886668218921315e-02	9.285269827270793697e-02	1.962853179360852726e-02	2.543994508618163675e-02
7.256655320482924481e+02	4.355342940620908210e-01	2.368492474952767768e-01	9.272570765767286505e-02	9.959520359915662036e-02	9.296862173579488464e-02	1.978423605120476630e-02	2.557995726808619599e-02
7.305033022619478515e+02	4.348721164494999125e-01	2.366878000028598272e-01	9.304821635468943364e-02	9.968889545052653234e-02	9.308208983899331213e-02	1.993954951864691447e-02	2.571860025406696310e-02
7.353410724756030277e+02	4.342180177019302478e-01	2.365275241484846858e-01	9.336822854877263600e-02	9.978000279997675803e-02	9.319314835410306974e-02	2.009446645191026448e-02	2.585587986410522315e-02
7.401788426892584312e+02	4.335718710468497439e-01	2.363684145951176763e-01	9.368577182554439775e-02	9.986858483830798883e-02	9.330184217930687085e-02	2.024898127870950262e-02	2.599180210544677072e-02
7.450166129029136073e+02	4.329335521282099419e-01	2.362104658172994309e-01	9.400087339395894748e-02	9.995469941398989200e-02	9.340821535624550809e-02	2.040308859515146608e-02	2.612637316442775401e-02
7.498543831165690108e+02	4.323029389514791987e-01	2.360536721156992479e-01	9.431356009125475837e-02	1.000384030630958876e-01	9.351231108677916792e-02	2.055678316244355028e-02	2.625959939853114711e-02
7.546921533302243006e+02	4.316799118302289684e-01	2.358980276307721113e-01	9.462385838788393844e-02	1.001197510386337280e-01	9.361417174943884034e-02	2.071005990365703750e-02	2.639148732866834768e-02
7.595299235438793630e+02	4.310643533342162215e-01	2.357435263555754390e-01	9.493179439241586359e-02	1.001987973392791248e-01	9.371383891557107104e-02	2.086291390054468772e-02	2.652204363168055370e-02
7.643676937575347665e+02	4.304561482389057114e-01	2.355901621477981267e-01	9.523739385641222244e-02	1.002755947375201101e-01	9.381135336518021950e-02	2.101534039041190113e-02	2.665127513305464574e-02
7.692054639711900563e+02	4.298551834763803536e-01	2.354379287410508226e-01	9.554068217927080831e-02	1.003501948072199890e-01	9.390675510247184499e-02	2.116733476304073769e-02	2.677918879984840864e-02
7.740432341848452324e+02	4.292613480875889787e-01	2.352868197554636165e-01	9.584168441303561603e-02	1.004226479506070829e-01	9.400008337110146717e-02	2.131889255766611369e-02	2.690579173382006209e-02
7.788810043985006359e+02	4.286745331758844979e-01	2.351368287076346375e-01	9.614042526717103687e-02	1.004930034246993703e-01	9.409137666913276743e-02	2.147000946000347799e-02	2.703109116475711088e-02
7.837187746121558121e+02	4.280946318618062407e-01	2.349879490199693888e-01	9.643692911329843076e-02	1.005613093671727520e-01	9.418067276370917229e-02	2.162068129932727054e-02	2.715509444399965069e-02
7.885565448258112156e+02	4.275215392390636082e-01	2.348401740294490392e-01	9.673121998989278603e-02	1.006276128216812421e-01	9.426800870544335686e-02	2.177090404559943460e-02	2.727780903815339719e-02
7.933943150394665054e+02	4.269551523316799657e-01	2.346934969958628103e-01	9.702332160693843965e-02	1.006919597626380058e-01	9.435342084252859585e-02	2.192067380664733389e-02	2.739924252298773372e-02
7.982320852531219089e+02	4.263953700522562507e-01	2.345479111095376823e-01	9.731325735054206783e-02	1.007543951194657811e-01	9.443694483457652777e-02	2.206998682539033224e-02	2.751940257751423966e-02
8.030698554667769713e+02	4.258420931613181026e-01	2.344034094985962824e-01	9.760105028750172551e-02	1.008149628003257858e-01	9.451861566618541266e-02	2.221883947711436602e-02	2.763829697824119608e-02
8.079076256804323748e+02	4.252952242277089900e-01	2.342599852357722112e-01	9.788672316983089428e-02	1.008737057153337863e-01	9.459846766024337938e-02	2.236722826679381909e-02	2.775593359359971452e-02
8.127453958940876646e+02	4.247546675899963042e-01	2.341176313448095903e-01	9.817029843923653909e-02	1.009306657992723039e-01	9.467653449097085394e-02	2.251514982645999932e-02	2.787232037853718328e-02
8.175831661077428407e+02	4.242203293188559488e-01	2.339763408064729489e-01	9.845179823155011944e-02	1.009858840338078018e-01	9.475284919670654005e-02	2.266260091261553672e-02	2.798746536927383330e-02
8.224209363213982442e+02	4.236921171804057251e-01	2.338361065641903214e-01	9.873124438111108292e-02	1.010394004692218711e-01	9.482744419244139300e-02	2.280957840369401274e-02	2.810137667821835036e-02
8.272587065350534203e+02	4.231699406004557074e-01	2.336969215293527302e-01	9.900865842510193915e-02	1.010912542456651325e-01	9.490035128210469462e-02	2.295607929756418586e-02	2.821406248903846059e-02
8.320964767487085965e+02	4.226537106296475166e-01	2.335587785862906218e-01	9.928406160783445622e-02	1.011414836139429008e-01	9.497160167060668401e-02	2.310210070907805710e-02	2.832553105188262421e-02
8.369342469623640000e+02	4.221433399094551286e-01	2.334216705969468231e-01	9.955747488498664644e-02	1.011901259558412591e-01	9.504122597564189368e-02	2.324763986766222035e-02	2.843579067874893451e-02
8.417720171760191761e+02	4.216387426390195703e-01	2.332855904052643370e-01	9.982891892778995857e-02	1.012372178040022858e-01	9.510925423925757627e-02	2.339269411495174811e-02	2.854484973899752351e-02
8.466097873896745796e+02	4.211398345427930234e-01	2.331505308413062971e-01	1.000984141271664685e-01	1.012827948613572032e-01	9.517571593919127437e-02	2.353726090246598471e-02	2.865271665500277246e-02
8.514475576033297557e+02	4.206465328389676905e-01	2.330164847251241234e-01	1.003659805978158875e-01	1.013268920201261247e-01	9.524063999998193253e-02	2.368133778932562244e-02	2.875939989794170856e-02
8.562853278169851592e+02	4.201587562086652738e-01	2.328834448703889504e-01	1.006316381822521949e-01	1.013695433803927654e-01	9.530405480385836792e-02	2.382492244001037374e-02	2.886490798371514621e-02
8.611230980306403353e+02	4.196764247658656410e-01	2.327514040878006230e-01	1.008954064547898377e-01	1.014107822682625976e-01	9.536598820140955446e-02	2.396801262215665640e-02	2.896924946899809283e-02
8.659608682442956251e+02	4.191994600280521399e-01	2.326203551882872755e-01	1.011573047254793328e-01	1.014506412536130414e-01	9.542646752204056448e-02	2.411060620439460511e-02	2.907243294741608183e-02
8.707986384579510286e+02	4.187277848875525232e-01	2.324902909860081524e-01	1.014173520439925064e-01	1.014891521674436553e-01	9.548551958421826191e-02	2.425270115422383313e-02	2.917446704584414699e-02
8.756364086716062047e+02	4.182613235835566101e-01	2.323612043011712702e-01	1.016755672034573288e-01	1.015263461188346539e-01	9.554317070551060498e-02	2.439429553592729893e-02	2.927536042082529502e-02
8.804741788852616082e+02	4.178000016747902556e-01	2.322330879626769706e-01	1.019319687442422906e-01	1.015622535115218023e-01	9.559944671242381897e-02	2.453538750852267761e-02	2.937512175510525667e-02
8.853119490989170117e+02	4.173437460128275323e-01	2.321059348105971865e-01	1.021865749576908039e-01	1.015969040600956802e-01	9.565437295004070029e-02	2.467597532375065753e-02	2.947375975428053602e-02
8.901497193125721878e+02	4.168924847160229707e-01	2.319797376985006654e-01	1.024394038898055886e-01	1.016303268058329767e-01	9.570797429146458979e-02	2.481605732409951706e-02	2.957128314355677787e-02
8.949874895262273640e+02	4.164461471440469853e-01	2.318544894956328373e-01	1.026904733448833484e-01	1.016625501321678088e-01	9.576027514707220745e-02	2.495563194086544354e-02	2.966770066461449362e-02
8.998252597398827675e+02	4.160046638730073298e-01	2.317301830889587078e-01	1.029398008890999028e-01	1.016936017798104747e-01	9.581129947357935883e-02	2.509469769224798377e-02	2.976302107257934593e-02
9.046630299535379436e+02	4.155679666711412090e-01	2.316068113850770493e-01	1.031874038540462613e-01	1.017235088615212335e-01	9.586107078292310790e-02	2.523325318148007118e-02	2.985725313309420606e-02
9.095008001671932334e+02	4.151359884750617235e-01	2.314843673120130230e-01	1.034332993402156675e-01	1.017522978765464658e-01	9.590961215096396875e-02	2.537129709499204647e-02	2.995040561949025362e-02
9.143385703808486369e+02	4.147086633665444388e-01	2.313628438208965576e-01	1.036775042204422653e-01	1.017799947247244596e-01	9.595694622601178003e-02	2.550882820060913769e-02	3.004248731005453033e-02
9.191763405945038130e+02	4.142859265498392562e-01	2.312422338875327055e-01	1.039200351432914837e-01	1.018066247202680241e-01	9.600309523717862059e-02	2.564584534578180641e-02	3.013350698539127986e-02
9.240141108081592165e+02	4.138677143294937077e-01	2.311225305138705222e-01	1.041609085364027243e-01	1.018322126052308568e-01	9.604808100256227721e-02	2.578234745584849150e-02	3.022347342587463140e-02
9.288518810218145063e+02	4.134539640886742418e-01	2.310037267293760521e-01	1.044001406097844753e-01	1.018567825626645329e-01	9.609192493726367856e-02	2.591833353233010187e-02	3.031239540919014250e-02
9.336896512354697961e+02	4.130446142679723431e-01	2.308858155923150246e-01	1.046377473590626439e-01	1.018803582294731669e-01	9.613464806124152884e-02	2.605380265125586611e-02	3.040028170796276602e-02
9.385274214491247449e+02	4.126396043446829420e-01	2.307687901909500350e-01	1.048737445686821618e-01	1.019029627089718809e-01	9.617627100700749943e-02	2.618875396151987278e-02	3.048714108746896148e-02
9.433651916627801484e+02	4.122388748125431213e-01	2.306526436446577344e-01	1.051081478150625997e-01	1.019246185831561985e-01	9.621681402716518450e-02	2.632318668326793717e-02	3.057298230343062292e-02
9.482029618764355519e+02	4.118423671619189652e-01	2.305373691049696083e-01	1.053409724697079441e-01	1.019453479246882899e-01	9.625629700179581805e-02	2.645710010631413880e-02	3.065781409988860284e-02
9.530407320900908417e+02	4.114500238604293925e-01	2.304229597565415066e-01	1.055722337022713953e-01	1.019651723086066469e-01	9.629473944569415245e-02	2.659049358858664794e-02	3.074164520715364640e-02
9.578785023037459041e+02	4.110617883339954259e-01	2.303094088180553944e-01	1.058019464835752016e-01	1.019841128237652383e-01	9.633216051545723246e-02	2.672336655460228957e-02	3.082448433983265776e-02
9.627162725174014213e+02	4.106776049483049085e-01	2.301967095430572374e-01	1.060301255885863075e-01	1.020021900840081541e-01	9.636857901642931212e-02	2.685571849396937646e-02	3.090634019492815437e-02
9.675540427310568248e+02	4.102974189906818392e-01	2.300848552207344910e-01	1.062567855993483412e-01	1.020194242390858319e-01	9.640401340950562059e-02	2.698754895991831507e-02	3.098722145000897335e-02
9.723918129447120009e+02	4.099211766523501721e-01	2.299738391766368295e-01	1.064819409078700957e-01	1.020358349853184715e-01	9.643848181779812734e-02	2.711885756785955073e-02	3.106713676145018282e-02
9.772295831583674044e+02	4.095488250110822515e-01	2.298636547733427515e-01	1.067056057189714191e-01	1.020514415760125082e-01	9.647200203316583234e-02	2.724964399396833867e-02	3.114609476274033534e-02
9.820673533720223531e+02	4.091803120142228911e-01	2.297542954110756153e-01	1.069277940530866666e-01	1.020662628316355985e-01	9.650459152261262052e-02	2.737990797379594166e-02	3.122410406285415496e-02
9.869051235856777566e+02	4.088155864620793278e-01	2.296457545282712398e-01	1.071485197490264218e-01	1.020803171497556699e-01	9.653626743455522019e-02	2.750964930090674804e-02	3.130117324468886103e-02
9.917428937993331601e+02	4.084545979916685554e-01	2.295380256021003207e-01	1.073677964666979456e-01	1.020936225147493770e-01	9.656704660496408243e-02	2.763886782554090399e-02	3.137731086356230353e-02
9.965806640129884499e+02	4.080972970608129358e-01	2.294311021489476854e-01	1.075856376897847966e-01	1.021061965072851824e-01	9.659694556337966587e-02	2.776756345330199868e-02	3.145252544577122750e-02
