0.000000000000000000e+00	9.903938726612739885e-01	4.036301294233750436e-32	8.023905468265011415e-03	4.468909760185484052e-27	3.342588704174478346e-03	1.224972112579155153e-03	1.049675117408051084e-23
4.837770213655283591e+00	9.716572030406912530e-01	1.783752277224103996e-02	7.994045078224451192e-03	8.217535452441849435e-05	4.161418520115037906e-03	1.243348610033760725e-03	9.625570462619195068e-06
9.675540427310567182e+00	9.538219833519524515e-01	3.448229190805632977e-02	8.043329625960975865e-03	3.189080526804015619e-04	5.035574018442955622e-03	1.261569777057087441e-03	2.168221214245661673e-05
1.451331064096584811e+01	9.368350262806316442e-01	5.001257998746403560e-02	8.165666384055421390e-03	6.963011774816878479e-04	5.959189997547797990e-03	1.279935999350857116e-03	3.663911976135026381e-05
1.935108085462113081e+01	9.206465128847616253e-01	6.450152689194268985e-02	8.355374955737470549e-03	1.201457960458695174e-03	6.926833651444662399e-03	1.298721351815806816e-03	5.491125013192761140e-05
2.418885106827641707e+01	9.052097741682401111e-01	7.801747657014633519e-02	8.607160032632701213e-03	1.822414052745453036e-03	7.933475140915999951e-03	1.318175444222686836e-03	7.686353738957306630e-05
2.902662128193169622e+01	8.904810869324711886e-01	9.062429170033541037e-02	8.916085943146667345e-03	2.548074291507822654e-03	8.974460120183023332e-03	1.338525143779457438e-03	1.028148148693644578e-04
3.386439149558698603e+01	8.764194829702993683e-01	1.023816477004612507e-01	9.277552873911536560e-03	3.368153665435340543e-03	1.004548409018722784e-02	1.359976182705612945e-03	1.330414632926481169e-04
3.870216170924226162e+01	8.629865707277072362e-01	1.133453074415919082e-01	9.687274654439472291e-03	4.273122202497019878e-03	1.114256845803855873e-02	1.382714658391685086e-03	1.677808036272049525e-04
4.353993192289755143e+01	8.501463686161241373e-01	1.235673779313699872e-01	1.014125800233881165e-02	5.254153521360075026e-03	1.226203819010604316e-02	1.406908433224109481e-03	2.072342517698663907e-04
4.837770213655283413e+01	8.378651492118113220e-01	1.330965501510388005e-01	1.063578313318759919e-02	6.303076804873799024e-03	1.340050095362572968e-02	1.432708440690430097e-03	2.515702510653411569e-04
5.321547235020811684e+01	8.261112936288798059e-01	1.419783231518771671e-01	1.116738564545514435e-02	7.412331969907200863e-03	1.455482764861390499e-02	1.460249903945180479e-03	3.009269976146566536e-04
5.805324256386339954e+01	8.148551553993080843e-01	1.502552134442889931e-01	1.173283959674500249e-02	8.574927822671860739e-03	1.572213423833243237e-02	1.489653472610665517e-03	3.554149723360880788e-04
6.289101277751868224e+01	8.040689332370594133e-01	1.579669506449636884e-01	1.232914169312941850e-02	9.784403002529284618e-03	1.689976479258776393e-02	1.521026283207416912e-03	4.151192928161567732e-04
6.772878299117397205e+01	7.937265521042634608e-01	1.651506602841479043e-01	1.295349651848100477e-02	1.103478953023886294e-02	1.808527566378339765e-02	1.554462948254575500e-03	4.801018971239375053e-04
7.256655320482924765e+01	7.838035520356090302e-01	1.718410346158529001e-01	1.360330273550599406e-02	1.232057878870822590e-02	1.927642072091331413e-02	1.590046478749189071e-03	5.504035709545181294e-04
7.740432341848452324e+01	7.742769842127714686e-01	1.780704922184936090e-01	1.427614019466699746e-02	1.363668977561810665e-02	2.047113757160581166e-02	1.627849144423918360e-03	6.260458287132580511e-04
8.224209363213981305e+01	7.651253138140330368e-01	1.838693271217596015e-01	1.496975789137250379e-02	1.497843947786120511e-02	2.166753470692538153e-02	1.667933275893464240e-03	7.070326584480006752e-04
8.707986384579510286e+01	7.563283291954012721e-01	1.892658481472149212e-01	1.568206271572445548e-02	1.634151522760754482e-02	2.286387950793671714e-02	1.710352012529835946e-03	7.933521398783390443e-04
9.191763405945040688e+01	7.478670569886338715e-01	1.942865091049939263e-01	1.641110894277265919e-02	1.772194890903323883e-02	2.405858705704881292e-02	1.755149999654128908e-03	8.849779441563608486e-04
9.675540427310566827e+01	7.397236827287703154e-01	1.989560304467898888e-01	1.715508841464182324e-02	1.911609289336782189e-02	2.525020970090747358e-02	1.802364038396614757e-03	9.818707234191586999e-04
1.015931744867609581e+02	7.318814766491799073e-01	2.032975129359338717e-01	1.791232136908998268e-02	2.052059758796740893e-02	2.643742731510832084e-02	1.852023691356553337e-03	1.083979397657114374e-03
1.064309447004162337e+02	7.243247243058773543e-01	2.073325438585475744e-01	1.868124787204024362e-02	2.193239049264376558e-02	2.761903822427602337e-02	1.904151846987231847e-03	1.191242345921068391e-03
1.112687149140715235e+02	7.170386617150363850e-01	2.110812962653566272e-01	1.946041981441519117e-02	2.334865666350813621e-02	2.879395073411397318e-02	1.958765245439341926e-03	1.303588508423632244e-03
1.161064851277267991e+02	7.100094147083640950e-01	2.145626217016112225e-01	2.024849343620779840e-02	2.476682049115517745e-02	2.996117523488603385e-02	2.015874968416052175e-03	1.420938405652931880e-03
1.209442553413820747e+02	7.032239422303599996e-01	2.177941368525337096e-01	2.104422234315599452e-02	2.618452870614768405e-02	3.111981683846181887e-02	2.075486895425179400e-03	1.543205080208934080e-03
1.257820255550373645e+02	6.966699833195848512e-01	2.207923045036526699e-01	2.184645098366184285e-02	2.759963453049468080e-02	3.226906851355106076e-02	2.137602128656943337e-03	1.670294966691333871e-03
1.306197957686926259e+02	6.903360075329684209e-01	2.235725091891695160e-01	2.265410855572069782e-02	2.901018289917071252e-02	3.340820468608301369e-02	2.202217388569167964e-03	1.802108694611966868e-03
1.354575659823479441e+02	6.842111685879878058e-01	2.261491278770066948e-01	2.346620331561065712e-02	3.041439668072739438e-02	3.453657527386398002e-02	2.269325382124813550e-03	1.938541828972228757e-03
1.402953361960032339e+02	6.782852610123075721e-01	2.285355960163018285e-01	2.428181726194729093e-02	3.181066383072270881e-02	3.565360012667995182e-02	2.338915145498726787e-03	2.079485552835459976e-03
1.451331064096584669e+02	6.725486796042681181e-01	2.307444692517262030e-01	2.510010117044155636e-02	3.319752541606062896e-02	3.675876384491191806e-02	2.410972362950912322e-03	2.224827295934269679e-03
1.499708766233137851e+02	6.669923815204956696e-01	2.327874810890260826e-01	2.592026995631797892e-02	3.457366445241373543e-02	3.785161095150642308e-02	2.485479663451901997e-03	2.374451313081946732e-03
1.548086468369690749e+02	6.616078508189517926e-01	2.346755967775171481e-01	2.674159834286296902e-02	3.593789550071326000e-02	3.893174139380300297e-02	2.562416896541405871e-03	2.528239215904209275e-03
1.596464170506243647e+02	6.563870652969924224e-01	2.364190636578178129e-01	2.756341681598673335e-02	3.728915497225217951e-02	3.999880635326943934e-02	2.641761388803892142e-03	2.686070461171367191e-03
1.644841872642796261e+02	6.513224654745188857e-01	2.380274582068100386e-01	2.838510784600304857e-02	3.862649209527412031e-02	4.105250434264366005e-02	2.723488182253621086e-03	2.847822798790436861e-03
1.693219574779349159e+02	6.464069255821311977e-01	2.395097299965876780e-01	2.920610235906502192e-02	3.994906049902903489e-02	4.209257757133359062e-02	2.807570255836506611e-03	3.013372682310799279e-03
1.741597276915902057e+02	6.416337264233704651e-01	2.408742427699235855e-01	3.002587644184826626e-02	4.125611037418045607e-02	4.311880856118973510e-02	2.893978731176640676e-03	3.182595644604716695e-03
1.789974979052454671e+02	6.369965299887181409e-01	2.421288128214921787e-01	3.084394826415000346e-02	4.254698117116224171e-02	4.413101699594591809e-02	2.982683063620988548e-03	3.355366641204445260e-03
1.838352681189008138e+02	6.324893557070313532e-01	2.432807448616635393e-01	3.165987520507936720e-02	4.382109480061699425e-02	4.512905678872630028e-02	3.073651219566314510e-03	3.531560363610050050e-03
1.886730383325560467e+02	6.281065582275860981e-01	2.443368655280767909e-01	3.247325116945473655e-02	4.507794930241617454e-02	4.611281335304709406e-02	3.166849840987541985e-03	3.711051524725485218e-03
1.935108085462113081e+02	6.238428066328950417e-01	2.453035546993578009e-01	3.328370408190257229e-02	4.631711295197409040e-02	4.708220106370393510e-02	3.262244398026106079e-03	3.893715118434361126e-03
1.983485787598666263e+02	6.196930649890075582e-01	2.461867747552129726e-01	3.409089354697354690e-02	4.753821877463425272e-02	4.803716089483506257e-02	3.359799330440250802e-03	4.079426655190377358e-03
2.031863489735219162e+02	6.156525741461077450e-01	2.469920979176637166e-01	3.489450866435872545e-02	4.874095944083724208e-02	4.897765822329037955e-02	3.459478178666294639e-03	4.268062375370020207e-03
2.080241191871772060e+02	6.117168347079375845e-01	2.477247317993401809e-01	3.569426598900557468e-02	4.992508251658276525e-02	4.990368078622132303e-02	3.561243705190464143e-03	4.459499442016202735e-03
2.128618894008324673e+02	6.078815910939049383e-01	2.483895432764878786e-01	3.648990762660331288e-02	5.109038604538333056e-02	5.081523678253949822e-02	3.665058006884702561e-03	4.653616114490518804e-03
2.176996596144877287e+02	6.041428166227205132e-01	2.489910807966181083e-01	3.728119945553280690e-02	5.223671443948098986e-02	5.171235310857692086e-02	3.770882618916712725e-03	4.850291904448161828e-03
2.225374298281430470e+02	6.004966995510693240e-01	2.495335952235174792e-01	3.806792946696116453e-02	5.336395465956895318e-02	5.259507371892035293e-02	3.878678610804178056e-03	5.049407715452831208e-03
2.273752000417983652e+02	5.969396300051699189e-01	2.500210593155895444e-01	3.884990621530726163e-02	5.447203266363338098e-02	5.346345810399003723e-02	3.988406675145444655e-03	5.250845967458659704e-03
2.322129702554535982e+02	5.934681877471450484e-01	2.504571859272031742e-01	3.962695737181510386e-02	5.556091010681379200e-02	5.431757987649132174e-02	4.100027209523753394e-03	5.454490707301946385e-03
2.370507404691088880e+02	5.900791307219258597e-01	2.508454450168347560e-01	4.039892837444891693e-02	5.663058127537934361e-02	5.515752545938916451e-02	4.213500392049237056e-03	5.660227706266814443e-03
2.418885106827641494e+02	5.867693843339630844e-01	2.511890795402934584e-01	4.116568116776924552e-02	5.768107023903771419e-02	5.598339286854276536e-02	4.328786250972187742e-03	5.867944545715544739e-03
2.467262808964194392e+02	5.835360314063381404e-01	2.514911203021796826e-01	4.192709302686608436e-02	5.871242820683934827e-02	5.679529058359265165e-02	4.445844728772400944e-03	6.077530691705811811e-03
2.515640511100747290e+02	5.803763027779652584e-01	2.517543998339246136e-01	4.268305545981386506e-02	5.972473107291704358e-02	5.759333650111755215e-02	4.564635741102591668e-03	6.288877559453173033e-03
2.564018213237300188e+02	5.772875684974765331e-01	2.519815653622753393e-01	4.343347318347679648e-02	6.071807713921337918e-02	5.837765696447561742e-02	4.685119230938838975e-03	6.501878568437492387e-03
2.612395915373852517e+02	5.742673295750858609e-01	2.521750909278950847e-01	4.417826316783261126e-02	6.169258500320107252e-02	5.914838586511541457e-02	4.807255218267627792e-03	6.716429188896358947e-03
2.660773617510405415e+02	5.713132102562583636e-01	2.523372887098352946e-01	4.491735374430026045e-02	6.264839159939782076e-02	5.990566381048853528e-02	4.931003845617166342e-03	6.932426980396641687e-03
2.709151319646958882e+02	5.684229507833796768e-01	2.524703196079735035e-01	4.565068377385341630e-02	6.358565038422085702e-02	6.064963735401946582e-02	5.056325419720270227e-03	7.149771623126881769e-03
2.757529021783511780e+02	5.655944006138228231e-01	2.525762031320952783e-01	4.637820187097897728e-02	6.450452965442156350e-02	6.138045828289040440e-02	5.183180449577018747e-03	7.368364942508072099e-03
2.805906723920064678e+02	5.628255120648786303e-01	2.526568266431007959e-01	4.709986567979839583e-02	6.540521098998926253e-02	6.209828295968135292e-02	5.311529681167548311e-03	7.588110927678200224e-03
2.854284426056617008e+02	5.601143343579447764e-01	2.527139539888335618e-01	4.781564119891162229e-02	6.628788781301959976e-02	6.280327171416931475e-02	5.441334129048726494e-03	7.808915744366658196e-03
2.902662128193169337e+02	5.574590080361681022e-01	2.527492335742397844e-01	4.852550215174952081e-02	6.715276405460918197e-02	6.349558828183686499e-02	5.572555105052875990e-03	8.030687742637940621e-03
2.951039830329722804e+02	5.548577597314240384e-01	2.527642059029590604e-01	4.922942939943166646e-02	6.800005292236702137e-02	6.417539928587040476e-02	5.705154244292202394e-03	8.253337459949898827e-03
2.999417532466276270e+02	5.523088972580860734e-01	2.527603106250149723e-01	4.992741039332382336e-02	6.882997576162713793e-02	6.484287375964335742e-02	5.839093528659003787e-03	8.476777619939916686e-03
3.047795234602828600e+02	5.498108050125135593e-01	2.527388931229970770e-01	5.061943866467361053e-02	6.964276100390834334e-02	6.549818270688009814e-02	5.974335307999047162e-03	8.700923127322674269e-03
3.096172936739380930e+02	5.473619396585579500e-01	2.527012106670002978e-01	5.130551334887533538e-02	7.043864319659767781e-02	6.614149869688416838e-02	6.110842319123675412e-03	8.925691059255455931e-03
3.144550638875934396e+02	5.449608260806743099e-01	2.526484381666025958e-01	5.198563874207564467e-02	7.121786210823681518e-02	6.677299549238888132e-02	6.248577702815138503e-03	9.151000653501120685e-03
3.192928341012487294e+02	5.426060535874241975e-01	2.525816735463050078e-01	5.265982388798228636e-02	7.198066190416640975e-02	6.739284770775248734e-02	6.387505018969292202e-03	9.376773293694826844e-03
3.241306043149040192e+02	5.402962723492765740e-01	2.525019427691245766e-01	5.332808219287848289e-02	7.272729038763436904e-02	6.800123049537232234e-02	6.527588260010173948e-03	9.602932491998094830e-03
3.289683745285592522e+02	5.380301900556657690e-01	2.524102045314098319e-01	5.399043106697699879e-02	7.345799830180185785e-02	6.859831925833514976e-02	6.668791862701943171e-03	9.829403869402951119e-03
3.338061447422145420e+02	5.358065687772421981e-01	2.523073546504363551e-01	5.464689159037035976e-02	7.417303868838699688e-02	6.918428938745406487e-02	6.811080718475244315e-03	1.005611513392940838e-02
3.386439149558698318e+02	5.336242220201656838e-01	2.521942301649232054e-01	5.529748820194848452e-02	7.487266629897215697e-02	6.975931602096649420e-02	6.954420182377183887e-03	1.028299605694133791e-02
3.434816851695251216e+02	5.314820119601539883e-01	2.520716131672910976e-01	5.594224840976204371e-02	7.555713705526745372e-02	7.032357382528417467e-02	7.098776080746788814e-03	1.050997844778899133e-02
3.483194553831804114e+02	5.293788468447883089e-01	2.519402343852477633e-01	5.658120252140969725e-02	7.622670755487298555e-02	7.087723679529438214e-02	7.244114717710899674e-03	1.073699612697056466e-02
3.531572255968357013e+02	5.273136785533353299e-01	2.518007765291314648e-01	5.721438339312124449e-02	7.688163461931404874e-02	7.142047807281269589e-02	7.390402880589103281e-03	1.096398489799065359e-02
3.579949958104909342e+02	5.252855003040369786e-01	2.516538774203673778e-01	5.784182619629563843e-02	7.752217488134233170e-02	7.195346978188238429e-02	7.537607844290276568e-03	1.119088251807971203e-02
3.628327660241463377e+02	5.232933444994734007e-01	2.515001329153815912e-01	5.846356820033472151e-02	7.814858440869770773e-02	7.247638287970363524e-02	7.685697374777738372e-03	1.141762866792599140e-02
3.676705362378016275e+02	5.213362807012177358e-01	2.513400996383787778e-01	5.907964857068966763e-02	7.876111836171585667e-02	7.298938702205834406e-02	7.834639731674789345e-03	1.164416492055954551e-02
3.725083064514568036e+02	5.194134137255672634e-01	2.511742975355084617e-01	5.969010818110839084e-02	7.936003068234306901e-02	7.349265044217302700e-02	7.984403670077537887e-03	1.187043470951698078e-02
3.773460766651120935e+02	5.175238818526699536e-01	2.510032122621239092e-01	6.029498943913869785e-02	7.994557381228531434e-02	7.398633984203427383e-02	8.134958441637342441e-03	1.209638329640527407e-02
3.821838468787673833e+02	5.156668551418656099e-01	2.508272974140693945e-01	6.089433612400425161e-02	8.051799843817267210e-02	7.447062029523827953e-02	8.286273794970986858e-03	1.232195773797356564e-02
3.870216170924226162e+02	5.138415338465233129e-01	2.506469766132146670e-01	6.148819323602847803e-02	8.107755326176424582e-02	7.494565516051854281e-02	8.438319975452673177e-03	1.254710685279291672e-02
3.918593873060780197e+02	5.120471469220923000e-01	2.504626454567850935e-01	6.207660685683577539e-02	8.162448479335313034e-02	7.541160600515443846e-02	8.591067724438281039e-03	1.277178118763583857e-02
3.966971575197332527e+02	5.102829506214936472e-01	2.502746733394087819e-01	6.265962401961022721e-02	8.215903716665635959e-02	7.586863253751743863e-02	8.744488277968804138e-03	1.299593298363968877e-02
4.015349277333884856e+02	5.085482271723542613e-01	2.500834051562181304e-01	6.323729258873934944e-02	8.268145197359222376e-02	7.631689254806336975e-02	8.898553364996706488e-03	1.321951614233098093e-02
4.063726979470438323e+02	5.068422835309458474e-01	2.498891628947953192e-01	6.380966114821481905e-02	8.319196811745617481e-02	7.675654185812602615e-02	9.053235205175882983e-03	1.344248619158102016e-02
4.112104681606991221e+02	5.051644502080193666e-01	2.496922471232409790e-01	6.437677889820317412e-02	8.369082168310915115e-02	7.718773427591217595e-02	9.208506506253093249e-03	1.366480025155713575e-02
4.160482383743544119e+02	5.035140801620384687e-01	2.494929383811674839e-01	6.493869555923865999e-02	8.417824582288702118e-02	7.761062155913925342e-02	9.364340461096132273e-03	1.388641700072811187e-02
4.208860085880095880e+02	5.018905477556037109e-01	2.492914984799723677e-01	6.549546128352595753e-02	8.465447065702877416e-02	7.802535338379563978e-02	9.520710744391515379e-03	1.410729664197711564e-02
4.257237788016648778e+02	5.002932477711327097e-01	2.490881717183311139e-01	6.604712657287470368e-02	8.511972318750427036e-02	7.843207731853964193e-02	9.677591509042165335e-03	1.432740086887052122e-02
4.305615490153201677e+02	4.987215944821117297e-01	2.488831860184579081e-01	6.659374220281917556e-02	8.557422722419964767e-02	7.883093880428669598e-02	9.834957382293486872e-03	1.454669283212648399e-02
4.353993192289755143e+02	4.971750207764756291e-01	2.486767539883203426e-01	6.713535915250552766e-02	8.601820332249057732e-02	7.922208113856597789e-02	9.992783461614149557e-03	1.476513710632289776e-02
4.402370894426308041e+02	4.956529773288897989e-01	2.484690739146532823e-01	6.767202853995739342e-02	8.645186873130131233e-02	7.960564546425671906e-02	1.015104531035609242e-02	1.498269965688047572e-02
4.450748596562860939e+02	4.941549318189187301e-01	2.482603306912996022e-01	6.820380156235533731e-02	8.687543735081003360e-02	7.998177076234176675e-02	1.030971895321650122e-02	1.519934780735303879e-02
4.499126298699413837e+02	4.926803681922574119e-01	2.480506966871087460e-01	6.873072944099056780e-02	8.728911969901995138e-02	8.035059384834168650e-02	1.046878087152288209e-02	1.541505020705381639e-02
4.547504000835967304e+02	4.912287859623827302e-01	2.478403325573465821e-01	6.925286337057512398e-02	8.769312288647013176e-02	8.071224937211632366e-02	1.062820799836083560e-02	1.562977679904335726e-02
4.595881702972519065e+02	4.897996995501533446e-01	2.476293880023109351e-01	6.977025447261218927e-02	8.808765059841121292e-02	8.106686982074279291e-02	1.078797771356274429e-02	1.584349878850189672e-02
4.644259405109071963e+02	4.883926376590413954e-01	2.474180024766049202e-01	7.028295375254942079e-02	8.847290308381891566e-02	8.141458552419993111e-02	1.094806783857424706e-02	1.605618861150630294e-02
4.692637107245624861e+02	4.870071426838306627e-01	2.472063058522938894e-01	7.079101206045687600e-02	8.884907715066235612e-02	8.175552466360797021e-02	1.110845663121413050e-02	1.626781990422925678e-02
4.741014809382177759e+02	4.856427701507515238e-01	2.469944190389607719e-01	7.129448005498770224e-02	8.921636616688591315e-02	8.208981328179087988e-02	1.126912278034216189e-02	1.647836747257615947e-02
4.789392511518730657e+02	4.842990881871543363e-01	2.467824545634761946e-01	7.179340817039633893e-02	8.957496006660196908e-02	8.241757529594491427e-02	1.143004540044826635e-02	1.668780726227305639e-02
4.837770213655284124e+02	4.829756770189420623e-01	2.465705171121163330e-01	7.228784658640347027e-02	8.992504536102767509e-02	8.273893251221302314e-02	1.159120402617549311e-02	1.689611632941703454e-02
4.886147915791837022e+02	4.816721284940976844e-01	2.463587040374875248e-01	7.277784520071108043e-02	9.026680515373278202e-02	8.305400464197904009e-02	1.175257860678825990e-02	1.710327281149871467e-02
4.934525617928388783e+02	4.803880456307462743e-01	2.461471058325572503e-01	7.326345360398402173e-02	9.060041915979673288e-02	8.336290931970952167e-02	1.191414950059649022e-02	1.730925589890486976e-02
4.982903320064942250e+02	4.791230421882913260e-01	2.459358065739384869e-01	7.374472105712659431e-02	9.092606372850231544e-02	8.366576212218330977e-02	1.207589746934548645e-02	1.751404580690770277e-02
5.031281022201495148e+02	4.778767422602571702e-01	2.457248843364357727e-01	7.422169647069414011e-02	9.124391186922058139e-02	8.396267658896112984e-02	1.223780367258057999e-02	1.771762374814589772e-02
5.079658724338048046e+02	4.766487798875558846e-01	2.455144115807278982e-01	7.469442838629015979e-02	9.155413328016701047e-02	8.425376424395814023e-02	1.239984966199490779e-02	1.791997190560131945e-02
5.128036426474600376e+02	4.754387986909773267e-01	2.453044555159410722e-01	7.516296495980943904e-02	9.185689437973239280e-02	8.453913461799297813e-02	1.256201737576804686e-02	1.812107340607414102e-02
5.176414128611153274e+02	4.742464515217776344e-01	2.450950784387498360e-01	7.562735394639698294e-02	9.215235834011428762e-02	8.481889527219607650e-02	1.272428913290256543e-02	1.832091229415797051e-02
5.224791830747705035e+02	4.730714001293118698e-01	2.448863380505375831e-01	7.608764268700118905e-02	9.244068512299485896e-02	8.509315182216914408e-02	1.288664762756502186e-02	1.851947350671573692e-02
5.273169532884259070e+02	4.719133148447215986e-01	2.446782877540463752e-01	7.654387809640765539e-02	9.272203151703056756e-02	8.536200796279573566e-02	1.304907592343740493e-02	1.871674284785609585e-02
5.321547235020811968e+02	4.707718742797522005e-01	2.444709769308538727e-01	7.699610665264805531e-02	9.299655117693665651e-02	8.562556549361079183e-02	1.321155744808449883e-02	1.891270696440937663e-02
5.369924937157364866e+02	4.696467650398307159e-01	2.442644512009262969e-01	7.744437438768475568e-02	9.326439466396597988e-02	8.588392434464417469e-02	1.337407598734221409e-02	1.910735332190133251e-02
5.418302639293917764e+02	4.685376814505901044e-01	2.440587526654154349e-01	7.788872687927937688e-02	9.352570948759723890e-02	8.613718260265956772e-02	1.353661567973148128e-02	1.930067018102227944e-02
5.466680341430470662e+02	4.674443252970764129e-01	2.438539201337907025e-01	7.832920924395905815e-02	9.378064014826192896e-02	8.638543653771682540e-02	1.369916101090193176e-02	1.949264657458861863e-02
5.515058043567023560e+02	4.663664055749225379e-01	2.436499893363263392e-01	7.876586613100000633e-02	9.402932818095285916e-02	8.662878062999135320e-02	1.386169680810917133e-02	1.968327228499322165e-02
5.563435745703576458e+02	4.653036382528168424e-01	2.434469931228967210e-01	7.919874171735356849e-02	9.427191219956918000e-02	8.686730759678941427e-02	1.402420823472915953e-02	1.987253782214059780e-02
5.611813447840129356e+02	4.642557460456363527e-01	2.432449616489706923e-01	7.962787970344480104e-02	9.450852794186495598e-02	8.710110841970343520e-02	1.418668078481285198e-02	2.006043440186238216e-02
5.660191149976681118e+02	4.632224581976529532e-01	2.430439225496373035e-01	8.005332330977857347e-02	9.473930831487849258e-02	8.733027237185597702e-02	1.434910027768397482e-02	2.024695392480824890e-02
5.708568852113234016e+02	4.622035102752574676e-01	2.428439011024410843e-01	8.047511527429190847e-02	9.496438344073007687e-02	8.755488704518545051e-02	1.451145285258251955e-02	2.043208895580705606e-02
5.756946554249786914e+02	4.611986439686809880e-01	2.426449203797540199e-01	8.089329785039640897e-02	9.518388070268493650e-02	8.777503837773022177e-02	1.467372496335629835e-02	2.061583270369261867e-02
5.805324256386339812e+02	4.602076069022238425e-01	2.424470013913641586e-01	8.130791280565752288e-02	9.539792479138674286e-02	8.799081068087233337e-02	1.483590337320263991e-02	2.079817900158834401e-02
5.853701958522892710e+02	4.592301524525323475e-01	2.422501632179153430e-01	8.171900142106125475e-02	9.560663775117532459e-02	8.820228666650459237e-02	1.499797514946210782e-02	2.097912228764462275e-02
5.902079660659445608e+02	4.582660395744933002e-01	2.420544231357928400e-01	8.212660449082274938e-02	9.581013902640932167e-02	8.840954747408875936e-02	1.515992765846589131e-02	2.115865758622273787e-02
5.950457362795999643e+02	4.573150326343392580e-01	2.418597967340087584e-01	8.253076232269350443e-02	9.600854550772189300e-02	8.861267269757501508e-02	1.532174856043834812e-02	2.133678048951879666e-02
5.998835064932552541e+02	4.563769012495847432e-01	2.416662980236067293e-01	8.293151473872741042e-02	9.620197157814359967e-02	8.881174041215600390e-02	1.548342580445599172e-02	2.151348713962110415e-02
6.047212767069104302e+02	4.554514201354349368e-01	2.414739395400700706e-01	8.332890107646842570e-02	9.639052915903274787e-02	8.900682720083115396e-02	1.564494762346402973e-02	2.168877421099421610e-02
6.095590469205657200e+02	4.545383689573305741e-01	2.412827324391869643e-01	8.372296019052506699e-02	9.657432775575927608e-02	8.919800818075943050e-02	1.580630252935145627e-02	2.186263889338279851e-02
6.143968171342210098e+02	4.536375321893123536e-01	2.410926865867961399e-01	8.411373045449957453e-02	9.675347450309271236e-02	8.938535702938088523e-02	1.596747930808551860e-02	2.203507887512837563e-02
6.192345873478761860e+02	4.527486989779075377e-01	2.409038106428086357e-01	8.450124976324163706e-02	9.692807421025038950e-02	8.956894601028919656e-02	1.612846701490624687e-02	2.220609232689196161e-02
6.240723575615315895e+02	4.518716630112583621e-01	2.407161121398762593e-01	8.488555553539840759e-02	9.709822940556568638e-02	8.974884599883975467e-02	1.628925496958163327e-02	2.237567788577545305e-02
6.289101277751868793e+02	4.510062223932295722e-01	2.405295975570523603e-01	8.526668471623506662e-02	9.726404038074078218e-02	8.992512650747910841e-02	1.644983275172393067e-02	2.254383463983474986e-02
6.337478979888421691e+02	4.501521795222457878e-01	2.403442723887682098e-01	8.564467378070141079e-02	9.742560523465172706e-02	9.009785571078360311e-02	1.661019019616742989e-02	2.271056211297741573e-02
6.385856682024975726e+02	4.493093409746265476e-01	2.401601412094276633e-01	8.601955873672191555e-02	9.758301991667756026e-02	9.026710047019609329e-02	1.677031738840799660e-02	2.287586025023781097e-02
6.434234384161527487e+02	4.484775173921982661e-01	2.399772077339022980e-01	8.639137512868827473e-02	9.773637826952807917e-02	9.043292635845166794e-02	1.693020466010450656e-02	2.303972940342250558e-02
6.482612086298080385e+02	4.476565233739762117e-01	2.397954748741915054e-01	8.676015804113491880e-02	9.788577207154802728e-02	9.059539768368375656e-02	1.708984258464231465e-02	2.320217031711889477e-02
6.530989788434633283e+02	4.468461773717213315e-01	2.396149447924943443e-01	8.712594210257908200e-02	9.803129107847834145e-02	9.075457751320392674e-02	1.724922197275876798e-02	2.336318411505991857e-02
6.579367490571185044e+02	4.460463015891877325e-01	2.394356189509240229e-01	8.748876148950877896e-02	9.817302306465723605e-02	9.091052769694940583e-02	1.740833386823069026e-02	2.352277228683783208e-02
6.627745192707737942e+02	4.452567218848875186e-01	2.392574981580811722e-01	8.784864993050288395e-02	9.831105386364703824e-02	9.106330889059324751e-02	1.756716954362379582e-02	2.368093667496001808e-02
6.676122894844290840e+02	4.444772676782089427e-01	2.390805826126873035e-01	8.820564071046867183e-02	9.844546740827384013e-02	9.121298057831332684e-02	1.772572049610375566e-02	2.383767946223987189e-02
6.724500596980843738e+02	4.437077718587336128e-01	2.389048719444673563e-01	8.855976667498327570e-02	9.857634577006987864e-02	9.135960109521695793e-02	1.788397844330880809e-02	2.399300315951585771e-02
6.772878299117396637e+02	4.429480706986069216e-01	2.387303652524579156e-01	8.891106023472654385e-02	9.870376919811010841e-02	9.150322764941878906e-02	1.804193531928353217e-02	2.414691059369190179e-02
6.821256001253949535e+02	4.421980037678244213e-01	2.385570611409057740e-01	8.925955336999358281e-02	9.882781615723584823e-02	9.164391634377022644e-02	1.819958327047358632e-02	2.429940489609232895e-02
6.869633703390502433e+02	4.414574138523030822e-01	2.383849577529111308e-01	8.960527763527607881e-02	9.894856336566040800e-02	9.178172219723952641e-02	1.835691465178091938e-02	2.445048949112466410e-02
6.918011405527055331e+02	4.407261468746155875e-01	2.382140528019599524e-01	8.994826416390255819e-02	9.906608583195279649e-02	9.191669916594207013e-02	1.851392202267918702e-02	2.460016808524367882e-02
6.966389107663608229e+02	4.400040518172710913e-01	2.380443436014799408e-01	9.028854367272806658e-02	9.918045689139676213e-02	9.204890016382098750e-02	1.867059814338884946e-02	2.474844465621012235e-02
7.014766809800161127e+02	4.392909806484325275e-01	2.378758270925464824e-01	9.062614646686478759e-02	9.929174824172400105e-02	9.217837708297883792e-02	1.882693597111155873e-02	2.489532344263768737e-02
7.063144511936714025e+02	4.385867882499662751e-01	2.377084998698564822e-01	9.096110244444560733e-02	9.940002997822104669e-02	9.230518081366134719e-02	1.898292865632329046e-02	2.504080893382185091e-02
7.111522214073266923e+02	4.378913323477268693e-01	2.375423582060803007e-01	9.129344110141322799e-02	9.950537062821067369e-02	9.242936126389479645e-02	1.913856953912576944e-02	2.518490585984433511e-02
7.159899916209819821e+02	4.372044734439820557e-01	2.373773980746950729e-01	9.162319153632801638e-02	9.960783718490934247e-02	9.255096737877897828e-02	1.929385214565560586e-02	2.532761918194692194e-02
7.208277618346371582e+02	4.365260747518914797e-01	2.372136151713957197e-01	9.195038245518837028e-02	9.970749514066325203e-02	9.267004715943789883e-02	1.944877018455059767e-02	2.546895408316865103e-02
7.256655320482924481e+02	4.358560021319543565e-01	2.370510049341741365e-01	9.227504217625763505e-02	9.980440851956605408e-02	9.278664768163077947e-02	1.960331754347265434e-02	2.560891595924029082e-02
7.305033022619478515e+02	4.351941240303474623e-01	2.368895625621506296e-01	9.259719863489250524e-02	9.989863990946221128e-02	9.290081511402620285e-02	1.975748828568672094e-02	2.574751040973025790e-02
7.353410724756030277e+02	4.345403114190776184e-01	2.367292830332367037e-01	9.291687938836751259e-02	9.999025049334037130e-02	9.301259473614248430e-02	1.991127664669512659e-02	2.588474322943618705e-02
7.401788426892584312e+02	4.338944377378785022e-01	2.365701611207033372e-01	9.323411162069167313e-02	1.000793000801219051e-01	9.312203095595755764e-02	2.006467703092672250e-02	2.602062040001637544e-02
7.450166129029136073e+02	4.332563788377825631e-01	2.364121914087231879e-01	9.354892214741258871e-02	1.001658471348501195e-01	9.322916732719178923e-02	2.021768400848019537e-02	2.615514808185560522e-02
7.498543831165690108e+02	4.326260129263053700e-01	2.362553683069521238e-01	9.386133742040435324e-02	1.002499488082860685e-01	9.333404656626755058e-02	2.037029231192093517e-02	2.628833260615975886e-02
7.546921533302243006e+02	4.320032205141792203e-01	2.360996860642097239e-01	9.417138353263602990e-02	1.003316609659173908e-01	9.343671056894917171e-02	2.052249683313079123e-02	2.642018046727385300e-02
7.595299235438793630e+02	4.313878843635806093e-01	2.359451387813160106e-01	9.447908622291698033e-02	1.004110382163868886e-01	9.353720042666742451e-02	2.067429262021006769e-02	2.655069831521822757e-02
7.643676937575347665e+02	4.307798894377933840e-01	2.357917204231371466e-01	9.478447088061650594e-02	1.004881339393479123e-01	9.363555644253247767e-02	2.082567487443117218e-02	2.667989294843760989e-02
7.692054639711900563e+02	4.301791228522574007e-01	2.356394248298893657e-01	9.508756255035499816e-02	1.005630003127537392e-01	9.373181814703952786e-02	2.097663894724314040e-02	2.680777130675802283e-02
7.740432341848452324e+02	4.295854738269511697e-01	2.354882457277477359e-01	9.538838593666414123e-02	1.006356883395887192e-01	9.382602431347149274e-02	2.112718033732649200e-02	2.693434046454647873e-02
7.788810043985006359e+02	4.289988336400614166e-01	2.353381767388031676e-01	9.568696540861384991e-02	1.007062478740487349e-01	9.391821297300290139e-02	2.127729468769769261e-02	2.705960762406858788e-02
7.837187746121558121e+02	4.284190955828938718e-01	2.351892113904079928e-01	9.598332500440426296e-02	1.007747276471789022e-01	9.400842142950951996e-02	2.142697778286256627e-02	2.718358010903924524e-02
7.885565448258112156e+02	4.278461549159823796e-01	2.350413431239485873e-01	9.627748843592065509e-02	1.008411752919767812e-01	9.409668627408816766e-02	2.157622554601804077e-02	2.730626535836172541e-02
7.933943150394665054e+02	4.272799088263544709e-01	2.348945653030800329e-01	9.656947909324965773e-02	1.009056373679691199e-01	9.418304339929110813e-02	2.172503403630147642e-02	2.742767092005049187e-02
7.982320852531219089e+02	4.267202563859139874e-01	2.347488712214565176e-01	9.685932004915559501e-02	1.009681593852703452e-01	9.426752801307965168e-02	2.187339944608699890e-02	2.754780444533328279e-02
8.030698554667769713e+02	4.261670985109038412e-01	2.346042541099884193e-01	9.714703406351525572e-02	1.010287858281314344e-01	9.435017465250132573e-02	2.202131809832813883e-02	2.766667368292798426e-02
8.079076256804323748e+02	4.256203379224117178e-01	2.344607071436555779e-01	9.743264358771025480e-02	1.010875601779873262e-01	9.443101719709542929e-02	2.216878644394610839e-02	2.778428647348999553e-02
8.127453958940876646e+02	4.250798791078858052e-01	2.343182234479033732e-01	9.771617076897570753e-02	1.011445249360115317e-01	9.451008888203114855e-02	2.231580105926308719e-02	2.790065074422579811e-02
8.175831661077428407e+02	4.245456282836259643e-01	2.341767961046482549e-01	9.799763745470449483e-02	1.011997216451862303e-01	9.458742231098314635e-02	2.246235864347985792e-02	2.801577450366861746e-02
8.224209363213982442e+02	4.240174933582201988e-01	2.340364181579155933e-01	9.827706519670612040e-02	1.012531909118965234e-01	9.466304946874887216e-02	2.260845601619711903e-02	2.812966583661209025e-02
8.272587065350534203e+02	4.234953838968961715e-01	2.338970826191331676e-01	9.855447525541979892e-02	1.013049724270572577e-01	9.473700173361229715e-02	2.275409011497985315e-02	2.824233289919795761e-02
8.320964767487085965e+02	4.229792110867580113e-01	2.337587824721005236e-01	9.882988860408077614e-02	1.013551049867807835e-01	9.480930988945839022e-02	2.289925799296411296e-02	2.835378391415390581e-02
8.369342469623640000e+02	4.224688877028816014e-01	2.336215106776547423e-01	9.910332593283970037e-02	1.014036265125942554e-01	9.488000413764292873e-02	2.304395681650558275e-02	2.846402716617774109e-02
8.417720171760191761e+02	4.219643280752416459e-01	2.334852601780501580e-01	9.937480765283447648e-02	1.014505740712147858e-01	9.494911410862201528e-02	2.318818386286927713e-02	2.857307099746418319e-02
8.466097873896745796e+02	4.214654480564449246e-01	2.333500239010702637e-01	9.964435390021446348e-02	1.014959838938906816e-01	9.501666887334582479e-02	2.333193651795973517e-02	2.868092380337062056e-02
8.514475576033297557e+02	4.209721649902456453e-01	2.332157947638869577e-01	9.991198454011643304e-02	1.015398913953173277e-01	9.508269695442063407e-02	2.347521227409116520e-02	2.878759402821832319e-02
8.562853278169851592e+02	4.204843976808191885e-01	2.330825656766832843e-01	1.001777191705924136e-01	1.015823311921354999e-01	9.514722633704382482e-02	2.361800872779681870e-02	2.889309016122554655e-02
8.611230980306403353e+02	4.200020663627713757e-01	2.329503295460531864e-01	1.004415771264891566e-01	1.016233371210207570e-01	9.521028447971587039e-02	2.376032357767707617e-02	2.899742073256922348e-02
8.659608682442956251e+02	4.195250926718629980e-01	2.328190792781919261e-01	1.007035774832791414e-01	1.016629422563715135e-01	9.527189832473366427e-02	2.390215462228558602e-02	2.910059430957185819e-02
8.707986384579510286e+02	4.190533996164272357e-01	2.326888077818896616e-01	1.009637390608431468e-01	1.017011789276041078e-01	9.533209430846927013e-02	2.404349975805288378e-02	2.920261949301040591e-02
8.756364086716062047e+02	4.185869115494607606e-01	2.325595079713398405e-01	1.012220804272043612e-01	1.017380787360624289e-01	9.539089837143838180e-02	2.418435697724690206e-02	2.930350491354395334e-02
8.804741788852616082e+02	4.181255541413694821e-01	2.324311727687732865e-01	1.014786199022142815e-01	1.017736725715503027e-01	9.544833596816232335e-02	2.432472436596979509e-02	2.940325922825712257e-02
8.853119490989170117e+02	4.176692543533494506e-01	2.323037951069285290e-01	1.017333755611902896e-01	1.018079906284938552e-01	9.550443207682783597e-02	2.446460010219046050e-02	2.950189111731613134e-02
8.901497193125721878e+02	4.172179404113864898e-01	2.321773679313677008e-01	1.019863652385051556e-01	1.018410624217418459e-01	9.555921120874852348e-02	2.460398245381225160e-02	2.959940928073461625e-02
8.949874895262273640e+02	4.167715417808557365e-01	2.320518842026476625e-01	1.022376065311287330e-01	1.018729168020111459e-01	9.561269741763182839e-02	2.474286977677526284e-02	2.969582243524627671e-02
8.998252597398827675e+02	4.163299891417059362e-01	2.319273368983540140e-01	1.024871168021220524e-01	1.019035819709849799e-01	9.566491430865547985e-02	2.488126051319267118e-02	2.979113931128152606e-02
9.046630299535379436e+02	4.158932143642118939e-01	2.318037190150067095e-01	1.027349131840839258e-01	1.019330854960710658e-01	9.571588504735714653e-02	2.501915318952054740e-02	2.988536865004545739e-02
9.095008001671932334e+02	4.154611504852789849e-01	2.316810235698444909e-01	1.029810125825505185e-01	1.019614543248267835e-01	9.576563236834098602e-02	2.515654641476062700e-02	2.997851920069434517e-02
9.143385703808486369e+02	4.150337316852865666e-01	2.315592436024950240e-01	1.032254316793481397e-01	1.019887147990585496e-01	9.581417858380487929e-02	2.529343887869549279e-02	3.007059971760812564e-02
9.191763405945038130e+02	4.146108932654538060e-01	2.314383721765375934e-01	1.034681869358994866e-01	1.020148926686021418e-01	9.586154559189190294e-02	2.542982935015563814e-02	3.016161895775628168e-02
9.240141108081592165e+02	4.141925716257154888e-01	2.313184023809644330e-01	1.037092945964839114e-01	1.020400131047909942e-01	9.590775488486957823e-02	2.556571667531788716e-02	3.025158567815459595e-02
9.288518810218145063e+02	4.137787042430941531e-01	2.311993273315465780e-01	1.039487706914517112e-01	1.020641007136189882e-01	9.595282755714044931e-02	2.570109977603466517e-02	3.034050863341039225e-02
9.336896512354697961e+02	4.133692296505549479e-01	2.310811401721095393e-01	1.041866310403933016e-01	1.020871795486044120e-01	9.599678431308730775e-02	2.583597764819361292e-02	3.042839657335382614e-02
9.385274214491247449e+02	4.129640874163312825e-01	2.309638340757241837e-01	1.044228912552632310e-01	1.021092731233615991e-01	9.603964547475672686e-02	2.597034936010702080e-02	3.051525824075293492e-02
9.433651916627801484e+02	4.125632181237088858e-01	2.308474022458173458e-01	1.046575667434597734e-01	1.021304044238864478e-01	9.608143098938373705e-02	2.610421405093064570e-02	3.060110236911015372e-02
9.482029618764355519e+02	4.121665633512564542e-01	2.307318379172071388e-01	1.048906727108602083e-01	1.021505959205622205e-01	9.612216043676150012e-02	2.623757092911133820e-02	3.068593768053812579e-02
9.530407320900908417e+02	4.117740656534916166e-01	2.306171343570667942e-01	1.051222241648126082e-01	1.021698695798917006e-01	9.616185303645864713e-02	2.637041927086307413e-02	3.076977288371258307e-02
9.578785023037459041e+02	4.113856685419708947e-01	2.305032848658212230e-01	1.053522359170842582e-01	1.021882468759616885e-01	9.620052765488777691e-02	2.650275841867090476e-02	3.085261667190026050e-02
9.627162725174014213e+02	4.110013164667939423e-01	2.303902827779801821e-01	1.055807225867671645e-01	1.022057488016457072e-01	9.623820281222802975e-02	2.663458777982230519e-02	3.093447772105972424e-02
9.675540427310568248e+02	4.106209547985099073e-01	2.302781214629114337e-01	1.058076986031414313e-01	1.022223958795508147e-01	9.627489668920478916e-02	2.676590682496553242e-02	3.101536468801315352e-02
9.723918129447120009e+02	4.102445298104180904e-01	2.301667943255572002e-01	1.060331782084965591e-01	1.022382081727140762e-01	9.631062713372955109e-02	2.689671508669450040e-02	3.109528620868710208e-02
9.772295831583674044e+02	4.098719886612511298e-01	2.300562948070972724e-01	1.062571754609114294e-01	1.022532052950543696e-01	9.634541166740283324e-02	2.702701215815973834e-02	3.117425089642032396e-02
9.820673533720223531e+02	4.095032793782326652e-01	2.299466163855615197e-01	1.064797042369933361e-01	1.022674064215848555e-01	9.637926749188291398e-02	2.715679769170496749e-02	3.125226734033683534e-02
9.869051235856777566e+02	4.091383508404998204e-01	2.298377525763946883e-01	1.067007782345764932e-01	1.022808302983915646e-01	9.641221149512330113e-02	2.728607139752891805e-02	3.132934410378232504e-02
9.917428937993331601e+02	4.087771527628814017e-01	2.297296969329760963e-01	1.069204109753805615e-01	1.022934952523832930e-01	9.644426025748165099e-02	2.741483304237189722e-02	3.140548972282224821e-02
9.965806640129884499e+02	4.084196356800235406e-01	2.296224430470966416e-01	1.071386158076297612e-01	1.023054192008178848e-01	9.647543005770287117e-02	2.754308244822674043e-02	3.148071270479977507e-02
