0.000000000000000000e+00	9.899576025206486829e-01	5.163674749382962858e-34	8.349222954144632988e-03	7.573960827605137767e-22	3.363604903266241824e-03	1.213713023294891351e-03	4.323799225500198223e-24
4.837770213655283591e+00	9.712554894836396002e-01	1.781591394420532770e-02	8.315938045962622746e-03	8.119775830573885522e-05	4.170776912093355007e-03	1.233543427484589316e-03	1.128382966308700468e-05
9.675540427310567182e+00	9.534524565766263615e-01	3.444273764815719563e-02	8.360501734125060438e-03	3.151886533096742000e-04	5.034824933708908178e-03	1.253186377147158439e-03	2.524747827989984013e-05
1.451331064096584811e+01	9.364955316979478583e-01	4.995834372820438102e-02	8.476941344928023633e-03	6.883422482523795811e-04	5.949718608946889982e-03	1.272938683004628266e-03	4.232709007007187392e-05
1.935108085462113081e+01	9.203350910907612814e-01	6.443550981598157590e-02	8.659687469422274603e-03	1.188003276607142115e-03	6.909873118745474795e-03	1.293071254947892029e-03	6.290737488853526691e-05
2.418885106827641707e+01	9.049246426918052810e-01	7.794225205565157022e-02	8.903547380633508590e-03	1.802425890749756801e-03	7.910118853164250022e-03	1.313830914755476217e-03	8.732561459432338594e-05
2.902662128193169622e+01	8.902206236090920433e-01	9.054213676573089065e-02	9.203680193957815628e-03	2.520712259981481695e-03	8.945673093526222697e-03	1.335442088175265753e-03	1.158753908903639252e-04
3.386439149558698603e+01	8.761822108046183333e-01	1.022945716953208017e-01	9.555573656551318018e-03	3.332755232075661385e-03	1.001211357522147072e-02	1.358108384299150677e-03	1.488100532674028380e-04
3.870216170924226162e+01	8.627711441186557417e-01	1.132550782109332382e-01	9.955022459010287247e-03	4.229184791259775998e-03	1.110535380739867579e-02	1.382014069640831282e-03	1.863459444555928129e-04
4.353993192289755143e+01	8.499515608286972723e-01	1.234755456626022291e-01	1.039810796962596304e-02	5.201318063058090781e-03	1.222162003389084574e-02	1.407325443841326391e-03	2.286653996384195456e-04
4.837770213655283413e+01	8.376898409889464991e-01	1.330044690962007004e-01	1.088117929802839660e-02	6.241112632786070119e-03	1.335742972730937991e-02	1.434192123472856437e-03	2.759195346102290367e-04
5.321547235020811684e+01	8.259544628455938176e-01	1.418871714024679820e-01	1.140083560113623259e-02	7.341122959781452503e-03	1.450957151533138062e-02	1.462748239987618146e-03	3.282308370557152077e-04
5.805324256386339954e+01	8.147158676692460855e-01	1.501660109218419248e-01	1.195390955003223545e-02	8.494459683748569259e-03	1.567508644483108643e-02	1.493113557461601092e-03	3.856955741927068628e-04
6.289101277751868224e+01	8.039463333889825813e-01	1.578805754574545694e-01	1.253745188171387186e-02	9.694751632947792852e-03	1.685125049569809186e-02	1.525394515413188053e-03	4.483860291441351840e-04
6.772878299117397205e+01	7.936198564527879862e-01	1.650678635862870003e-01	1.314871696464866603e-02	1.093611035644219756e-02	1.803555826197100406e-02	1.559685201630132186e-03	5.163525775871348911e-04
7.256655320482924765e+01	7.837120413767625360e-01	1.717624541001969429e-01	1.378514931171841498e-02	1.221309701427600661e-02	1.922570772332199418e-02	1.596068259615041236e-03	5.896256154630583187e-04
7.740432341848452324e+01	7.741999974806852425e-01	1.779966643540698557e-01	1.444437097848581993e-02	1.352069147035762572e-02	2.041958603498005703e-02	1.634615734957197385e-03	6.682173478182386502e-04
8.224209363213981305e+01	7.650622423403851124e-01	1.838006982474463535e-01	1.512416978878177755e-02	1.485426344300426471e-02	2.161525626890215684e-02	1.675389864656073521e-03	7.521234481783341209e-04
8.707986384579510286e+01	7.562786115181003854e-01	1.892027845184146295e-01	1.582248833341014585e-02	1.620954557762187623e-02	2.281094504341311599e-02	1.718443813157912803e-03	8.413245972359373109e-04
9.191763405945040688e+01	7.478301741607168429e-01	1.942293059841066760e-01	1.653741369131648056e-02	1.758260831488724432e-02	2.400503098265779206e-02	1.763822358620057004e-03	9.357879090489709629e-04
9.675540427310566827e+01	7.396991540826086675e-01	1.989049203205992544e-01	1.726716782588455512e-02	1.896983643610948567e-02	2.519603395106145491e-02	1.811562532687176989e-03	1.035468252403521153e-03
1.015931744867609581e+02	7.318688559748864897e-01	2.032526729362003903e-01	1.801009861212463092e-02	2.036790717521383062e-02	2.638260501159405205e-02	1.861694216848127021e-03	1.140309474486673851e-03
1.064309447004162337e+02	7.243235964062861854e-01	2.072941024558273004e-01	1.876467145341435133e-02	2.177376979404736096e-02	2.756351705999793636e-02	1.914240698240834721e-03	1.250245533540268262e-03
1.112687149140715235e+02	7.170486393028370209e-01	2.110493393002796647e-01	1.952946144916059210e-02	2.318462652448753311e-02	2.873765609028186563e-02	1.969219187584505572e-03	1.365201546723073629e-03
1.161064851277267991e+02	7.100301356139123721e-01	2.145371978125315271e-01	2.030314607728061702e-02	2.459791478717104213e-02	2.990401304972135216e-02	2.026641301742617036e-03	1.485094758994679777e-03
1.209442553413820747e+02	7.032550668913951641e-01	2.177752623535585963e-01	2.108449835776520995e-02	2.601129060258187270e-02	3.106167624435000191e-02	2.086513513255894726e-03	1.609835438447451087e-03
1.257820255550373645e+02	6.967111925265629946e-01	2.207799677625507939e-01	2.187238046579604786e-02	2.742261311577069358e-02	3.220982425849112929e-02	2.148837569030935448e-03	1.739327703151445637e-03
1.306197957686926259e+02	6.903870004060063126e-01	2.235666745505033581e-01	2.266573776495437245e-02	2.882993016114819909e-02	3.334771935427550960e-02	2.213610880226676673e-03	1.873470284239559533e-03
1.354575659823479441e+02	6.842716607634999892e-01	2.261497391720177219e-01	2.346359323298769645e-02	3.023146479862668518e-02	3.447470131933026011e-02	2.280826885246852072e-03	2.012157229644778549e-03
1.402953361960032339e+02	6.783549830193431607e-01	2.285425796975629198e-01	2.426504225440445292e-02	3.162560275689887956e-02	3.559018173291650378e-02	2.350475387621277831e-03	2.155278552606816264e-03
1.451331064096584669e+02	6.726273754123128779e-01	2.307577371873469341e-01	2.506924775585175555e-02	3.301088072386192118e-02	3.669363862274846455e-02	2.422542870441757052e-03	2.302720828790259799e-03
1.499708766233137851e+02	6.670798072421217917e-01	2.328069330482271937e-01	2.587543566180620924e-02	3.438597542813670582e-02	3.778461148655379992e-02	2.497012788908969678e-03	2.454367745599322567e-03
1.548086468369690749e+02	6.617037735521759112e-01	2.347011226366614023e-01	2.668289064957939105e-02	3.574969345931649362e-02	3.886269665414193025e-02	2.573865842444501145e-03	2.610100607034249436e-03
1.596464170506243647e+02	6.564912620935609011e-01	2.364505453534778145e-01	2.749095218401497939e-02	3.710096177802090639e-02	3.992754296734245950e-02	2.653080227726603568e-03	2.769798797210203199e-03
1.644841872642796261e+02	6.514347224215804033e-01	2.380647714601506482e-01	2.829901081353969339e-02	3.843881887004807485e-02	4.097884775666596480e-02	2.734631873919031713e-03	2.933340205450068409e-03
1.693219574779349159e+02	6.465270369858953092e-01	2.395527458312259328e-01	2.910650471043134749e-02	3.976240650192303105e-02	4.201635309493241544e-02	2.818494661278858442e-03	3.100601615667018807e-03
1.741597276915902057e+02	6.417614940843919813e-01	2.409228288434880905e-01	2.991291643928971691e-02	4.107096203794919492e-02	4.303984230941358680e-02	2.904640624251218859e-03	3.271459062570056774e-03
1.789974979052454671e+02	6.371317625593991840e-01	2.421828345893228818e-01	3.071776993874484815e-02	4.236381128149379477e-02	4.404913673525178569e-02	2.993040140086087025e-03	3.445788157055159652e-03
1.838352681189008138e+02	6.326318681228049190e-01	2.433400665894577264e-01	3.152062770241771672e-02	4.364036180569042661e-02	4.504409269405335037e-02	3.083662103944118538e-03	3.623464382985365495e-03
1.886730383325560467e+02	6.282561712040406476e-01	2.444013511687896101e-01	3.232108814606410307e-02	4.490009674103307563e-02	4.602459868261685877e-02	3.176474091394967860e-03	3.804363367414388686e-03
1.935108085462113081e+02	6.239993462218279552e-01	2.453730686482907819e-01	3.311878314868864359e-02	4.614256898947707158e-02	4.699057275774776860e-02	3.271442509152062798e-03	3.988361126169443112e-03
1.983485787598666263e+02	6.198563621870596396e-01	2.462611824959654860e-01	3.391337575621609229e-02	4.736739583666278730e-02	4.794196010403815184e-02	3.368532734832266253e-03	4.175334286579250945e-03
2.031863489735219162e+02	6.158224645502387018e-01	2.470712665704685729e-01	3.470455803705425890e-02	4.857425393574731076e-02	4.887873077235581343e-02	3.467709246476941530e-03	4.365160289012104053e-03
2.080241191871772060e+02	6.118931582125528568e-01	2.478085305822484707e-01	3.549204907958196376e-02	4.976287463807583383e-02	4.980087757759629058e-02	3.568935742522455490e-03	4.557717568775752383e-03
2.128618894008324673e+02	6.080641916249527323e-01	2.484778438889011787e-01	3.627559312224795662e-02	5.093303964755659108e-02	5.070841414500697891e-02	3.672175252862815500e-03	4.752885719825341790e-03
2.176996596144877287e+02	6.043315419045358627e-01	2.490837577337816355e-01	3.705495780757724067e-02	5.208457697712792767e-02	5.160137309509909426e-02	3.777390241604792424e-03	4.950545641627018649e-03
2.225374298281430470e+02	6.006914009021608880e-01	2.496305260297787265e-01	3.782993255195101628e-02	5.321735718713103275e-02	5.247980435782268610e-02	3.884542702076307624e-03	5.150579670432827058e-03
2.273752000417983652e+02	5.971401621595280318e-01	2.501221247834874983e-01	3.860032702355974121e-02	5.433128988673302517e-02	5.334377360729675166e-02	3.993594244611885918e-03	5.352871696136589710e-03
2.322129702554535982e+02	5.936744086979943713e-01	2.505622702487766418e-01	3.936596972142634987e-02	5.542632048078909024e-02	5.419336080896230284e-02	4.104506177604417237e-03	5.557307265800288075e-03
2.370507404691088880e+02	5.902909015851641739e-01	2.509544358929223784e-01	4.012670664886233002e-02	5.650242714569440189e-02	5.502865887156436348e-02	4.217239582280196512e-03	5.763773674865593777e-03
2.418885106827641494e+02	5.869865692288120940e-01	2.513018682530337444e-01	4.088240007515393099e-02	5.755961801886259888e-02	5.584977239687172884e-02	4.331755381624020212e-03	5.972160046995323227e-03
2.467262808964194392e+02	5.837584973509931663e-01	2.516076017554054189e-01	4.163292737968246615e-02	5.859792858748215372e-02	5.665681652051293010e-02	4.448014403852949480e-03	6.182357403424387950e-03
2.515640511100747290e+02	5.806039195982674039e-01	2.518744725656781869e-01	4.237817997306225076e-02	5.961741926314989559e-02	5.744991583774576582e-02	4.565977440811005462e-03	6.394258722638940760e-03
2.564018213237300188e+02	5.775202087468432888e-01	2.521051315332435983e-01	4.311806229023455728e-02	6.061817312986646916e-02	5.822920340838755315e-02	4.685605301632428041e-03	6.607758991145606595e-03
2.612395915373852517e+02	5.745048684641307357e-01	2.523020562891740148e-01	4.385249085078790632e-02	6.160029385370637683e-02	5.899481983551651404e-02	4.806858861998167948e-03	6.822755246039713568e-03
2.660773617510405415e+02	5.715555255907072141e-01	2.524675625530807266e-01	4.458139338208464558e-02	6.256390374324792558e-02	5.974691241291221061e-02	4.929699109288767332e-03	7.039146610031934287e-03
2.709151319646958882e+02	5.686699229090453889e-01	2.526038147006726686e-01	4.530470800106359969e-02	6.350914195057102973e-02	6.048563433653741939e-02	5.054087183916711364e-03	7.256834319546647157e-03
2.757529021783511780e+02	5.658459123675473323e-01	2.527128356404005349e-01	4.602238245085917001e-02	6.443616280330555224e-02	6.121114397567598009e-02	5.179984417102590638e-03	7.475721746462229110e-03
2.805906723920064678e+02	5.630814487304794946e-01	2.527965160444023973e-01	4.673437338863029727e-02	6.534513425884318216e-02	6.192360419963288676e-02	5.307352365341850946e-03	7.695714414023349659e-03
2.854284426056617008e+02	5.603745836263170910e-01	2.528566229760065842e-01	4.744064572122889262e-02	6.623623647241509704e-02	6.262318175617533067e-02	5.436152841792576268e-03	7.916720007417865287e-03
2.902662128193169337e+02	5.577234599688015715e-01	2.528948079532821747e-01	4.814117198555846466e-02	6.710966047128791301e-02	6.331004669814800645e-02	5.566347944799407248e-03	8.138648379475945521e-03
2.951039830329722804e+02	5.551263067266848372e-01	2.529126144855398661e-01	4.883593177068001195e-02	6.796560692784417435e-02	6.398437185493369150e-02	5.697900083754430141e-03	8.361411551916482152e-03
2.999417532466276270e+02	5.525814340197009455e-01	2.529114851172729050e-01	4.952491117891505423e-02	6.880428502479443709e-02	6.464633234565225761e-02	5.830772002482492201e-03	8.584923712535432946e-03
3.047795234602828600e+02	5.500872285197672129e-01	2.528927680117668553e-01	5.020810232337614976e-02	6.962591140621618435e-02	6.529610513119885051e-02	5.964926800325944141e-03	8.809101208702386707e-03
3.096172936739380930e+02	5.476421491377837514e-01	2.528577231044994433e-01	5.088550285952361113e-02	7.043070920853417016e-02	6.593386860241520764e-02	6.100327951092117396e-03	9.033862537505217560e-03
3.144550638875934396e+02	5.452447229776777871e-01	2.528075278544787974e-01	5.155711554850452710e-02	7.121890716594832249e-02	6.655980220187003582e-02	6.236939320015995845e-03	9.259128332858072852e-03
3.192928341012487294e+02	5.428935415405328202e-01	2.527432826198246496e-01	5.222294785017745494e-02	7.199073878518107150e-02	6.717408607689245859e-02	6.374725178880319768e-03	9.484821349864908796e-03
3.241306043149040192e+02	5.405872571627584611e-01	2.526660156821779468e-01	5.288301154386349651e-02	7.274644158475739031e-02	6.777690076166108246e-02	6.513650219425878678e-03	9.710866446709449235e-03
3.289683745285592522e+02	5.383245796733021615e-01	2.525766879429112155e-01	5.353732237499306268e-02	7.348625639435064916e-02	6.836842688629830855e-02	6.653679565175865326e-03	9.937190564322427588e-03
3.338061447422145420e+02	5.361042732558741752e-01	2.524761973126115056e-01	5.418589972593768067e-02	7.421042671002457680e-02	6.894884491105746083e-02	6.794778781789858127e-03	1.016372270405843138e-02
3.386439149558698318e+02	5.339251535030730134e-01	2.523653828138999744e-01	5.482876630942828955e-02	7.491919810148092718e-02	6.951833488381903292e-02	6.936913886055248550e-03	1.039039390359726596e-02
3.434816851695251216e+02	5.317860846501483163e-01	2.522450284163393897e-01	5.546594788306657975e-02	7.561281766768210288e-02	7.007707621923205121e-02	7.080051353616692751e-03	1.061713721126870263e-02
3.483194553831804114e+02	5.296859769769339810e-01	2.521158666209543653e-01	5.609747298353355560e-02	7.629153353746101485e-02	7.062524749794921175e-02	7.224158125537404745e-03	1.084388765898438786e-02
3.531572255968357013e+02	5.276237843672287875e-01	2.519785818107406761e-01	5.672337267919151660e-02	7.695559441195753969e-02	7.116302628450885126e-02	7.369201613779777574e-03	1.107058223394667695e-02
3.579949958104909342e+02	5.255985020155994336e-01	2.518338133824681302e-01	5.734368033986075863e-02	7.760524914593258661e-02	7.169058896251484514e-02	7.515149705686931247e-03	1.129715984929117491e-02
3.628327660241463377e+02	5.236091642722252582e-01	2.516821586740812799e-01	5.795843142263260722e-02	7.824074636520902959e-02	7.220811058585682729e-02	7.661970767541254231e-03	1.152356131380756488e-02
3.676705362378016275e+02	5.216548426170197761e-01	2.515241757010641677e-01	5.856766327265505723e-02	7.886233411767351598e-02	7.271576474479836405e-02	7.809633647270884313e-03	1.174972930087205859e-02
3.725083064514568036e+02	5.197346437548252540e-01	2.513603857142612252e-01	5.917141493789692536e-02	7.947025955544563536e-02	7.321372344584024805e-02	7.958107676370227909e-03	1.197560831671424381e-02
3.773460766651120935e+02	5.178477078240119047e-01	2.511912755908288775e-01	5.976972699696191799e-02	8.006476864598272014e-02	7.370215700434085138e-02	8.107362671096155979e-03	1.220114466813136331e-02
3.821838468787673833e+02	5.159932067113062182e-01	2.510173000692287881e-01	6.036264139908494031e-02	8.064610591003833207e-02	7.418123394894429734e-02	8.257368932997301986e-03	1.242628642975391641e-02
3.870216170924226162e+02	5.141703424661415722e-01	2.508388838384579267e-01	6.095020131549985787e-02	8.121451418453384807e-02	7.465112093693254680e-02	8.408097248829963372e-03	1.265098341095804990e-02
3.918593873060780197e+02	5.123783458082529219e-01	2.506564234910456657e-01	6.153245100142132329e-02	8.177023440853349590e-02	7.511198267967758579e-02	8.559518889910472036e-03	1.287518712251230039e-02
3.966971575197332527e+02	5.106164747226463740e-01	2.504702893487225634e-01	6.210943566793290099e-02	8.231350543063570280e-02	7.556398187742686956e-02	8.711605610950455894e-03	1.309885074303895891e-02
4.015349277333884856e+02	5.088840131364519292e-01	2.502808271690840081e-01	6.268120136312038682e-02	8.284456383620857067e-02	7.600727916270713647e-02	8.864329648418229485e-03	1.332192908536351632e-02
4.063726979470438323e+02	5.071802696725236093e-01	2.500883597410261672e-01	6.324779486183251809e-02	8.336364379300365002e-02	7.644203305168192908e-02	9.017663718466574843e-03	1.354437856281933729e-02
4.112104681606991221e+02	5.055045764749794834e-01	2.498931883762237349e-01	6.380926356349200801e-02	8.387097691378229969e-02	7.686839990284299873e-02	9.171581014464401729e-03	1.376615715556883147e-02
4.160482383743544119e+02	5.038562881021874107e-01	2.496955943034428194e-01	6.436565539741773145e-02	8.436679213468206706e-02	7.728653388245959599e-02	9.326055204167139553e-03	1.398722437699696786e-02
4.208860085880095880e+02	5.022347804829893070e-01	2.494958399720374753e-01	6.491701873515427768e-02	8.485131560813750917e-02	7.769658693624893753e-02	9.481060426558336751e-03	1.420754124022789375e-02
4.257237788016648778e+02	5.006394499322278646e-01	2.492941702705639417e-01	6.546340230933850313e-02	8.532477060925097723e-02	7.809870876676898444e-02	9.636571288392636186e-03	1.442707022481074831e-02
4.305615490153201677e+02	4.990697122218945014e-01	2.490908136660572869e-01	6.600485513866326259e-02	8.578737745458492325e-02	7.849304681606904255e-02	9.792562860468203081e-03	1.464577524361639418e-02
4.353993192289755143e+02	4.975250017044507977e-01	2.488859832691531215e-01	6.654142645852774429e-02	8.623935343241771745e-02	7.887974625316672428e-02	9.949010673654706122e-03	1.486362160998277657e-02
4.402370894426308041e+02	4.960047704850999439e-01	2.486798778298978663e-01	6.707316565699092403e-02	8.668091274357139775e-02	7.925894996594952391e-02	1.010589071470109623e-02	1.508057600514285494e-02
4.450748596562860939e+02	4.945084876399894469e-01	2.484726826687740364e-01	6.760012221566950863e-02	8.711226645198118235e-02	7.963079855712811017e-02	1.026317942184573097e-02	1.529660644596559337e-02
4.499126298699413837e+02	4.930356384775208545e-01	2.482645705471710484e-01	6.812234565524596941e-02	8.753362244423415484e-02	7.999543034389450247e-02	1.042085368024974271e-02	1.551168225303732606e-02
4.547504000835967304e+02	4.915857238401227791e-01	2.480557024812548306e-01	6.863988548527372169e-02	8.794518539735826645e-02	8.035298136096308275e-02	1.057889081727311428e-02	1.572577401910778619e-02
4.595881702972519065e+02	4.901582594440122009e-01	2.478462285029321421e-01	6.915279115798753096e-02	8.834715675419282932e-02	8.070358536669504368e-02	1.073726859761147366e-02	1.593885357792238291e-02
4.644259405109071963e+02	4.887527752546275139e-01	2.476362883713621177e-01	6.966111202584636397e-02	8.873973470571867861e-02	8.104737385202878674e-02	1.089596521831032692e-02	1.615089397345977063e-02
4.692637107245624861e+02	4.873688148955652166e-01	2.474260122382432037e-01	7.016489730255386081e-02	8.912311417976932770e-02	8.138447605195833767e-02	1.105495930367225710e-02	1.636186942959137053e-02
4.741014809382177759e+02	4.860059350889883167e-01	2.472155212698915472e-01	7.066419602731850713e-02	8.949748683558569895e-02	8.171501895932062332e-02	1.121422990007143843e-02	1.657175532017743022e-02
4.789392511518730657e+02	4.846637051256067474e-01	2.470049282289303316e-01	7.115905703213122602e-02	8.986304106371457989e-02	8.203912734066975965e-02	1.137375647068879746e-02	1.678052813961207479e-02
4.837770213655284124e+02	4.833417063624483312e-01	2.467943380182246182e-01	7.164952891185293049e-02	9.021996199078653744e-02	8.235692375403287635e-02	1.153351889018013228e-02	1.698816547382810127e-02
4.886147915791837022e+02	4.820395317467532914e-01	2.465838481895243073e-01	7.213565999691810837e-02	9.056843148874210714e-02	8.266852856835660290e-02	1.169349743928858529e-02	1.719464597177048845e-02
4.934525617928388783e+02	4.807567853644310052e-01	2.463735494191169328e-01	7.261749832847352870e-02	9.090862818810573065e-02	8.297405998446813480e-02	1.185367279941203396e-02	1.739994931734604316e-02
4.982903320064942250e+02	4.794930820116161119e-01	2.461635259526410990e-01	7.309509163578301050e-02	9.124072749493582213e-02	8.327363405738708035e-02	1.201402604713511409e-02	1.760405620185518522e-02
5.031281022201495148e+02	4.782480467879534625e-01	2.459538560210710878e-01	7.356848731574039402e-02	9.156490161110593384e-02	8.356736471983711168e-02	1.217453864873487869e-02	1.780694829691056164e-02
5.079658724338048046e+02	4.770213147103287699e-01	2.457446122297516911e-01	7.403773241434358221e-02	9.188131955759734626e-02	8.385536380681762880e-02	1.233519245466838804e-02	1.800860822784595278e-02
5.128036426474600376e+02	4.758125303458421440e-01	2.455358619222395011e-01	7.450287360999177655e-02	9.219014720050625056e-02	8.413774108110601280e-02	1.249596969404986532e-02	1.820901954761783292e-02
5.176414128611153274e+02	4.746213474628968032e-01	2.453276675205917079e-01	7.496395719847766259e-02	9.249154727949061849e-02	8.441460425957128533e-02	1.265685296912447133e-02	1.840816671120091425e-02
5.224791830747705035e+02	4.734474286993473613e-01	2.451200868436370917e-01	7.542102907955454405e-02	9.278567943840231036e-02	8.468605904018888797e-02	1.281782524974517563e-02	1.860603505047812509e-02
5.273169532884259070e+02	4.722904452467177605e-01	2.449131734046626763e-01	7.587413474496662591e-02	9.307270025786831824e-02	8.495220912965491256e-02	1.297886986785863443e-02	1.880261074962458201e-02
5.321547235020811968e+02	4.711500765495599818e-01	2.447069766898563314e-01	7.632331926783787746e-02	9.335276328960316616e-02	8.521315627150617689e-02	1.313997051200559846e-02	1.899788082098432737e-02
5.369924937157364866e+02	4.700260100190842838e-01	2.445015424187580999e-01	7.676862729332183111e-02	9.362601909225048979e-02	8.546900027465993699e-02	1.330111122184080182e-02	1.919183308143797978e-02
5.418302639293917764e+02	4.689179407602447336e-01	2.442969127878905633e-01	7.721010303042159795e-02	9.389261526856725049e-02	8.571983904229363294e-02	1.346227638267692359e-02	1.938445612925873696e-02
5.466680341430470662e+02	4.678255713115145875e-01	2.440931266986634263e-01	7.764779024489493198e-02	9.415269650377806887e-02	8.596576860099194861e-02	1.362345072005682889e-02	1.957573932145361892e-02
5.515058043567023560e+02	4.667486113966351491e-01	2.438902199705740848e-01	7.808173225316514254e-02	9.440640460494080510e-02	8.620688313009401693e-02	1.378461929435787110e-02	1.976567275158631204e-02
5.563435745703576458e+02	4.656867776876634224e-01	2.436882255406611353e-01	7.851197191716395574e-02	9.465387854117625344e-02	8.644327499117933356e-02	1.394576749543174725e-02	1.995424722807752349e-02
5.611813447840129356e+02	4.646397935786876765e-01	2.434871736501039441e-01	7.893855164003726888e-02	9.489525448462679535e-02	8.667503475763628507e-02	1.410688103728306372e-02	2.014145425297832540e-02
5.660191149976681118e+02	4.636073889696188943e-01	2.432870920188034691e-01	7.936151336264946066e-02	9.513066585201916670e-02	8.690225124426134706e-02	1.426794595278944519e-02	2.032728600121155513e-02
5.708568852113234016e+02	4.625893000595004967e-01	2.430880060087255989e-01	7.978089856082620779e-02	9.536024334671677760e-02	8.712501153684239219e-02	1.442894858846580780e-02	2.051173530027609188e-02
5.756946554249786914e+02	4.615852691488155357e-01	2.428899387767359808e-01	8.019674824327976959e-02	9.558411500115589210e-02	8.734340102168268449e-02	1.458987559927508657e-02	2.069479561040841326e-02
5.805324256386339812e+02	4.605950444503003061e-01	2.426929114176094027e-01	8.060910295016457394e-02	9.580240621956892522e-02	8.755750341502695211e-02	1.475071394348752112e-02	2.087646100519569003e-02
5.853701958522892710e+02	4.596183799078042975e-01	2.424969430978504426e-01	8.101800275221443526e-02	9.601523982090584552e-02	8.776740079235362257e-02	1.491145087759037854e-02	2.105672615263433356e-02
5.902079660659445608e+02	4.586550350227644457e-01	2.423020511809221844e-01	8.142348725041577417e-02	9.622273608187223437e-02	8.797317361750120468e-02	1.507207395124973703e-02	2.123558629662782374e-02
5.950457362795999643e+02	4.577047746878867285e-01	2.421082513444394735e-01	8.182559557617494206e-02	9.642501278000940867e-02	8.817490077159957640e-02	1.523257100232586377e-02	2.141303723891739216e-02
5.998835064932552541e+02	4.567673690276546350e-01	2.419155576898482096e-01	8.222436639193965446e-02	9.662218523674860615e-02	8.837265958177990821e-02	1.539293015194340142e-02	2.158907532143898578e-02
6.047212767069104302e+02	4.558425932453045726e-01	2.417239828450767625e-01	8.261983789223824315e-02	9.681436636037688004e-02	8.856652584963953245e-02	1.555313979961757583e-02	2.176369740909988096e-02
6.095590469205657200e+02	4.549302274759317588e-01	2.415335380606153937e-01	8.301204780510218484e-02	9.700166668885812360e-02	8.875657387944049792e-02	1.571318861843733899e-02	2.193690087296815833e-02
6.143968171342210098e+02	4.540300566454096853e-01	2.413442332994484019e-01	8.340103339384005721e-02	9.718419443245782108e-02	8.894287650602289430e-02	1.587306555030632005e-02	2.210868357386815836e-02
6.192345873478761860e+02	4.531418703348247812e-01	2.411560773212372555e-01	8.378683145913326524e-02	9.736205551612474307e-02	8.912550512241598777e-02	1.603275980124228839e-02	2.227904384637502053e-02
6.240723575615315895e+02	4.522654626501452224e-01	2.409690777611260826e-01	8.416947834142565754e-02	9.753535362158718969e-02	8.930452970713220751e-02	1.619226083673570155e-02	2.244798048320134631e-02
6.289101277751868793e+02	4.514006320968610431e-01	2.407832412035172953e-01	8.454900992358148348e-02	9.770419022912586737e-02	8.948001885113095188e-02	1.635155837716781649e-02	2.261549271996893609e-02
6.337478979888421691e+02	4.505471814593467461e-01	2.405985732511423669e-01	8.492546163378761337e-02	9.786866465898873269e-02	8.965203978444050148e-02	1.651064239328875818e-02	2.278158022035864025e-02
6.385856682024975726e+02	4.497049176847119911e-01	2.404150785897313514e-01	8.529886844867749784e-02	9.802887411241716087e-02	8.982065840242829668e-02	1.666950310175579694e-02	2.294624306163123295e-02
6.434234384161527487e+02	4.488736517709209228e-01	2.402327610485650022e-01	8.566926489665648015e-02	9.818491371225578079e-02	8.998593929171073980e-02	1.682813096073201842e-02	2.310948172051234886e-02
6.482612086298080385e+02	4.480531986589721960e-01	2.400516236571755557e-01	8.603668506140868533e-02	9.833687654312141257e-02	9.014794575569541613e-02	1.698651666554553546e-02	2.327129705943446064e-02
6.530989788434633283e+02	4.472433771289445192e-01	2.398716686984437019e-01	8.640116258556784778e-02	9.848485369110940302e-02	9.030673983974968344e-02	1.714465114440923837e-02	2.343169031312888548e-02
6.579367490571185044e+02	4.464440096997231433e-01	2.396928977583245024e-01	8.676273067453520171e-02	9.862893428301809651e-02	9.046238235599038391e-02	1.730252555420103491e-02	2.359066307556094422e-02
6.627745192707737942e+02	4.456549225322339325e-01	2.395153117724185821e-01	8.712142210042898849e-02	9.876920552507482964e-02	9.061493290769109810e-02	1.746013127630454895e-02	2.374821728720130989e-02
6.676122894844290840e+02	4.448759453360210392e-01	2.393389110695921251e-01	8.747726920615103707e-02	9.890575274114868365e-02	9.076444991330358258e-02	1.761745991251003479e-02	2.390435522262676638e-02
6.724500596980843738e+02	4.441069112790134721e-01	2.391636954128348314e-01	8.783030390955720579e-02	9.903865941043758780e-02	9.091099063009122627e-02	1.777450328097537197e-02	2.405907947844352149e-02
6.772878299117396637e+02	4.433476569003347301e-01	2.389896640375337167e-01	8.818055770771901503e-02	9.916800720461915741e-02	9.105461117737335963e-02	1.793125341224682465e-02	2.421239296152639942e-02
6.821256001253949535e+02	4.425980220260178899e-01	2.388168156873279602e-01	8.852806168126520214e-02	9.929387602445616245e-02	9.119536655937941771e-02	1.808770254533932642e-02	2.436429887756723714e-02
6.869633703390502433e+02	4.418578496874958628e-01	2.386451486477006723e-01	8.887284649879220733e-02	9.941634403584957702e-02	9.133331068771312344e-02	1.824384312387587748e-02	2.451480071992587911e-02
6.918011405527055331e+02	4.411269860427440848e-01	2.384746607774519134e-01	8.921494242133391761e-02	9.953548770533308943e-02	9.146849640342717691e-02	1.839966779228570729e-02	2.466390225877731004e-02
6.966389107663608229e+02	4.404052802999594007e-01	2.383053495381889653e-01	8.955437930688128767e-02	9.965138183500474311e-02	9.160097549870950540e-02	1.855516939206082461e-02	2.481160753054845527e-02
7.014766809800161127e+02	4.396925846436652296e-01	2.381372120219605870e-01	8.989118661494348295e-02	9.976409959689236384e-02	9.173079873818275332e-02	1.871034095807044481e-02	2.495792082763831701e-02
7.063144511936714025e+02	4.389887541631390389e-01	2.379702449771537998e-01	9.022539341114255151e-02	9.987371256675064979e-02	9.185801587981902439e-02	1.886517571493285389e-02	2.510284668841521877e-02
7.111522214073266923e+02	4.382936467830644278e-01	2.378044448327640836e-01	9.055702837183435272e-02	9.998029075728884218e-02	9.198267569547223521e-02	1.901966707344424426e-02	2.524638988748494073e-02
7.159899916209819821e+02	4.376071231963136188e-01	2.376398077211429316e-01	9.088611978874905351e-02	1.000839026508288238e-01	9.210482599103107793e-02	1.917380862706392561e-02	2.538855542622371619e-02
7.208277618346371582e+02	4.369290467987732574e-01	2.374763294993194052e-01	9.121269557364496128e-02	1.001846152313943528e-01	9.222451362619560333e-02	1.932759414845546669e-02	2.552934852357007650e-02
7.256655320482924481e+02	4.362592836261295903e-01	2.373140057689868965e-01	9.153678326296993406e-02	1.002824940162330425e-01	9.234178453388083851e-02	1.948101758608313319e-02	2.566877460706968109e-02
7.305033022619478515e+02	4.355977022925338060e-01	2.371528318952394465e-01	9.185841002252506660e-02	1.003776030867731123e-01	9.245668373925131078e-02	1.963407306086308729e-02	2.580683930416731095e-02
7.353410724756030277e+02	4.349441739310724309e-01	2.369928030241375827e-01	9.217760265212576742e-02	1.004700051190180188e-01	9.256925537839021112e-02	1.978675486286877658e-02	2.594354843374034603e-02
7.401788426892584312e+02	4.342985721359720608e-01	2.368339140991771452e-01	9.249438759025588319e-02	1.005597614133823953e-01	9.267954271660761023e-02	1.993905744808985303e-02	2.607890799786814068e-02
7.450166129029136073e+02	4.336607729064702044e-01	2.366761598767315733e-01	9.280879091871049869e-02	1.006469319239731985e-01	9.278758816639176565e-02	2.009097543524409127e-02	2.621292417383176351e-02
7.498543831165690108e+02	4.330306545922881223e-01	2.365195349405317671e-01	9.312083836722383212e-02	1.007315752873207404e-01	9.289343330500828000e-02	2.024250360264163995e-02	2.634560330633872044e-02
7.546921533302243006e+02	4.324080978406454334e-01	2.363640337152446147e-01	9.343055531807868686e-02	1.008137488505643636e-01	9.299711889175164836e-02	2.039363688510099568e-02	2.647695189996736309e-02
7.595299235438793630e+02	4.317929855447576459e-01	2.362096504792072227e-01	9.373796681069422598e-02	1.008935086990982999e-01	9.309868488485388560e-02	2.054437037091604717e-02	2.660697661182572990e-02
7.643676937575347665e+02	4.311852027937620457e-01	2.360563793763698626e-01	9.404309754618929429e-02	1.009709096836831910e-01	9.319817045805532663e-02	2.069469929887357909e-02	2.673568424441977523e-02
7.692054639711900563e+02	4.305846368240190403e-01	2.359042144274973996e-01	9.434597189191856748e-02	1.010460054470292551e-01	9.329561401684229038e-02	2.084461905532060053e-02	2.686308173872592117e-02
7.740432341848452324e+02	4.299911769717397192e-01	2.357531495406760547e-01	9.464661388597903069e-02	1.011188484498576623e-01	9.339105321435681173e-02	2.099412517128080788e-02	2.698917616746302622e-02
7.788810043985006359e+02	4.294047146268915593e-01	2.356031785211686047e-01	9.494504724168476018e-02	1.011894899964461414e-01	9.348452496698345104e-02	2.114321331961959913e-02	2.711397472855899340e-02
7.837187746121558121e+02	4.288251431883374765e-01	2.354542950806592927e-01	9.524129535200798191e-02	1.012579802596658279e-01	9.357606546961841354e-02	2.129187931225692137e-02	2.723748473880721610e-02
7.885565448258112156e+02	4.282523580201644253e-01	2.353064928459263627e-01	9.553538129398443657e-02	1.013243683055162492e-01	9.366571021062596036e-02	2.144011909742738267e-02	2.735971362770829932e-02
7.933943150394665054e+02	4.276862564091610253e-01	2.351597653669780796e-01	9.582732783308170466e-02	1.013887021171653857e-01	9.375349398648753774e-02	2.158792875698688912e-02	2.748066893149249054e-02
7.982320852531219089e+02	4.271267375234046870e-01	2.350141061246854290e-01	9.611715742752886815e-02	1.014510286185018595e-01	9.383945091614857847e-02	2.173530450376524523e-02	2.760035828731839669e-02
8.030698554667769713e+02	4.265737023719206600e-01	2.348695085379433056e-01	9.640489223260620411e-02	1.015113936972068809e-01	9.392361445506834661e-02	2.188224267896403050e-02	2.771878942764360865e-02
8.079076256804323748e+02	4.260270537653774170e-01	2.347259659703886947e-01	9.669055410489386937e-02	1.015698422273529355e-01	9.400601740897801539e-02	2.202873974959909317e-02	2.783597017476297994e-02
8.127453958940876646e+02	4.254866962777839046e-01	2.345834717367041578e-01	9.697416460647845238e-02	1.016264180915369270e-01	9.408669194735205799e-02	2.217479230598706427e-02	2.795190843551042387e-02
8.175831661077428407e+02	4.249525362091562952e-01	2.344420191085316296e-01	9.725574500911651765e-02	1.016811642025550327e-01	9.416566961659821045e-02	2.232039705927520157e-02	2.806661219612011440e-02
8.224209363213982442e+02	4.244244815491224343e-01	2.343016013200208969e-01	9.753531629835433814e-02	1.017341225246270880e-01	9.424298135297114187e-02	2.246555083901398756e-02	2.818008951724308361e-02
8.272587065350534203e+02	4.239024419414346712e-01	2.341622115730352671e-01	9.781289917760324637e-02	1.017853340941776707e-01	9.431865749521489706e-02	2.261025059077180488e-02	2.829234852911536105e-02
8.320964767487085965e+02	4.233863286493619316e-01	2.340238430420351623e-01	9.808851407216986895e-02	1.018348390401818127e-01	9.439272779693924642e-02	2.275449337379106818e-02	2.840339742687378322e-02
8.369342469623640000e+02	4.228760545219334976e-01	2.338864888786600649e-01	9.836218113324077250e-02	1.018826766040825949e-01	9.446522143873491151e-02	2.289827635868522254e-02	2.851324446601575385e-02
8.417720171760191761e+02	4.223715339610086827e-01	2.337501422160265796e-01	9.863392024182124351e-02	1.019288851592883571e-01	9.453616704003267590e-02	2.304159682517595981e-02	2.862189795799930866e-02
8.466097873896745796e+02	4.218726828891465330e-01	2.336147961727602362e-01	9.890375101262779967e-02	1.019735022302568767e-01	9.460559267071139145e-02	2.318445215987004204e-02	2.872936626597988319e-02
8.514475576033297557e+02	4.213794187182519635e-01	2.334804438567774643e-01	9.917169279793411341e-02	1.020165645111741209e-01	9.467352586245962598e-02	2.332683985407514593e-02	2.883565780068031437e-02
8.562853278169851592e+02	4.208916603189741812e-01	2.333470783688325612e-01	9.943776469137019514e-02	1.020581078842349998e-01	9.473999361989596246e-02	2.346875750165411736e-02	2.894078101639064454e-02
8.611230980306403353e+02	4.204093279908363012e-01	2.332146928058442814e-01	9.970198553167482214e-02	1.020981674375333603e-01	9.480502243145248753e-02	2.361020279691703611e-02	2.904474440709439720e-02
8.659608682442956251e+02	4.199323434330733407e-01	2.330832802640147583e-01	9.996437390640086629e-02	1.021367774825686636e-01	9.486863828002650711e-02	2.375117353255050065e-02	2.914755650271804929e-02
8.707986384579510286e+02	4.194606297161589947e-01	2.329528338417541644e-01	1.002249481555739091e-01	1.021739715713767122e-01	9.493086665340479124e-02	2.389166759758355740e-02	2.924922586550050829e-02
8.756364086716062047e+02	4.189941112540009893e-01	2.328233466424220466e-01	1.004837263753037696e-01	1.022097825132913529e-01	9.499173255446521913e-02	2.403168297538970516e-02	2.934976108647950610e-02
8.804741788852616082e+02	4.185327137767856365e-01	2.326948117768967705e-01	1.007407264213492637e-01	1.022442423913444837e-01	9.505126051116023767e-02	2.417121774172439549e-02	2.944917078209182554e-02
8.853119490989170117e+02	4.180763643044536071e-01	2.325672223659831228e-01	1.009959659126361819e-01	1.022773825783114404e-01	9.510947458628643547e-02	2.431027006279743233e-02	2.954746359088442076e-02
8.901497193125721878e+02	4.176249911207892129e-01	2.324405715426678121e-01	1.012494622347288042e-01	1.023092337524084822e-01	9.516639838704500642e-02	2.444883819337979533e-02	2.964464817033348951e-02
8.949874895262273640e+02	4.171785237481059894e-01	2.323148524542321403e-01	1.015012325432548684e-01	1.023398259126496040e-01	9.522205507439704397e-02	2.458692047494424882e-02	2.974073319376869390e-02
8.998252597398827675e+02	4.167368929225119811e-01	2.321900582642297817e-01	1.017512937672845758e-01	1.023691883938691316e-01	9.527646737221810713e-02	2.472451533383925731e-02	2.983572734739974031e-02
9.046630299535379436e+02	4.163000305697392434e-01	2.320661821543383019e-01	1.019996626126634942e-01	1.023973498814170074e-01	9.532965757625626313e-02	2.486162127949561110e-02	2.992963932744261910e-02
9.095008001671932334e+02	4.158678697815220149e-01	2.319432173260914942e-01	1.022463555652999012e-01	1.024243384255333900e-01	9.538164756289757573e-02	2.499823690266530368e-02	3.002247783734284664e-02
9.143385703808486369e+02	4.154403447925090198e-01	2.318211570024993340e-01	1.024913888944067319e-01	1.024501814554088508e-01	9.543245879774327201e-02	2.513436087369206456e-02	3.011425158509315608e-02
9.191763405945038130e+02	4.150173909576953535e-01	2.316999944295629332e-01	1.027347786556986331e-01	1.024749057929369295e-01	9.548211234400234837e-02	2.526999194081309269e-02	3.020496928064309375e-02
9.240141108081592165e+02	4.145989447303602971e-01	2.315797228776895755e-01	1.029765406945440664e-01	1.024985376661650682e-01	9.553062887070383480e-02	2.540512892849141474e-02	3.029463963339807178e-02
9.288518810218145063e+02	4.141849436404980156e-01	2.314603356430145753e-01	1.032166906490734060e-01	1.025211027224503108e-01	9.557802866073214498e-02	2.553977073577844842e-02	3.038327134980548655e-02
9.336896512354697961e+02	4.137753262737275950e-01	2.313418260486347633e-01	1.034552439532428203e-01	1.025426260413258711e-01	9.562433161868960640e-02	2.567391633470618439e-02	3.047087313102555053e-02
9.385274214491247449e+02	4.133700322506712599e-01	2.312241874457591495e-01	1.036922158398546484e-01	1.025631321470844848e-01	9.566955727858976466e-02	2.580756476870857061e-02	3.055745367068453053e-02
9.433651916627801484e+02	4.129690022067868949e-01	2.311074132147812599e-01	1.039276213435346985e-01	1.025826450210847313e-01	9.571372481138498700e-02	2.594071515107157846e-02	3.064302165270820985e-02
9.482029618764355519e+02	4.125721777726452655e-01	2.309914967662776986e-01	1.041614753036666924e-01	1.026011881137857407e-01	9.575685303233213985e-02	2.607336666341147219e-02	3.072758574923336802e-02
9.530407320900908417e+02	4.121795015546387275e-01	2.308764315419372382e-01	1.043937923672844242e-01	1.026187843565164876e-01	9.579896040819957381e-02	2.620551855418084414e-02	3.081115461859513377e-02
9.578785023037459041e+02	4.117909171161119875e-01	2.307622110154244621e-01	1.046245869919219529e-01	1.026354561729848069e-01	9.584006506431913541e-02	2.633717013720192346e-02	3.089373690338818174e-02
9.627162725174014213e+02	4.114063689589037009e-01	2.306488286931815124e-01	1.048538734484224383e-01	1.026512254905321275e-01	9.588018479148618933e-02	2.646832079022669315e-02	3.097534122859972941e-02
9.675540427310568248e+02	4.110258025052887509e-01	2.305362781151716611e-01	1.050816658237058721e-01	1.026661137511389460e-01	9.591933705271138422e-02	2.659896995352341309e-02	3.105597619981233931e-02
9.723918129447120009e+02	4.106491640803109355e-01	2.304245528555678157e-01	1.053079780234962431e-01	1.026801419221866629e-01	9.595753898982700703e-02	2.672911712848906329e-02	3.113565040147466337e-02
9.772295831583674044e+02	4.102764008944971286e-01	2.303136465233891206e-01	1.055328237750086384e-01	1.026933305069807761e-01	9.599480742995128435e-02	2.685876187628728415e-02	3.121437239523817270e-02
9.820673533720223531e+02	4.099074610269430319e-01	2.302035527630887923e-01	1.057562166295966805e-01	1.027056995550407331e-01	9.603115889181368381e-02	2.698790381651140075e-02	3.129215071835810685e-02
9.869051235856777566e+02	4.095422934087615818e-01	2.300942652550954648e-01	1.059781699653608439e-01	1.027172686721613826e-01	9.606660959194429639e-02	2.711654262587206293e-02	3.136899388215682455e-02
9.917428937993331601e+02	4.091808478068851840e-01	2.299857777163111794e-01	1.061986969897179139e-01	1.027280570302510077e-01	9.610117545073017242e-02	2.724467803690915069e-02	3.144491037054782112e-02
9.965806640129884499e+02	4.088230748082136157e-01	2.298780839005679089e-01	1.064178107419323227e-01	1.027380833769507285e-01	9.613487209834165048e-02	2.737230983672745560e-02	3.151990863861872660e-02
