0.000000000000000000e+00	9.895299098879291044e-01	1.223296339899853156e-37	8.715708754068365871e-03	4.441497078302900525e-29	3.371564199393028202e-03	1.164374145704328732e-03	3.368502230405717528e-31
4.837770213655283591e+00	9.708667760617509801e-01	1.777358470931394985e-02	8.677617874540959064e-03	8.034468165992928292e-05	4.183836794949626764e-03	1.186784282772264778e-03	1.261258210716299090e-05
9.675540427310567182e+00	9.530990502512869389e-01	3.436528862917825194e-02	8.716124988747199140e-03	3.119398150977792123e-04	5.052047800270084189e-03	1.208951252646281276e-03	2.815424986835991171e-05
1.451331064096584811e+01	9.361741477221329211e-01	4.985220251588231427e-02	8.825376589367715449e-03	6.813826710103063631e-04	5.970227827003768244e-03	1.231176064527257294e-03	4.704359717061398728e-05
1.935108085462113081e+01	9.200427947044764743e-01	6.430639408043617444e-02	8.999913022297974241e-03	1.176223894157160752e-03	6.932848999756679488e-03	1.253733510383263361e-03	6.964877558734416658e-05
2.418885106827641707e+01	9.046588150416075003e-01	7.779523540635573109e-02	9.234642622695736491e-03	1.784903542701822944e-03	7.934794940501043586e-03	1.276873995842597604e-03	9.629143739054532201e-05
2.902662128193169622e+01	8.899789306939577260e-01	9.038170901984642069e-02	9.524817540233423627e-03	2.496691339156266540e-03	8.971332739585523297e-03	1.300825249634096842e-03	1.272504046815948781e-04
3.386439149558698603e+01	8.759625751964369433e-01	1.021246940043999823e-01	9.866011143367107300e-03	3.301630857356607426e-03	1.003808678309359159e-02	1.325793919527831939e-03	1.627650829130558065e-04
3.870216170924226162e+01	8.625717192256495691e-01	1.130792334610461608e-01	1.025409689961968504e-02	4.190487387888785012e-03	1.113101431480843090e-02	1.351967062210168366e-03	2.030386358723303521e-04
4.353993192289755143e+01	8.497707074885381129e-01	1.232967845306474075e-01	1.068522863559300158e-02	5.154699241201339717e-03	1.224638261899828849e-02	1.379513534041900509e-03	2.482409380750920467e-04
4.837770213655283413e+01	8.375261061953908071e-01	1.328254521153043322e-01	1.115582208670291495e-02	6.186332263363193348e-03	1.338074771767240601e-02	1.408585289194556498e-03	2.985113194669586400e-04
5.321547235020811684e+01	8.258065604281871197e-01	1.417102073617919900e-01	1.166253765250100868e-02	7.278037354119477886e-03	1.453093448290867021e-02	1.439318591235935405e-03	3.539611163510651432e-04
5.805324256386339954e+01	8.145826607601588387e-01	1.499930919006343122e-01	1.220226427893359063e-02	8.423010790634923722e-03	1.569401807135141838e-02	1.471835143839567974e-03	4.146760415425758016e-04
6.289101277751868224e+01	8.038268185244232811e-01	1.577134087696318021e-01	1.277210439401775532e-02	9.614957173154484171e-03	1.686730659405106386e-02	1.506243145922278592e-03	4.807183858945422738e-04
6.772878299117397205e+01	7.935131491687823502e-01	1.649079008900897758e-01	1.336935982820898310e-02	1.084805482081334024e-02	1.804832494049406905e-02	1.542638276167672320e-03	5.521290625389564883e-04
7.256655320482924765e+01	7.836173631704677067e-01	1.716109179073766755e-01	1.399151865521668786e-02	1.211692345704773986e-02	1.923479968097800696e-02	1.581104611569615322e-03	6.289295044387008477e-04
7.740432341848452324e+01	7.741166640188986703e-01	1.778545721545166658e-01	1.463624289321388897e-02	1.341659403454538955e-02	2.042464497644647103e-02	1.621715484327140811e-03	7.111234251469391665e-04
8.224209363213981305e+01	7.649896528065773804e-01	1.836688844480459659e-01	1.530135701030363969e-02	1.474248055947711272e-02	2.161594942953463244e-02	1.664534281139313935e-03	7.986984520171249314e-04
8.707986384579510286e+01	7.562162389982101107e-01	1.890819203791143099e-01	1.598483718176598595e-02	1.609035378391477852e-02	2.280696381490979543e-02	1.709615188684144964e-03	8.916276404962293839e-04
9.191763405945040688e+01	7.477775569761540009e-01	1.941199177195804815e-01	1.668480125003153625e-02	1.745631664390590032e-02	2.399608963104179690e-02	1.757003888818455288e-03	9.898708775632300994e-04
9.675540427310566827e+01	7.396558879864777447e-01	1.988074055224385017e-01	1.739949934152694097e-02	1.883678132868171068e-02	2.518186841932428324e-02	1.806738206804525118e-03	1.093376181841717969e-03
1.015931744867609581e+02	7.318345871343979736e-01	2.031673154581324081e-01	1.812730509752811386e-02	2.022844787395950555e-02	2.636297180000673687e-02	1.858848715653367914e-03	1.202080907417255821e-03
1.064309447004162337e+02	7.242980151007413214e-01	2.072210858930038369e-01	1.886670747895250952e-02	2.162828417929555866e-02	2.753819217770502731e-02	1.913359299472568598e-03	1.315912857924552825e-03
1.112687149140715235e+02	7.170314742724683832e-01	2.109887591831055287e-01	1.961630310763515239e-02	2.303350735598392457e-02	2.870643407235004205e-02	1.970287678517899238e-03	1.434791317034483232e-03
1.161064851277267991e+02	7.100211490002966697e-01	2.144890726257543401e-01	2.037478910907573187e-02	2.444156631810874211e-02	2.986670603432394280e-02	2.029645898471503854e-03	1.558628001064481456e-03
1.209442553413820747e+02	7.032540497151497094e-01	2.177395434823519715e-01	2.114095642392775296e-02	2.585012553507089195e-02	3.101811310523468895e-02	2.091440786304545312e-03	1.687327939056010870e-03
1.257820255550373645e+02	6.967179606526340274e-01	2.207565484590355565e-01	2.191368355763526760e-02	2.725704986925029868e-02	3.215984978830441904e-02	2.155674374928047594e-03	1.820790285307900434e-03
1.306197957686926259e+02	6.904013909510851033e-01	2.235553980065139446e-01	2.269193073961811580e-02	2.866039042745704979e-02	3.329119349470695960e-02	2.222344298691593389e-03	1.958909069022742380e-03
1.354575659823479441e+02	6.842935289039870916e-01	2.261504057768818632e-01	2.347473446527194307e-02	3.005837135949045863e-02	3.441149843439564315e-02	2.291444161654834603e-03	2.101573885413710041e-03
1.402953361960032339e+02	6.783841991618537737e-01	2.285549535531777587e-01	2.426120239579278651e-02	3.144937754148658532e-02	3.552018992202406883e-02	2.362963880430881455e-03	2.248670532329676355e-03
1.451331064096584669e+02	6.726638226919982033e-01	2.307815519468612020e-01	2.505050859246610306e-02	3.283194308581149912e-02	3.661675907048956430e-02	2.436890003282953052e-03	2.400081596186058510e-03
1.499708766233137851e+02	6.671233793170945336e-01	2.328418971391375825e-01	2.584188906358363472e-02	3.420474062306807367e-02	3.770075784643005939e-02	2.513206007045661397e-03	2.555686990736128709e-03
1.548086468369690749e+02	6.617543726650986224e-01	2.347469239240660421e-01	2.663463760357582047e-02	3.556657130534585792e-02	3.877179446368841931e-02	2.591892573339480647e-03	2.715364451981467069e-03
1.596464170506243647e+02	6.565487973739947414e-01	2.365068552945666647e-01	2.742810190527894543e-02	3.691635548317295096e-02	3.982952909233181821e-02	2.672927845450834630e-03	2.878989992299693136e-03
1.644841872642796261e+02	6.514991084050266723e-01	2.381312487967219838e-01	2.822167992750066259e-02	3.825312401174036508e-02	4.087366986228405108e-02	2.756287667160398601e-03	3.046438316661584812e-03
1.693219574779349159e+02	6.465981923275988530e-01	2.396290398630686325e-01	2.901481650121103331e-02	3.957601014487839575e-02	4.190396914200333195e-02	2.841945804718221981e-03	3.217583203617228101e-03
1.741597276915902057e+02	6.418393404479413311e-01	2.410085823218383327e-01	2.980700015877374084e-02	4.088424197798284920e-02	4.292022007392252980e-02	2.929874153085792587e-03	3.392297853551051734e-03
1.789974979052454671e+02	6.372162236619536291e-01	2.422776862662635589e-01	3.059776017164880790e-02	4.217713540363056401e-02	4.392225334956958299e-02	3.020042927491784889e-03	3.570455206537660828e-03
1.838352681189008138e+02	6.327228689204302814e-01	2.434436534560576737e-01	3.138666378294833331e-02	4.345408754599840856e-02	4.490993420840781042e-02	3.112420841279641293e-03	3.751928231973496695e-03
1.886730383325560467e+02	6.283536372021438776e-01	2.445133104119573686e-01	3.217331362211533347e-02	4.471457064242046614e-02	4.588315964548470016e-02	3.206975270961049101e-03	3.936590192012837282e-03
1.935108085462113081e+02	6.241032028970652235e-01	2.454930393537246291e-01	3.295734528982595390e-02	4.595812634249280687e-02	4.684185581395778480e-02	3.303672409329435049e-03	4.124314880699785253e-03
1.983485787598666263e+02	6.199665345083564816e-01	2.463888071221980725e-01	3.373842510199184103e-02	4.718436039707502722e-02	4.778597560948245893e-02	3.402477407431591609e-03	4.314976840560051999e-03
2.031863489735219162e+02	6.159388765877201743e-01	2.472061922168174164e-01	3.451624798246481080e-02	4.839293771135043387e-02	4.871549642430259702e-02	3.503354506143212602e-03	4.508451558296996432e-03
2.080241191871772060e+02	6.120157328242404882e-01	2.479504100714746417e-01	3.529053549472458556e-02	4.958357773780102534e-02	4.963041805968497477e-02	3.606267158045158797e-03	4.704615641124838647e-03
2.128618894008324673e+02	6.081928502120532709e-01	2.486263366835351485e-01	3.606103400346412358e-02	5.075605018653733813e-02	5.053076078608634975e-02	3.711178140251554600e-03	4.903346975167892884e-03
2.176996596144877287e+02	6.044662042270312341e-01	2.492385307033847808e-01	3.682751295758019544e-02	5.191017103190314480e-02	5.141656354114087363e-02	3.818049658798049976e-03	5.104524867257404820e-03
2.225374298281430470e+02	6.008319849472157914e-01	2.497912540848568619e-01	3.758976328663045374e-02	5.304579879565854417e-02	5.228788225620852048e-02	3.926843445158639291e-03	5.308030171366798396e-03
2.273752000417983652e+02	5.972865840559693495e-01	2.502884913903523634e-01	3.834759590333668144e-02	5.416283108833808840e-02	5.314478830283581728e-02	4.037520845422052848e-03	5.513745400841351015e-03
2.322129702554535982e+02	5.938265826707886941e-01	2.507339678383472270e-01	3.910084030519766357e-02	5.526120139158893080e-02	5.398736705105024181e-02	4.150042902623865895e-03	5.721554827499182247e-03
2.370507404691088880e+02	5.904487399444323659e-01	2.511311661752645974e-01	3.984934326872801441e-02	5.634087606542363680e-02	5.481571653194295540e-02	4.264370432697795962e-03	5.931344568606507217e-03
2.418885106827641494e+02	5.871499823884785974e-01	2.514833424483443047e-01	4.059296763026215560e-02	5.740185156537790101e-02	5.562994619749257741e-02	4.380464094479203686e-03	6.143002662661140208e-03
2.467262808964194392e+02	5.839273938726757818e-01	2.517935407511446289e-01	4.133159114765825454e-02	5.844415185555001252e-02	5.643017577104818966e-02	4.498284454165273061e-03	6.356419134853808113e-03
2.515640511100747290e+02	5.807782062564751380e-01	2.520646070086419166e-01	4.206510543760654669e-02	5.946782600442115235e-02	5.721653418232476584e-02	4.617792044609736815e-03	6.571486053016707858e-03
2.564018213237300188e+02	5.776997906119711867e-01	2.522992018645268120e-01	4.279341498359211238e-02	6.047294595121721628e-02	5.798915858117088123e-02	4.738947419805081621e-03	6.788097574812637473e-03
2.612395915373852517e+02	5.746896490001224267e-01	2.524998127292141237e-01	4.351643620988515648e-02	6.145960443137857970e-02	5.874819342474809497e-02	4.861711204881927727e-03	7.006149986865622785e-03
2.660773617510405415e+02	5.717454067646013938e-01	2.526687650432687948e-01	4.423409661723386177e-02	6.242791305045662653e-02	5.949378963311664770e-02	4.986044141933491242e-03	7.225541736485099724e-03
2.709151319646958882e+02	5.688648053099388813e-01	2.528082328073837926e-01	4.494633397621711907e-02	6.337800049645971046e-02	6.022610380855363682e-02	5.111907131952738402e-03	7.446173456590073417e-03
2.757529021783511780e+02	5.660456953327902552e-01	2.529202484267112361e-01	4.565309557447841393e-02	6.431001088132831667e-02	6.094529751423983371e-02	5.239261273150825141e-03	7.667947984397112914e-03
2.805906723920064678e+02	5.632860304771764026e-01	2.530067119142322962e-01	4.635433751430859117e-02	6.522410220283403337e-02	6.165153660824075621e-02	5.368067895907662097e-03	7.890770374396303966e-03
2.854284426056617008e+02	5.605838613864426723e-01	2.530693994949371195e-01	4.705002405727608250e-02	6.612044491877071273e-02	6.234499062897831678e-02	5.498288594588856930e-03	8.114547906102232908e-03
2.902662128193169337e+02	5.579373301264480833e-01	2.531099716498639851e-01	4.774012701281848958e-02	6.699922062584315330e-02	6.302583222864220625e-02	5.629885256447752194e-03	8.339190087032502530e-03
2.951039830329722804e+02	5.553446649561484261e-01	2.531299806364998295e-01	4.842462516791094101e-02	6.786062083615994334e-02	6.369423665122622702e-02	5.762820087816822485e-03	8.564608651333998485e-03
2.999417532466276270e+02	5.528041754232883020e-01	2.531308775196651206e-01	4.910350375511512988e-02	6.870484584470584744e-02	6.435038125209564808e-02	5.897055637779108177e-03	8.790717554447085441e-03
3.047795234602828600e+02	5.503142477643536701e-01	2.531140187447817880e-01	4.977675395648872153e-02	6.953210368160687993e-02	6.499444505619769719e-02	6.032554819497731695e-03	9.017432964169824414e-03
3.096172936739380930e+02	5.478733405892955988e-01	2.530806722833423006e-01	5.044437244099960610e-02	7.034260914341065873e-02	6.562660835222022815e-02	6.169280929369693259e-03	9.244673248458132667e-03
3.144550638875934396e+02	5.454799808327950306e-01	2.530320233784553174e-01	5.110636093324329859e-02	7.113658289798681367e-02	6.624705232018320011e-02	6.307197664159108416e-03	9.472358960273451201e-03
3.192928341012487294e+02	5.431327599550188623e-01	2.529691799165246779e-01	5.176272581140539675e-02	7.191425065800990946e-02	6.685595869011602688e-02	6.446269136254689086e-03	9.700412819766685360e-03
3.241306043149040192e+02	5.408303303759245395e-01	2.528931774494216911e-01	5.241347773254566300e-02	7.267584241832079905e-02	6.745350942963079799e-02	6.586459887186649036e-03	9.928759694066032621e-03
3.289683745285592522e+02	5.385714021282008712e-01	2.528049838899206758e-01	5.305863128340585627e-02	7.342159175277487848e-02	6.803988645834822824e-02	6.727734899529165535e-03	1.015732657491650107e-02
3.338061447422145420e+02	5.363547397148971108e-01	2.527055039016848359e-01	5.369820465506078278e-02	7.415173516647675933e-02	6.861527138727005481e-02	6.870059607306114660e-03	1.038604255440054094e-02
3.386439149558698318e+02	5.341791591586977361e-01	2.525955830037009964e-01	5.433221933984209301e-02	7.486651149957367080e-02	6.917984528131990163e-02	7.013399905009915988e-03	1.061483879895202403e-02
3.434816851695251216e+02	5.320435252306403573e-01	2.524760114077653217e-01	5.496069984906667288e-02	7.556616137903424124e-02	6.973378844339396532e-02	7.157722155335962018e-03	1.084364852185984093e-02
3.483194553831804114e+02	5.299467488468670995e-01	2.523475276064086614e-01	5.558367345019771949e-02	7.625092671507735509e-02	7.027728021837488515e-02	7.302993195728225105e-03	1.107240695444244513e-02
3.531572255968357013e+02	5.278877846227324477e-01	2.522108217275181308e-01	5.620116992215601348e-02	7.692105023913749229e-02	7.081049881566618687e-02	7.449180343825217120e-03	1.130105131606083842e-02
3.579949958104909342e+02	5.258656285742859815e-01	2.520665386708496603e-01	5.681322132758290233e-02	7.757677508046138815e-02	7.133362114890233474e-02	7.596251401889475736e-03	1.152952078312459439e-02
3.628327660241463377e+02	5.238793159577872505e-01	2.519152810406383169e-01	5.741986180093480718e-02	7.821834437862390521e-02	7.184682269158053358e-02	7.744174660298122105e-03	1.175775645723338945e-02
3.676705362378016275e+02	5.219279192385185562e-01	2.517576118875852198e-01	5.802112735136227134e-02	7.884600092943298832e-02	7.235027734744510497e-02	7.892918900166818325e-03	1.198570133258544668e-02
3.725083064514568036e+02	5.200105461807198459e-01	2.515940572726357294e-01	5.861705567939515249e-02	7.945998686186243887e-02	7.284415733453497577e-02	8.042453395174542150e-03	1.221330026277375747e-02
3.773460766651120935e+02	5.181263380510022776e-01	2.514251086641532407e-01	5.920768600651943325e-02	8.006054334380940940e-02	7.332863308187871632e-02	8.192747912652016684e-03	1.244049992708133774e-02
3.821838468787673833e+02	5.162744679280851789e-01	2.512512251793376228e-01	5.979305891679105589e-02	8.064791031462163751e-02	7.380387313789096848e-02	8.343772713992395756e-03	1.266724879637769891e-02
3.870216170924226162e+02	5.144541391121641993e-01	2.510728356800297489e-01	6.037321620968806590e-02	8.122232624247693877e-02	7.427004408958857995e-02	8.495498554438743813e-03	1.289349709871035442e-02
3.918593873060780197e+02	5.126645836276513268e-01	2.508903407323823109e-01	6.094820076345454363e-02	8.178402790482683371e-02	7.472731049180512952e-02	8.647896682299205384e-03	1.311919678467735918e-02
3.966971575197332527e+02	5.109050608134253491e-01	2.507041144392600507e-01	6.151805640823888865e-02	8.233325019023644831e-02	7.517583480563908016e-02	8.800938837637205595e-03	1.334430149265967112e-02
4.015349277333884856e+02	5.091748559951132513e-01	2.505145061536546147e-01	6.208282780837445086e-02	8.287022592006522415e-02	7.561577734542304641e-02	8.954597250480809609e-03	1.356876651398532599e-02
4.063726979470438323e+02	5.074732792342719900e-01	2.503218420808585032e-01	6.264256035319329396e-02	8.339518568853827862e-02	7.604729623355110935e-02	9.108844638592322740e-03	1.379254875809119742e-02
4.112104681606991221e+02	5.057996641496720347e-01	2.501264267766393212e-01	6.319730005580388721e-02	8.390835771985614977e-02	7.647054736254667306e-02	9.263654204836354114e-03	1.401560671774231687e-02
4.160482383743544119e+02	5.041533668061890516e-01	2.499285445481828905e-01	6.374709345930064386e-02	8.440996774108253109e-02	7.688568436379637772e-02	9.418999634181954295e-03	1.423790043436324107e-02
4.208860085880095880e+02	5.025337646671029779e-01	2.497284607641321319e-01	6.429198754990815556e-02	8.490023886963496413e-02	7.729285858241542739e-02	9.574855090371920188e-03	1.445939146353109571e-02
4.257237788016648778e+02	5.009402556058674127e-01	2.495264230796379046e-01	6.483202967659569549e-02	8.537939151428369788e-02	7.769221905774686965e-02	9.731195212290093266e-03	1.468004284067510844e-02
4.305615490153201677e+02	4.993722569736689376e-01	2.493226625819510711e-01	6.536726747672780280e-02	8.584764328863825344e-02	7.808391250903219671e-02	9.887995110055267101e-03	1.489981904702325499e-02
4.353993192289755143e+02	4.978292047193302872e-01	2.491173948617255163e-01	6.589774880734550200e-02	8.630520893617110723e-02	7.846808332582336232e-02	1.004523036086837039e-02	1.511868597583262107e-02
4.402370894426308041e+02	4.963105525583297317e-01	2.489108210148649192e-01	6.642352168169893267e-02	8.675230026589311749e-02	7.884487356273613134e-02	1.020287700463761923e-02	1.533661089893632173e-02
4.450748596562860939e+02	4.948157711879180298e-01	2.487031285794309987e-01	6.694463421067760323e-02	8.718912609785570145e-02	7.921442293817325397e-02	1.036091153940470189e-02	1.555356243363647389e-02
4.499126298699413837e+02	4.933443475455056570e-01	2.484944924118369647e-01	6.746113454880715843e-02	8.761589221771201585e-02	7.957686883667228206e-02	1.051931091659327917e-02	1.576951050996949072e-02
4.547504000835967304e+02	4.918957841076725956e-01	2.482850755062744330e-01	6.797307084450371351e-02	8.803280133962199105e-02	7.993234631455735373e-02	1.067805253609966157e-02	1.598442633836705262e-02
4.595881702972519065e+02	4.904695982273244437e-01	2.480750297610652133e-01	6.848049119429688858e-02	8.844005307683558414e-02	8.028098810859725376e-02	1.083711424124405263e-02	1.619828237773336330e-02
4.644259405109071963e+02	4.890653215066718684e-01	2.478644966953885143e-01	6.898344360075188419e-02	8.883784391933494118e-02	8.062292464739340137e-02	1.099647431359939212e-02	1.641105230395686551e-02
4.692637107245624861e+02	4.876824992038624185e-01	2.476536081196096806e-01	6.948197593383827197e-02	8.922636721795915160e-02	8.095828406524159526e-02	1.115611146771365234e-02	1.662271097887216970e-02
4.741014809382177759e+02	4.863206896712292115e-01	2.474424867622263269e-01	6.997613589551036906e-02	8.960581317447544047e-02	8.128719221822947039e-02	1.131600484574020633e-02	1.683323441968587533e-02
4.789392511518730657e+02	4.849794638232509114e-01	2.472312468562513632e-01	7.046597098727899744e-02	8.997636883709819733e-02	8.160977270234953673e-02	1.147613401198986118e-02	1.704259976887802924e-02
4.837770213655284124e+02	4.836584046324368669e-01	2.470199946876686370e-01	7.095152848056933415e-02	9.033821810099242067e-02	8.192614687342350543e-02	1.163647894741710702e-02	1.725078526458901848e-02
4.886147915791837022e+02	4.823571066514670824e-01	2.468088291084256092e-01	7.143285538967282522e-02	9.069154171333053405e-02	8.223643386864852578e-02	1.179702004405220293e-02	1.745777021150017594e-02
4.934525617928388783e+02	4.810751755600189417e-01	2.465978420162664442e-01	7.190999844711402911e-02	9.103651728250253261e-02	8.254075062959048692e-02	1.195773809938983044e-02	1.766353495221473224e-02
4.982903320064942250e+02	4.798122277348145781e-01	2.463871188035595405e-01	7.238300408126478735e-02	9.137331929110720230e-02	8.283921192646227782e-02	1.211861431074425302e-02	1.786806083914437362e-02
5.031281022201495148e+02	4.785678898415123839e-01	2.461767387771329751e-01	7.285191839604968078e-02	9.170211911237935443e-02	8.313193038353709763e-02	1.227963026958009927e-02	1.807133020690536093e-02
5.079658724338048046e+02	4.773417984471555742e-01	2.459667755510001330e-01	7.331678715259648538e-02	9.202308502973224891e-02	8.341901650555831604e-02	1.244076795582724736e-02	1.827332634522698535e-02
5.128036426474600376e+02	4.761335996519686642e-01	2.457572974137353372e-01	7.377765575269526477e-02	9.233638225911793007e-02	8.370057870501819430e-02	1.260200973218756834e-02	1.847403347237402613e-02
5.176414128611153274e+02	4.749429487393716509e-01	2.455483676721451070e-01	7.423456922393902035e-02	9.264217297392944583e-02	8.397672333018718627e-02	1.276333833844068427e-02	1.867343670908390429e-02
5.224791830747705035e+02	4.737695098431496943e-01	2.453400449727729526e-01	7.468757220642673056e-02	9.294061633218894669e-02	8.424755469378511497e-02	1.292473688575532069e-02	1.887152205301829630e-02
5.273169532884259070e+02	4.726129556307840929e-01	2.451323836026759184e-01	7.513670894091806218e-02	9.323186850578481233e-02	8.451317510219380491e-02	1.308618885101230610e-02	1.906827635372815646e-02
5.321547235020811968e+02	4.714729670020122998e-01	2.449254337708172968e-01	7.558202325833583701e-02	9.351608271153785679e-02	8.477368488511884126e-02	1.324767807114475039e-02	1.926368728813031977e-02
5.369924937157364866e+02	4.703492328017421786e-01	2.447192418713327877e-01	7.602355857051967813e-02	9.379340924389338585e-02	8.502918242561549600e-02	1.340918873750046592e-02	1.945774333649322174e-02
5.418302639293917764e+02	4.692414495465002666e-01	2.445138507298449670e-01	7.646135786214053320e-02	9.406399550905091000e-02	8.527976419040066147e-02	1.357070539023129407e-02	1.965043375892859545e-02
5.466680341430470662e+02	4.681493211636451601e-01	2.443092998339249922e-01	7.689546368369179485e-02	9.432798606035718014e-02	8.552552476037911244e-02	1.373221291271354769e-02	1.984174857238545781e-02
5.515058043567023560e+02	4.670725587426238778e-01	2.441056255487291937e-01	7.732591814547817854e-02	9.458552263480196620e-02	8.576655686131838541e-02	1.389369652600345138e-02	2.003167852814223202e-02
5.563435745703576458e+02	4.660108802975946873e-01	2.439028613187700922e-01	7.775276291252930516e-02	9.483674419046776716e-02	8.600295139461201777e-02	1.405514178333106337e-02	2.022021508979234689e-02
5.611813447840129356e+02	4.649640105407807922e-01	2.437010378567209812e-01	7.817603920036909904e-02	9.508178694479617332e-02	8.623479746807610757e-02	1.421653456463587914e-02	2.040735041171826830e-02
5.660191149976681118e+02	4.639316806659584680e-01	2.435001833200927668e-01	7.859578777157724683e-02	9.532078441354446818e-02	8.646218242672881749e-02	1.437786107114699501e-02	2.059307731804859223e-02
5.708568852113234016e+02	4.629136281415199283e-01	2.433003234765684086e-01	7.901204893308329258e-02	9.555386745031579920e-02	8.668519188350708171e-02	1.453910782001040930e-02	2.077738928209238445e-02
5.756946554249786914e+02	4.619095965125858960e-01	2.431014818587291793e-01	7.942486253413738595e-02	9.578116428655547576e-02	8.690390974987868833e-02	1.470026163896582042e-02	2.096028040624486541e-02
5.805324256386339812e+02	4.609193352116736087e-01	2.429036799088583332e-01	7.983426796490600275e-02	9.600280057191447336e-02	8.711841826631185060e-02	1.486130966107500340e-02	2.114174540235808086e-02
5.853701958522892710e+02	4.599425993774574617e-01	2.427069371144645327e-01	8.024030415564428753e-02	9.621889941488949438e-02	8.732879803256780871e-02	1.502223931950362468e-02	2.132177957257012230e-02
5.902079660659445608e+02	4.589791496811868043e-01	2.425112711351245787e-01	8.064300957639992939e-02	9.642958142365612439e-02	8.753512803778557005e-02	1.518303834235816552e-02	2.150037879058622550e-02
5.950457362795999643e+02	4.580287521603515488e-01	2.423166979212063588e-01	8.104242223720618810e-02	9.663496474701849248e-02	8.773748569033053279e-02	1.534369474757939916e-02	2.167753948340489858e-02
5.998835064932552541e+02	4.570911780592117890e-01	2.421232318249967597e-01	8.143857968872543485e-02	9.683516511540563032e-02	8.793594684738201273e-02	1.550419683789371061e-02	2.185325861348212315e-02
6.047212767069104302e+02	4.561662036758295513e-01	2.419308857047247907e-01	8.183151902330607075e-02	9.703029588185022036e-02	8.813058584423691388e-02	1.566453319582338660e-02	2.202753366132655446e-02
6.095590469205657200e+02	4.552536102152634490e-01	2.417396710219387179e-01	8.222127687641923866e-02	9.722046806289144638e-02	8.832147552330933682e-02	1.582469267875679514e-02	2.220036260851852850e-02
6.143968171342210098e+02	4.543531836486066622e-01	2.415495979326656717e-01	8.260788942844335403e-02	9.740579037934837814e-02	8.850868726280854137e-02	1.598466441407931510e-02	2.237174392114566965e-02
6.192345873478761860e+02	4.534647145775677068e-01	2.413606753727549903e-01	8.299139240676688123e-02	9.758636929691563711e-02	8.869229100507894370e-02	1.614443779436565071e-02	2.254167653364775800e-02
6.240723575615315895e+02	4.525879981043119393e-01	2.411729111377801382e-01	8.337182108818207149e-02	9.776230906653705921e-02	8.887235528458864442e-02	1.630400247263415203e-02	2.271015983306354930e-02
6.289101277751868793e+02	4.517228337062969556e-01	2.409863119578498358e-01	8.374921030154375279e-02	9.793371176451738658e-02	8.904894725555401180e-02	1.646334835766349869e-02	2.287719364367221675e-02
6.337478979888421691e+02	4.508690251158521400e-01	2.408008835676559156e-01	8.412359443066949605e-02	9.810067733233603093e-02	8.922213271918999489e-02	1.662246560937218065e-02	2.304277821202197277e-02
6.385856682024975726e+02	4.500263802042669403e-01	2.406166307720651876e-01	8.449500741745885612e-02	9.826330361613012931e-02	8.939197615057709045e-02	1.678134463426093556e-02	2.320691419233860200e-02
6.434234384161527487e+02	4.491947108701648816e-01	2.404335575075415010e-01	8.486348276521114842e-02	9.842168640581801242e-02	8.955854072513734498e-02	1.693997608091834736e-02	2.336960263230649162e-02
6.482612086298080385e+02	4.483738329319556515e-01	2.402516668996657889e-01	8.522905354212244322e-02	9.857591947383631537e-02	8.972188834471295227e-02	1.709835083558967905e-02	2.353084495921489369e-02
6.530989788434633283e+02	4.475635660241665259e-01	2.400709613170058099e-01	8.559175238494393101e-02	9.872609461346799897e-02	8.988207966324243681e-02	1.725646001780888755e-02	2.369064296646209225e-02
6.579367490571185044e+02	4.467637334974691732e-01	2.398914424215692065e-01	8.595161150278507467e-02	9.887230167673997927e-02	9.003917411203023191e-02	1.741429497609379290e-02	2.384899880041026557e-02
6.627745192707737942e+02	4.459741623222251983e-01	2.397131112160592881e-01	8.630866268104607497e-02	9.901462861187242115e-02	9.019322992460658550e-02	1.757184728370424567e-02	2.400591494758386527e-02
6.676122894844290840e+02	4.451946829953865037e-01	2.395359680881392339e-01	8.666293728546546615e-02	9.915316150026347308e-02	9.034430416117558704e-02	1.772910873446307753e-02	2.416139422220434790e-02
6.724500596980843738e+02	4.444251294505938699e-01	2.393600128518954817e-01	8.701446626626918590e-02	9.928798459299535695e-02	9.049245273264998335e-02	1.788607133863961973e-02	2.431543975405422997e-02
6.772878299117396637e+02	4.436653389713268170e-01	2.391852447866806564e-01	8.736328016240922645e-02	9.941918034684986416e-02	9.063773042427224202e-02	1.804272731889546358e-02	2.446805497666348916e-02
6.821256001253949535e+02	4.429151521069663033e-01	2.390116626735033223e-01	8.770940910587995964e-02	9.954682945982287756e-02	9.078019091882184866e-02	1.819906910629210187e-02	2.461924361581135229e-02
6.869633703390502433e+02	4.421744125916389212e-01	2.388392648291212672e-01	8.805288282610188033e-02	9.967101090612918990e-02	9.091988681940975370e-02	1.835508933636012183e-02	2.476900967833666964e-02
6.918011405527055331e+02	4.414429672657182446e-01	2.386680491379858104e-01	8.839373065436258170e-02	9.979180197069044411e-02	9.105686967186117642e-02	1.851078084522946032e-02	2.491735744125012433e-02
6.966389107663608229e+02	4.407206659998672005e-01	2.384980130821737210e-01	8.873198152830609475e-02	9.990927828310036674e-02	9.119118998668854226e-02	1.866613666582029457e-02	2.506429144114162913e-02
7.014766809800161127e+02	4.400073616215102179e-01	2.383291537694351703e-01	8.906766399646202925e-02	1.000235138510628674e-01	9.132289726065721813e-02	1.882115002409409307e-02	2.520981646387627367e-02
7.063144511936714025e+02	4.393029098436299629e-01	2.381614679594787065e-01	8.940080622280668909e-02	1.001345810932993685e-01	9.145203999794632166e-02	1.897581433536427858e-02	2.535393753457245922e-02
7.111522214073266923e+02	4.386071691957912910e-01	2.379949520886043002e-01	8.973143599134894566e-02	1.002425508719233527e-01	9.157866573090822637e-02	1.913012320066596883e-02	2.549665990785572947e-02
7.159899916209819821e+02	4.379200009572963292e-01	2.378296022927904319e-01	9.005958071073426330e-02	1.003474925242806154e-01	9.170282104042980220e-02	1.928407040318429189e-02	2.563798905838210462e-02
7.208277618346371582e+02	4.372412690923839773e-01	2.376654144293334492e-01	9.038526741886053484e-02	1.004494738942548898e-01	9.182455157589973493e-02	1.943764990474057888e-02	2.577793067162466312e-02
7.256655320482924481e+02	4.365708401873885647e-01	2.375023840971310363e-01	9.070852278750027309e-02	1.005485613630392322e-01	9.194390207478544963e-02	1.959085584233594482e-02	2.591649063491735169e-02
7.305033022619478515e+02	4.359085833897783369e-01	2.373405066556955878e-01	9.102937312692373217e-02	1.006448198793741949e-01	9.206091638182443970e-02	1.974368252475157751e-02	2.605367502875000074e-02
7.353410724756030277e+02	4.352543703489981652e-01	2.371797772429785067e-01	9.134784439051817084e-02	1.007383129892549245e-01	9.217563746783430378e-02	1.989612442920512397e-02	2.618949011830867812e-02
7.401788426892584312e+02	4.346080751590447044e-01	2.370201907920803930e-01	9.166396217939895563e-02	1.008291028651093213e-01	9.228810744814637534e-02	2.004817619806252907e-02	2.632394234525561524e-02
7.450166129029136073e+02	4.339695743027061070e-01	2.368617420469177060e-01	9.197775174700814627e-02	1.009172503344504673e-01	9.239836760066770516e-02	2.019983263560469477e-02	2.645703831974302936e-02
7.498543831165690108e+02	4.333387465974017361e-01	2.367044255769119310e-01	9.228923800369716324e-02	1.010028149080067633e-01	9.250645838357673956e-02	2.035108870484825250e-02	2.658878481265527366e-02
7.546921533302243006e+02	4.327154731425602030e-01	2.365482357907625344e-01	9.259844552128985995e-02	1.010858548073339247e-01	9.261241945265767661e-02	2.050193952441984463e-02	2.671918874807385075e-02
7.595299235438793630e+02	4.320996372684779985e-01	2.363931669493620213e-01	9.290539853762291855e-02	1.011664269919130693e-01	9.271628967827877377e-02	2.065238036548319375e-02	2.684825719595991186e-02
7.643676937575347665e+02	4.314911244866028728e-01	2.362392131779068039e-01	9.321012096106086331e-02	1.012445871857397817e-01	9.281810716202025524e-02	2.080240664871828293e-02	2.697599736504902035e-02
7.692054639711900563e+02	4.308898224411894518e-01	2.360863684772543658e-01	9.351263637498280490e-02	1.013203899034092609e-01	9.291790925295703718e-02	2.095201394135200873e-02	2.710241659595298558e-02
7.740432341848452324e+02	4.302956208622769063e-01	2.359346267345741877e-01	9.381296804223873687e-02	1.013938884757029785e-01	9.301573256360183561e-02	2.110119795423956446e-02	2.722752235446372279e-02
7.788810043985006359e+02	4.297084115199408250e-01	2.357839817333367560e-01	9.411113890957335804e-02	1.014651350746825359e-01	9.311161298551437482e-02	2.124995453899592227e-02	2.735132222505420180e-02
7.837187746121558121e+02	4.291280881797739366e-01	2.356344271626819309e-01	9.440717161201502006e-02	1.015341807382966061e-01	9.320558570458216396e-02	2.139827968517667156e-02	2.747382390457159956e-02
7.885565448258112156e+02	4.285545465595524961e-01	2.354859566262056669e-01	9.470108847722862044e-02	1.016010753945071343e-01	9.329768521597849029e-02	2.154616951750759624e-02	2.759503519611793479e-02
7.933943150394665054e+02	4.279876842870465881e-01	2.353385636502011713e-01	9.499291152983029007e-02	1.016658678849410857e-01	9.338794533880316606e-02	2.169362029316221352e-02	2.771496400311350070e-02
7.982320852531219089e+02	4.274274008589351581e-01	2.351922416913885538e-01	9.528266249566304247e-02	1.017286059880741222e-01	9.347639923041192733e-02	2.184062839908669507e-02	2.783361832353855106e-02
8.030698554667769713e+02	4.268735976007885236e-01	2.350469841441651941e-01	9.557036280603152523e-02	1.017893364419528296e-01	9.356307940043981364e-02	2.198719034937140701e-02	2.795100624434876391e-02
8.079076256804323748e+02	4.263261776280819482e-01	2.349027843474058297e-01	9.585603360189522137e-02	1.018481049664623217e-01	9.364801772452421846e-02	2.213330278266840978e-02	2.806713593606014606e-02
8.127453958940876646e+02	4.257850458082055867e-01	2.347596355908411203e-01	9.613969573801889323e-02	1.019049562851458285e-01	9.373124545773335592e-02	2.227896245965427235e-02	2.818201564749905561e-02
8.175831661077428407e+02	4.252501087234395460e-01	2.346175311210400571e-01	9.642136978707940842e-02	1.019599341465830811e-01	9.381279324770536165e-02	2.242416626053750014e-02	2.829565370071318586e-02
8.224209363213982442e+02	4.247212746348607570e-01	2.344764641470212796e-01	9.670107604372826793e-02	1.020130813453346275e-01	9.389269114750387057e-02	2.256891118260987567e-02	2.840805848603944472e-02
8.272587065350534203e+02	4.241984534471532897e-01	2.343364278455157823e-01	9.697883452860908693e-02	1.020644397424588512e-01	9.397096862819531715e-02	2.271319433784115341e-02	2.851923845732466656e-02
8.320964767487085965e+02	4.236815566742920813e-01	2.341974153659026892e-01	9.725466499232965356e-02	1.021140502856087151e-01	9.404765459115344006e-02	2.285701295051630402e-02	2.862920212729529526e-02
8.369342469623640000e+02	4.231704974060737090e-01	2.340594198348379396e-01	9.752858691938778857e-02	1.021619530287152938e-01	9.412277738009645900e-02	2.300036435491480125e-02	2.873795806307219772e-02
8.417720171760191761e+02	4.226651902754670620e-01	2.339224343605952605e-01	9.780061953205093639e-02	1.022081871512648815e-01	9.419636479286198905e-02	2.314324599303118832e-02	2.884551488182685031e-02
8.466097873896745796e+02	4.221655514267588782e-01	2.337864520371362997e-01	9.807078179418918240e-02	1.022527909771769467e-01	9.426844409292527149e-02	2.328565541233632019e-02	2.895188124657527978e-02
8.514475576033297557e+02	4.216714984844699421e-01	2.336514659479270173e-01	9.833909241506118282e-02	1.022958019932896229e-01	9.433904202066557831e-02	2.342759026357869173e-02	2.905706586210612952e-02
8.562853278169851592e+02	4.211829505230189619e-01	2.335174691695154348e-01	9.860556985305303501e-02	1.023372568674599942e-01	9.440818480438617488e-02	2.356904829862513720e-02	2.916107747103943021e-02
8.611230980306403353e+02	4.206998280371112009e-01	2.333844547748855636e-01	9.887023231937011603e-02	1.023771914662856553e-01	9.447589817109279531e-02	2.371002736834034244e-02	2.926392485001258481e-02
8.659608682442956251e+02	4.202220529128306015e-01	2.332524158366008904e-01	9.913309778168152842e-02	1.024156408724548883e-01	9.454220735703555700e-02	2.385052542050451752e-02	2.936561680599030291e-02
8.707986384579510286e+02	4.197495483994155840e-01	2.331213454297501597e-01	9.939418396771747266e-02	1.024526394017318959e-01	9.460713711801935211e-02	2.399054049776863304e-02	2.946616217269519208e-02
8.756364086716062047e+02	4.192822390816974831e-01	2.329912366347074160e-01	9.965350836881937957e-02	1.024882206195840556e-01	9.467071173948748974e-02	2.413007073564662694e-02	2.956556980715581776e-02
8.804741788852616082e+02	4.188200508531835231e-01	2.328620825397175742e-01	9.991108824344295536e-02	1.025224173574578318e-01	9.473295504638334918e-02	2.426911436054393981e-02	2.966384858636916116e-02
8.853119490989170117e+02	4.183629108897650162e-01	2.327338762433177888e-01	1.001669406206144308e-01	1.025552617287100593e-01	9.479389041279481787e-02	2.440766968782184451e-02	2.976100740407440493e-02
8.901497193125721878e+02	4.179107476240345176e-01	2.326066108566048340e-01	1.004210823033399314e-01	1.025867851442010398e-01	9.485354077138601070e-02	2.454573511989695603e-02	2.985705516763510411e-02
8.949874895262273640e+02	4.174634907201936751e-01	2.324802795053571847e-01	1.006735298719683702e-01	1.026170183275560283e-01	9.491192862262096130e-02	2.468330914437535592e-02	2.995200079502686324e-02
8.998252597398827675e+02	4.170210710495358963e-01	2.323548753320210380e-01	1.009242996875080040e-01	1.026459913301015769e-01	9.496907604378362899e-02	2.482039033222073823e-02	3.004585321192763600e-02
9.046630299535379436e+02	4.165834206664880135e-01	2.322303914975677175e-01	1.011734078948970245e-01	1.026737335454830785e-01	9.502500469779863457e-02	2.495697733595607024e-02	3.013862134890799363e-02
9.095008001671932334e+02	4.161504727851959018e-01	2.321068211832308381e-01	1.014208704262283683e-01	1.027002737239695873e-01	9.507973584185715199e-02	2.509306888789814699e-02	3.023031413871854825e-02
9.143385703808486369e+02	4.157221617566387861e-01	2.319841575921296195e-01	1.016667030039291736e-01	1.027256399864523995e-01	9.513329033585200822e-02	2.522866379842454362e-02	3.032094051367202961e-02
9.191763405945038130e+02	4.152984230462586912e-01	2.318623939507855336e-01	1.019109211438950224e-01	1.027498598381433037e-01	9.518568865062632112e-02	2.536376095427240324e-02	3.041050940311734382e-02
9.240141108081592165e+02	4.148791932120909354e-01	2.317415235105383386e-01	1.021535401585796088e-01	1.027729601819784427e-01	9.523695087603960274e-02	2.549835931686855045e-02	3.049902973100319242e-02
9.288518810218145063e+02	4.144644098833824564e-01	2.316215395488676054e-01	1.023945751600399967e-01	1.027949673317340162e-01	9.528709672885549153e-02	2.563245792069035814e-02	3.058651041352876757e-02
9.336896512354697961e+02	4.140540117396854791e-01	2.315024353706250093e-01	1.026340410629379418e-01	1.028159070248592655e-01	9.533614556045494348e-02	2.576605587165690589e-02	3.067296035687915728e-02
9.385274214491247449e+02	4.136479384904138135e-01	2.313842043091827172e-01	1.028719525874976504e-01	1.028358044350327627e-01	9.538411636437867103e-02	2.589915234554987858e-02	3.075838845504314661e-02
9.433651916627801484e+02	4.132461308548501244e-01	2.312668397275027266e-01	1.031083242624204893e-01	1.028546841844476256e-01	9.543102778370285422e-02	2.603174658646374706e-02	3.084280358771110744e-02
9.482029618764355519e+02	4.128485305425918517e-01	2.311503350191319306e-01	1.033431704277568280e-01	1.028725703558310139e-01	9.547689811825153805e-02	2.616383790528466896e-02	3.092621461825085377e-02
9.530407320900908417e+02	4.124550802344259526e-01	2.310346836091267397e-01	1.035765052377358580e-01	1.028894865042037088e-01	9.552174533164954628e-02	2.629542567819769319e-02	3.100863039175917948e-02
9.578785023037459041e+02	4.120657235636203120e-01	2.309198789549119224e-01	1.038083426635533768e-01	1.029054556683847987e-01	9.556558705821938116e-02	2.642650934522173742e-02	3.109005973318711494e-02
9.627162725174014213e+02	4.116804050976222151e-01	2.308059145470768014e-01	1.040386964961184102e-01	1.029205003822470377e-01	9.560844060972562009e-02	2.655708840877188393e-02	3.117051144553672354e-02
9.675540427310568248e+02	4.112990703201527820e-01	2.306927839101129141e-01	1.042675803487587288e-01	1.029346426857279811e-01	9.565032298197025107e-02	2.668716243224853249e-02	3.124999430812755094e-02
9.723918129447120009e+02	4.109216656136885915e-01	2.305804806030963272e-01	1.044950076598861050e-01	1.029479041356018698e-01	9.569125086124222190e-02	2.681673103865293492e-02	3.132851707493066601e-02
9.772295831583674044e+02	4.105481382423203374e-01	2.304689982203175502e-01	1.047209916956216291e-01	1.029603058160175194e-01	9.573124063062454780e-02	2.694579390922865331e-02	3.140608847296849637e-02
9.820673533720223531e+02	4.101784363349788021e-01	2.303583303918623482e-01	1.049455455523813641e-01	1.029718683488069220e-01	9.577030837616214154e-02	2.707435078212853605e-02	3.148271720077853303e-02
9.869051235856777566e+02	4.098125088690205420e-01	2.302484707841460088e-01	1.051686821594231547e-01	1.029826119035695126e-01	9.580846989289361348e-02	2.720240145110673288e-02	3.155841192693911029e-02
9.917428937993331601e+02	4.094503056541626274e-01	2.301394131004036447e-01	1.053904142813548578e-01	1.029925562075368478e-01	9.584574069074981717e-02	2.732994576423531177e-02	3.163318128865553330e-02
9.965806640129884499e+02	4.090917773167601079e-01	2.300311510811393623e-01	1.056107545206045190e-01	1.030017205552222204e-01	9.588213600032263750e-02	2.745698362264508557e-02	3.170703389040476633e-02
