0.000000000000000000e+00	9.882799791498257935e-01	4.043143771826231576e-34	9.864078271743745643e-03	2.408913307577703792e-31	3.394066790354465738e-03	9.349181924060306383e-04	5.829323220373846908e-26
4.837770213655283591e+00	9.697064054747581707e-01	1.771487769996519385e-02	9.806839609942608060e-03	8.054487288897177650e-05	4.184750913449341442e-03	9.673666350370203589e-04	1.225719828872794930e-05
9.675540427310567182e+00	9.520221289924960528e-01	3.425516464402127148e-02	9.821429627483137942e-03	3.126854388089753676e-04	5.034954514248831357e-03	9.993308715659549209e-04	2.734831570576777191e-05
1.451331064096584811e+01	9.351750502994506942e-01	4.969735725900537027e-02	9.902504580590939381e-03	6.829425906548264487e-04	5.938309271398884391e-03	1.031124294927933437e-03	4.575410830136891326e-05
1.935108085462113081e+01	9.191163441129700518e-01	6.411297157597285745e-02	1.004507593956418740e-02	1.178798504733820710e-03	6.888921011744993973e-03	1.063033539108589271e-03	6.789772023556277659e-05
2.418885106827641707e+01	9.038002485479054160e-01	7.756886772780571815e-02	1.024448719165266253e-02	1.788632049703735554e-03	7.881337343936990411e-03	1.095320330370672330e-03	9.414921295484276131e-05
2.902662128193169622e+01	8.891838680683955554e-01	9.012755329545968364e-02	1.049639215505932498e-02	2.501658451879092658e-03	8.910517438794391190e-03	1.128223216326184426e-03	1.248297784158279643e-04
3.386439149558698603e+01	8.752269892247600547e-01	1.018474668817780510e-01	1.079673470561374506e-02	3.307872938321322447e-03	9.971803815540400406e-03	1.161959180830346092e-03	1.602156574860614006e-04
3.870216170924226162e+01	8.618919083433950190e-01	1.127832432018970460e-01	1.114172982408301663e-02	4.197998097317804517e-03	1.106089600222222649e-02	1.196725152153800889e-03	2.005417832610475364e-04
4.353993192289755143e+01	8.491432703917786151e-01	1.229859608952258154e-01	1.152784587808389563e-02	5.163434712857507131e-03	1.217382594724393356e-02	1.232699411403477118e-03	2.460051677366199905e-04
4.837770213655283413e+01	8.369479182913820425e-01	1.325033741854225178e-01	1.195178805816705242e-02	6.196215845604535755e-03	1.330693506698464069e-02	1.270042907708211202e-03	2.967680490608008204e-04
5.321547235020811684e+01	8.252747519986575186e-01	1.413801294413478682e-01	1.241048289288588201e-02	7.288963947727614134e-03	1.445685282199639550e-02	1.308900486260530316e-03	3.529608154539166671e-04
5.805324256386339954e+01	8.140945967185706511e-01	1.496579676233256162e-01	1.290106377256224068e-02	8.434850812831013248e-03	1.562047672130650877e-02	1.349402034908962853e-03	4.146847208246759518e-04
6.289101277751868224e+01	8.033800796565456759e-01	1.573759135348649085e-01	1.342085741604200425e-02	9.627560175213888821e-03	1.679495366092073963e-02	1.391663554624093194e-03	4.820144061183367240e-04
6.772878299117397205e+01	7.931055147534009642e-01	1.645704527400065620e-01	1.396737121901524444e-02	1.086125278481953754e-02	1.797766250876626365e-02	1.435788158814612627e-03	5.550002395064613679e-04
7.256655320482924765e+01	7.832467948840332594e-01	1.712756969503768656e-01	1.453828142647867888e-02	1.213053379557885517e-02	1.916619785405502055e-02	1.481867006145262461e-03	6.336704876618278262e-04
7.740432341848452324e+01	7.737812910344341599e-01	1.775235386336079524e-01	1.513142207565987968e-02	1.343042231545506400e-02	2.035835484441465490e-02	1.529980171205349822e-03	7.180333295528777996e-04
8.224209363213981305e+01	7.646877580032434008e-01	1.833437955457785096e-01	1.574477465922077130e-02	1.475632297640765839e-02	2.155211503915069327e-02	1.580197457093059131e-03	8.080787234359228721e-04
8.707986384579510286e+01	7.559462462036011798e-01	1.887643458447181843e-01	1.637645846182789883e-02	1.610399939175782141e-02	2.274563321169236971e-02	1.632579153715798441e-03	9.037801370167438406e-04
9.191763405945040688e+01	7.475380191686945563e-01	1.938112543981951874e-01	1.702472152623376797e-02	1.746954937709722933e-02	2.393722503865712559e-02	1.687176745359100262e-03	1.005096150092953285e-03
9.675540427310566827e+01	7.394454763902253980e-01	1.985088908609747016e-01	1.768793220787117162e-02	1.884938181897687776e-02	2.512535561706525852e-02	1.744033570845022595e-03	1.111971938371536734e-03
1.015931744867609581e+02	7.316520811431729276e-01	2.028800400573151641e-01	1.836457127963373598e-02	2.024019508317888988e-02	2.630862875506512211e-02	1.803185439384514133e-03	1.224340646579499554e-03
1.064309447004162337e+02	7.241422929728028590e-01	2.069460051704861414e-01	1.905322455101312457e-02	2.163895686144696670e-02	2.748577698510807840e-02	1.864661205025822371e-03	1.342124658446888471e-03
1.112687149140715235e+02	7.169015045409707909e-01	2.107267042081917841e-01	1.975257596809775265e-02	2.304288536216219166e-02	2.865565225185752463e-02	1.928483302411838993e-03	1.465236770638153520e-03
1.161064851277267991e+02	7.099159825485019670e-01	2.142407601822145513e-01	2.046140116312026094e-02	2.444943175663042562e-02	2.981721723024288381e-02	1.994668246382412091e-03	1.593581277237556427e-03
1.209442553413820747e+02	7.031728124688685355e-01	2.175055854120176158e-01	2.117856142428089020e-02	2.585626379842388342e-02	3.096953723199179220e-02	2.063227097792312385e-03	1.727054970954955979e-03
1.257820255550373645e+02	6.966598468456242088e-01	2.205374603353320861e-01	2.190299805848116774e-02	2.726125053861866779e-02	3.211177266170509026e-02	2.134165897760979640e-03	1.865548066807790062e-03
1.306197957686926259e+02	6.903656569221751083e-01	2.233516071837836903e-01	2.263372712138494308e-02	2.866244806481684643e-02	3.324317198609225837e-02	2.207486072425681595e-03	2.008945053651540070e-03
1.354575659823479441e+02	6.842794873875311934e-01	2.259622588582708425e-01	2.336983449089058418e-02	3.005808619655907579e-02	3.436306518237100538e-02	2.283184810134627086e-03	2.157125478572645676e-03
1.402953361960032339e+02	6.783912140357679643e-01	2.283827233169845872e-01	2.411047126165595522e-02	3.144655607414316434e-02	3.547085763406487846e-02	2.361255412890314858e-03	2.309964668823077071e-03
1.451331064096584669e+02	6.726913041500921508e-01	2.306254437685621717e-01	2.485484943977440964e-02	3.282639858198554278e-02	3.656602444451737682e-02	2.441687623735332158e-03	2.467334395663042107e-03
1.499708766233137851e+02	6.671707794347172538e-01	2.327020549437985308e-01	2.560223791806145663e-02	3.419629355151507927e-02	3.764810514038910427e-02	2.524467931662466216e-03	2.629103484186153666e-03
1.548086468369690749e+02	6.618211813292609325e-01	2.346234357015132554e-01	2.635195871368458884e-02	3.555504969218964417e-02	3.871669873922536226e-02	2.609579855527817752e-03	2.795138372928461078e-03
1.596464170506243647e+02	6.566345385511307420e-01	2.363997582075086923e-01	2.710338345105862620e-02	3.690159520259157777e-02	3.977145915688346661e-02	2.697004208349164985e-03	2.965303626807819920e-03
1.644841872642796261e+02	6.516033367214236760e-01	2.380405339099777029e-01	2.785593007404120122e-02	3.823496901670433989e-02	4.081209093219959755e-02	2.786719343281653105e-03	3.139462406701919953e-03
1.693219574779349159e+02	6.467204899392653417e-01	2.395546565201577272e-01	2.860905977250293233e-02	3.955431264341318504e-02	4.183834524776150476e-02	2.878701382478602178e-03	3.317476898750861252e-03
1.741597276915902057e+02	6.419793141783011192e-01	2.409504421934175744e-01	2.936227410931874920e-02	4.085886256002116412e-02	4.285001622704262547e-02	2.972924429966423629e-03	3.499208706262401172e-03
1.789974979052454671e+02	6.373735023872715288e-01	2.422356670932372946e-01	3.011511233473570387e-02	4.214794312314085883e-02	4.384693748945182878e-02	3.069360769588973855e-03	3.684519206903922629e-03
1.838352681189008138e+02	6.328971011842787764e-01	2.434176025086477180e-01	3.086714887592204026e-02	4.342095996272352099e-02	4.482897894606627243e-02	3.167981049007800257e-03	3.873269877683951055e-03
1.886730383325560467e+02	6.285444890415385899e-01	2.445030476845771183e-01	3.161799099029642679e-02	4.467739382723153602e-02	4.579604381994914486e-02	3.268754450680368909e-03	4.065322590056760950e-03
1.935108085462113081e+02	6.243103558641187600e-01	2.454983605141570491e-01	3.236727657197872865e-02	4.591679485005793065e-02	4.674806587601380153e-02	3.371648850678161686e-03	4.260539877325541895e-03
1.983485787598666263e+02	6.201896838724419991e-01	2.464094862323241708e-01	3.311467210139769357e-02	4.713877720925741671e-02	4.768500684638647680e-02	3.476630966150278789e-03	4.458785176371953332e-03
2.031863489735219162e+02	6.161777297042008161e-01	2.472419842409704360e-01	3.385987072873967302e-02	4.834301415448588601e-02	4.860685403814539451e-02	3.583666492185575824e-03	4.659923045602067972e-03
2.080241191871772060e+02	6.122700076568118321e-01	2.480010531874040913e-01	3.460259048252927599e-02	4.952923337675825544e-02	4.951361811117911682e-02	3.692720228777195135e-03	4.863819360869949503e-03
2.128618894008324673e+02	6.084622739966664140e-01	2.486915544099455866e-01	3.534257259519946875e-02	5.069721269823531523e-02	5.040533101471554589e-02	3.803756198547379209e-03	5.070341491019942498e-03
2.176996596144877287e+02	6.047505122662280019e-01	2.493180338570634147e-01	3.607957993803916769e-02	5.184677606074659245e-02	5.128204407182839625e-02	3.916737755847480087e-03	5.279358454576499327e-03
2.225374298281430470e+02	6.011309195245075898e-01	2.498847425795181765e-01	3.681339555840165700e-02	5.297778979315469206e-02	5.214382620193400847e-02	4.031627687807906417e-03	5.490741059005625410e-03
2.273752000417983652e+02	5.975998934606360224e-01	2.503956558884995465e-01	3.754382131252027854e-02	5.409015913897348427e-02	5.299076227195107652e-02	4.148388307875179593e-03	5.704362023874183160e-03
2.322129702554535982e+02	5.941540203241723050e-01	2.508544912666790250e-01	3.827067658771148018e-02	5.518382502687425167e-02	5.382295156741254832e-02	4.266981542338179126e-03	5.920096089141999030e-03
2.370507404691088880e+02	5.907900636194441946e-01	2.512647251134366155e-01	3.899379710814945832e-02	5.625876106785546865e-02	5.464050637539476230e-02	4.387369010312808237e-03	6.137820109736466002e-03
2.418885106827641494e+02	5.875049535146434909e-01	2.516296084002206390e-01	3.971303381877572952e-02	5.731497076391901119e-02	5.544355067166754220e-02	4.509512097623642052e-03	6.357413137479781158e-03
2.467262808964194392e+02	5.842957769195966655e-01	2.519521813070509375e-01	4.042825184226046809e-02	5.835248491409284616e-02	5.623221890497188957e-02	4.633372024992431920e-03	6.578756491364696167e-03
2.515640511100747290e+02	5.811597681891252920e-01	2.522352869065456193e-01	4.113932950426334861e-02	5.937135920457200372e-02	5.700665487180182206e-02	4.758909910916504088e-03	6.801733817105349439e-03
2.564018213237300188e+02	5.780943004117060635e-01	2.524815839575251797e-01	4.184615742255089199e-02	6.037167197062120322e-02	5.776701067550638752e-02	4.886086829595048461e-03	7.026231136825081616e-03
2.612395915373852517e+02	5.750968772457557554e-01	2.526935588662030940e-01	4.254863765581641533e-02	6.135352211869588013e-02	5.851344576393803509e-02	5.014863864237819810e-03	7.252136889682779010e-03
2.660773617510405415e+02	5.721651252683114253e-01	2.528735368691908403e-01	4.324668290831887307e-02	6.231702719799968315e-02	5.924612604025703694e-02	5.145202156068894549e-03	7.479341964182972639e-03
2.709151319646958882e+02	5.692967868031620915e-01	2.530236924890107986e-01	4.394021578670975064e-02	6.326232161140706023e-02	5.996522304186003433e-02	5.277062949317620072e-03	7.707739722862391382e-03
2.757529021783511780e+02	5.664897131976242006e-01	2.531460593095063438e-01	4.462916810565313586e-02	6.418955495634427744e-02	6.067091318273529904e-02	5.410407632469750074e-03	7.937226019996647050e-03
2.805906723920064678e+02	5.637418585191520393e-01	2.532425391154503047e-01	4.531348023906521527e-02	6.509889048684297519e-02	6.136337705486025890e-02	5.545197776033866481e-03	8.167699212925006239e-03
2.854284426056617008e+02	5.610512736448406423e-01	2.533149104377639960e-01	4.599310051400557625e-02	6.599050368856049231e-02	6.204279878454886654e-02	5.681395167061431203e-03	8.399060167548566894e-03
2.902662128193169337e+02	5.584161007186274617e-01	2.533648365430621330e-01	4.666798464444604777e-02	6.686458095910381705e-02	6.270936543992947088e-02	5.818961840643194910e-03	8.631212258517369923e-03
2.951039830329722804e+02	5.558345679526288663e-01	2.533938729037136794e-01	4.733809520232297452e-02	6.772131838650023716e-02	6.336326648598876454e-02	5.957860108590030783e-03	8.864061364584908606e-03
2.999417532466276270e+02	5.533049847505764340e-01	2.534034741822514536e-01	4.800340112344767679e-02	6.856092061913163227e-02	6.400469328385577361e-02	6.098052585492614100e-03	9.097515859573877817e-03
3.047795234602828600e+02	5.508257371327437424e-01	2.533950007617579159e-01	4.866387724600759052e-02	6.938359982089174760e-02	6.463383863122219852e-02	6.239502212341576683e-03	9.331486599364802528e-03
3.096172936739380930e+02	5.483952834430892986e-01	2.533697248517928213e-01	4.931950387953781129e-02	7.018957470573913837e-02	6.525089634100363079e-02	6.382172277877806027e-03	9.565886905289098033e-03
3.144550638875934396e+02	5.460121503205895843e-01	2.533288361975027381e-01	4.997026640238087097e-02	7.097906964620480375e-02	6.585606085553999400e-02	6.526026437831410759e-03	9.800632544280105454e-03
3.192928341012487294e+02	5.436749289179007016e-01	2.532734474177502637e-01	5.061615488578137534e-02	7.175231385077486534e-02	6.644952689381530830e-02	6.671028732197406726e-03	1.003564170610952468e-02
3.241306043149040192e+02	5.413822713515791252e-01	2.532045989964175070e-01	5.125716374288243060e-02	7.250954060540532042e-02	6.703148912934620007e-02	6.817143600686430618e-03	1.027083497801237894e-02
3.289683745285592522e+02	5.391328873691124679e-01	2.531232639494641057e-01	5.189329140100375909e-02	7.325098657474193864e-02	6.760214189654664696e-02	6.964335896479656451e-03	1.050613531698088403e-02
3.338061447422145420e+02	5.369255412189626320e-01	2.530303521888485063e-01	5.252453999568647280e-02	7.397689115891190048e-02	6.816167892352469060e-02	7.112570898408567509e-03	1.074146801998659452e-02
3.386439149558698318e+02	5.347590487107179991e-01	2.529267146030466651e-01	5.315091508508793666e-02	7.468749590202972133e-02	6.871029308940450331e-02	7.261814321672239309e-03	1.097676069237041134e-02
3.434816851695251216e+02	5.326322744532797637e-01	2.528131468726149134e-01	5.377242538340241268e-02	7.538304394881673032e-02	6.924817620439645272e-02	7.412032327197367113e-03	1.121194321462180322e-02
3.483194553831804114e+02	5.305441292597952163e-01	2.526903930380432484e-01	5.438908251206897582e-02	7.606377954597338953e-02	6.977551881095790665e-02	7.563191529739268434e-03	1.144694770775151263e-02
3.531572255968357013e+02	5.284935677087697625e-01	2.525591488360203751e-01	5.500090076760889152e-02	7.672994758516855918e-02	7.029251000450026376e-02	7.715259004815601396e-03	1.168170849744610759e-02
3.579949958104909342e+02	5.264795858514792481e-01	2.524200648191827212e-01	5.560789690500966831e-02	7.738179318471898049e-02	7.079933727220251438e-02	7.868202294558437893e-03	1.191616207717800975e-02
3.628327660241463377e+02	5.245012190564359855e-01	2.522737492734362097e-01	5.621008993564347717e-02	7.801956130722853544e-02	7.129618634858982118e-02	8.021989412564640640e-03	1.215024707043085676e-02
3.676705362378016275e+02	5.225575399822603995e-01	2.521207709460230317e-01	5.680750093877331292e-02	7.864349641063941854e-02	7.178324108662692549e-02	8.176588847819165826e-03	1.238390419218724815e-02
3.725083064514568036e+02	5.206476566708659881e-01	2.519616615966462359e-01	5.740015288576185565e-02	7.925384213031846925e-02	7.226068334316203268e-02	8.331969567760964812e-03	1.261707620981407200e-02
3.773460766651120935e+02	5.187707107533865436e-01	2.517969183831640922e-01	5.798807047615522903e-02	7.985084098996154955e-02	7.272869287763621127e-02	8.488101020556455475e-03	1.284970790346947819e-02
3.821838468787673833e+02	5.169258757617632982e-01	2.516270060926154017e-01	5.857127998486798964e-02	8.043473413924796811e-02	7.318744726304819703e-02	8.644953136641257696e-03	1.308174602614533763e-02
3.870216170924226162e+02	5.151123555393620768e-01	2.514523592276357578e-01	5.914980911974552363e-02	8.100576111631613285e-02	7.363712180823389630e-02	8.802496329586757123e-03	1.331313926344944269e-02
3.918593873060780197e+02	5.133293827444184165e-01	2.512733839576703487e-01	5.972368688882729454e-02	8.156415963326189844e-02	7.407788949058462247e-02	8.960701496344328221e-03	1.354383819322280483e-02
3.966971575197332527e+02	5.115762174405088514e-01	2.510904599437754348e-01	6.029294347667813608e-02	8.211016538298263057e-02	7.450992089838920363e-02	9.119540016916427225e-03	1.377379524507918104e-02
4.015349277333884856e+02	5.098521457686143732e-01	2.509039420452286451e-01	6.085761012919603530e-02	8.264401186580307146e-02	7.493338418204095741e-02	9.278983753500528661e-03	1.400296465994629348e-02
4.063726979470438323e+02	5.081564786956952462e-01	2.507141619156318946e-01	6.141771904634307777e-02	8.316593023442583887e-02	7.534844501340401401e-02	9.439005049148699311e-03	1.423130244968107659e-02
4.112104681606991221e+02	5.064885508350189802e-01	2.505214294956913945e-01	6.197330328228217028e-02	8.367614915584765944e-02	7.575526655268222109e-02	9.599576725982779390e-03	1.445876635682470657e-02
4.160482383743544119e+02	5.048477193337889135e-01	2.503260344093903300e-01	6.252439665243587907e-02	8.417489468897532134e-02	7.615400942218003566e-02	9.760672083002359944e-03	1.468531581455704768e-02
4.208860085880095880e+02	5.032333628239075152e-01	2.501282472698336257e-01	6.307103364701491244e-02	8.466239017676144285e-02	7.654483168638766266e-02	9.922264893520283888e-03	1.491091190690446017e-02
4.257237788016648778e+02	5.016448804319715293e-01	2.499283209006338269e-01	6.361324935059320396e-02	8.513885615176096378e-02	7.692788883786276510e-02	1.008432940225798859e-02	1.513551732924964775e-02
4.305615490153201677e+02	5.000816908448486586e-01	2.497264914783264567e-01	6.415107936733413507e-02	8.560451025408422066e-02	7.730333378841829084e-02	1.024684032213079785e-02	1.535909634918738997e-02
4.353993192289755143e+02	4.985432314274170218e-01	2.495229796009446055e-01	6.468455975149769999e-02	8.605956716079309066e-02	7.767131686516084987e-02	1.040977283075122072e-02	1.558161476776545422e-02
4.402370894426308041e+02	4.970289573892663348e-01	2.493179912875496673e-01	6.521372694288307681e-02	8.650423852585203965e-02	7.803198581095664721e-02	1.057310256667639940e-02	1.580303988114578964e-02
4.450748596562860939e+02	4.955383409973652120e-01	2.491117189132016074e-01	6.573861770688271822e-02	8.693873292980724976e-02	7.838548578893188290e-02	1.073680562542399415e-02	1.602334044271732857e-02
4.499126298699413837e+02	4.940708708318880538e-01	2.489043420835614917e-01	6.625926907884564787e-02	8.736325583842416420e-02	7.873195939064345228e-02	1.090085855527915537e-02	1.624248662568802265e-02
4.547504000835967304e+02	4.926260510825748451e-01	2.486960284530453369e-01	6.677571831246706391e-02	8.777800956956721690e-02	7.907154664758134222e-02	1.106523835291364256e-02	1.646044998618057323e-02
4.595881702972519065e+02	4.912034008831628329e-01	2.484869344901932398e-01	6.728800283193966947e-02	8.818319326765515498e-02	7.940438504568934908e-02	1.122992245883666293e-02	1.667720342685314813e-02
4.644259405109071963e+02	4.898024536815864249e-01	2.482772061936797670e-01	6.779616018761933094e-02	8.857900288507215836e-02	7.973060954261307343e-02	1.139488875269564945e-02	1.689272116106367919e-02
4.692637107245624861e+02	4.884227566437867596e-01	2.480669797621683215e-01	6.830022801497354079e-02	8.896563116995791221e-02	8.005035258740596238e-02	1.156011554844390936e-02	1.710697867759363930e-02
4.741014809382177759e+02	4.870638700891095074e-01	2.478563822210034795e-01	6.880024399659674661e-02	8.934326765984079710e-02	8.036374414244375208e-02	1.172558158939086305e-02	1.731995270594489239e-02
4.789392511518730657e+02	4.857253669553967534e-01	2.476455320085411416e-01	6.929624582708969471e-02	8.971209868061563730e-02	8.067091170731631455e-02	1.189126604314947114e-02	1.753162118222098553e-02
4.837770213655284124e+02	4.844068322919996561e-01	2.474345395247337653e-01	6.978827118061391166e-02	9.007230735040309966e-02	8.097198034448295501e-02	1.205714849649443428e-02	1.774196321560217102e-02
4.886147915791837022e+02	4.831078627790484914e-01	2.472235076444174173e-01	7.027635768094431246e-02	9.042407358786043459e-02	8.126707270649381754e-02	1.222320895014371474e-02	1.795095905542172174e-02
4.934525617928388783e+02	4.818280662714236051e-01	2.470125321975889243e-01	7.076054287385441510e-02	9.076757412454421192e-02	8.155630906459443441e-02	1.238942781347507349e-02	1.815859005884927144e-02
4.982903320064942250e+02	4.805670613659662749e-01	2.468017024188119690e-01	7.124086420167922984e-02	9.110298252095394567e-02	8.183980733854466505e-02	1.255578589918841803e-02	1.836483865918540903e-02
5.031281022201495148e+02	4.793244769905629088e-01	2.465911013677521690e-01	7.171735897991149411e-02	9.143046918591254957e-02	8.211768312749642695e-02	1.272226441792399278e-02	1.856968833477034078e-02
5.079658724338048046e+02	4.780999520138191072e-01	2.463808063227106715e-01	7.219006437569557011e-02	9.175020139896435112e-02	8.239004974178641694e-02	1.288884497284568074e-02	1.877312357850807051e-02
5.128036426474600376e+02	4.768931348741221599e-01	2.461708891489050310e-01	7.265901738809253663e-02	9.206234333549437321e-02	8.265701823551138694e-02	1.305550955419799292e-02	1.897512986800643092e-02
5.176414128611153274e+02	4.757036832269646021e-01	2.459614166431316473e-01	7.312425482999813930e-02	9.236705609429461672e-02	8.291869743976411355e-02	1.322224053384468516e-02	1.917569363633215423e-02
5.224791830747705035e+02	4.745312636094727310e-01	2.457524508563382337e-01	7.358581331160285455e-02	9.266449772732293644e-02	8.317519399641773448e-02	1.338902065979631802e-02	1.937480224337915710e-02
5.273169532884259070e+02	4.733755511211484857e-01	2.455440493955352577e-01	7.404372922529066370e-02	9.295482327141904588e-02	8.342661239235549253e-02	1.355583305073353867e-02	1.957244394784745517e-02
5.321547235020811968e+02	4.722362291198957673e-01	2.453362657063826169e-01	7.449803873187951786e-02	9.323818478175968649e-02	8.367305499405094937e-02	1.372266119053229191e-02	1.976860787982909207e-02
5.369924937157364866e+02	4.711129889324591757e-01	2.451291493377005803e-01	7.494877774811316284e-02	9.351473136685142795e-02	8.391462208241187715e-02	1.388948892279673504e-02	1.996328401399696806e-02
5.418302639293917764e+02	4.700055295784575371e-01	2.449227461890733093e-01	7.539598193531957260e-02	9.378460922487442952e-02	8.415141188780833614e-02	1.405630044540511457e-02	2.015646314339159320e-02
5.466680341430470662e+02	4.689135575072449491e-01	2.447170987426373068e-01	7.583968668915680444e-02	9.404796168120525823e-02	8.438352062521185804e-02	1.422308030507348289e-02	2.034813685380030060e-02
5.515058043567023560e+02	4.678367863468784749e-01	2.445122462800757290e-01	7.627992713037230754e-02	9.430492922695941915e-02	8.461104252937945436e-02	1.438981339194168180e-02	2.053829749872292110e-02
5.563435745703576458e+02	4.667749366645179143e-01	2.443082250857739612e-01	7.671673809650642051e-02	9.455564955840708996e-02	8.483406989002155452e-02	1.455648493418571290e-02	2.072693817491739338e-02
5.611813447840129356e+02	4.657277357376221616e-01	2.441050686370288547e-01	7.715015413447531833e-02	9.480025761712661259e-02	8.505269308689852870e-02	1.472308049266019686e-02	2.091405269851839485e-02
5.660191149976681118e+02	4.646949173353468465e-01	2.439028077821474294e-01	7.758020949397281818e-02	9.503888563077117491e-02	8.526700062479575237e-02	1.488958595557436648e-02	2.109963558172172834e-02
5.708568852113234016e+02	4.636762215095839856e-01	2.437014709072147234e-01	7.800693812163461693e-02	9.527166315433399646e-02	8.547707916833131858e-02	1.505598753320467817e-02	2.128368201002679705e-02
5.756946554249786914e+02	4.626713943951183960e-01	2.435010840922620101e-01	7.843037365591176702e-02	9.549871711180635270e-02	8.568301357655534745e-02	1.522227175264689175e-02	2.146618782002930950e-02
5.805324256386339812e+02	4.616801880184071005e-01	2.433016712575172824e-01	7.885054942260416588e-02	9.572017183813180674e-02	8.588488693730352008e-02	1.538842545261017054e-02	2.164714947775601278e-02
5.853701958522892710e+02	4.607023601145182057e-01	2.431032543003768809e-01	7.926749843100754089e-02	9.593614912136758099e-02	8.608278060127118325e-02	1.555443577825554174e-02	2.182656405753314460e-02
5.902079660659445608e+02	4.597376739517936017e-01	2.429058532236951784e-01	7.968125337063090841e-02	9.614676824497153662e-02	8.627677421577803485e-02	1.572029017608081100e-02	2.200442922138002438e-02
5.950457362795999643e+02	4.587858981638260336e-01	2.427094862559507349e-01	8.009184660844381742e-02	9.635214603014025103e-02	8.646694575819639794e-02	1.588597638885379942e-02	2.218074319891908883e-02
5.998835064932552541e+02	4.578468065883652960e-01	2.425141699638107551e-01	8.049931018661574122e-02	9.655239687813005345e-02	8.665337156901904703e-02	1.605148245059561871e-02	2.235550476779359433e-02
6.047212767069104302e+02	4.569201781127918416e-01	2.423199193575823751e-01	8.090367582071222863e-02	9.674763281249874891e-02	8.683612638454536736e-02	1.621679668161547794e-02	2.252871323458404199e-02
6.095590469205657200e+02	4.560057965258166313e-01	2.421267479900077735e-01	8.130497489831461921e-02	9.693796352121135385e-02	8.701528336916701523e-02	1.638190768359834223e-02	2.270036841621437748e-02
6.143968171342210098e+02	4.551034503750876481e-01	2.419346680488291268e-01	8.170323847803263873e-02	9.712349639855842598e-02	8.719091414723666167e-02	1.654680433474665577e-02	2.287047062183891408e-02
6.192345873478761860e+02	4.542129328304014280e-01	2.417436904435240341e-01	8.209849728888087006e-02	9.730433658684004006e-02	8.736308883450559504e-02	1.671147578497712838e-02	2.303902063520094773e-02
6.240723575615315895e+02	4.533340415522352784e-01	2.415538248865841120e-01	8.249078172999213532e-02	9.748058701777330415e-02	8.753187606911770613e-02	1.687591145117348437e-02	2.320601969745396051e-02
6.289101277751868793e+02	4.524665785653341765e-01	2.413650799696863969e-01	8.288012187064254521e-02	9.765234845358494731e-02	8.769734304214953091e-02	1.704010101249596107e-02	2.337146949043639177e-02
6.337478979888421691e+02	4.516103501370996587e-01	2.411774632350844882e-01	8.326654745056466522e-02	9.781971952775475598e-02	8.785955552768734411e-02	1.720403440574817117e-02	2.353537212039086626e-02
6.385856682024975726e+02	4.507651666605443919e-01	2.409909812425248266e-01	8.365008788052676059e-02	9.798279678537891169e-02	8.801857791243422602e-02	1.736770182080192571e-02	2.369773010211892808e-02
6.434234384161527487e+02	4.499308425415893820e-01	2.408056396319738779e-01	8.403077224315749771e-02	9.814167472312555762e-02	8.817447322484102401e-02	1.753109369608036108e-02	2.385854634356226675e-02
6.482612086298080385e+02	4.491071960904927662e-01	2.406214431824240940e-01	8.440862929399697845e-02	9.829644582875800285e-02	8.832730316375676793e-02	1.769420071409981421e-02	2.401782413080154333e-02
6.530989788434633283e+02	4.482940494172122370e-01	2.404383958670281429e-01	8.478368746275599666e-02	9.844720062020384521e-02	8.847712812659516701e-02	1.785701379707065745e-02	2.417556711346396242e-02
6.579367490571185044e+02	4.474912283305139127e-01	2.402565009047957501e-01	8.515597485476675277e-02	9.859402768415066742e-02	8.862400723701485683e-02	1.801952410255724599e-02	2.433177929053080904e-02
6.627745192707737942e+02	4.466985622406512424e-01	2.400757608090721140e-01	8.552551925260946930e-02	9.873701371415162520e-02	8.876799837211217514e-02	1.818172301919714420e-02	2.448646499653625228e-02
6.676122894844290840e+02	4.459158840654473543e-01	2.398961774330019281e-01	8.589234811790011359e-02	9.887624354822618922e-02	8.890915818912593915e-02	1.834360216247960668e-02	2.463962888814886371e-02
6.724500596980843738e+02	4.451430301396236966e-01	2.397177520121715477e-01	8.625648859322573858e-02	9.901180020594352316e-02	8.904754215165497366e-02	1.850515337058330351e-02	2.479127593112726707e-02
6.772878299117396637e+02	4.443798401272263110e-01	2.395404852046074951e-01	8.661796750421434099e-02	9.914376492497779803e-02	8.918320455538926439e-02	1.866636870027323786e-02	2.494141138764160645e-02
6.821256001253949535e+02	4.436261569370100188e-01	2.393643771282996657e-01	8.697681136172778771e-02	9.927221719712653325e-02	8.931619855335695690e-02	1.882724042285663368e-02	2.509004080395243683e-02
6.869633703390502433e+02	4.428818266406477910e-01	2.391894273964055018e-01	8.733304636416627798e-02	9.939723480378440112e-02	8.944657618068947713e-02	1.898776102019768611e-02	2.523716999843898107e-02
6.918011405527055331e+02	4.421466983936393480e-01	2.390156351502822629e-01	8.768669839987412729e-02	9.951889385086691575e-02	8.957438837890800698e-02	1.914792318079089339e-02	2.538280504996856882e-02
6.966389107663608229e+02	4.414206243588024159e-01	2.388429990904843425e-01	8.803779304963725572e-02	9.963726880317912149e-02	8.969968501973493713e-02	1.930771979589270340e-02	2.552695228659938517e-02
7.014766809800161127e+02	4.407034596322323416e-01	2.386715175058543581e-01	8.838635558926327684e-02	9.975243251822622781e-02	8.982251492843418283e-02	1.946714395571114836e-02	2.566961827460867429e-02
7.063144511936714025e+02	4.399950621716257615e-01	2.385011883008281430e-01	8.873241099223561079e-02	9.986445627946378967e-02	8.994292590668501175e-02	1.962618894565314187e-02	2.581080980783870271e-02
7.111522214073266923e+02	4.392952927268675700e-01	2.383320090210658548e-01	8.907598393243409962e-02	9.997340982898655914e-02	9.006096475499421328e-02	1.978484824262900094e-02	2.595053389735291205e-02
7.159899916209819821e+02	4.386040147727851002e-01	2.381639768775148103e-01	8.941709878691450619e-02	1.000793613996554948e-01	9.017667729465154991e-02	1.994311551141387390e-02	2.608879776139481563e-02
7.208277618346371582e+02	4.379210944439815845e-01	2.379970887690023851e-01	8.975577963874020737e-02	1.001823777466639281e-01	9.029010838923420823e-02	2.010098460106550522e-02	2.622560881564231505e-02
7.256655320482924481e+02	4.372464004716613006e-01	2.378313413034509882e-01	9.009205027985967007e-02	1.002825241785440802e-01	9.040130196566582843e-02	2.025844954139801798e-02	2.636097466375025844e-02
7.305033022619478515e+02	4.365798041223668546e-01	2.376667308178017357e-01	9.042593421402392306e-02	1.003798645876164131e-01	9.051030103483594103e-02	2.041550453951110691e-02	2.649490308817415915e-02
7.353410724756030277e+02	4.359211791385518286e-01	2.375032533967272874e-01	9.075745465973822368e-02	1.004744614798842722e-01	9.061714771178616679e-02	2.057214397637420478e-02	2.662740204126820900e-02
7.401788426892584312e+02	4.352704016809149090e-01	2.373409048902094531e-01	9.108663455324320091e-02	1.005663760043777055e-01	9.072188323546914734e-02	2.072836240346509484e-02	2.675847963665071647e-02
7.450166129029136073e+02	4.346273502724276594e-01	2.371796809300525111e-01	9.141349655152028464e-02	1.006556679819500394e-01	9.082454798808700658e-02	2.088415453946240383e-02	2.688814414083035356e-02
7.498543831165690108e+02	4.339919057439891592e-01	2.370195769453982970e-01	9.173806303531732709e-02	1.007423959335319724e-01	9.092518151401542126e-02	2.103951526699144106e-02	2.701640396508666470e-02
7.546921533302243006e+02	4.333639511816457790e-01	2.368605881773050703e-01	9.206035611219001713e-02	1.008266171078477796e-01	9.102382253832032311e-02	2.119443962942283224e-02	2.714326765759844315e-02
7.595299235438793630e+02	4.327433718753165293e-01	2.367027096924481933e-01	9.238039761955547935e-02	1.009083875085992066e-01	9.112050898487381034e-02	2.134892282772334060e-02	2.726874389581368519e-02
7.643676937575347665e+02	4.321300552689670837e-01	2.365459363959971362e-01	9.269820912775435240e-02	1.009877619211224653e-01	9.121527799407590231e-02	2.150296021735833771e-02	2.739284147905498776e-02
7.692054639711900563e+02	4.315238909121796862e-01	2.363902630437193508e-01	9.301381194311816869e-02	1.010647939385243554e-01	9.130816594018906218e-02	2.165654730524526825e-02	2.751556932135437727e-02
7.740432341848452324e+02	4.309247704130668710e-01	2.362356842533592793e-01	9.332722711103885738e-02	1.011395359873036442e-01	9.139920844829246827e-02	2.180967974675756399e-02	2.763693644451165748e-02
7.788810043985006359e+02	4.303325873924807587e-01	2.360821945153362411e-01	9.363847541903759508e-02	1.012120393524642836e-01	9.148844041086255652e-02	2.196235334277839985e-02	2.775695197137052414e-02
7.837187746121558121e+02	4.297472374394718519e-01	2.359297882028037474e-01	9.394757739983040923e-02	1.012823542021269868e-01	9.157589600398692575e-02	2.211456403680361546e-02	2.787562511930681552e-02
7.885565448258112156e+02	4.291686180679520901e-01	2.357784595811091566e-01	9.425455333438804983e-02	1.013505296116460619e-01	9.166160870321833631e-02	2.226630791209328886e-02	2.799296519392334773e-02
7.933943150394665054e+02	4.285966286745210296e-01	2.356282028166901132e-01	9.455942325498793710e-02	1.014166135872383856e-01	9.174561129907571333e-02	2.241758118887125437e-02	2.810898158294596397e-02
7.982320852531219089e+02	4.280311704974139042e-01	2.354790119854422437e-01	9.486220694825603372e-02	1.014806530891318448e-01	9.182793591219882978e-02	2.256838022157201321e-02	2.822368375031551052e-02
8.030698554667769713e+02	4.274721465765343176e-01	2.353308810805906093e-01	9.516292395819687944e-02	1.015426940542402401e-01	9.190861400816349724e-02	2.271870149613434975e-02	2.833708123047055244e-02
8.079076256804323748e+02	4.269194617145331550e-01	2.351838040200945890e-01	9.546159358920983107e-02	1.016027814183721178e-01	9.198767641196388400e-02	2.286854162734111226e-02	2.844918362281583304e-02
8.127453958940876646e+02	4.263730224389005730e-01	2.350377746536143897e-01	9.575823490909007862e-02	1.016609591379808025e-01	9.206515332216869130e-02	2.301789735620446420e-02	2.856000058637148814e-02
8.175831661077428407e+02	4.258327369650359850e-01	2.348927867690664695e-01	9.605286675201281377e-02	1.017172702114631511e-01	9.214107432475780735e-02	2.316676554739603364e-02	2.866954183459824446e-02
8.224209363213982442e+02	4.252985151602645120e-01	2.347488340987914091e-01	9.634550772149923226e-02	1.017717567000143847e-01	9.221546840664579525e-02	2.331514318672129119e-02	2.877781713039386305e-02
8.272587065350534203e+02	4.247702685087694774e-01	2.346059103253585743e-01	9.663617619336320463e-02	1.018244597480466446e-01	9.228836396889879279e-02	2.346302737863760479e-02	2.888483628125623065e-02
8.320964767487085965e+02	4.242479100774104728e-01	2.344640090870289684e-01	9.692489031863726900e-02	1.018754196031785852e-01	9.235978883965126340e-02	2.361041534381531568e-02	2.899060913460863725e-02
8.369342469623640000e+02	4.237313544824006240e-01	2.343231239828964252e-01	9.721166802647714100e-02	1.019246756358036243e-01	9.242977028672869078e-02	2.375730441674120397e-02	2.909514557328279905e-02
8.417720171760191761e+02	4.232205178568141379e-01	2.341832485777266548e-01	9.749652702704364460e-02	1.019722663582441902e-01	9.249833502998265622e-02	2.390369204336377854e-02	2.919845551115540783e-02
8.466097873896745796e+02	4.227153178188995941e-01	2.340443764065120447e-01	9.777948481436120332e-02	1.020182294434996695e-01	9.256550925334430802e-02	2.404957577877974914e-02	2.930054888893394993e-02
8.514475576033297557e+02	4.222156734411731116e-01	2.339065009787589244e-01	9.806055866915222574e-02	1.020626017435951327e-01	9.263131861660224564e-02	2.419495328496110501e-02	2.940143567008780129e-02
8.562853278169851592e+02	4.217215052202686887e-01	2.337696157825232546e-01	9.833976566164659427e-02	1.021054193075384836e-01	9.269578826691084183e-02	2.433982232852217528e-02	2.950112583692051857e-02
8.611230980306403353e+02	4.212327350475219556e-01	2.336337142882092821e-01	9.861712265436563263e-02	1.021467173988931110e-01	9.275894285003496997e-02	2.448418077852609898e-02	2.959962938677952737e-02
8.659608682442956251e+02	4.207492861802655804e-01	2.334987899521454302e-01	9.889264630487996921e-02	1.021865305129736473e-01	9.282080652133654908e-02	2.462802660433008328e-02	2.969695632839933555e-02
8.707986384579510286e+02	4.202710832138153441e-01	2.333648362199501891e-01	9.916635306854088006e-02	1.022248923936715931e-01	9.288140295650904044e-02	2.477135787346891604e-02	2.979311667837464261e-02
8.756364086716062047e+02	4.197980520541264582e-01	2.332318465297002485e-01	9.943825920118468109e-02	1.022618360499183143e-01	9.294075536206512778e-02	2.491417274957608355e-02	2.988812045775966417e-02
8.804741788852616082e+02	4.193301198911006389e-01	2.330998143149126678e-01	9.970838076180958687e-02	1.022973937717923110e-01	9.299888648558324311e-02	2.505646949034198712e-02	2.998197768879019148e-02
8.853119490989170117e+02	4.188672151725248982e-01	2.329687330073512697e-01	9.997673361522495250e-02	1.023315971462776530e-01	9.305581862571828122e-02	2.519824644550863399e-02	3.007469839172495496e-02
8.901497193125721878e+02	4.184092675786246218e-01	2.328385960396679721e-01	1.002433334346723992e-01	1.023644770726807179e-01	9.311157364198176245e-02	2.533950205490027516e-02	3.016629258180291914e-02
8.949874895262273640e+02	4.179562079972123367e-01	2.327093968478884112e-01	1.005081957044188096e-01	1.023960637777117655e-01	9.316617296429668960e-02	2.548023484648940726e-02	3.025677026631322375e-02
8.998252597398827675e+02	4.175079684994169038e-01	2.325811288737502924e-01	1.007713357223207068e-01	1.024263868302382752e-01	9.321963760233223373e-02	2.562044343449759384e-02	3.034614144177464126e-02
9.046630299535379436e+02	4.170644823159752601e-01	2.324537855669036590e-01	1.010327686023600735e-01	1.024554751557166382e-01	9.327198815462307835e-02	2.576012651753056479e-02	3.043441609122138694e-02
9.095008001671932334e+02	4.166256838140723895e-01	2.323273603869802639e-01	1.012925092771514296e-01	1.024833570503086849e-01	9.332324481747855671e-02	2.589928287674703872e-02	3.052160418159230448e-02
9.143385703808486369e+02	4.161915084747140892e-01	2.322018468055397633e-01	1.015505725004199472e-01	1.025100601946894729e-01	9.337342739368623135e-02	2.603791137406075498e-02	3.060771566122041584e-02
9.191763405945038130e+02	4.157618928706175443e-01	2.320772383078997247e-01	1.018069728494507692e-01	1.025356116675528312e-01	9.342255530101467587e-02	2.617601095037514619e-02	3.069276045742000761e-02
9.240141108081592165e+02	4.153367746446062769e-01	2.319535283948556681e-01	1.020617247275092399e-01	1.025600379588207933e-01	9.347064758052009426e-02	2.631358062385018987e-02	3.077674847416842635e-02
9.288518810218145063e+02	4.149160924884955914e-01	2.318307105842977445e-01	1.023148423662322559e-01	1.025833649825631105e-01	9.351772290466128790e-02	2.645061948820084941e-02	3.085968958987985594e-02
9.336896512354697961e+02	4.144997861224554714e-01	2.317087784127292993e-01	1.025663398279906269e-01	1.026056180896327968e-01	9.356379958522746676e-02	2.658712671102665681e-02	3.094159365526839844e-02
9.385274214491247449e+02	4.140877962748381602e-01	2.315877254366933424e-01	1.028162310082224445e-01	1.026268220800238828e-01	9.360889558108309583e-02	2.672310153217188206e-02	3.102247049129790157e-02
9.433651916627801484e+02	4.136800646624586020e-01	2.314675452341113937e-01	1.030645296377376841e-01	1.026470012149570399e-01	9.365302850573418991e-02	2.685854326211585888e-02	3.110232988721594802e-02
9.482029618764355519e+02	4.132765339713154740e-01	2.313482314055398670e-01	1.033112492849939529e-01	1.026661792286988895e-01	9.369621563472013692e-02	2.699345128039287028e-02	3.118118159866958838e-02
9.530407320900908417e+02	4.128771478377409876e-01	2.312297775753487938e-01	1.035564033583436100e-01	1.026843793401206462e-01	9.373847391283512964e-02	2.712782503404122941e-02	3.125903534590040306e-02
9.578785023037459041e+02	4.124818508299696873e-01	2.311121773928264678e-01	1.038000051082522274e-01	1.027016242640016730e-01	9.377981996118320285e-02	2.726166403608096603e-02	3.133590081201653721e-02
9.627162725174014213e+02	4.120905884301141464e-01	2.309954245332145606e-01	1.040420676294886576e-01	1.027179362220833336e-01	9.382027008407080315e-02	2.739496786401973694e-02	3.141178764133947116e-02
9.675540427310568248e+02	4.117033070165377895e-01	2.308795126986771251e-01	1.042826038632868046e-01	1.027333369538786650e-01	9.385984027574059696e-02	2.752773615838643648e-02	3.148670543782326053e-02
9.723918129447120009e+02	4.113199538466146832e-01	2.307644356192073976e-01	1.045216265994792088e-01	1.027478477272428109e-01	9.389854622695037456e-02	2.765996862129206299e-02	3.156066376354411951e-02
9.772295831583674044e+02	4.109404770398665252e-01	2.306501870534754528e-01	1.047591484786026261e-01	1.027614893487097253e-01	9.393640333140071408e-02	2.779166501501738676e-02	3.163367213725823412e-02
9.820673533720223531e+02	4.105648255614672837e-01	2.305367607896200155e-01	1.049951819939759362e-01	1.027742821735999762e-01	9.397342669201476373e-02	2.792282516062697187e-02	3.170574003302577271e-02
9.869051235856777566e+02	4.101929492061064941e-01	2.304241506459872302e-01	1.052297394937502795e-01	1.027862461159047003e-01	9.400963112707390323e-02	2.805344893660913913e-02	3.177687687889903245e-02
9.917428937993331601e+02	4.098247985822021100e-01	2.303123504718195547e-01	1.054628331829318977e-01	1.027974006579505245e-01	9.404503117621246244e-02	2.818353627754136698e-02	3.184709205567288343e-02
9.965806640129884499e+02	4.094603250964545249e-01	2.302013541478969139e-01	1.056944751253777182e-01	1.028077648598502702e-01	9.407964110627506371e-02	2.831308717278077300e-02	3.191639489569553234e-02
