0.000000000000000000e+00	9.882157283051892227e-01	1.361765577591078536e-33	9.940591047802926905e-03	6.253698441417511006e-33	3.379649064843414253e-03	8.929002204333289991e-04	1.162774193257509327e-28
4.837770213655283591e+00	9.696452552591534602e-01	1.771512923042514384e-02	9.881351945983666424e-03	8.041974873303172797e-05	4.167662859424344987e-03	9.267096589999153540e-04	1.233993554935841130e-05
9.675540427310567182e+00	9.519640065402324991e-01	3.425555849095916761e-02	9.893765262143479344e-03	3.122068027479730059e-04	5.015803107636118870e-03	9.600012362292036647e-04	2.752719832043873458e-05
1.451331064096584811e+01	9.351198815872758807e-01	4.969779985687224760e-02	9.972505972837502827e-03	6.819127551288122488e-04	5.917636028783654703e-03	9.930928774424736035e-04	4.603955992829222632e-05
1.935108085462113081e+01	9.190640543653623151e-01	6.411338342691108583e-02	1.011260291401872360e-02	1.177047855425601740e-03	6.867207276410317550e-03	1.026275358819650095e-03	6.829744132122885609e-05
2.418885106827641707e+01	9.037507625950137458e-01	7.756918195842643637e-02	1.030941567453520780e-02	1.786016608133138110e-03	7.859009192200479624e-03	1.059814186283203341e-03	9.466842367677154508e-05
2.902662128193169622e+01	8.891371106610636010e-01	9.012771434002428417e-02	1.055861299484021909e-02	2.498057614842767553e-03	8.887950232578869722e-03	1.093951350384909146e-03	1.254714445343937436e-04
3.386439149558698603e+01	8.751828853106948802e-01	1.018474292815300386e-01	1.085615257284527728e-02	3.303187382305098133e-03	9.949326425381712150e-03	1.128906965292544081e-03	1.609807002194890474e-04
3.870216170924226162e+01	8.618503833081937460e-01	1.127829705110872383e-01	1.119826218523821935e-02	4.192147836778294459e-03	1.103879472329896000e-02	1.164880799445816269e-03	2.014292742267648434e-04
4.353993192289755143e+01	8.491042502682090154e-01	1.229854246851104782e-01	1.158142203856358209e-02	5.156357301990303725e-03	1.215234812950255310e-02	1.202053704957458096e-03	2.470125099357217539e-04
4.837770213655283413e+01	8.369113299400184891e-01	1.325025531381944510e-01	1.200234826994843462e-02	6.187864713890913783e-03	1.328629247902238936e-02	1.240588952374201354e-03	2.978911448201557568e-04
5.321547235020811684e+01	8.252405232627082476e-01	1.413790085265893282e-01	1.245797752257831771e-02	7.279306860183206926e-03	1.443722476704662437e-02	1.280633476981188909e-03	3.541942221821577129e-04
5.805324256386339954e+01	8.140626565554799354e-01	1.496565373501541896e-01	1.294545252590917350e-02	8.423868446471092022e-03	1.560201292244074549e-02	1.322319042430330268e-03	4.160217953837154134e-04
6.289101277751868224e+01	8.033503582487326877e-01	1.573741692734789144e-01	1.346210861516415960e-02	9.615244803803262019e-03	1.677777693143297014e-02	1.365763327096323424e-03	4.834474385608988271e-04
6.772878299117397205e+01	7.930779436002854954e-01	1.645683941068345757e-01	1.400546112892967279e-02	1.084760706449302420e-02	1.796187122263231961e-02	1.411070938211831738e-03	5.565205768822176864e-04
7.256655320482924765e+01	7.832213068773086206e-01	1.712733272514926353e-01	1.457319362765249066e-02	1.211556964440316762e-02	1.915186823035844657e-02	1.458334358504036503e-03	6.352686485498416826e-04
7.740432341848452324e+01	7.737578205183703872e-01	1.775208643614963611e-01	1.516314687956729461e-02	1.341415988045661575e-02	2.034554305869546234e-02	1.507634829746970018e-03	7.196991099360272636e-04
8.224209363213981305e+01	7.646662408216463591e-01	1.833408259249283412e-01	1.577330856406850002e-02	1.473878968201558504e-02	2.154085917376047030e-02	1.559043177356280027e-03	8.098012944935966849e-04
8.707986384579510286e+01	7.559266197349006067e-01	1.887610924218785236e-01	1.640180364579760935e-02	1.608522906400885327e-02	2.273595505642420425e-02	1.612620579884077761e-03	9.055481353752191159e-04
9.191763405945040688e+01	7.475202223505040822e-01	1.938077306734652672e-01	1.704688537576235299e-02	1.744958143832105527e-02	2.392913175215809554e-02	1.668419287020049633e-03	1.006897761038319690e-03
9.675540427310566827e+01	7.394294497345890171e-01	1.985051119562047106e-01	1.770692687865043496e-02	1.882826054802863927e-02	2.511884125882890562e-02	1.726483289469934145e-03	1.113794972497667230e-03
1.015931744867609581e+02	7.316377667436034793e-01	2.028760224185786332e-01	1.838041328816168371e-02	2.021796893661113176e-02	2.630367569713841849e-02	1.786848943862697154e-03	1.226172610313261066e-03
1.064309447004162337e+02	7.241296345041093874e-01	2.069417663016467623e-01	1.906593439466993875e-02	2.161567785131811303e-02	2.748235721202848397e-02	1.849545555632302937e-03	1.343952818864394298e-03
1.112687149140715235e+02	7.168904472527805050e-01	2.107222624328286276e-01	1.976217777185136637e-02	2.301860848646367086e-02	2.865372855675804575e-02	1.914595922627918565e-03	1.467048214959264458e-03
1.161064851277267991e+02	7.099064732532943678e-01	2.142361344313921667e-01	2.046792235108976787e-02	2.442421447858136169e-02	2.981674431452389570e-02	1.982016842026856733e-03	1.595362967360936489e-03
1.209442553413820747e+02	7.031647995252584549e-01	2.175007950355933029e-01	2.118203241450144700e-02	2.583016557113174821e-02	3.097046271545508475e-02	2.051819582956713149e-03	1.728793793372656370e-03
1.257820255550373645e+02	6.966532801375595607e-01	2.205325249346814231e-01	2.190345197932202365e-02	2.723433237183774461e-02	3.211403800957592786e-02	2.124010327076262302e-03	1.867230878216484449e-03
1.306197957686926259e+02	6.903604878346495388e-01	2.233465464640000675e-01	2.263119954817327181e-02	2.863477213075471192e-02	3.324671335891686563e-02	2.198590579217985039e-03	2.010558722557077068e-03
1.354575659823479441e+02	6.842756687793491999e-01	2.259570924980554285e-01	2.336436320138820036e-02	3.002971547188550139e-02	3.436781421436781170e-02	2.275557550057987106e-03	2.158656923165409684e-03
1.402953361960032339e+02	6.783887002098459851e-01	2.283774708545912580e-01	2.410209600912457603e-02	3.141755401554686272e-02	3.547674214512613888e-02	2.354904512650876722e-03	2.311400891383701573e-03
1.451331064096584669e+02	6.726900508217300567e-01	2.306201245022988233e-01	2.484361174244768475e-02	3.279682883280280598e-02	3.657296909070151952e-02	2.436621134547338908e-03	2.468662513741214874e-03
1.499708766233137851e+02	6.671707436982263761e-01	2.326966878457109034e-01	2.558818086391942762e-02	3.416621967712143298e-02	3.765603200741168138e-02	2.520693787100107813e-03	2.630310758779495686e-03
1.548086468369690749e+02	6.618223216232955730e-01	2.346180393429939393e-01	2.633512677949860145e-02	3.552453494200170925e-02	3.872552788314653077e-02	2.607105833459324746e-03	2.796212233873730021e-03
1.596464170506243647e+02	6.566368146230304736e-01	2.363943506956802942e-01	2.708382233474241479e-02	3.687070229667257365e-02	3.978110909590040073e-02	2.695837896660348808e-03	2.966231695582868377e-03
1.644841872642796261e+02	6.516067095908407714e-01	2.380351328337964867e-01	2.783368653940719931e-02	3.820375995510301437e-02	4.082247909318231782e-02	2.786868109115576454e-03	3.140232516823918477e-03
1.693219574779349159e+02	6.467249218613190243e-01	2.395492789052753868e-01	2.858418150558203127e-02	3.952284853649362661e-02	4.184938837091879693e-02	2.880172344736252853e-03	3.318077113944181786e-03
1.741597276915902057e+02	6.419847686064730219e-01	2.409451044649204565e-01	2.933480958545723119e-02	4.082720347816033712e-02	4.286163073186980560e-02	2.975724434830275423e-03	3.499627336558211801e-03
1.789974979052454671e+02	6.373799439362298758e-01	2.422303850454594343e-01	3.008511069573472849e-02	4.211614796428212598e-02	4.385903980489297416e-02	3.073496368847211668e-03	3.684744822822939338e-03
1.838352681189008138e+02	6.329044955927980443e-01	2.434123912813241364e-01	3.083465981653363275e-02	4.338908633637863360e-02	4.484148580761915248e-02	3.173458480971848815e-03	3.873291322643838790e-03
1.886730383325560467e+02	6.285528031356567569e-01	2.444979217446674180e-01	3.158306465343518193e-02	4.464549795362097312e-02	4.580887253625045424e-02	3.275579623502237504e-03	4.065128991136371210e-03
1.935108085462113081e+02	6.243195575206575976e-01	2.454933336427294888e-01	3.232996345205076810e-02	4.588493147317047882e-02	4.676113456726462697e-02	3.379827327887105666e-03	4.260120654509450162e-03
1.983485787598666263e+02	6.201997419829992086e-01	2.464045715159442207e-01	3.307502295518809088e-02	4.710699952269478685e-02	4.769823465681210378e-02	3.486167954240399890e-03	4.458130050390620748e-03
2.031863489735219162e+02	6.161886141397058259e-01	2.472371940670877732e-01	3.381793649333655893e-02	4.831137373903773152e-02	4.862016132452895434e-02	3.594566830097315965e-03	4.659022044475275535e-03
2.080241191871772060e+02	6.122816892327226368e-01	2.479963992432774045e-01	3.455842219979748942e-02	4.949778014872695253e-02	4.952692660936465485e-02	3.704988379126277018e-03	4.862662825254037216e-03
2.128618894008324673e+02	6.084747244388749587e-01	2.486870476846874400e-01	3.529622134234899899e-02	5.066599486759923443e-02	5.041856398584156768e-02	3.817396240464638029e-03	5.068920078452650822e-03
2.176996596144877287e+02	6.047637041777281786e-01	2.493136846464250045e-01	3.603109676386385268e-02	5.181584009831530918e-02	5.129512642992782590e-02	3.931753379302289735e-03	5.277663142706980060e-03
2.225374298281430470e+02	6.011448263528705871e-01	2.498805604930695590e-01	3.676283142479189886e-02	5.294718040592987646e-02	5.215668462441976072e-02	4.048022189296536857e-03	5.488763147891291029e-03
2.273752000417983652e+02	5.976144894663288909e-01	2.503916498588930062e-01	3.749122704088020397e-02	5.405991925298560957e-02	5.300332529439770457e-02	4.166164587363517177e-03	5.702093137420588889e-03
2.322129702554535982e+02	5.941692805497472696e-01	2.508506695607136128e-01	3.821610280993525260e-02	5.515399577681797533e-02	5.383514966394289253e-02	4.286142101355769861e-03	5.917528175756793692e-03
2.370507404691088880e+02	5.908059638596195873e-01	2.512610953446672291e-01	3.893729422183506150e-02	5.622938179289554972e-02	5.465227202588632954e-02	4.407915951102256945e-03	6.134945442263654673e-03
2.418885106827641494e+02	5.875214702872901817e-01	2.516261775428820235e-01	3.965465194637571994e-02	5.728607900908452844e-02	5.545481841690511754e-02	4.531447123255981889e-03	6.354224312476027155e-03
2.467262808964194392e+02	5.843128874376400939e-01	2.519489557110884959e-01	4.036804079388963545e-02	5.832411643672007207e-02	5.624292539079102371e-02	4.656696440365233093e-03	6.575246427775176261e-03
2.515640511100747290e+02	5.811774503333647646e-01	2.522322723135650424e-01	4.107733874390198658e-02	5.934354798529652142e-02	5.701673888319143402e-02	4.783624624557262020e-03	6.797895754392740096e-03
2.564018213237300188e+02	5.781125327045526507e-01	2.524787855174935314e-01	4.178243603740002671e-02	6.034445022845657397e-02	5.777641316156760520e-02	4.912192356197744164e-03	7.022058632601554766e-03
2.612395915373852517e+02	5.751156388258840124e-01	2.526909811547495277e-01	4.248323432857775694e-02	6.132692032977128671e-02	5.852210985453017156e-02	5.042360327865586314e-03	7.247623816891439821e-03
2.660773617510405415e+02	5.721843958662166107e-01	2.528711839053720545e-01	4.317964589218771521e-02	6.229107411756096280e-02	5.925399705510001058e-02	5.174089293960412207e-03	7.474482507871938256e-03
2.709151319646958882e+02	5.693165467176138916e-01	2.530215677534206065e-01	4.387159288288332987e-02	6.323704429871594701e-02	5.997224849280499009e-02	5.307340116239239389e-03	7.702528376591692011e-03
2.757529021783511780e+02	5.665099432730026363e-01	2.531441657626212760e-01	4.455900664317051507e-02	6.416497880213854754e-02	6.067704276986191081e-02	5.442073805559444200e-03	7.931657581915304081e-03
2.805906723920064678e+02	5.637625401236514566e-01	2.532408792161153221e-01	4.524182705680709210e-02	6.507503924304638976e-02	6.136856265700936508e-02	5.578251560086933646e-03	8.161768781552992263e-03
2.854284426056617008e+02	5.610723886495253554e-01	2.533134861617336031e-01	4.592000194469436636e-02	6.596739949995596153e-02	6.204699444485291954e-02	5.715834800211449553e-03	8.392763137295892670e-03
2.902662128193169337e+02	5.584376314773196182e-01	2.533636494015216734e-01	4.659348650049732754e-02	6.684224439670560791e-02	6.271252734686014185e-02	5.854785200395052486e-03	8.624544314970224862e-03
2.951039830329722804e+02	5.558564972826101069e-01	2.533929239617147555e-01	4.726224276340969255e-02	6.769976848238246081e-02	6.336535295040110483e-02	5.995064718164987150e-03	8.857018479586604293e-03
2.999417532466276270e+02	5.533272959140828062e-01	2.534027640770035172e-01	4.792623912564811933e-02	6.854017490248964783e-02	6.400566471247100264e-02	6.136635620448247994e-03	9.090094286126365608e-03
3.047795234602828600e+02	5.508484138192326629e-01	2.533945297207250147e-01	4.858544987241677354e-02	6.936367435513163260e-02	6.463365749695673679e-02	6.279460507432194083e-03	9.323682866374603806e-03
3.096172936739380930e+02	5.484183097522568051e-01	2.533694927105523687e-01	4.923985475223054131e-02	7.017048412640711219e-02	6.524952715051962615e-02	6.423502334123424445e-03	9.557697812179742278e-03
3.144550638875934396e+02	5.460355107461148938e-01	2.533288424173275044e-01	4.988943857562236350e-02	7.096082719958468621e-02	6.585347011436279430e-02	6.568724429765793876e-03	9.792055155491519863e-03
3.192928341012487294e+02	5.436986083318966489e-01	2.532736911028818372e-01	5.053419084038848763e-02	7.173493143299584929e-02	6.644568306933566759e-02	6.715090515267840496e-03	1.002667334550328727e-02
3.241306043149040192e+02	5.414062549897251664e-01	2.532050789110033007e-01	5.117410538164550438e-02	7.249302880191657583e-02	6.702636261199881873e-02	6.862564718779998012e-03	1.026147322320026221e-02
3.289683745285592522e+02	5.391571608164480445e-01	2.531239785341350412e-01	5.180918004508517499e-02	7.323535470002257020e-02	6.759570495943324764e-02	7.011111589552689212e-03	1.049637799359285154e-02
3.338061447422145420e+02	5.369500903963182470e-01	2.530312995769183892e-01	5.243941638191798593e-02	7.396214729629733975e-02	6.815390568072701716e-02	7.160696110197741805e-03	1.073131319589306493e-02
3.386439149558698318e+02	5.347838598617596917e-01	2.529278926363172642e-01	5.306481936409449679e-02	7.467364694354582111e-02	6.870115945321245143e-02	7.311283707467483919e-03	1.096620667187251513e-02
3.434816851695251216e+02	5.326573341321485522e-01	2.528145531167753091e-01	5.368539711848495377e-02	7.537009563492343134e-02	6.923765984165704268e-02	7.462840261658282813e-03	1.120098853262220875e-02
3.483194553831804114e+02	5.305694243193149751e-01	2.526920247976530698e-01	5.430116067878383579e-02	7.605173650512908612e-02	6.976359909873314225e-02	7.615332114738246512e-03	1.143559112391737999e-02
3.531572255968357013e+02	5.285190852892055480e-01	2.525610031690710966e-01	5.491212375398559636e-02	7.671881337313493643e-02	7.027916798520567054e-02	7.768726077292167562e-03	1.166994899037481805e-02
3.579949958104909342e+02	5.265053133698222032e-01	2.524221385512314675e-01	5.551830251235326946e-02	7.737157032353431108e-02	7.078455560838253779e-02	7.922989434370631551e-03	1.190399883857537304e-02
3.628327660241463377e+02	5.245271441961958381e-01	2.522760390113104045e-01	5.611971537987133635e-02	7.801025132378475169e-02	7.127994927747231813e-02	8.078089950324411281e-03	1.213767949931070754e-02
3.676705362378016275e+02	5.225836506837439055e-01	2.521232730910945019e-01	5.671638285223989245e-02	7.863509987480515884e-02	7.176553437458578488e-02	8.233995872699878538e-03	1.237093188910056048e-02
3.725083064514568036e+02	5.206739411219220015e-01	2.519643723576763250e-01	5.730832731952834047e-02	7.924635869255691745e-02	7.224149424020505361e-02	8.390675935266123445e-03	1.260369897111498529e-02
3.773460766651120935e+02	5.187971573805981729e-01	2.517998337887215610e-01	5.789557290266417883e-02	7.984426941839756209e-02	7.270801007202372379e-02	8.548099360239721708e-03	1.283592571562498438e-02
3.821838468787673833e+02	5.169524732220677210e-01	2.516301220030704999e-01	5.847814530098582875e-02	8.042907235614436823e-02	7.316526083613808518e-02	8.706235859768724633e-03	1.306755906009472723e-02
3.870216170924226162e+02	5.151390927120805818e-01	2.514556713467356319e-01	5.905607165013862514e-02	8.100100623392438026e-02	7.361342318963848275e-02	8.865055636733277372e-03	1.329854786901903292e-02
3.918593873060780197e+02	5.133562487236787986e-01	2.512768878437006692e-01	5.962938038963984388e-02	8.156030798901678369e-02	7.405267141371658923e-02	9.024529384916447558e-03	1.352884289360094250e-02
3.966971575197332527e+02	5.116032015280418399e-01	2.510941510203149041e-01	6.019810113948237396e-02	8.210721257401468187e-02	7.448317735646509119e-02	9.184628288595222609e-03	1.375839673135599572e-02
4.015349277333884856e+02	5.098792374669083305e-01	2.509078156115031599e-01	6.076226458518761697e-02	8.264195278274691359e-02	7.490511038460358206e-02	9.345324021598291203e-03	1.398716378572220469e-02
4.063726979470438323e+02	5.081836677014927028e-01	2.507182131564759109e-01	6.132190237075633293e-02	8.316475909450564419e-02	7.531863734341778804e-02	9.506588745874046398e-03	1.421510022574763547e-02
4.112104681606991221e+02	5.065158270331395762e-01	2.505256534911242672e-01	6.187704699900206662e-02	8.367585953522459208e-02	7.572392252424935133e-02	9.668395109609340468e-03	1.444216394592094492e-02
4.160482383743544119e+02	5.048750727912633129e-01	2.503304261438168421e-01	6.242773173878507498e-02	8.417547955434478979e-02	7.612112763891938638e-02	9.830716244936732115e-03	1.466831452620411501e-02
4.208860085880095880e+02	5.032607837844079723e-01	2.501328016408762567e-01	6.297399053869605356e-02	8.466384191619072408e-02	7.651041180051282309e-02	9.993525765265439190e-03	1.489351319232098785e-02
4.257237788016648778e+02	5.016723593105255619e-01	2.499330327276068076e-01	6.351585794676817276e-02	8.514116660476034326e-02	7.689193150999060200e-02	1.015679776226878321e-02	1.511772277634998440e-02
4.305615490153201677e+02	5.001092182228217276e-01	2.497313555103600757e-01	6.405336903582324604e-02	8.560767074090711026e-02	7.726584064813503405e-02	1.032050680255867416e-02	1.534090767766449481e-02
4.353993192289755143e+02	4.985707980477511736e-01	2.495279905247692886e-01	6.458655933408333216e-02	8.606356851096273741e-02	7.763229047236820668e-02	1.048462792407557805e-02	1.556303382426000442e-02
4.402370894426308041e+02	4.970565541519635366e-01	2.493231437349492374e-01	6.511546476070331768e-02	8.650907110591425642e-02	7.799142961801672214e-02	1.064913663222047564e-02	1.578406863450278544e-02
4.450748596562860939e+02	4.955659589552018907e-01	2.491170074681451907e-01	6.564012156590176561e-02	8.694438667031056944e-02	7.834340410362630736e-02	1.081400889575345921e-02	1.600398097933122474e-02
4.499126298699413837e+02	4.940985011863503473e-01	2.489097612890232847e-01	6.616056627538900725e-02	8.736972026013006820e-02	7.868835733995850623e-02	1.097922114248192117e-02	1.622274114493723121e-02
4.547504000835967304e+02	4.926536851800035199e-01	2.487015728175219209e-01	6.667683563881007802e-02	8.778527380889490639e-02	7.902643014232831054e-02	1.114475025475968918e-02	1.644032079595193416e-02
4.595881702972519065e+02	4.912310302110970417e-01	2.484925984939275745e-01	6.718896658193927729e-02	8.819124610136638842e-02	7.935776074596631591e-02	1.131057356481695274e-02	1.665669293915682247e-02
4.644259405109071963e+02	4.898300698652962026e-01	2.482829842946013554e-01	6.769699616237963291e-02	8.858783275420280268e-02	7.968248482411224853e-02	1.147666884993946319e-02	1.687183188773870232e-02
4.692637107245624861e+02	4.884503514429849313e-01	2.480728664015583174e-01	6.820096152853653837e-02	8.897522620300418739e-02	8.000073550856807991e-02	1.164301432751414095e-02	1.708571322610424881e-02
4.741014809382177759e+02	4.870914353948332387e-01	2.478623718288942290e-01	6.870089988165030415e-02	8.935361569520873515e-02	8.031264341245925031e-02	1.180958864995704238e-02	1.729831377526759237e-02
4.789392511518730657e+02	4.857528947870508595e-01	2.476516190088587643e-01	6.919684844068560436e-02	8.972318728834348389e-02	8.061833665497107615e-02	1.197637089953849064e-02	1.750961155882212877e-02
4.837770213655284124e+02	4.844343147945519568e-01	2.474407183401925447e-01	6.968884440988934448e-02	9.008412385316680315e-02	8.091794088784490246e-02	1.214334058311910061e-02	1.771958576950580233e-02
4.886147915791837022e+02	4.831352922203698275e-01	2.472297727011748547e-01	7.017692494884071597e-02	9.043660508127329689e-02	8.121157932343503472e-02	1.231047762680945526e-02	1.792821673636723484e-02
4.934525617928388783e+02	4.818554350397651342e-01	2.470188779296694503e-01	7.066112714482833401e-02	9.078080749676194217e-02	8.149937276414197240e-02	1.247776237056522769e-02	1.813548589253837287e-02
4.982903320064942250e+02	4.805943619675660528e-01	2.468081232723078056e-01	7.114148798740016488e-02	9.111690447159739858e-02	8.178143963305249675e-02	1.264517556272874710e-02	1.834137574361777157e-02
5.031281022201495148e+02	4.793517020473749835e-01	2.465975918048091964e-01	7.161804434494216387e-02	9.144506624432036102e-02	8.205789600562941877e-02	1.281269835452710296e-02	1.854586983666724892e-02
5.079658724338048046e+02	4.781270942613584651e-01	2.463873608253072944e-01	7.209083294315048185e-02	9.176545994178823829e-02	8.232885564230646436e-02	1.298031229453621219e-02	1.874895272982328442e-02
5.128036426474600376e+02	4.769201871594190845e-01	2.461775022224317599e-01	7.255989034527134118e-02	9.207824960365020017e-02	8.259443002185516691e-02	1.314799932311952642e-02	1.895060996252342228e-02
5.176414128611153274e+02	4.757306385066223386e-01	2.459680828197783886e-01	7.302525293399016182e-02	9.238359620928246474e-02	8.285472837540083790e-02	1.331574176684939895e-02	1.915082802634678755e-02
5.224791830747705035e+02	4.745581149478229621e-01	2.457591646982972278e-01	7.348695689486001159e-02	9.268165770692969596e-02	8.310985772097503888e-02	1.348352233291853081e-02	1.934959433646689375e-02
5.273169532884259070e+02	4.734022916884985666e-01	2.455508054980258259e-01	7.394503820116599124e-02	9.297258904481713049e-02	8.335992289850054082e-02	1.365132410354833598e-02	1.954689720371400458e-02
5.321547235020811968e+02	4.722628521908627808e-01	2.453430587005053232e-01	7.439953260012881209e-02	9.325654220401564942e-02	8.360502660511380524e-02	1.381913053040052970e-02	1.974272580724352119e-02
5.369924937157364866e+02	4.711394878843859213e-01	2.451359738931269683e-01	7.485047560035779091e-02	9.353366623285822024e-02	8.384526943073770944e-02	1.398692542899774953e-02	1.993707016780606883e-02
5.418302639293917764e+02	4.700318978899056255e-01	2.449295970165779601e-01	7.529790246046828839e-02	9.380410728272120524e-02	8.408074989382437192e-02	1.415469297315854504e-02	2.012992112161446703e-02
5.466680341430470662e+02	4.689397887565600054e-01	2.447239705964780188e-01	7.574184817878520937e-02	9.406800864499847981e-02	8.431156447719509450e-02	1.432241768945163862e-02	2.032127029480193525e-02
5.515058043567023560e+02	4.678628742108243421e-01	2.445191339602283687e-01	7.618234748405812440e-02	9.432551078910925146e-02	8.453780766391073842e-02	1.449008445167397456e-02	2.051111007846557685e-02
5.563435745703576458e+02	4.668008749169742511e-01	2.443151234400273153e-01	7.661943482711956743e-02	9.457675140139261416e-02	8.475957197311137503e-02	1.465767847535666066e-02	2.069943360428859111e-02
5.611813447840129356e+02	4.657535182483429348e-01	2.441119725629455062e-01	7.705314437342149214e-02	9.482186542475364022e-02	8.497694799577000524e-02	1.482518531230257383e-02	2.088623472073425358e-02
5.660191149976681118e+02	4.647205380687750020e-01	2.439097122288958475e-01	7.748350999638965730e-02	9.506098509893635973e-02	8.519002443031001293e-02	1.499259084515909210e-02	2.107150796980439625e-02
5.708568852113234016e+02	4.637016745237196313e-01	2.437083708772782575e-01	7.791056527153970845e-02	9.529424000130853889e-02	8.539888811804043078e-02	1.515988128202907896e-02	2.125524856435472357e-02
5.756946554249786914e+02	4.626966738404366675e-01	2.435079746430291736e-01	7.833434347130172060e-02	9.552175708805277221e-02	8.560362407836810683e-02	1.532704315112294428e-02	2.143745236595906781e-02
5.805324256386339812e+02	4.617052881368223782e-01	2.433085475027589872e-01	7.875487756050424115e-02	9.574366073566688284e-02	8.580431554374910730e-02	1.549406329545442197e-02	2.161811586331440979e-02
5.853701958522892710e+02	4.607272752383929082e-01	2.431101114116148709e-01	7.917220019247137031e-02	9.596007278268452179e-02	8.600104399434620184e-02	1.566092886758234728e-02	2.179723615117828278e-02
5.902079660659445608e+02	4.597623985029871130e-01	2.429126864314665735e-01	7.958634370568989924e-02	9.617111257153421189e-02	8.619388919236210811e-02	1.582762732440058315e-02	2.197481090983006285e-02
5.950457362795999643e+02	4.588104266527823216e-01	2.427162908509727657e-01	7.999734012100603864e-02	9.637689699046220193e-02	8.638292921602183649e-02	1.599414642197796027e-02	2.215083838504740624e-02
5.998835064932552541e+02	4.578711336132361698e-01	2.425209412980502688e-01	8.040522113931418413e-02	9.657754051545072715e-02	8.656824049318015413e-02	1.616047421044993979e-02	2.232531736858902813e-02
6.047212767069104302e+02	4.569442983585934037e-01	2.423266528452342472e-01	8.081001813970210834e-02	9.677315525206918456e-02	8.674989783453304626e-02	1.632659902896350240e-02	2.249824717917495165e-02
6.095590469205657200e+02	4.560297047636169832e-01	2.421334391083856397e-01	8.121176217801989727e-02	9.696385097720149060e-02	8.692797446641459258e-02	1.649250950067659982e-02	2.266962764395522370e-02
6.143968171342210098e+02	4.551271414612236277e-01	2.419413123391729314e-01	8.161048398584178076e-02	9.714973518059770441e-02	8.710254206316292436e-02	1.665819452781333934e-02	2.283945908045807369e-02
6.192345873478761860e+02	4.542364017057220482e-01	2.417502835117276982e-01	8.200621396979172750e-02	9.733091310620312075e-02	8.727367077904128745e-02	1.682364328677593557e-02	2.300774227900849803e-02
6.240723575615315895e+02	4.533572832413705345e-01	2.415603624038468178e-01	8.239898221120636745e-02	9.750748779322215842e-02	8.744142927970191548e-02	1.698884522331431043e-02	2.317447848560815968e-02
6.289101277751868793e+02	4.524895881759867233e-01	2.413715576730912638e-01	8.278881846610949835e-02	9.767956011687856099e-02	8.760588477318254075e-02	1.715379004775409791e-02	2.333966938526759946e-02
6.337478979888421691e+02	4.516331228593581937e-01	2.411838769281073880e-01	8.317575216547509753e-02	9.784722882883738204e-02	8.776710304042684152e-02	1.731846773028369521e-02	2.350331708578166229e-02
6.385856682024975726e+02	4.507876977662172435e-01	2.409973267954768350e-01	8.355981241575660690e-02	9.801059059725755751e-02	8.792514846532187289e-02	1.748286849630089831e-02	2.366542410193919407e-02
6.434234384161527487e+02	4.499531273835562506e-01	2.408119129823804716e-01	8.394102799966197959e-02	9.816974004644717089e-02	8.808008406424679138e-02	1.764698282181953112e-02	2.382599334015801304e-02
6.482612086298080385e+02	4.491292301020734512e-01	2.406276403353437010e-01	8.431942737715532321e-02	9.832476979609672263e-02	8.823197151512841840e-02	1.781080142893640486e-02	2.398502808353625976e-02
6.530989788434633283e+02	4.483158281115511845e-01	2.404445128953130173e-01	8.469503868666712620e-02	9.847577050006812993e-02	8.838087118600075620e-02	1.797431528135886442e-02	2.414253197731128578e-02
6.579367490571185044e+02	4.475127472999791411e-01	2.402625339492979184e-01	8.506788974649638624e-02	9.862283088472023618e-02	8.852684216306623555e-02	1.813751557999307082e-02	2.429850901471736907e-02
6.627745192707737942e+02	4.467198171562466458e-01	2.400817060787968638e-01	8.543800805638894491e-02	9.876603778675369094e-02	8.866994227825766850e-02	1.830039375859309272e-02	2.445296352323349243e-02
6.676122894844290840e+02	4.459368706762368295e-01	2.399020312052115855e-01	8.580542079927729049e-02	9.890547619056025419e-02	8.881022813630091994e-02	1.846294147947085545e-02	2.460590015121267432e-02
6.724500596980843738e+02	4.451637442721667060e-01	2.397235106324413778e-01	8.617015484316845053e-02	9.904122926506393754e-02	8.894775514127876981e-02	1.862515062926687476e-02	2.475732385488433815e-02
6.772878299117396637e+02	4.444002776850232705e-01	2.395461450868368869e-01	8.653223674316681824e-02	9.917337840004279703e-02	8.908257752269768681e-02	1.878701331478169548e-02	2.490723988572132730e-02
6.821256001253949535e+02	4.436463138999571232e-01	2.393699347546798251e-01	8.689169274362049111e-02	9.930200324192246797e-02	8.921474836105947048e-02	1.894852185886782697e-02	2.505565377816329833e-02
6.869633703390502433e+02	4.429016990644998319e-01	2.391948793173466481e-01	8.724854878037952011e-02	9.942718172903353135e-02	8.934431961294068969e-02	1.910966879638201915e-02	2.520257133768833563e-02
6.918011405527055331e+02	4.421662824094804711e-01	2.390209779843018023e-01	8.760283048315602172e-02	9.954899012632693889e-02	8.947134213558305404e-02	1.927044687019760505e-02	2.534799862922470365e-02
6.966389107663608229e+02	4.414399161725232612e-01	2.388482295240582642e-01	8.795456317797639700e-02	9.966750305954237554e-02	8.959586571099886765e-02	1.943084902727656993e-02	2.549194196589484734e-02
7.014766809800161127e+02	4.407224555240135122e-01	2.386766322932337148e-01	8.830377188971652580e-02	9.978279354882638175e-02	8.971793906959556197e-02	1.959086841480109017e-02	2.563440789808382400e-02
7.063144511936714025e+02	4.400137584954266767e-01	2.385061842638220853e-01	8.865048134471167907e-02	9.989493304179750122e-02	8.983760991332415125e-02	1.975049837636408401e-02	2.577540320282446090e-02
7.111522214073266923e+02	4.393136859099196490e-01	2.383368830487935519e-01	8.899471597343314166e-02	1.000039914460573859e-01	8.995492493835674508e-02	1.990973244821844443e-02	2.591493487349169969e-02
7.159899916209819821e+02	4.386221013150901071e-01	2.381687259261273670e-01	8.933649991322425987e-02	1.001100371611472750e-01	9.006992985729841972e-02	2.006856435558445825e-02	2.605301010979870283e-02
7.208277618346371582e+02	4.379388709178127503e-01	2.380017098613766702e-01	8.967585701108926610e-02	1.002131371099504592e-01	9.018266942093912386e-02	2.022698800901499144e-02	2.618963630808741200e-02
7.256655320482924481e+02	4.372638635210678859e-01	2.378358315288567892e-01	9.001281082652819177e-02	1.003133567695418116e-01	9.029318743955162818e-02	2.038499750081793419e-02	2.632482105190640104e-02
7.305033022619478515e+02	4.365969504626820430e-01	2.376710873315437123e-01	9.034738463441223388e-02	1.004107602014866762e-01	9.040152680374158312e-02	2.054258710153543041e-02	2.645857210286895606e-02
7.353410724756030277e+02	4.359380055559020084e-01	2.375074734197632487e-01	9.067960142789398270e-02	1.005054100815914730e-01	9.050772950485611035e-02	2.069975125647929501e-02	2.659089739178452372e-02
7.401788426892584312e+02	4.352869050317315081e-01	2.373449857087462089e-01	9.100948392134723675e-02	1.005973677291094465e-01	9.061183665495733952e-02	2.085648458232217811e-02	2.672180501005668590e-02
7.450166129029136073e+02	4.346435274829604234e-01	2.371836198951206010e-01	9.133705455333188117e-02	1.006866931354052364e-01	9.071388850636759316e-02	2.101278186374383461e-02	2.685130320134108614e-02
7.498543831165690108e+02	4.340077538098205956e-01	2.370233714724067631e-01	9.166233548957915256e-02	1.007734449920826558e-01	9.081392447079290886e-02	2.116863805013194030e-02	2.697940035345671936e-02
7.546921533302243006e+02	4.333794671672064336e-01	2.368642357455776615e-01	9.198534862599332118e-02	1.008576807185803392e-01	9.091198313803180997e-02	2.132404825233689613e-02	2.710610499054427053e-02
7.595299235438793630e+02	4.327585529134010400e-01	2.367062078447420836e-01	9.230611559166590485e-02	1.009394564892402701e-01	9.100810229427620801e-02	2.147900773948002717e-02	2.723142576546518090e-02
7.643676937575347665e+02	4.321448985602506787e-01	2.365492827380051843e-01	9.262465775189877848e-02	1.010188272598548237e-01	9.110231894001140363e-02	2.163351193581450338e-02	2.735537145243535292e-02
7.692054639711900563e+02	4.315383937247347368e-01	2.363934552435570380e-01	9.294099621123305677e-02	1.010958467936979854e-01	9.119466930752202771e-02	2.178755641763846854e-02	2.747795093988748133e-02
7.740432341848452324e+02	4.309389300818792790e-01	2.362387200410371035e-01	9.325515181648050267e-02	1.011705676870467141e-01	9.128518887801138904e-02	2.194113691025967317e-02	2.759917322355612962e-02
7.788810043985006359e+02	4.303464013189665649e-01	2.360850716822190110e-01	9.356714515975468605e-02	1.012430413941989849e-01	9.137391239834075085e-02	2.209424928501102156e-02	2.771904739977981702e-02
7.837187746121558121e+02	4.297607030909927905e-01	2.359325046010571636e-01	9.387699658149936677e-02	1.013133182519947439e-01	9.146087389739591955e-02	2.224688955631641540e-02	2.783758265901446760e-02
7.885565448258112156e+02	4.291817329773311429e-01	2.357810131231349859e-01	9.418472617351143772e-02	1.013814475038465057e-01	9.154610670208797318e-02	2.239905387880621046e-02	2.795478827955273637e-02
7.933943150394665054e+02	4.286093904395566478e-01	2.356305914745504826e-01	9.449035378195642931e-02	1.014474773232866278e-01	9.162964345299529079e-02	2.255073854448170698e-02	2.807067362144383127e-02
7.982320852531219089e+02	4.280435767803942304e-01	2.354812337902743302e-01	9.479389901037432731e-02	1.015114548370380371e-01	9.171151611965365491e-02	2.270193997992798335e-02	2.818524812060852272e-02
8.030698554667769713e+02	4.274841951037495758e-01	2.353329341220118665e-01	9.509538122267394145e-02	1.015734261476154976e-01	9.179175601550151886e-02	2.285265474357447285e-02	2.829852128314426507e-02
8.079076256804323748e+02	4.269311502757877630e-01	2.351856864455996732e-01	9.539481954611378489e-02	1.016334363554647069e-01	9.187039381248719716e-02	2.300287952300261035e-02	2.841050267981534705e-02
8.127453958940876646e+02	4.263843488870238119e-01	2.350394846679647876e-01	9.569223287426820157e-02	1.016915295806463532e-01	9.194745955534480708e-02	2.315261113229993492e-02	2.852120194072315859e-02
8.175831661077428407e+02	4.258436992153915579e-01	2.348943226336724088e-01	9.598763986997700670e-02	1.017477489840725446e-01	9.202298267554571976e-02	2.330184650945997527e-02	2.863062875015179656e-02
8.224209363213982442e+02	4.253091111902587151e-01	2.347501941310882467e-01	9.628105896827726662e-02	1.018021367883028966e-01	9.209699200493222382e-02	2.345058271382732470e-02	2.873879284158428749e-02
8.272587065350534203e+02	4.247804963573583170e-01	2.346070928981770498e-01	9.657250837931612153e-02	1.018547342979074788e-01	9.216951578903995190e-02	2.359881692358721181e-02	2.884570399288485451e-02
8.320964767487085965e+02	4.242577678446055600e-01	2.344650126279603508e-01	9.686200609124336058e-02	1.019055819194043810e-01	9.224058170011562030e-02	2.374654643329899770e-02	2.895137202164276002e-02
8.369342469623640000e+02	4.237408403287734049e-01	2.343239469736533576e-01	9.714956987308270842e-02	1.019547191807788633e-01	9.231021684983652109e-02	2.389376865147290613e-02	2.905580678067331418e-02
8.417720171760191761e+02	4.232296300029990133e-01	2.341838895534997800e-01	9.743521727758108764e-02	1.020021847505917373e-01	9.237844780173817827e-02	2.404048109818939308e-02	2.915901815367182709e-02
8.466097873896745796e+02	4.227240545450957621e-01	2.340448339553234669e-01	9.771896564403462215e-02	1.020480164566840847e-01	9.244530058335627409e-02	2.418668140276052786e-02	2.926101605101631697e-02
8.514475576033297557e+02	4.222240330866449676e-01	2.339067737408125069e-01	9.800083210109088172e-02	1.020922513044858898e-01	9.251080069808921558e-02	2.433236730143275434e-02	2.936181040571487003e-02
8.562853278169851592e+02	4.217294861828448926e-01	2.337697024495524745e-01	9.828083356952661831e-02	1.021349254949356217e-01	9.257497313678735018e-02	2.447753663513043548e-02	2.946141116949375222e-02
8.611230980306403353e+02	4.212403357830931672e-01	2.336336136028231425e-01	9.855898676500020328e-02	1.021760744420180528e-01	9.263784238907471491e-02	2.462218734723952557e-02	2.955982830902233877e-02
8.659608682442956251e+02	4.207565052022810281e-01	2.334985007071728180e-01	9.883530820077843226e-02	1.022157327899275298e-01	9.269943245440939728e-02	2.476631748143082179e-02	2.965707180227108303e-02
8.707986384579510286e+02	4.202779190927779518e-01	2.333643572577830394e-01	9.910981419043708718e-02	1.022539344298637881e-01	9.275976685288818413e-02	2.490992517952214658e-02	2.975315163499889226e-02
8.756364086716062047e+02	4.198045034170868606e-01	2.332311767416359038e-01	9.938252085053464469e-02	1.022907125164672776e-01	9.281886863580122993e-02	2.505300867937888462e-02	2.984807779736622577e-02
8.804741788852616082e+02	4.193361854211500317e-01	2.330989526404958490e-01	9.965344410325904789e-02	1.023260994839010896e-01	9.287676039594226773e-02	2.519556631285227444e-02	2.994186028067046673e-02
8.853119490989170117e+02	4.188728936082866672e-01	2.329676784337161577e-01	9.992259967904697227e-02	1.023601270615861619e-01	9.293346427768005291e-02	2.533759650375488198e-02	3.003450907420014346e-02
8.901497193125721878e+02	4.184145577137447503e-01	2.328373476008805676e-01	1.001900031191754331e-01	1.023928262895969082e-01	9.298900198679617424e-02	2.547909776587265959e-02	3.012603416220460337e-02
8.949874895262273640e+02	4.179611086798490915e-01	2.327079536242894209e-01	1.004556697783252905e-01	1.024242275337236274e-01	9.304339480009478358e-02	2.562006870101301431e-02	3.021644552097593403e-02
8.998252597398827675e+02	4.175124786317291337e-01	2.325794899912990987e-01	1.007196148271167074e-01	1.024543605002086882e-01	9.309666357478925403e-02	2.576050799708834438e-02	3.030575311603997055e-02
9.046630299535379436e+02	4.170686008536100831e-01	2.324519501965235657e-01	1.009818532546161995e-01	1.024832542501627475e-01	9.314882875767095671e-02	2.590041442623444365e-02	3.039396689945322860e-02
9.095008001671932334e+02	4.166294097656519924e-01	2.323253277439052134e-01	1.012423998708152084e-01	1.025109372136676911e-01	9.319991039406511080e-02	2.603978684296325355e-02	3.048109680720280032e-02
9.143385703808486369e+02	4.161948409013213612e-01	2.321996161486629684e-01	1.015012693090800305e-01	1.025374372035725012e-01	9.324992813657874413e-02	2.617862418234936928e-02	3.056715275670624649e-02
9.191763405945038130e+02	4.157648308852814889e-01	2.320748089391242719e-01	1.017584760285732554e-01	1.025627814289885031e-01	9.329890125364531661e-02	2.631692545824982146e-02	3.065214464440862638e-02
9.240141108081592165e+02	4.153393174117862574e-01	2.319508996584475069e-01	1.020140343166462404e-01	1.025869965084900137e-01	9.334684863787089115e-02	2.645468976155652963e-02	3.073608234347386531e-02
9.288518810218145063e+02	4.149182392235652439e-01	2.318278818662411755e-01	1.022679582912031926e-01	1.026101084830265409e-01	9.339378881418647360e-02	2.659191625848093127e-02	3.081897570156774679e-02
9.336896512354697961e+02	4.145015360911860069e-01	2.317057491400852931e-01	1.025202619030362999e-01	1.026321428285525694e-01	9.343973994781100412e-02	2.672860418887025927e-02	3.090083453872985095e-02
9.385274214491247449e+02	4.140891487928814452e-01	2.315844950769606891e-01	1.027709589381322897e-01	1.026531244683807770e-01	9.348471985202926049e-02	2.686475286455494368e-02	3.098166864533188555e-02
9.433651916627801484e+02	4.136810190948294608e-01	2.314641132945911284e-01	1.030200630199504253e-01	1.026730777852644938e-01	9.352874599578932246e-02	2.700036166772664531e-02	3.106148778011984940e-02
9.482029618764355519e+02	4.132770897318737147e-01	2.313445974327031640e-01	1.032675876116718877e-01	1.026920266332150555e-01	9.357183551112352449e-02	2.713543004934637973e-02	3.114030166833763047e-02
9.530407320900908417e+02	4.128773043886736493e-01	2.312259411542081367e-01	1.035135460184207767e-01	1.027099943490597245e-01	9.361400520039725448e-02	2.726995752758227046e-02	3.121811999992957221e-02
9.578785023037459041e+02	4.124816076812727328e-01	2.311081381463106765e-01	1.037579513894567179e-01	1.027270037637456473e-01	9.365527154338948446e-02	2.740394368627642116e-02	3.129495242781976660e-02
9.627162725174014213e+02	4.120899451390740431e-01	2.309911821215475947e-01	1.040008167203393397e-01	1.027430772133951786e-01	9.369565070420916852e-02	2.753738817344042814e-02	3.137080856626570796e-02
9.675540427310568248e+02	4.117022631872133687e-01	2.308750668187609656e-01	1.042421548550646476e-01	1.027582365501179956e-01	9.373515853805126918e-02	2.767029069977905431e-02	3.144569798928419091e-02
9.723918129447120009e+02	4.113185091293188322e-01	2.307597860040090099e-01	1.044819784881734770e-01	1.027725031525851401e-01	9.377381059779620054e-02	2.780265103724158596e-02	3.151963022914722190e-02
9.772295831583674044e+02	4.109386311306483797e-01	2.306453334714179404e-01	1.047203001668322725e-01	1.027858979363700936e-01	9.381162214045647707e-02	2.793446901760041415e-02	3.159261477494592490e-02
9.820673533720223531e+02	4.105625782015941971e-01	2.305317030439782977e-01	1.049571322928861544e-01	1.027984413640619238e-01	9.384860813347419006e-02	2.806574453105639341e-02	3.166466107122029028e-02
9.869051235856777566e+02	4.101903001815467853e-01	2.304188885742882720e-01	1.051924871248848675e-01	1.028101534551553592e-01	9.388478326087271175e-02	2.819647752487049880e-02	3.173577851665293492e-02
9.917428937993331601e+02	4.098217477231080874e-01	2.303068839452469818e-01	1.054263767800812102e-01	1.028210537957227888e-01	9.392016192926631868e-02	2.832666800202135113e-02	3.180597646282477819e-02
9.965806640129884499e+02	4.094568722766456226e-01	2.301956830707005131e-01	1.056588132364027904e-01	1.028311615478726404e-01	9.395475827373091227e-02	2.845631601988817677e-02	3.187526421303084334e-02
