0.000000000000000000e+00	9.882563818577252412e-01	1.303057981588471400e-34	1.023010417714752956e-02	8.265606648593092357e-29	3.238044460697712436e-03	4.820306291592822809e-04	3.612283125980430700e-28
4.837770213655283591e+00	9.696794517185509665e-01	1.772441993907981905e-02	1.017877835227079357e-02	7.996479822621304213e-05	4.018861784507235524e-03	5.125090244309055089e-04	1.257550766374539119e-05
9.675540427310567182e+00	9.519924627855403942e-01	3.427319359774494423e-02	1.019790526184990477e-02	3.104688739423716462e-04	4.861049773537920449e-03	5.433767641572064076e-04	2.810406795685652925e-05
1.451331064096584811e+01	9.351432541415487520e-01	4.972289554849919357e-02	1.028222704810542558e-02	6.781785322803621317e-04	5.758059172536641492e-03	5.748959736367765258e-04	4.705070812251831006e-05
1.935108085462113081e+01	9.190829435137960468e-01	6.414511495816797859e-02	1.042683676445962764e-02	1.170708584596639448e-03	6.703828778367186894e-03	6.073044078450319690e-04	6.982411749703484839e-05
2.418885106827641707e+01	9.037657162536747446e-01	7.760678038356501329e-02	1.062715539086550587e-02	1.776558708332049395e-03	7.692752107145563872e-03	6.408171943122633425e-04	9.678108683441092556e-05
2.902662128193169622e+01	8.891486280101400519e-01	9.017046339891400530e-02	1.087891034896989670e-02	2.485053997286137007e-03	8.719646272566944009e-03	6.756284591164052160e-04	1.282306377359920639e-04
3.386439149558698603e+01	8.751914202054813519e-01	1.018946624348689989e-01	1.117811541931670524e-02	3.286289428158015516e-03	9.779722930308756487e-03	7.119128436823914021e-04	1.644378629131766211e-04
3.870216170924226162e+01	8.618563474803281332e-01	1.128340681190262290e-01	1.152105196917172988e-02	4.171077987100699387e-03	1.086856115287903289e-02	7.498269195768660295e-04	2.056274966467042326e-04
4.353993192289755143e+01	8.491080163290282146e-01	1.230398113237347185e-01	1.190425140551048047e-02	5.130902216763467971e-03	1.198208210814488694e-02	7.895105080167565863e-04	2.519872335307998530e-04
4.837770213655283413e+01	8.369132341972741473e-01	1.325596950484074499e-01	1.232447877328170412e-02	6.157868959933518460e-03	1.311652542306306242e-02	8.310879103706514696e-04	3.036708123986816090e-04
5.321547235020811684e+01	8.252408683612877383e-01	1.414384111900547636e-01	1.277871742426752583e-02	7.244667090504927978e-03	1.426842712188084936e-02	8.746690555210523930e-04	3.608008812121774348e-04
5.805324256386339954e+01	8.140617139522163814e-01	1.497177431870713171e-01	1.326415468672968896e-02	8.384528036166336018e-03	1.543459903531642363e-02	9.203505695715187562e-04	4.234716576573440815e-04
6.289101277751868224e+01	8.033483705308451794e-01	1.574367554570954841e-01	1.377816847058263398e-02	9.571188909970933245e-03	1.661210958399577178e-02	9.682167730237446670e-04	4.917513992152842180e-04
6.772878299117397205e+01	7.930751266564830537e-01	1.646319704897337977e-01	1.431831474708865348e-02	1.079885807989139704e-02	1.779826584574980761e-02	1.018340610214069335e-03	5.656846955683607217e-04
7.256655320482924765e+01	7.832178519301025155e-01	1.713375343988297328e-01	1.488231584604756026e-02	1.206218301662269517e-02	1.899059682228871129e-02	1.070784515485284855e-03	6.452945953525545059e-04
7.740432341848452324e+01	7.737538960256815646e-01	1.775853716865011256e-01	1.546804951717115073e-02	1.335622027032790093e-02	2.018683782629793200e-02	1.125601220276458911e-03	7.305845784729090566e-04
8.224209363213981305e+01	7.646619942553488647e-01	1.834053299221342914e-01	1.607353870580828514e-02	1.467640743677394062e-02	2.138491591516690840e-02	1.182834505039468591e-03	8.215403844572251139e-04
8.707986384579510286e+01	7.559221792435332210e-01	1.888253149936850450e-01	1.669694199643533689e-02	1.601853698241974266e-02	2.258293630239080127e-02	1.242519899634839803e-03	9.181317066300056845e-04
9.191763405945040688e+01	7.475156983129800370e-01	1.938714175457843525e-01	1.733654468036390298e-02	1.737873180654011737e-02	2.377916968219956698e-02	1.304685335620086933e-03	1.020313761240934777e-03
9.675540427310566827e+01	7.394249362113630708e-01	1.985680311790907204e-01	1.799075040695676669e-02	1.875342242643372737e-02	2.497204040718785031e-02	1.369351753620001678e-03	1.128028740076931916e-03
1.015931744867609581e+02	7.316333428313955833e-01	2.029379629478840208e-01	1.865807338029719722e-02	2.013932567920878949e-02	2.616011546266300974e-02	1.436533668759202350e-03	1.241207154521282302e-03
1.064309447004162337e+02	7.241253655999485561e-01	2.070025366578915615e-01	1.933713106573769352e-02	2.153342484059981438e-02	2.734209418511470910e-02	1.506239696941780691e-03	1.359769078494906360e-03
1.112687149140715235e+02	7.168863862328119785e-01	2.107816894336131952e-01	2.002663737307350256e-02	2.293295106777401560e-02	2.851679867565498280e-02	1.578473044580180418e-03	1.483625297221082299e-03
1.161064851277267991e+02	7.099026615714874033e-01	2.142940619938235591e-01	2.072539628525441741e-02	2.433536607916722549e-02	2.968316486249811259e-02	1.653231964204679872e-03	1.612678368293588536e-03
1.209442553413820747e+02	7.031612682368655332e-01	2.175570830453330828e-01	2.143229590357502087e-02	2.573834599007321366e-02	3.084023416955973193e-02	1.730510178225240546e-03	1.746823601097195451e-03
1.257820255550373645e+02	6.966500508519062329e-01	2.205870481783580028e-01	2.214630288217820514e-02	2.713976622802364430e-02	3.198714575106798019e-02	1.810297272968313526e-03	1.885949960226705269e-03
1.306197957686926259e+02	6.903575736015720166e-01	2.233991936218611141e-01	2.286645722647789869e-02	2.853768745696248776e-02	3.312312925470923403e-02	1.892579064971767686e-03	2.029940898174471906e-03
1.354575659823479441e+02	6.842730749133564272e-01	2.260077651938647014e-01	2.359186743176251017e-02	2.993034244386117912e-02	3.424749807828869619e-02	1.977337941390794329e-03	2.178675122204805879e-03
1.402953361960032339e+02	6.783864250558461206e-01	2.284260827598998678e-01	2.432170593978836420e-02	3.131612380576019594e-02	3.535964308718341637e-02	2.064553176245852335e-03	2.332027300005250214e-03
1.451331064096584669e+02	6.726880864659470216e-01	2.306666004923435542e-01	2.505520489261925388e-02	3.269357257927904548e-02	3.645902676201243781e-02	2.154201224129884042e-03	2.489868708397904688e-03
1.499708766233137851e+02	6.671690766277210694e-01	2.327409632043107857e-01	2.579165216432055194e-02	3.406136755842813224e-02	3.754517774795551599e-02	2.246255992885659494e-03	2.652067829107361031e-03
1.548086468369690749e+02	6.618209333373102909e-01	2.346600590139317488e-01	2.653038765238081506e-02	3.541831535009997561e-02	3.861768577902750105e-02	2.340689096664663217e-03	2.818490895314049345e-03
1.596464170506243647e+02	6.566356821991906623e-01	2.364340685781666229e-01	2.727079981191563030e-02	3.676334109992999283e-02	3.967619695236852123e-02	2.437470090686032209e-03	2.989002392471693317e-03
1.644841872642796261e+02	6.516058062090700487e-01	2.380725111197229404e-01	2.801232241681324980e-02	3.809547984431332912e-02	4.072040932924842621e-02	2.536566688927194887e-03	3.163465516633936006e-03
1.693219574779349159e+02	6.467242172881603191e-01	2.395842874560665525e-01	2.875443153301446286e-02	3.941386844725867228e-02	4.175006884101539750e-02	2.637944965896707808e-03	3.341742593316961944e-03
1.741597276915902057e+02	6.419842296423485806e-01	2.409777202258960305e-01	2.949664269008455894e-02	4.071773808346520335e-02	4.276496547964959982e-02	2.741569543563931836e-03	3.523695459721107835e-03
1.789974979052454671e+02	6.373795348280260065e-01	2.422605914957139117e-01	3.023850823813781230e-02	4.200640723153753475e-02	4.376492975392036466e-02	2.847403764449308629e-03	3.709185812944070394e-03
1.838352681189008138e+02	6.329041784140192473e-01	2.434401779172254976e-01	3.097961487801859440e-02	4.327927514361693678e-02	4.474982939339556404e-02	2.955409851812743592e-03	3.898075526640498549e-03
1.886730383325560467e+02	6.285525381362616626e-01	2.445232835951662298e-01	3.171958135343195401e-02	4.453581575991667763e-02	4.571956628371998815e-02	3.065549057815709997e-03	4.090226938416697405e-03
1.935108085462113081e+02	6.243193034485655657e-01	2.455162708147557160e-01	3.245805629445371043e-02	4.577557203871379654e-02	4.667407361767128560e-02	3.177781800474814653e-03	4.285503110094064476e-03
1.983485787598666263e+02	6.201994563791338733e-01	2.464250887682521707e-01	3.319471620253938021e-02	4.699815067428011334e-02	4.761331324752280519e-02	3.292067790170516341e-03	4.483768062830077901e-03
2.031863489735219162e+02	6.161882536083341799e-01	2.472553004109899200e-01	3.392926356779557562e-02	4.820321717703898723e-02	4.853727322519574977e-02	3.408366146424164807e-03	4.684886988950362659e-03
2.080241191871772060e+02	6.122812096887420008e-01	2.480121075687835575e-01	3.466142510987961500e-02	4.939049129192066290e-02	4.944596551757469982e-02	3.526635505609311549e-03	4.888726442219112379e-03
2.128618894008324673e+02	6.084740813335991483e-01	2.487003744106391079e-01	3.539095013445632543e-02	5.055974273246501699e-02	5.033942388519310057e-02	3.646834120219124859e-03	5.095154508157208328e-03
2.176996596144877287e+02	6.047628527046317037e-01	2.493246493932851637e-01	3.611760899766716659e-02	5.171078720969348591e-02	5.121770191327376653e-02	3.768919950270532317e-03	5.304040955907259047e-03
2.225374298281430470e+02	6.011437216346604551e-01	2.498891857770951797e-01	3.684119167155883862e-02	5.284348273614881270e-02	5.208087118483659128e-02	3.892850747387171031e-03	5.515257373042037337e-03
2.273752000417983652e+02	5.976130867246310929e-01	2.503979608064816342e-01	3.756150640387852235e-02	5.395772618678808252e-02	5.292901958626562708e-02	4.018584132067252492e-03	5.728677284616763045e-03
2.322129702554535982e+02	5.941675352586146541e-01	2.508546936417770934e-01	3.827837846607271693e-02	5.505345009961713082e-02	5.376224973636238580e-02	4.146077664608798299e-03	5.944176257676168397e-03
2.370507404691088880e+02	5.908038318839943237e-01	2.512628621239442195e-01	3.899164898372863702e-02	5.613061970007865442e-02	5.458067753050620252e-02	4.275288910133295470e-03	6.161631992343590859e-03
2.418885106827641494e+02	5.875189080074847414e-01	2.516257184481570097e-01	3.970117384407281791e-02	5.718923013425683544e-02	5.538443079209674769e-02	4.406175498119440682e-03	6.380924400541327160e-03
2.467262808964194392e+02	5.843098518608330627e-01	2.519463038173380132e-01	4.040682267549278173e-02	5.822930389694330050e-02	5.617364802397206702e-02	4.538695176831222984e-03	6.601935673318618490e-03
2.515640511100747290e+02	5.811738991930474052e-01	2.522274621421041751e-01	4.110847789437592492e-02	5.925088844152698320e-02	5.694847725297999541e-02	4.672805862998955645e-03	6.824550337695632282e-03
2.564018213237300188e+02	5.781084245488021800e-01	2.524718528492427838e-01	4.180603381486668046e-02	6.025405395952811161e-02	5.770907496133292208e-02	4.808465687087921762e-03	7.048655303868384472e-03
2.612395915373852517e+02	5.751109330952847154e-01	2.526819628567899545e-01	4.249939581742991079e-02	6.123889131839817257e-02	5.845560509879899058e-02	4.945633034466926335e-03	7.274139903560308817e-03
2.660773617510405415e+02	5.721790529621987309e-01	2.528601177699997815e-01	4.318847957237680057e-02	6.220551014695691744e-02	5.918823817017757061e-02	5.084266582768144985e-03	7.500895920250946237e-03
2.709151319646958882e+02	5.693105280619299435e-01	2.530084923489543947e-01	4.387321031475995697e-02	6.315403705853760152e-02	5.990715039287614757e-02	5.224325335710137790e-03	7.728817611960717149e-03
2.757529021783511780e+02	5.665032113590160456e-01	2.531291202952569153e-01	4.455352216727916093e-02	6.408461400256600105e-02	6.061252291975048612e-02	5.365768653637639600e-03	7.957801727222596835e-03
2.805906723920064678e+02	5.637550585600684672e-01	2.532239034021585011e-01	4.522935750805785748e-02	6.499739673591031774e-02	6.130454112269219380e-02	5.508556281014729238e-03	8.187747514826709469e-03
2.854284426056617008e+02	5.610641221971599535e-01	2.532946201095797045e-01	4.590066638035573271e-02	6.589255340591049226e-02	6.198339393274877873e-02	5.652648371092023130e-03	8.418556727882012258e-03
2.902662128193169337e+02	5.584285460794443656e-01	2.533429335027843066e-01	4.656740594147380785e-02	6.677026323752968673e-02	6.264927323284255611e-02	5.798005507953697506e-03	8.650133622700208191e-03
2.951039830329722804e+02	5.558465600894080261e-01	2.533703987909391442e-01	4.722953994828762297e-02	6.763071531756954802e-02	6.330237329941745816e-02	5.944588726136253339e-03	8.882384952970678177e-03
2.999417532466276270e+02	5.533164753016818205e-01	2.533784702994305582e-01	4.788703827701138588e-02	6.847410746935753134e-02	6.394289028958825838e-02	6.092359527997954702e-03	9.115219959661229748e-03
3.047795234602828600e+02	5.508366794037735659e-01	2.533685080076026885e-01	4.853987647495222602e-02	6.930064521175048620e-02	6.457102177059606540e-02	6.241279899005755874e-03	9.348550357047928291e-03
3.096172936739380930e+02	5.484056323994142002e-01	2.533417836615180496e-01	4.918803534216009687e-02	7.011054079670549222e-02	6.518696628858791642e-02	6.391312321095229954e-03	9.582290315247711868e-03
3.144550638875934396e+02	5.460218625764633460e-01	2.532994864894124176e-01	4.983150054101529586e-02	7.090401232005032195e-02	6.579092297393876465e-02	6.542419784248439465e-03	9.816356439600043907e-03
3.192928341012487294e+02	5.436839627224873128e-01	2.532427285457133914e-01	5.047026223192344063e-02	7.168128290044091522e-02	6.638309118052056201e-02	6.694565796424801520e-03	1.005066774721824138e-02
3.241306043149040192e+02	5.413905865722133948e-01	2.531725497078056164e-01	5.110431473340727726e-02	7.244257992182603911e-02	6.696367015649819232e-02	6.847714391970812983e-03	1.028514564100725323e-02
3.289683745285592522e+02	5.391404454720898354e-01	2.530899223481504201e-01	5.173365620499605078e-02	7.318813433504946231e-02	6.753285874439463043e-02	7.001830138625880426e-03	1.051971388142242982e-02
3.338061447422145420e+02	5.369323052481296266e-01	2.529957557028939541e-01	5.235828835141777271e-02	7.391818001451061493e-02	6.809085510832027510e-02	7.156878143233453941e-03	1.075429855622310298e-02
3.386439149558698318e+02	5.347649832641159229e-01	2.528908999567220928e-01	5.297821614669718376e-02	7.463295316607529428e-02	6.863785648640356729e-02	7.312824056259185565e-03	1.098882804845550780e-02
3.434816851695251216e+02	5.326373456580767440e-01	2.527761500624314817e-01	5.359344757685336608e-02	7.533269178268189870e-02	6.917405896659280240e-02	7.469634075210809104e-03	1.122323300288163329e-02
3.483194553831804114e+02	5.305483047457189016e-01	2.526522493124840341e-01	5.420399339997628019e-02	7.601763514432477442e-02	6.969965728412295947e-02	7.627274947047893959e-03	1.145744629105381607e-02
3.531572255968357013e+02	5.284968165802423901e-01	2.525198926786863529e-01	5.480986692254109088e-02	7.668802335931806935e-02	7.021484463905765250e-02	7.785713969663546168e-03	1.169140297521939487e-02
3.579949958104909342e+02	5.264818786586369370e-01	2.523797299350849510e-01	5.541108379089375313e-02	7.734409694394939194e-02	7.071981253242386189e-02	7.944918992514406197e-03	1.192504027122515652e-02
3.628327660241463377e+02	5.245025277652015649e-01	2.522323685781832081e-01	5.600766179691090557e-02	7.798609643782625223e-02	7.121475061955867547e-02	8.104858416469974333e-03	1.215829751057792216e-02
3.676705362378016275e+02	5.225578379436246479e-01	2.520783765576699031e-01	5.659962069690210179e-02	7.861426205239824272e-02	7.169984657938123507e-02	8.265501192947352291e-03	1.239111610180500256e-02
3.725083064514568036e+02	5.206469185895213903e-01	2.519182848299862387e-01	5.718698204288356901e-02	7.922883335030650453e-02	7.217528599839125036e-02	8.426816822392824147e-03	1.262343949124661302e-02
3.773460766651120935e+02	5.187689126558437946e-01	2.517525897462593587e-01	5.776976902540912479e-02	7.983004895336949513e-02	7.264125226827765347e-02	8.588775352167399291e-03	1.285521312340151198e-02
3.821838468787673833e+02	5.169229949640702371e-01	2.515817552853755190e-01	5.834800632719750607e-02	8.041814627716095676e-02	7.309792649609772597e-02	8.751347373889406880e-03	1.308638440093699840e-02
3.870216170924226162e+02	5.151083706145355157e-01	2.514062151422674640e-01	5.892171998684471446e-02	8.099336129027352726e-02	7.354548742605862555e-02	8.914504020283420954e-03	1.331690264446507357e-02
3.918593873060780197e+02	5.133242734896903414e-01	2.512263746808325315e-01	5.949093727195660375e-02	8.155592829648958264e-02	7.398411137200011645e-02	9.078216961581366679e-03	1.354671905217783197e-02
3.966971575197332527e+02	5.115699648444768100e-01	2.510426127602851110e-01	6.005568656108040831e-02	8.210607973820079064e-02	7.441397215973979962e-02	9.242458401518284170e-03	1.377578665942708926e-02
4.015349277333884856e+02	5.098447319783813159e-01	2.508552834431742595e-01	6.061599723385441285e-02	8.264404601952995977e-02	7.483524107850035578e-02	9.407201072962247806e-03	1.400406029832571529e-02
4.063726979470438323e+02	5.081478869840732049e-01	2.506647175927602667e-01	6.117189956883290619e-02	8.317005534771297615e-02	7.524808684069257680e-02	9.572418233215054112e-03	1.423149655744121618e-02
4.112104681606991221e+02	5.064787655678664180e-01	2.504712243669439120e-01	6.172342464847918597e-02	8.368433359139665351e-02	7.565267554937883665e-02	9.738083659017607654e-03	1.445805374164557677e-02
4.160482383743544119e+02	5.048367259375438065e-01	2.502750926154727606e-01	6.227060427085236161e-02	8.418710415459917940e-02	7.604917067278907372e-02	9.904171641291526634e-03	1.468369183217944733e-02
4.208860085880095880e+02	5.032211477533715671e-01	2.500765921867119101e-01	6.281347086754479614e-02	8.467858786516545277e-02	7.643773302530521008e-02	1.007065697964609069e-02	1.490837244698315148e-02
4.257237788016648778e+02	5.016314311383965885e-01	2.498759751498560167e-01	6.335205742745604607e-02	8.515900287662853119e-02	7.681852075437145544e-02	1.023751497667756485e-02	1.513205880134184736e-02
4.305615490153201677e+02	5.000669957443708569e-01	2.496734769380780927e-01	6.388639742601612270e-02	8.562856458246330404e-02	7.719168933282623268e-02	1.040472143208588836e-02	1.535471566888743124e-02
4.353993192289755143e+02	4.985272798698778818e-01	2.494693174177517736e-01	6.441652475949639911e-02	8.608748554178739798e-02	7.755739155618733560e-02	1.057225263663186775e-02	1.557630934299529535e-02
4.402370894426308041e+02	4.970117396274570942e-01	2.492637018885496825e-01	6.494247368406987075e-02	8.653597541562947637e-02	7.791577754445554171e-02	1.074008536595624265e-02	1.579680759861002912e-02
4.450748596562860939e+02	4.955198481567265612e-01	2.490568220189079141e-01	6.546427875930499463e-02	8.697424091294503334e-02	7.826699474803273937e-02	1.090819687428038441e-02	1.601617965453031381e-02
4.499126298699413837e+02	4.940510948806922098e-01	2.488488567210543623e-01	6.598197479579767655e-02	8.740248574561691741e-02	7.861118795738009091e-02	1.107656488800687518e-02	1.623439613617980865e-02
4.547504000835967304e+02	4.926049848026147759e-01	2.486399729695250305e-01	6.649559680666536354e-02	8.782091059172980607e-02	7.894849931606863491e-02	1.124516759923677861e-02	1.645142903888756683e-02
4.595881702972519065e+02	4.911810378409691147e-01	2.484303265668378613e-01	6.700517996264554466e-02	8.822971306645761846e-02	7.927906833690009925e-02	1.141398365921915230e-02	1.666725169169853624e-02
4.644259405109071963e+02	4.897787882001898296e-01	2.482200628597536485e-01	6.751075955055751976e-02	8.862908769994844171e-02	7.960303192079942747e-02	1.158299217174705263e-02	1.688183872173200373e-02
4.692637107245624861e+02	4.883977837750417272e-01	2.480093174093312147e-01	6.801237093490213048e-02	8.901922592163447057e-02	7.992052437820189315e-02	1.175217268651320736e-02	1.709516601910322439e-02
4.741014809382177759e+02	4.870375855865906600e-01	2.477982166177755408e-01	6.851004952238923251e-02	8.940031605043465002e-02	8.023167745267914541e-02	1.192150519243744856e-02	1.730721070242119755e-02
4.789392511518730657e+02	4.856977672478791086e-01	2.475868783148811314e-01	6.900383072919603900e-02	8.977254329035466718e-02	8.053662034656654256e-02	1.209097011097700486e-02	1.751795108487339686e-02
4.837770213655284124e+02	4.843779144575299789e-01	2.473754123066921051e-01	6.949374995077262085e-02	9.013608973102427147e-02	8.083547974837274053e-02	1.226054828942983212e-02	1.772736664090629119e-02
4.886147915791837022e+02	4.830776245196144458e-01	2.471639208888292139e-01	6.997984253402296517e-02	9.049113435274384887e-02	8.112837986176839322e-02	1.243022099424034334e-02	1.793543797350860211e-02
4.934525617928388783e+02	4.817965058882238694e-01	2.469524993267741275e-01	7.046214375170092858e-02	9.083785303564304026e-02	8.141544243596698927e-02	1.259996990431603778e-02	1.814214678210275197e-02
4.982903320064942250e+02	4.805341777352855059e-01	2.467412363052532975e-01	7.094068877887142743e-02	9.117641857258207416e-02	8.169678679732429727e-02	1.276977710436286856e-02	1.834747583104821486e-02
5.031281022201495148e+02	4.792902695402511126e-01	2.465302143487239639e-01	7.141551267129660208e-02	9.150700068545318533e-02	8.197252988199708879e-02	1.293962507824642817e-02	1.855140891875927539e-02
5.079658724338048046e+02	4.780644207003759694e-01	2.463195102148340865e-01	7.188665034561614320e-02	9.182976604456385972e-02	8.224278626951375681e-02	1.310949670238546576e-02	1.875393084743829861e-02
5.128036426474600376e+02	4.768562801603842272e-01	2.461091952626075219e-01	7.235413656119966952e-02	9.214487829080678094e-02	8.250766821712125776e-02	1.327937523918358911e-02	1.895502739342450407e-02
5.176414128611153274e+02	4.756655060603928176e-01	2.458993357969902760e-01	7.281800590355663738e-02	9.245249806034275264e-02	8.276728569478329633e-02	1.344924433050449612e-02	1.915468527815721370e-02
5.224791830747705035e+02	4.744917654010363250e-01	2.456899933912889133e-01	7.327829276919738122e-02	9.275278301154264715e-02	8.302174642071519228e-02	1.361908799119558762e-02	1.935289213975146042e-02
5.273169532884259070e+02	4.733347337248003384e-01	2.454812251889313679e-01	7.373503135184536483e-02	9.304588785395336015e-02	8.327115589734966627e-02	1.378889060266426554e-02	1.954963650518311627e-02
5.321547235020811968e+02	4.721940948126339133e-01	2.452730841858884459e-01	7.418825562990770395e-02	9.333196437906998710e-02	8.351561744763676132e-02	1.395863690651086807e-02	1.974490776307977896e-02
5.369924937157364866e+02	4.710695403949680116e-01	2.450656194950065203e-01	7.463799935511690464e-02	9.361116149271218878e-02	8.375523225158905405e-02	1.412831199822172853e-02	1.993869613711305930e-02
5.418302639293917764e+02	4.699607698763217378e-01	2.448588765934210099e-01	7.508429604226249388e-02	9.388362524881874172e-02	8.399009938299090150e-02	1.429790132092549279e-02	2.013099265998712084e-02
5.466680341430470662e+02	4.688674900727280437e-01	2.446528975541446271e-01	7.552717895993685260e-02	9.414949888448724546e-02	8.422031584619726896e-02	1.446739065921547399e-02	2.032178914801793801e-02
5.515058043567023560e+02	4.677894149612590313e-01	2.444477212628525520e-01	7.596668112222418334e-02	9.440892285609983614e-02	8.444597661295434599e-02	1.463676613304049079e-02	2.051107817629699986e-02
5.563435745703576458e+02	4.667262654409735090e-01	2.442433836208207087e-01	7.640283528126651236e-02	9.466203487638749636e-02	8.466717465917988905e-02	1.480601419166636783e-02	2.069885305443292314e-02
5.611813447840129356e+02	4.656777691046529721e-01	2.440399177349112658e-01	7.683567392064498403e-02	9.490896995229725075e-02	8.488400100164712747e-02	1.497512160770994236e-02	2.088510780286392116e-02
5.660191149976681118e+02	4.646436600207289325e-01	2.438373540954413554e-01	7.726522924951854943e-02	9.514986042353673623e-02	8.509654473452091250e-02	1.514407547124724772e-02	2.106983712973372128e-02
5.708568852113234016e+02	4.636236785248433745e-01	2.436357207427166938e-01	7.769153319746635589e-02	9.538483600168076726e-02	8.530489306569982721e-02	1.531286318399720930e-02	2.125303640832323926e-02
5.756946554249786914e+02	4.626175710205151503e-01	2.434350434229609339e-01	7.811461740998335013e-02	9.561402380973361981e-02	8.550913135292231848e-02	1.548147245358206213e-02	2.143470165503004107e-02
5.805324256386339812e+02	4.616250897884199844e-01	2.432353457343243708e-01	7.853451324458221583e-02	9.583754842204918190e-02	8.570934313959888140e-02	1.564989128786543893e-02	2.161482950788735924e-02
5.853701958522892710e+02	4.606459928038195151e-01	2.430366492636112374e-01	7.895125176745768081e-02	9.605553190451920909e-02	8.590561019033657320e-02	1.581810798936893192e-02	2.179341720561425028e-02
5.902079660659445608e+02	4.596800435617035552e-01	2.428389737143231419e-01	7.936486375067244858e-02	9.626809385494713989e-02	8.609801252612504785e-02	1.598611114976769554e-02	2.197046256718829249e-02
5.950457362795999643e+02	4.587270109092365100e-01	2.426423370265776425e-01	7.977537966982622963e-02	9.647535144353198977e-02	8.628662845915717472e-02	1.615388964446561396e-02	2.214596397193211927e-02
5.998835064932552541e+02	4.577866688851220389e-01	2.424467554894246535e-01	8.018282970217256722e-02	9.667741945339297649e-02	8.647153462725988560e-02	1.632143262725027633e-02	2.231992034010491996e-02
6.047212767069104302e+02	4.568587965655244165e-01	2.422522438460494587e-01	8.058724372514977641e-02	9.687441032107171890e-02	8.665280602791392006e-02	1.648872952502800776e-02	2.249233111398999188e-02
6.095590469205657200e+02	4.559431779162063658e-01	2.420588153923195207e-01	8.098865131529531247e-02	9.706643417695420828e-02	8.683051605184360922e-02	1.665577003263894393e-02	2.266319623946932982e-02
6.143968171342210098e+02	4.550396016505618979e-01	2.418664820691023842e-01	8.138708174751432822e-02	9.725359888555996923e-02	8.700473651616033588e-02	1.682254410775214579e-02	2.283251614807622551e-02
6.192345873478761860e+02	4.541478610932440096e-01	2.416752545487546588e-01	8.178256399467541404e-02	9.743601008565033750e-02	8.717553769704536326e-02	1.698904196584058793e-02	2.300029173951681841e-02
6.240723575615315895e+02	4.532677540491029666e-01	2.414851423161559762e-01	8.217512672750849900e-02	9.761377123011262535e-02	8.734298836195981963e-02	1.715525407523579154e-02	2.316652436465150081e-02
6.289101277751868793e+02	4.523990826771674967e-01	2.412961537446375870e-01	8.256479831478102938e-02	9.778698362558073398e-02	8.750715580137151395e-02	1.732117115226170304e-02	2.333121580892712210e-02
6.337478979888421691e+02	4.515416533694191492e-01	2.411082961671322245e-01	8.295160682373081684e-02	9.795574647175658844e-02	8.766810585998997818e-02	1.748678415644750600e-02	2.349436827625093691e-02
6.385856682024975726e+02	4.506952766341210115e-01	2.409215759428521009e-01	8.333558002073494786e-02	9.812015690040036542e-02	8.782590296750258929e-02	1.765208428581883926e-02	2.365598437329732850e-02
6.434234384161527487e+02	4.498597669834791257e-01	2.407359985197801699e-01	8.371674537219558898e-02	9.828031001396085597e-02	8.798061016880626140e-02	1.781706297226685887e-02	2.381606709423829057e-02
6.482612086298080385e+02	4.490349428254253872e-01	2.405515684932426623e-01	8.409513004562516048e-02	9.843629892382008140e-02	8.813228915373037820e-02	1.798171187699460286e-02	2.397461980588880964e-02
6.530989788434633283e+02	4.482206263593242479e-01	2.403682896608134167e-01	8.447076091091403061e-02	9.858821478812924977e-02	8.828100028624794038e-02	1.814602288603995445e-02	2.413164623325829428e-02
6.579367490571185044e+02	4.474166434754156541e-01	2.401861650737834031e-01	8.484366454176542338e-02	9.873614684921587503e-02	8.842680263317290179e-02	1.830998810587457573e-02	2.428715044549929064e-02
6.627745192707737942e+02	4.466228236578189681e-01	2.400051970854154004e-01	8.521386721728314850e-02	9.888018247054383703e-02	8.856975399234293111e-02	1.847359985907799651e-02	2.444113684224485938e-02
6.676122894844290840e+02	4.458389998909302876e-01	2.398253873961876947e-01	8.558139492369874757e-02	9.902040717321085317e-02	8.870991092028744640e-02	1.863685068008614359e-02	2.459361014032596798e-02
6.724500596980843738e+02	4.450650085690566193e-01	2.396467370962194476e-01	8.594627335622553876e-02	9.915690467196967839e-02	8.884732875938185226e-02	1.879973331101350911e-02	2.474457536086045392e-02
6.772878299117396637e+02	4.443006894091392489e-01	2.394692467050559270e-01	8.630852792102790272e-02	9.928975691076111221e-02	8.898206166448958954e-02	1.896224069754808006e-02	2.489403781670520080e-02
6.821256001253949535e+02	4.435458853664250300e-01	2.392929162089821593e-01	8.666818373729509584e-02	9.941904409774890428e-02	8.911416262909437058e-02	1.912436598491820336e-02	2.504200310026323539e-02
6.869633703390502433e+02	4.428004425529543653e-01	2.391177450960215167e-01	8.702526563940944648e-02	9.954484473984817616e-02	8.924368351092544505e-02	1.928610251393050867e-02	2.518847707163758207e-02
6.918011405527055331e+02	4.420642101587401451e-01	2.389437323887658171e-01	8.737979817919955261e-02	9.966723567674019846e-02	8.937067505707946280e-02	1.944744381707798342e-02	2.533346584712388438e-02
6.966389107663608229e+02	4.413370403755198512e-01	2.387708766751748812e-01	8.773180562826982110e-02	9.978629211436816637e-02	8.949518692864318059e-02	1.960838361471728061e-02	2.547697578803380727e-02
7.014766809800161127e+02	4.406187883229689128e-01	2.385991761374733899e-01	8.808131198039820253e-02	9.990208765790956069e-02	8.961726772482114800e-02	1.976891581131432624e-02	2.561901348984152449e-02
7.063144511936714025e+02	4.399093119772685689e-01	2.384286285792656113e-01	8.842834095399458583e-02	1.000146943442218467e-01	8.973696500657360464e-02	1.992903449175732408e-02	2.575958577164550595e-02
7.111522214073266923e+02	4.392084721019302029e-01	2.382592314509803244e-01	8.877291599461289984e-02	1.001241826737595680e-01	8.985432531976973725e-02	2.008873391773617276e-02	2.589869966593815603e-02
7.159899916209819821e+02	4.385161321807787838e-01	2.380909818737513561e-01	8.911506027751033010e-02	1.002306216419615037e-01	8.996939421786193103e-02	2.024800852418734420e-02	2.603636240867584356e-02
7.208277618346371582e+02	4.378321583530072059e-01	2.379238766618320122e-01	8.945479671024775259e-02	1.003340787701077763e-01	9.008221628408699666e-02	2.040685291580330088e-02	2.617258142964206877e-02
7.256655320482924481e+02	4.371564193502158191e-01	2.377579123436358577e-01	8.979214793532562522e-02	1.004346201356473428e-01	9.019283515320036804e-02	2.056526186360543851e-02	2.630736434309658214e-02
7.305033022619478515e+02	4.364887864353568792e-01	2.375930851814897216e-01	9.012713633285031334e-02	1.005323104019972408e-01	9.030129353274983506e-02	2.072323030157963500e-02	2.644071893870343290e-02
7.353410724756030277e+02	4.358291333435058146e-01	2.374293911901800280e-01	9.045978402322581158e-02	1.006272128478155059e-01	9.040763322389533396e-02	2.088075332337344103e-02	2.657265317273112618e-02
7.401788426892584312e+02	4.351773362243890886e-01	2.372668261543678103e-01	9.079011286986657381e-02	1.007193893957503278e-01	9.051189514178137330e-02	2.103782617905389576e-02	2.670317515951799170e-02
7.450166129029136073e+02	4.345332735865973794e-01	2.371053856449431285e-01	9.111814448192728788e-02	1.008089006406685667e-01	9.061411933546928421e-02	2.119444427192507599e-02	2.683229316319629687e-02
7.498543831165690108e+02	4.338968262434200196e-01	2.369450650343851161e-01	9.144390021704572324e-02	1.008958058773673783e-01	9.071434500743588702e-02	2.135060315540441081e-02	2.696001558966846373e-02
7.546921533302243006e+02	4.332678772602375217e-01	2.367858595111897169e-01	9.176740118409507097e-02	1.009801631277727485e-01	9.081261053264604033e-02	2.150629852995675564e-02	2.708635097882911361e-02
7.595299235438793630e+02	4.326463119034137383e-01	2.366277640934229543e-01	9.208866824594263978e-02	1.010620291676297272e-01	9.090895347720587272e-02	2.166152624008535824e-02	2.721130799702665623e-02
7.643676937575347665e+02	4.320320175906308124e-01	2.364707736414540240e-01	9.240772202221173015e-02	1.011414595526891197e-01	9.100341061660423281e-02	2.181628227137871745e-02	2.733489542975831368e-02
7.692054639711900563e+02	4.314248838426137378e-01	2.363148828699193071e-01	9.272458289204398019e-02	1.012185086443956050e-01	9.109601795354929643e-02	2.197056274761242933e-02	2.745712217459262902e-02
7.740432341848452324e+02	4.308248022361932383e-01	2.361600863589645716e-01	9.303927099685962987e-02	1.012932296350830957e-01	9.118681073540776949e-02	2.212436392790509063e-02	2.757799723431355113e-02
7.788810043985006359e+02	4.302316663586588930e-01	2.360063785648102153e-01	9.335180624311327502e-02	1.013656745726828484e-01	9.127582347125398621e-02	2.227768220392735074e-02	2.769752971028041633e-02
7.837187746121558121e+02	4.296453717633554881e-01	2.358537538296810177e-01	9.366220830504295991e-02	1.014358943849502370e-01	9.136308994853593879e-02	2.243051409716319278e-02	2.781572879599814724e-02
7.885565448258112156e+02	4.290658159264793547e-01	2.357022063911398402e-01	9.397049662741058240e-02	1.015039389032165729e-01	9.144864324936578803e-02	2.258285625622253809e-02	2.793260377089226351e-02
7.933943150394665054e+02	4.284928982050320578e-01	2.355517303908615245e-01	9.427669042823183521e-02	1.015698568856720774e-01	9.153251576644184928e-02	2.273470545420431393e-02	2.804816399428328513e-02
7.982320852531219089e+02	4.279265197958915801e-01	2.354023198828813224e-01	9.458080870149386532e-02	1.016336960401864886e-01	9.161473921860933955e-02	2.288605858610908567e-02	2.816241889955527905e-02
8.030698554667769713e+02	4.273665836959624209e-01	2.352539688413504138e-01	9.488287021985923608e-02	1.016955030466740462e-01	9.169534466606700518e-02	2.303691266630035830e-02	2.827537798851345596e-02
8.079076256804323748e+02	4.268129946633684724e-01	2.351066711678279075e-01	9.518289353735484570e-02	1.017553235790094185e-01	9.177436252522669369e-02	2.318726482601377731e-02	2.838705082592575535e-02
8.127453958940876646e+02	4.262656591796534222e-01	2.349604206981381060e-01	9.548089699204416470e-02	1.018132023265013869e-01	9.185182258323296156e-02	2.333711231091325361e-02	2.849744703424355804e-02
8.175831661077428407e+02	4.257244854129550449e-01	2.348152112088190968e-01	9.577689870868208444e-02	1.018691830149311139e-01	9.192775401214949016e-02	2.348645247869331210e-02	2.860657628849672465e-02
8.224209363213982442e+02	4.251893831821219605e-01	2.346710364231873736e-01	9.607091660135097522e-02	1.019233084271620182e-01	9.200218538281958180e-02	2.363528279672671636e-02	2.871444831135826214e-02
8.272587065350534203e+02	4.246602639217418318e-01	2.345278900170421621e-01	9.636296837607710719e-02	1.019756204233279590e-01	9.207514467840705041e-02	2.378360083975665507e-02	2.882107286837407370e-02
8.320964767487085965e+02	4.241370406480521882e-01	2.343857656240304621e-01	9.665307153342667101e-02	1.020261599606069325e-01	9.214665930762459822e-02	2.393140428763262592e-02	2.892645976335334046e-02
8.369342469623640000e+02	4.236196279257049002e-01	2.342446568406938712e-01	9.694124337108031564e-02	1.020749671125871366e-01	9.221675611765622893e-02	2.407869092308925763e-02	2.903061883391511513e-02
8.417720171760191761e+02	4.231079418353586585e-01	2.341045572312155931e-01	9.722750098638584249e-02	1.021220810882323554e-01	9.228546140678017817e-02	2.422545862956727164e-02	2.913355994718696412e-02
8.466097873896745796e+02	4.226018999420726452e-01	2.339654603318862824e-01	9.751186127888822330e-02	1.021675402504536173e-01	9.235280093669882839e-02	2.437170538907583797e-02	2.923529299565142889e-02
8.514475576033297557e+02	4.221014212644775276e-01	2.338273596553046840e-01	9.779434095283642825e-02	1.022113821342941903e-01	9.241879994458217229e-02	2.451742928009554776e-02	2.933582789313627509e-02
8.562853278169851592e+02	4.216064262446992394e-01	2.336902486943296664e-01	9.807495651966660621e-02	1.022536434647346310e-01	9.248348315483082005e-02	2.466262847552129142e-02	2.943517457094459513e-02
8.611230980306403353e+02	4.211168367190132322e-01	2.335541209257976092e-01	9.835372430046110392e-02	1.022943601741249375e-01	9.254687479056485089e-02	2.480730124064426181e-02	2.953334297412088874e-02
8.659608682442956251e+02	4.206325758892074385e-01	2.334189698140194946e-01	9.863066042838301850e-02	1.023335674192504680e-01	9.260899858484465674e-02	2.495144593117242307e-02	2.963034305784932251e-02
8.707986384579510286e+02	4.201535682946327954e-01	2.332847888140705539e-01	9.890578085108593653e-02	1.023712995980386453e-01	9.266987779162963457e-02	2.509506099128868198e-02	2.972618478398055333e-02
8.756364086716062047e+02	4.196797397849206246e-01	2.331515713748845697e-01	9.917910133309862375e-02	1.024075903659127929e-01	9.272953519648056975e-02	2.523814495174611303e-02	2.982087811768347613e-02
8.804741788852616082e+02	4.192110174933483258e-01	2.330193109421643538e-01	9.945063745818433221e-02	1.024424726518001760e-01	9.278799312701170587e-02	2.538069642799947734e-02	2.991443302421843697e-02
8.853119490989170117e+02	4.187473298108339570e-01	2.328880009611189739e-01	9.972040463167453073e-02	1.024759786738005801e-01	9.284527346309781604e-02	2.552271411837249773e-02	3.000685946582846986e-02
8.901497193125721878e+02	4.182886063605421589e-01	2.327576348790379446e-01	9.998841808277714183e-02	1.025081399545219596e-01	9.290139764684221535e-02	2.566419680226006764e-02	3.009816739874525068e-02
8.949874895262273640e+02	4.178347779730838263e-01	2.326282061477119856e-01	1.002546928668588827e-01	1.025389873360897375e-01	9.295638669231087725e-02	2.580514333836485610e-02	3.018836677030652116e-02
8.998252597398827675e+02	4.173857766622927068e-01	2.324997082257086733e-01	1.005192438677016270e-01	1.025685509948361107e-01	9.301026119503805201e-02	2.594555266296763238e-02	3.027746751618182186e-02
9.046630299535379436e+02	4.169415356015631069e-01	2.323721345805118688e-01	1.007820857997331343e-01	1.025968604556754676e-01	9.306304134130892469e-02	2.608542378823066471e-02	3.036547955770343282e-02
9.095008001671932334e+02	4.165019891007330499e-01	2.322454786905324975e-01	1.010432332102314673e-01	1.026239446061723987e-01	9.311474691722405883e-02	2.622475580053361052e-02	3.045241279929954831e-02
9.143385703808486369e+02	4.160670725834978989e-01	2.321197340469979553e-01	1.013027004815037352e-01	1.026498317103081842e-01	9.316539731755089926e-02	2.636354785884127694e-02	3.053827712602672287e-02
9.191763405945038130e+02	4.156367225653399000e-01	2.319948941557272437e-01	1.015605018330387604e-01	1.026745494219520327e-01	9.321501155436731634e-02	2.650179919310262713e-02	3.062308240119876457e-02
9.240141108081592165e+02	4.152108766319601574e-01	2.318709525387981640e-01	1.018166513236338916e-01	1.026981247980427725e-01	9.326360826550186833e-02	2.663950910268050518e-02	3.070683846410926510e-02
9.288518810218145063e+02	4.147894734181984955e-01	2.317479027361127597e-01	1.020711628534960447e-01	1.027205843114870898e-01	9.331120572277573633e-02	2.677667695481146526e-02	3.078955512784505716e-02
9.336896512354697961e+02	4.143724525874293296e-01	2.316257383068665021e-01	1.023240501663169044e-01	1.027419538637800028e-01	9.335782184005078643e-02	2.691330218309513286e-02	3.087124217718799357e-02
9.385274214491247449e+02	4.139597548114205550e-01	2.315044528309269378e-01	1.025753268513225902e-01	1.027622587973530954e-01	9.340347418108845001e-02	2.704938428601258091e-02	3.095190936660242517e-02
9.433651916627801484e+02	4.135513217506428529e-01	2.313840399101267653e-01	1.028250063452977731e-01	1.027815239076564635e-01	9.344817996722377951e-02	2.718492282547313801e-02	3.103156641830589341e-02
9.482029618764355519e+02	4.131470960350180910e-01	2.312644931694758654e-01	1.030731019345843408e-01	1.027997734549794956e-01	9.349195608485920406e-02	2.731991742538913276e-02	3.111022302042058471e-02
9.530407320900908417e+02	4.127470212450956022e-01	2.311458062582969764e-01	1.033196267570548887e-01	1.028170311760161076e-01	9.353481909278195394e-02	2.745436777027801534e-02	3.118788882520318051e-02
9.578785023037459041e+02	4.123510418936448541e-01	2.310279728512891484e-01	1.035645938040611336e-01	1.028333202951797892e-01	9.357678522930971965e-02	2.758827360389135008e-02	3.126457344735077831e-02
9.627162725174014213e+02	4.119591034076536817e-01	2.309109866495231977e-01	1.038080159223573190e-01	1.028486635356734569e-01	9.361787041926829256e-02	2.772163472787020008e-02	3.134028646238059407e-02
9.675540427310568248e+02	4.115711521107228155e-01	2.307948413813724620e-01	1.040499058159990026e-01	1.028630831303194854e-01	9.365809028080530896e-02	2.785445100042636263e-02	3.141503740508130860e-02
9.723918129447120009e+02	4.111871352058451556e-01	2.306795308033825487e-01	1.042902760482171814e-01	1.028766008321548575e-01	9.369746013204412194e-02	2.798672233504902185e-02	3.148883576803385154e-02
9.772295831583674044e+02	4.108070007585614691e-01	2.305650487010835470e-01	1.045291390432680628e-01	1.028892379247963590e-01	9.373599499758136777e-02	2.811844869923629114e-02	3.156169100019960011e-02
9.820673533720223531e+02	4.104306976804824036e-01	2.304513888897476437e-01	1.047665070882587424e-01	1.029010152325807170e-01	9.377370961483218192e-02	2.824963011325119788e-02	3.163361250557388676e-02
9.869051235856777566e+02	4.100581757131673277e-01	2.303385452150950863e-01	1.050023923349488464e-01	1.029119531304844293e-01	9.381061844022658969e-02	2.838026664890166278e-02	3.170460964190290748e-02
9.917428937993331601e+02	4.096893854123521139e-01	2.302265115539512963e-01	1.052368068015284708e-01	1.029220715538280567e-01	9.384673565526076289e-02	2.851035842834400910e-02	3.177469171946207399e-02
9.965806640129884499e+02	4.093242781325169832e-01	2.301152818148579360e-01	1.054697623743726109e-01	1.029313900077693522e-01	9.388207517240639011e-02	2.863990562290955055e-02	3.184386799989393640e-02
