0.000000000000000000e+00	9.882453280746711366e-01	7.815398750704472695e-34	1.007919795200279932e-02	3.528953330418982517e-27	3.330779144661034311e-03	3.800974315647439867e-04	1.325584951484208945e-24
4.837770213655283591e+00	9.696682555171993734e-01	1.773460774094596029e-02	1.004937351690907317e-02	7.979123121898397755e-05	4.079618984714578241e-03	4.105259244081623394e-04	1.322968750348094851e-05
9.675540427310567182e+00	9.519815641248652316e-01	3.429146678184588626e-02	1.008814678619255993e-02	3.097977095201375776e-04	4.893603347720138115e-03	4.414534786124868449e-04	2.937037414321379446e-05
1.451331064096584811e+01	9.351330081719789744e-01	4.974740270444026613e-02	1.019038576576578557e-02	6.767189385067438716e-04	5.765852431434377937e-03	4.731371396218955814e-04	4.889745115153410951e-05
1.935108085462113081e+01	9.190736306058822080e-01	6.417423140032324502e-02	1.035130150720136276e-02	1.168201031634875063e-03	6.689999573368066860e-03	5.058097180078787065e-04	7.222876648198348765e-05
2.418885106827641707e+01	9.037575510529969325e-01	7.763908597928229072e-02	1.056642560128752580e-02	1.772773131808066688e-03	7.660156135700136454e-03	5.396815332748209747e-04	9.972916854976078451e-05
2.902662128193169622e+01	8.891417676037046691e-01	9.020472233674471652e-02	1.083158914267143627e-02	2.479788023231900475e-03	8.670878724171805774e-03	5.749420402807227121e-04	1.317147320941765200e-04
3.386439149558698603e+01	8.751859714778388311e-01	1.019298047737200313e-01	1.114290306951029423e-02	3.279366660838850794e-03	9.717138587505421213e-03	6.117613460181160149e-04	1.684566874678505648e-04
3.870216170924226162e+01	8.618523737311940547e-01	1.128691729716433112e-01	1.149673978832453820e-02	4.162346360552691797e-03	1.079429305393993926e-02	6.502916239925938136e-04	2.101850732523187829e-04
4.353993192289755143e+01	8.491055432182426088e-01	1.230740915394833573e-01	1.188971600011185827e-02	5.120232410447475221e-03	1.189805887086547477e-02	6.906684329619286467e-04	2.570921307867383163e-04
4.837770213655283413e+01	8.369122550774613645e-01	1.325924832709897971e-01	1.231867664926226090e-02	6.145152878545194139e-03	1.302448732231599113e-02	7.330119463553378366e-04	3.093354579694822617e-04
5.321547235020811684e+01	8.252413490535395191e-01	1.414691471756552021e-01	1.278067992193807761e-02	7.229816407660404586e-03	1.416994100728210040e-02	7.774280982780341865e-04	3.670409385459641005e-04
5.805324256386339954e+01	8.140635970154840306e-01	1.497459622775209609e-01	1.327298322537175980e-02	8.367472801406173125e-03	1.533107216947259509e-02	8.240096516188869999e-04	4.303054620247638465e-04
6.289101277751868224e+01	8.033515790714598204e-01	1.574620781110435130e-01	1.379303008401067815e-02	9.551876218286355080e-03	1.650480247631865016e-02	8.728371934170361902e-04	4.991994483631348976e-04
6.772878299117397205e+01	7.930795677202964189e-01	1.646540927825635159e-01	1.433843789262206209e-02	1.077725080277287112e-02	1.768830415171161394e-02	9.239800623049960419e-04	5.737691906276405325e-04
7.256655320482924765e+01	7.832234195161339452e-01	1.713562194092094482e-01	1.490698647038208452e-02	1.203825859345798548e-02	1.887898237322425954e-02	9.774972125296155657e-04	6.540390279617235708e-04
7.740432341848452324e+01	7.737604737568337665e-01	1.776004416940577535e-01	1.549660736362841462e-02	1.332996955883172970e-02	2.007445885041510975e-02	1.033438018756769597e-03	7.400133603754213219e-04
8.224209363213981305e+01	7.646694577387093128e-01	1.834166593468244677e-01	1.610537384837239239e-02	1.464783362101122408e-02	2.127255650628267700e-02	1.091843025589501765e-03	8.316785161094573378e-04
8.707986384579510286e+01	7.559303981499700953e-01	1.888328240130516256e-01	1.673149158686044677e-02	1.598765453688655649e-02	2.247128518904606062e-02	1.152744645471251352e-03	9.290044816130615902e-04
9.191763405945040688e+01	7.475245382031706631e-01	1.938750663314630918e-01	1.737328989545957464e-02	1.734556551468852473e-02	2.366882834620384277e-02	1.216167808404600408e-03	1.031946503508809898e-03
9.675540427310566827e+01	7.394342601330249343e-01	1.985678146987037707e-01	1.802921358393171081e-02	1.871800645196629309e-02	2.486353059728638876e-02	1.282130566690564515e-03	1.140446571295472122e-03
1.015931744867609581e+02	7.316430127103199510e-01	2.029339062828564022e-01	1.869781532876985466e-02	2.010170268842386559e-02	2.605388614588772730e-02	1.350644657682788458e-03	1.254434788958448937e-03
1.064309447004162337e+02	7.241352434454445541e-01	2.069946907917802892e-01	1.937774854570639693e-02	2.149364517403783148e-02	2.723852797546165785e-02	1.421716027354142124e-03	1.373830643114185316e-03
1.112687149140715235e+02	7.168963351763385505e-01	2.107701274692748705e-01	2.006776072878260070e-02	2.289107195939643971e-02	2.841621777700987367e-02	1.495345317289225630e-03	1.498544174807475444e-03
1.161064851277267991e+02	7.099125467555768010e-01	2.142788757611868156e-01	2.076668722549783810e-02	2.429145092129181283e-02	2.958583656019496064e-02	1.571528317544357983e-03	1.628477061606464424e-03
1.209442553413820747e+02	7.031709575699027770e-01	2.175383800647116006e-01	2.147344541954777225e-02	2.569246364229067423e-02	3.074637590259312464e-02	1.650256387655946741e-03	1.763523616197254160e-03
1.257820255550373645e+02	6.966594156429186668e-01	2.205649489471589453e-01	2.218702929452139386e-02	2.709199036833050481e-02	3.189692979477549289e-02	1.731516847927973713e-03	1.903571707266252244e-03
1.306197957686926259e+02	6.903664890878952187e-01	2.233738291952296062e-01	2.290650435366577836e-02	2.848809597336156643e-02	3.303668704168608028e-02	1.815293342989017988e-03	2.048503608071881171e-03
1.354575659823479441e+02	6.842814206928575782e-01	2.259792750322780763e-01	2.363100287245319814e-02	2.987901686470386536e-02	3.416492418338199638e-02	1.901566179478099850e-03	2.198196777746206764e-03
1.402953361960032339e+02	6.783940854343065707e-01	2.283946128190008362e-01	2.435971946220443288e-02	3.126314876713273683e-02	3.528099890062851018e-02	1.990312639596096295e-03	2.352524580029758099e-03
1.451331064096584669e+02	6.726949507292113717e-01	2.306323015323944736e-01	2.509190692444239132e-02	3.263903532776744193e-02	3.638434387311056950e-02	2.081507272144960882e-03	2.511356943827766121e-03
1.499708766233137851e+02	6.671750392473190239e-01	2.327039892985764413e-01	2.582687237697771365e-02	3.400535748763226090e-02	3.747446106014175327e-02	2.175122162569981601e-03	2.674560969681770081e-03
1.548086468369690749e+02	6.618258941174266496e-01	2.346205662370676459e-01	2.656397363396854200e-02	3.536092356930678471e-02	3.855091637573332397e-02	2.271127183420308844e-03	2.842001485975679219e-03
1.596464170506243647e+02	6.566395463721025338e-01	2.363922138573174847e-01	2.730261582335664558e-02	3.670466003339713928e-02	3.961333473173690028e-02	2.369490226549560066e-03	3.013541558438639304e-03
1.644841872642796261e+02	6.516084844854809210e-01	2.380284512325305246e-01	2.804224822616591811e-02	3.803560285965834620e-02	4.066139542450492722e-02	2.470177418290973089e-03	3.189042956267290618e-03
1.693219574779349159e+02	6.467256258682269054e-01	2.395381781611598537e-01	2.878236132316261062e-02	3.935288951149375908e-02	4.169482784212959897e-02	2.573153318760023050e-03	3.368366577966048093e-03
1.741597276915902057e+02	6.419842901926252621e-01	2.409297155126979562e-01	2.952248403532358595e-02	4.065575144526406559e-02	4.271340747083194472e-02	2.678381106361151301e-03	3.551372839794909083e-03
1.789974979052454671e+02	6.373781744290220042e-01	2.422108429415572584e-01	3.026218114544423216e-02	4.194350712836766165e-02	4.371695218048470694e-02	2.785822748504043767e-03	3.737922029518967858e-03
1.838352681189008138e+02	6.329013294825905911e-01	2.433888341408332323e-01	3.100105088904504466e-02	4.321555553241823722e-02	4.470531877057196124e-02	2.895439159468324048e-03	3.927874627971433136e-03
1.886730383325560467e+02	6.285481383266215971e-01	2.444704897965268020e-01	3.173872270350912989e-02	4.447137007005490944e-02	4.567839975912142692e-02	3.007190346293331547e-03	4.121091600771628095e-03
1.935108085462113081e+02	6.243132955353002389e-01	2.454621683923182140e-01	3.247485512510597805e-02	4.571049294598503177e-02	4.663612039829748146e-02	3.121035543511550738e-03	4.317434662380405068e-03
1.983485787598666263e+02	6.201917881252535514e-01	2.463698150051868985e-01	3.320913382423232307e-02	4.693252989478956944e-02	4.757843590141951073e-02	3.236933337489963924e-03	4.516766514526922120e-03
2.031863489735219162e+02	6.161788776210602725e-01	2.471989882230101465e-01	3.394126976983265903e-02	4.813714527982457941e-02	4.850532886717613679e-02	3.354841781092859129e-03	4.718951060902074057e-03
2.080241191871772060e+02	6.122700832654317527e-01	2.479548853067145564e-01	3.467099751455196555e-02	4.932405752923786635e-02	4.941680688774600927e-02	3.474718499332239956e-03	4.923853599884413582e-03
2.128618894008324673e+02	6.084611662999436232e-01	2.486423657115494623e-01	3.539807359272535009e-02	5.049303488669502904e-02	5.031290032841403970e-02	3.596520786627695459e-03	5.131340996943566622e-03
2.176996596144877287e+02	6.047481152470165489e-01	2.492659730745735436e-01	3.612227502382475003e-02	5.164389145588148960e-02	5.119366026709282896e-02	3.720205696256214875e-03	5.341281838253308586e-03
2.225374298281430470e+02	6.011271321283567781e-01	2.498299557684535432e-01	3.684339791446493428e-02	5.277648351922280962e-02	5.205915658292578629e-02	3.845730122533782928e-03	5.553546566941159300e-03
2.273752000417983652e+02	5.975946195592843901e-01	2.503382861151386973e-01	3.756125615252176725e-02	5.389070611255136756e-02	5.290947618386511453e-02	3.973050876234472673e-03	5.768007603303045017e-03
2.322129702554535982e+02	5.941471686623197579e-01	2.507946783468673058e-01	3.827568018733655542e-02	5.498648983864915657e-02	5.374472136378723175e-02	4.102124753719032894e-03	5.984539450219824620e-03
2.370507404691088880e+02	5.907815477470798049e-01	2.512026053962512773e-01	3.898651589037432919e-02	5.606379790371945893e-02	5.456500828033371275e-02	4.232908600213428942e-03	6.203018784926830377e-03
2.418885106827641494e+02	5.874946917069827634e-01	2.515653145918488320e-01	3.969362349107137533e-02	5.712262336188941858e-02	5.537046554525047737e-02	4.365359367648380569e-03	6.423324538207666155e-03
2.467262808964194392e+02	5.842836920864785677e-01	2.518858423306460925e-01	4.039687658295168515e-02	5.816298655382646371e-02	5.616123291954373820e-02	4.499434167443413374e-03	6.645337962008890376e-03
2.515640511100747290e+02	5.811457877755329404e-01	2.521670277942074101e-01	4.109616119541316392e-02	5.918493272646787456e-02	5.693746010628163851e-02	4.635090318593264314e-03	6.868942686402661549e-03
2.564018213237300188e+02	5.780783562909027617e-01	2.524115257708948734e-01	4.179137492688497074e-02	6.018852982171937066e-02	5.769930563434702564e-02	4.772285391390488837e-03	7.094024766759437182e-03
2.612395915373852517e+02	5.750789056063776439e-01	2.526218186424841750e-01	4.248242613533819573e-02	6.117386642277881925e-02	5.844693582689214351e-02	4.910977247095677650e-03	7.320472721932268917e-03
2.660773617510405415e+02	5.721450664966124533e-01	2.528002275896970019e-01	4.316923318239462154e-02	6.214104984748928390e-02	5.918052384866201443e-02	5.051124073845785108e-03	7.548177564197697774e-03
2.709151319646958882e+02	5.692745853614813445e-01	2.529489230676106870e-01	4.385172372752359216e-02	6.309020437882434384e-02	5.990024882674201828e-02	5.192684419071486208e-03	7.777032821645532557e-03
2.757529021783511780e+02	5.664653175000269325e-01	2.530699345985787385e-01	4.452983406904638397e-02	6.402146962326189794e-02	6.060629503964813647e-02	5.335617218676236805e-03	8.006934553660617626e-03
2.805906723920064678e+02	5.637152208050917324e-01	2.531651599271884101e-01	4.520350852888183057e-02	6.493499898841297024e-02	6.129885117001759171e-02	5.479881823212635894e-03	8.237781360093834535e-03
2.854284426056617008e+02	5.610223498515907181e-01	2.532363735788719650e-01	4.587269887816724373e-02	6.583095827184216875e-02	6.197810961647436112e-02	5.625438021275771042e-03	8.469474384676796766e-03
2.902662128193169337e+02	5.583848503531452234e-01	2.532852348610748483e-01	4.653736380107608567e-02	6.670952435354958465e-02	6.264426586054017143e-02	5.772246060318337105e-03	8.701917313194824227e-03
2.951039830329722804e+02	5.558009539634339857e-01	2.533132953433429035e-01	4.719746839432872182e-02	6.757088398508169502e-02	6.329751788473769736e-02	5.920266665078440654e-03	8.935016366895602927e-03
2.999417532466276270e+02	5.532689734001555726e-01	2.533220058503171668e-01	4.785298370005627161e-02	6.841523266870427888e-02	6.393806563829147749e-02	6.069461053797998995e-03	9.168680291576237346e-03
3.047795234602828600e+02	5.507872978709266176e-01	2.533127229994076024e-01	4.850388626983050816e-02	6.924277362050505757e-02	6.456611054707261932e-02	6.219790952397569010e-03	9.402820342759144953e-03
3.096172936739380930e+02	5.483543887817835527e-01	2.532867153128418591e-01	4.915015775781567120e-02	7.005371681169986209e-02	6.518185506465909440e-02	6.371218606762089030e-03	9.637350267337045986e-03
3.144550638875934396e+02	5.459687757102082983e-01	2.532451689318484522e-01	4.979178454113166591e-02	7.084827808279620109e-02	6.578550226159377012e-02	6.523706793281477609e-03	9.872186282039322261e-03
3.192928341012487294e+02	5.436290526257693267e-01	2.531891929589203394e-01	5.042875736564293720e-02	7.162667832562194525e-02	6.637725545011864681e-02	6.677218827780159044e-03	1.010724704904577935e-02
3.241306043149040192e+02	5.413338743425649691e-01	2.531198244524132668e-01	5.106107101550416000e-02	7.238914272855924426e-02	6.695731784184751068e-02	6.831718572960400991e-03	1.034245364904956728e-02
3.289683745285592522e+02	5.390819531886810179e-01	2.530380330961484181e-01	5.168872400490281960e-02	7.313590008063247661e-02	6.752589223601043744e-02	6.987170444475713192e-03	1.057772955204822930e-02
3.338061447422145420e+02	5.368720558788310226e-01	2.529447255652110260e-01	5.231171829054091088e-02	7.386718213038877268e-02	6.808318073606391130e-02	7.143539415742582686e-03	1.081300058612080957e-02
3.386439149558698318e+02	5.347030005772436256e-01	2.528407496077526018e-01	5.293005900349306847e-02	7.458322299577990755e-02	6.862938449260930218e-02	7.300791021591290439e-03	1.104819490442916427e-02
3.434816851695251216e+02	5.325736541386968392e-01	2.527268978613121386e-01	5.354375419916770212e-02	7.528425862150671388e-02	6.916470347070270697e-02	7.458891360849589404e-03	1.128324295066338717e-02
3.483194553831804114e+02	5.304829295163822067e-01	2.526039114209634451e-01	5.415281462418099906e-02	7.597052628052308743e-02	6.968933623976873715e-02	7.617807097946490205e-03	1.151807742313413346e-02
3.531572255968357013e+02	5.284297833260154231e-01	2.524724831754660559e-01	5.475725349903127342e-02	7.664226411661710647e-02	7.020347978445308501e-02	7.777505463617310870e-03	1.175263323769880526e-02
3.579949958104909342e+02	5.264132135562893389e-01	2.523332609265416249e-01	5.535708631553412640e-02	7.729971072519259412e-02	7.070732933486202632e-02	7.937954254785460628e-03	1.198684748969373708e-02
3.628327660241463377e+02	5.244322574164085315e-01	2.521868503054115473e-01	5.595233064804671502e-02	7.794310476956679834e-02	7.120107821474312704e-02	8.099121833691151628e-03	1.222065941503081357e-02
3.676705362378016275e+02	5.224859893120413767e-01	2.520338174998078551e-01	5.654300597757304370e-02	7.857268463027948513e-02	7.168491770626048143e-02	8.260977126332235548e-03	1.245401035060417216e-02
3.725083064514568036e+02	5.205735189415828801e-01	2.518746918038086702e-01	5.712913352790161686e-02	7.918868808507668888e-02	7.215903693011022080e-02	8.423489620277805831e-03	1.268684369414072900e-02
3.773460766651120935e+02	5.186939895051478899e-01	2.517099680020429830e-01	5.771073611298221939e-02	7.979135201738904448e-02	7.262362273980826899e-02	8.586629361910864261e-03	1.291910486361724786e-02
3.821838468787673833e+02	5.168465760191990332e-01	2.515401085990562891e-01	5.828783799480056343e-02	8.038091215127096678e-02	7.307885962906299215e-02	8.750366953152307822e-03	1.315074125635638455e-02
3.870216170924226162e+02	5.150304837301716843e-01	2.513655459039249584e-01	5.886046475105807113e-02	8.095760281090395860e-02	7.352492965122030266e-02	8.914673547714838456e-03	1.338170220790460899e-02
3.918593873060780197e+02	5.132449466208887090e-01	2.511866839795482420e-01	5.942864315200926950e-02	8.152165670289489297e-02	7.396201234983929007e-02	9.079520846931784031e-03	1.361193895078607712e-02
3.966971575197332527e+02	5.114892260039518579e-01	2.510039004654328054e-01	5.999240104585176758e-02	8.207330471971945041e-02	7.439028469952146949e-02	9.244881095202665128e-03	1.384140457321819326e-02
4.015349277333884856e+02	5.097626091966737105e-01	2.508175482822088687e-01	6.055176725210338617e-02	8.261277576277252510e-02	7.480992105617834120e-02	9.410727075094226651e-03	1.407005397786712311e-02
4.063726979470438323e+02	5.080644082724640187e-01	2.506279572255795118e-01	6.110677146243789770e-02	8.314029658359115005e-02	7.522109311597847958e-02	9.577032102132884694e-03	1.429784384071428570e-02
4.112104681606991221e+02	5.063939588839072581e-01	2.504354354569032215e-01	6.165744414848563226e-02	8.365609164191305236e-02	7.562396988226889605e-02	9.743770019321832884e-03	1.452473257009836982e-02
4.160482383743544119e+02	5.047506191530778397e-01	2.502402708971389611e-01	6.220381647613736076e-02	8.416038297932441903e-02	7.601871763981486729e-02	9.910915191413653333e-03	1.475068026599128841e-02
4.208860085880095880e+02	5.031337686249212071e-01	2.500427325304449555e-01	6.274592022592025142e-02	8.465339010733549663e-02	7.640549993574874410e-02	1.007844249896693717e-02	1.497564867956084622e-02
4.257237788016648778e+02	5.015428072797999404e-01	2.498430716233117910e-01	6.328378771904273614e-02	8.513532990880148810e-02	7.678447756666140211e-02	1.024632733221331193e-02	1.519960117306765751e-02
4.305615490153201677e+02	4.999771546015502888e-01	2.496415228647271278e-01	6.381745174873185156e-02	8.560641655168033104e-02	7.715580857131050518e-02	1.041454558475926606e-02	1.542250268013901568e-02
4.353993192289755143e+02	4.984362486976294249e-01	2.494383054325100824e-01	6.434694551651093386e-02	8.606686141418797009e-02	7.751964822845675007e-02	1.058307364714528714e-02	1.564431966645792038e-02
4.402370894426308041e+02	4.969195454681543667e-01	2.492336239906197126e-01	6.487230257308879144e-02	8.651687302047594841e-02	7.787614905937496890e-02	1.075188840028316710e-02	1.586502009090133211e-02
4.450748596562860939e+02	4.954265178208336895e-01	2.490276696219271280e-01	6.539355676355330937e-02	8.695665698601642846e-02	7.822546083461916211e-02	1.092096720879063079e-02	1.608457336715785752e-02
4.499126298699413837e+02	4.939566549289876041e-01	2.488206207006491977e-01	6.591074217658186851e-02	8.738641597193592958e-02	7.856773058465099657e-02	1.109028791424101698e-02	1.630295032585159232e-02
4.547504000835967304e+02	4.925094615300285583e-01	2.486126437083677199e-01	6.642389309740058534e-02	8.780634964759151395e-02	7.890310261397005809e-02	1.125982882834430064e-02	1.652012317719548165e-02
4.595881702972519065e+02	4.910844572619436632e-01	2.484038939973021443e-01	6.693304396424151759e-02	8.821665466073172479e-02	7.923171851841002977e-02	1.142956872607447591e-02	1.673606547419464324e-02
4.644259405109071963e+02	4.896811760354745635e-01	2.481945165042646340e-01	6.743822932806359249e-02	8.861752461463084929e-02	7.955371720529016977e-02	1.159948683875708549e-02	1.695075207641721579e-02
4.692637107245624861e+02	4.882991654398378678e-01	2.479846464185031796e-01	6.793948381531836334e-02	8.900915005162714222e-02	7.986923491613408255e-02	1.176956284712959815e-02	1.716415911434780728e-02
4.741014809382177759e+02	4.869379861799654208e-01	2.477744098064292855e-01	6.843684209355589687e-02	8.939171844253578081e-02	8.017840525168920540e-02	1.193977687438621885e-02	1.737626395433621712e-02
4.789392511518730657e+02	4.855972115433723757e-01	2.475639241960309878e-01	6.893033883967998598e-02	8.976541418144419471e-02	8.048135919900067936e-02	1.211010947921783813e-02	1.758704516415194805e-02
4.837770213655284124e+02	4.842764268948798745e-01	2.473532991235908030e-01	6.942000871067387224e-02	9.013041858543222040e-02	8.077822516031142597e-02	1.228054164885682489e-02	1.779648247915300435e-02
4.886147915791837022e+02	4.829752291975314415e-01	2.471426366451557888e-01	6.990588631662983388e-02	9.048690989879180913e-02	8.106912898357783448e-02	1.245105479213561885e-02	1.800455676907570385e-02
4.934525617928388783e+02	4.816932265581475026e-01	2.469320318150486360e-01	7.038800619592681940e-02	9.083506330135103501e-02	8.135419399440638188e-02	1.262163073256721696e-02	1.821125000545046821e-02
4.982903320064942250e+02	4.804300377960590285e-01	2.467215731335594409e-01	7.086640279241020191e-02	9.117505092053548865e-02	8.163354102923177369e-02	1.279225170145498018e-02	1.841654522964707510e-02
5.031281022201495148e+02	4.791852920336549526e-01	2.465113429658178923e-01	7.134111043443819300e-02	9.150704184682620368e-02	8.190728846957080755e-02	1.296290033103849465e-02	1.862042652155143641e-02
5.079658724338048046e+02	4.779586283074613307e-01	2.463014179337157383e-01	7.181216331566737943e-02	9.183120215229781391e-02	8.217555227719941513e-02	1.313355964768157108e-02	1.882287896887471085e-02
5.128036426474600376e+02	4.767496951985537024e-01	2.460918692826276066e-01	7.227959547745882452e-02	9.214769491194339801e-02	8.243844603011217520e-02	1.330421306510793863e-02	1.902388863709429667e-02
5.176414128611153274e+02	4.755581504811752791e-01	2.458827632245646488e-01	7.274344079279408681e-02	9.245668022751385440e-02	8.269608095913517920e-02	1.347484437768960847e-02	1.922344254002531297e-02
5.224791830747705035e+02	4.743836607885075218e-01	2.456741612592881763e-01	7.320373295159714189e-02	9.275831525361934171e-02	8.294856598507327483e-02	1.364543775379238252e-02	1.942152861102008563e-02
5.273169532884259070e+02	4.732259012946036236e-01	2.454661204748121162e-01	7.366050544736585382e-02	9.305275422585897183e-02	8.319600775628240019e-02	1.381597772918256167e-02	1.961813567479240780e-02
5.321547235020811968e+02	4.720845554115558618e-01	2.452586938286293594e-01	7.411379156502256871e-02	9.334014849076210929e-02	8.343851068656715775e-02	1.398644920049843358e-02	1.981325341986242550e-02
5.369924937157364866e+02	4.709593145010288473e-01	2.450519304109104457e-01	7.456362436989920350e-02	9.362064653734056274e-02	8.367617699331174330e-02	1.415683741878974618e-02	2.000687237161734300e-02
5.418302639293917764e+02	4.698498775993406040e-01	2.448458756908418188e-01	7.501003669777833727e-02	9.389439403006635820e-02	8.390910673576022771e-02	1.432712798312799768e-02	2.019898386598253243e-02
5.466680341430470662e+02	4.687559511553265890e-01	2.446405717471948627e-01	7.545306114591654456e-02	9.416153384310312069e-02	8.413739785336976640e-02	1.449730683429004650e-02	2.038958002369698971e-02
5.515058043567023560e+02	4.676772487802681177e-01	2.444360574841457912e-01	7.589273006498106766e-02	9.442220609563269085e-02	8.436114620416645948e-02	1.466736024851721457e-02	2.057865372518660058e-02
5.563435745703576458e+02	4.666134910092107346e-01	2.442323688333002951e-01	7.632907555183619797e-02	9.467654818813035777e-02	8.458044560304039949e-02	1.483727483135177834e-02	2.076619858602822208e-02
5.611813447840129356e+02	4.655644050730395334e-01	2.440295389428149275e-01	7.676212944311860964e-02	9.492469483945335795e-02	8.479538785992186967e-02	1.500703751155246443e-02	2.095220893299715517e-02
5.660191149976681118e+02	4.645297246807176261e-01	2.438275983544488101e-01	7.719192330954652292e-02	9.516677812461815655e-02	8.500606281778616546e-02	1.517663553509033050e-02	2.113667978069027134e-02
5.708568852113234016e+02	4.635091898111292630e-01	2.436265751693252324e-01	7.761848845090983662e-02	9.540292751315126996e-02	8.521255839043939684e-02	1.534605645922618514e-02	2.131960680871670955e-02
5.756946554249786914e+02	4.625025465140039649e-01	2.434264952031324203e-01	7.804185589169279624e-02	9.563326990790795012e-02	8.541496060004249991e-02	1.551528814667046084e-02	2.150098633944778556e-02
5.805324256386339812e+02	4.615095467194301748e-01	2.432273821314444862e-01	7.846205637728351223e-02	9.585792968426133653e-02	8.561335361433446145e-02	1.568431875982632256e-02	2.168081531631757541e-02
5.853701958522892710e+02	4.605299480554948532e-01	2.430292576258003545e-01	7.887912037072795923e-02	9.607702872957243900e-02	8.580781978352038097e-02	1.585313675511653905e-02	2.185909128266535356e-02
5.902079660659445608e+02	4.595635136736158088e-01	2.428321414811359658e-01	7.929307804998861342e-02	9.629068648285897536e-02	8.599843967679302037e-02	1.602173087739454035e-02	2.203581236111099712e-02
5.950457362795999643e+02	4.586100120811575365e-01	2.426360517351273949e-01	7.970395930567089615e-02	9.649901997458756875e-02	8.618529211846030769e-02	1.619009015443993726e-02	2.221097723345426614e-02
5.998835064932552541e+02	4.576692169809477573e-01	2.424410047799655521e-01	8.011179373918266011e-02	9.670214386652038752e-02	8.636845422365423131e-02	1.635820389153855997e-02	2.238458512108877294e-02
6.047212767069104302e+02	4.567409071173325619e-01	2.422470154670497144e-01	8.051661066129474353e-02	9.690017049155298656e-02	8.654800143359941966e-02	1.652606166614707314e-02	2.255663576592140812e-02
6.095590469205657200e+02	4.558248661284318715e-01	2.420540972050554407e-01	8.091843909107226951e-02	9.709320989348592390e-02	8.672400755042247722e-02	1.669365332264201307e-02	2.272712941178790108e-02
6.143968171342210098e+02	4.549208824042754729e-01	2.418622620518025290e-01	8.131730775514880993e-02	9.728136986667741681e-02	8.689654477148552048e-02	1.686096896715300400e-02	2.289606678635514384e-02
6.192345873478761860e+02	4.540287489505189789e-01	2.416715208003220317e-01	8.171324508731707403e-02	9.746475599552929803e-02	8.706568372322967542e-02	1.702799896247986222e-02	2.306344908350093856e-02
6.240723575615315895e+02	4.531482632574579950e-01	2.414818830594938903e-01	8.210627922841186310e-02	9.764347169376277891e-02	8.723149349451636558e-02	1.719473392309316118e-02	2.322927794616175615e-02
6.289101277751868793e+02	4.522792271740730397e-01	2.412933573296044132e-01	8.249643802646239310e-02	9.781761824344477330e-02	8.739404166945624608e-02	1.736116471021776492e-02	2.339355544963920078e-02
6.337478979888421691e+02	4.514214467868554181e-01	2.411059510731487499e-01	8.288374903709280761e-02	9.798729483372907445e-02	8.755339435971713768e-02	1.752728242699879216e-02	2.355628408535580254e-02
6.385856682024975726e+02	4.505747323031783491e-01	2.409196707811832039e-01	8.326823952415121632e-02	9.815259859928042452e-02	8.770961623630431359e-02	1.769307841374934825e-02	2.371746674505088165e-02
6.434234384161527487e+02	4.497388979389899122e-01	2.407345220355125159e-01	8.364993646054841303e-02	9.831362465835244424e-02	8.786277056080775416e-02	1.785854424327939019e-02	2.387710670540726596e-02
6.482612086298080385e+02	4.489137618106192607e-01	2.405505095669781823e-01	8.402886652928955036e-02	9.847046615049380447e-02	8.801291921611234526e-02	1.802367171630495091e-02	2.403520761309965725e-02
6.530989788434633283e+02	4.480991458304977582e-01	2.403676373100972208e-01	8.440505612468242325e-02	9.862321427385954686e-02	8.816012273656827214e-02	1.818845285693697703e-02	2.419177347025561198e-02
6.579367490571185044e+02	4.472948756066095211e-01	2.401859084542846690e-01	8.477853135370749804e-02	9.877195832210694526e-02	8.830444033762015199e-02	1.835287990824890567e-02	2.434680862032009493e-02
6.627745192707737942e+02	4.465007803454949520e-01	2.400053254918775025e-01	8.514931803753593431e-02	9.891678572085808863e-02	8.844592994489436366e-02	1.851694532792220321e-02	2.450031773431469648e-02
6.676122894844290840e+02	4.457166927586418970e-01	2.398258902631639766e-01	8.551744171318229060e-02	9.905778206371305961e-02	8.858464822274490780e-02	1.868064178396889805e-02	2.465230579748272505e-02
6.724500596980843738e+02	4.449424489721074960e-01	2.396476039986092932e-01	8.588292763528013185e-02	9.919503114780003905e-02	8.872065060225911570e-02	1.884396215053022600e-02	2.480277809631145636e-02
6.772878299117396637e+02	4.441778884392235671e-01	2.394704673584557852e-01	8.624580077796932531e-02	9.932861500885033224e-02	8.885399130872534412e-02	1.900689950375045179e-02	2.495174020592291417e-02
6.821256001253949535e+02	4.434228538562454136e-01	2.392944804698645955e-01	8.660608583688431117e-02	9.945861395578815822e-02	8.898472338856552866e-02	1.916944711772487764e-02	2.509919797782476231e-02
6.869633703390502433e+02	4.426771910808126043e-01	2.391196429617550856e-01	8.696380723123385559e-02	9.958510660482641774e-02	8.911289873573573217e-02	1.933159846052107805e-02	2.524515752801289453e-02
6.918011405527055331e+02	4.419407490530962712e-01	2.389459539974878588e-01	8.731898910596308516e-02	9.970816991306158394e-02	8.923856811759908747e-02	1.949334719027235110e-02	2.538962522541748229e-02
6.966389107663608229e+02	4.412133797195162965e-01	2.387734123055279267e-01	8.767165533398954547e-02	9.982787921156172084e-02	8.936178120027540861e-02	1.965468715134239402e-02	2.553260768068442779e-02
7.014766809800161127e+02	4.404949379589161440e-01	2.386020162082162499e-01	8.802182951850519299e-02	9.994430823794314689e-02	8.948258657347266110e-02	1.981561237056016223e-02	2.567411173528416288e-02
7.063144511936714025e+02	4.397852815110895874e-01	2.384317636487688075e-01	8.836953499533739542e-02	1.000575291684323714e-01	8.960103177480560621e-02	1.997611705352388828e-02	2.581414445093999435e-02
7.111522214073266923e+02	4.390842709075604700e-01	2.382626522166153560e-01	8.871479483536175159e-02	1.001676126494110836e-01	8.971716331360746199e-02	2.013619558097326859e-02	2.595271309936826587e-02
7.159899916209819821e+02	4.383917694045195712e-01	2.380946791711823496e-01	8.905763184696091628e-02	1.002746278284426251e-01	8.983102669424072872e-02	2.029584250522871100e-02	2.608982515232270705e-02
7.208277618346371582e+02	4.377076429178304307e-01	2.379278414642183870e-01	8.939806857852321265e-02	1.003786423847796566e-01	8.994266643891360435e-02	2.045505254669666845e-02	2.622548827193561111e-02
7.256655320482924481e+02	4.370317599600181402e-01	2.377621357607531405e-01	8.973612732097593914e-02	1.004797225593532239e-01	9.005212611000867895e-02	2.061382059044001083e-02	2.635971030134841298e-02
7.305033022619478515e+02	4.363639915791611701e-01	2.375975584587764200e-01	9.007183011034797238e-02	1.005779331842443225e-01	9.015944833193076380e-02	2.077214168281234577e-02	2.649249925562459362e-02
7.353410724756030277e+02	4.357042112996094563e-01	2.374341057077168082e-01	9.040519873035743337e-02	1.006733377116397488e-01	9.026467481248093283e-02	2.093001102815535489e-02	2.662386331293779829e-02
7.401788426892584312e+02	4.350522950644569176e-01	2.372717734257958622e-01	9.073625471501985118e-02	1.007659982422745570e-01	9.036784636376408997e-02	2.108742398555801464e-02	2.675381080602827824e-02
7.450166129029136073e+02	4.344081211796986808e-01	2.371105573163270197e-01	9.106501935127285507e-02	1.008559755533639662e-01	9.046900292263737597e-02	2.124437606567673026e-02	2.688235021392091847e-02
7.498543831165690108e+02	4.337715702600087320e-01	2.369504528830264634e-01	9.139151368161378686e-02	1.009433291260281862e-01	9.056818357070683945e-02	2.140086292761536613e-02	2.700949015389816563e-02
7.546921533302243006e+02	4.331425251760746553e-01	2.367914554443964203e-01	9.171575850674672237e-02	1.010281171722140076e-01	9.066542655388015737e-02	2.155688037586415626e-02	2.713523937372139261e-02
7.595299235438793630e+02	4.325208710034318949e-01	2.366335601472387140e-01	9.203777438823586288e-02	1.011103966611174299e-01	9.076076930148278821e-02	2.171242435729646772e-02	2.725960674409431267e-02
7.643676937575347665e+02	4.319064949727398628e-01	2.364767619793534115e-01	9.235758165116220164e-02	1.011902233451119487e-01	9.085424844494535690e-02	2.186749095822244568e-02	2.738260125136223258e-02
7.692054639711900563e+02	4.312992864214477140e-01	2.363210557814717783e-01	9.267520038678095373e-02	1.012676517851874153e-01	9.094589983607000161e-02	2.202207640149856510e-02	2.750423199044101097e-02
7.740432341848452324e+02	4.306991367467982723e-01	2.361664362584720289e-01	9.299065045517715400e-02	1.013427353759048105e-01	9.103575856488334284e-02	2.217617704369207257e-02	2.762450815796976128e-02
7.788810043985006359e+02	4.301059393601217584e-01	2.360128979899213386e-01	9.330395148791717497e-02	1.014155263698724024e-01	9.112385897708390192e-02	2.232978937229939537e-02	2.774343904568147418e-02
7.837187746121558121e+02	4.295195896423733006e-01	2.358604354399861935e-01	9.361512289069406911e-02	1.014860759017490177e-01	9.121023469109153237e-02	2.248291000301753592e-02	2.786103403398582784e-02
7.885565448258112156e+02	4.289399849008700971e-01	2.357090429667494935e-01	9.392418384596476488e-02	1.015544340117803535e-01	9.129491861470667713e-02	2.263553567706751493e-02	2.797730258575859344e-02
7.933943150394665054e+02	4.283670243271863187e-01	2.355587148309710721e-01	9.423115331557745111e-02	1.016206496688744909e-01	9.137794296138704309e-02	2.278766325856892289e-02	2.809225424033216095e-02
7.982320852531219089e+02	4.278006089561657843e-01	2.354094452043256347e-01	9.453605004338724860e-02	1.016847707932228423e-01	9.145933926614933929e-02	2.293928973196468490e-02	2.820589860768189447e-02
8.030698554667769713e+02	4.272406416260139950e-01	2.352612281771496727e-01	9.483889255785908634e-02	1.017468442784729143e-01	9.153913840110361466e-02	2.309041219949509172e-02	2.831824536280301563e-02
8.079076256804323748e+02	4.266870269394329451e-01	2.351140577657281072e-01	9.513969917465608939e-02	1.018069160134593976e-01	9.161737059062761979e-02	2.324102787872024331e-02	2.842930424027297065e-02
8.127453958940876646e+02	4.261396712257641828e-01	2.349679279191476400e-01	9.543848799921235415e-02	1.018650309035002005e-01	9.169406542618874223e-02	2.339113410008996849e-02	2.853908502899429184e-02
8.175831661077428407e+02	4.255984825041063679e-01	2.348228325257438187e-01	9.573527692928902877e-02	1.019212328912639937e-01	9.176925188082074580e-02	2.354072830456040155e-02	2.864759756711304436e-02
8.224209363213982442e+02	4.250633704473757990e-01	2.346787654191659078e-01	9.603008365751254660e-02	1.019755649772160211e-01	9.184295832326264120e-02	2.368980804125633138e-02	2.875485173710815023e-02
8.272587065350534203e+02	4.245342463472786543e-01	2.345357203840831573e-01	9.632292567389422189e-02	1.020280692396490496e-01	9.191521253176693218e-02	2.383837096517846948e-02	2.886085746104691610e-02
8.320964767487085965e+02	4.240110230801667490e-01	2.343936911615533691e-01	9.661382026833026382e-02	1.020787868543059640e-01	9.198604170758403753e-02	2.398641483495480425e-02	2.896562469600221651e-02
8.369342469623640000e+02	4.234936150737476646e-01	2.342526714540745791e-01	9.690278453308154294e-02	1.021277581136010443e-01	9.205547248813036876e-02	2.413393751063527132e-02	2.906916342962695063e-02
8.417720171760191761e+02	4.229819382746233258e-01	2.341126549303383653e-01	9.718983536523233269e-02	1.021750224454466283e-01	9.212353095984644746e-02	2.428093695152885520e-02	2.917148367588141486e-02
8.466097873896745796e+02	4.224759101166307707e-01	2.339736352297032418e-01	9.747498946912744322e-02	1.022206184316918481e-01	9.219024267075229262e-02	2.442741121408236946e-02	2.927259547090938635e-02
8.514475576033297557e+02	4.219754494899604635e-01	2.338356059664038200e-01	9.775826335878733120e-02	1.022645838261804357e-01	9.225563264270640607e-02	2.457335844980014852e-02	2.937250886905877142e-02
8.562853278169851592e+02	4.214804767110285066e-01	2.336985607335122783e-01	9.803967336030050550e-02	1.023069555724340496e-01	9.231972538337523959e-02	2.471877690320384985e-02	2.947123393904287764e-02
8.611230980306403353e+02	4.209909134930803210e-01	2.335624931066664078e-01	9.831923561419297908e-02	1.023477698209681597e-01	9.238254489791951352e-02	2.486366490983161689e-02	2.956878076023830224e-02
8.659608682442956251e+02	4.205066829175031495e-01	2.334273966475778894e-01	9.859696607777422572e-02	1.023870619462467907e-01	9.244411470040359013e-02	2.500802089427589525e-02	2.966515941911567270e-02
8.707986384579510286e+02	4.200277094058272875e-01	2.332932649073339026e-01	9.887288052745971112e-02	1.024248665632830901e-01	9.250445782493456337e-02	2.515184336825912470e-02	2.976038000579950271e-02
8.756364086716062047e+02	4.195539186923950004e-01	2.331600914295041682e-01	9.914699456106901287e-02	1.024612175438920497e-01	9.256359683653681003e-02	2.529513092874660640e-02	2.985445261075349646e-02
8.804741788852616082e+02	4.190852377976782561e-01	2.330278697530646370e-01	9.941932360010022340e-02	1.024961480326020136e-01	9.262155384176834483e-02	2.543788225609585479e-02	2.994738732158779351e-02
8.853119490989170117e+02	4.186215950022266208e-01	2.328965934151485118e-01	9.968988289197955321e-02	1.025296904622313293e-01	9.267835049908471068e-02	2.558009611224173682e-02	3.003919421998470229e-02
8.901497193125721878e+02	4.181629198212264975e-01	2.327662559536347597e-01	9.995868751228671745e-02	1.025618765691366646e-01	9.273400802895637174e-02	2.572177133891668382e-02	3.012988337873949082e-02
8.949874895262273640e+02	4.177091429796556121e-01	2.326368509095833592e-01	1.002257523669555089e-01	1.025927374081390953e-01	9.278854722374524355e-02	2.586290685590537930e-02	3.021946485891303241e-02
8.998252597398827675e+02	4.172601963880148701e-01	2.325083718295260504e-01	1.004910921944496410e-01	1.026223033671344320e-01	9.284198845734598082e-02	2.600350165933317317e-02	3.030794870709302077e-02
9.046630299535379436e+02	4.168160131186224859e-01	2.323808122676211119e-01	1.007547215679139019e-01	1.026506041813937814e-01	9.289435169459753228e-02	2.614355481998767092e-02	3.039534495276071183e-02
9.095008001671932334e+02	4.163765273824536206e-01	2.322541657876794619e-01	1.010166548973003703e-01	1.026776689475604187e-01	9.294565650047040273e-02	2.628306548167280363e-02	3.048166360576009745e-02
9.143385703808486369e+02	4.159416745065120935e-01	2.321284259650701620e-01	1.012769064314699291e-01	1.027035261373491076e-01	9.299592204903468773e-02	2.642203285959476844e-02	3.056691465386654830e-02
9.191763405945038130e+02	4.155113909117179594e-01	2.320035863885111238e-01	1.015354902602689097e-01	1.027282036109536806e-01	9.304516713221429314e-02	2.656045623877926684e-02	3.065110806045206332e-02
9.240141108081592165e+02	4.150856140912989600e-01	2.318796406617527617e-01	1.017924203165809505e-01	1.027517286301686678e-01	9.309341016833232174e-02	2.669833497251937818e-02	3.073425376224430197e-02
9.288518810218145063e+02	4.146642825896702522e-01	2.317565824051591450e-01	1.020477103783543060e-01	1.027741278712309136e-01	9.314066921045251191e-02	2.683566848085355838e-02	3.081636166717662689e-02
9.336896512354697961e+02	4.142473359817910317e-01	2.316344052571939482e-01	1.023013740706044256e-01	1.027954274373866078e-01	9.318696195452159936e-02	2.697245624907309777e-02	3.089744165232654119e-02
9.385274214491247449e+02	4.138347148529849528e-01	2.315131028758150578e-01	1.025534248673919263e-01	1.028156528711894335e-01	9.323230574731747322e-02	2.710869782625856955e-02	3.097750356193985227e-02
9.433651916627801484e+02	4.134263607792112993e-01	2.313926689397838854e-01	1.028038760937763779e-01	1.028348291665353159e-01	9.327671759420758102e-02	2.724439282384464103e-02	3.105655720553809548e-02
9.482029618764355519e+02	4.130222163077766351e-01	2.312730971498939969e-01	1.030527409277456619e-01	1.028529807804391405e-01	9.332021416672230119e-02	2.737954091421273065e-02	3.113461235610668482e-02
9.530407320900908417e+02	4.126222249384745022e-01	2.311543812301228573e-01	1.033000324021210864e-01	1.028701316445587016e-01	9.336281180994755735e-02	2.751414182931098337e-02	3.121167874836144537e-02
9.578785023037459041e+02	4.122263311051421741e-01	2.310365149287116338e-01	1.035457634064387844e-01	1.028863051764712100e-01	9.340452654974124025e-02	2.764819535930102684e-02	3.128776607709112673e-02
9.627162725174014213e+02	4.118344801576241387e-01	2.309194920191766365e-01	1.037899466888069638e-01	1.029015242907073274e-01	9.344537409977742015e-02	2.778170135123099807e-02	3.136288399557365242e-02
9.675540427310568248e+02	4.114466183441322089e-01	2.308033063012562836e-01	1.040325948577396076e-01	1.029158114095479748e-01	9.348536986842274910e-02	2.791465970773435862e-02	3.143704211406391641e-02
9.723918129447120009e+02	4.110626927939911024e-01	2.306879516017967535e-01	1.042737203839667198e-01	1.029291884735886314e-01	9.352452896544898031e-02	2.804707038575396036e-02	3.151024999835087131e-02
9.772295831583674044e+02	4.106826515007611089e-01	2.305734217755801840e-01	1.045133356022211885e-01	1.029416769520761915e-01	9.356286620858556002e-02	2.817893339529091087e-02	3.158251716838190309e-02
9.820673533720223531e+02	4.103064433057274085e-01	2.304597107060977201e-01	1.047514527130025686e-01	1.029532978530229709e-01	9.360039612991626068e-02	2.831024879817775619e-02	3.165385309695240013e-02
9.869051235856777566e+02	4.099340178817474922e-01	2.303468123062714368e-01	1.049880837843178011e-01	1.029640717331026939e-01	9.363713298212363034e-02	2.844101670687551597e-02	3.172426720845848702e-02
9.917428937993331601e+02	4.095653257174479145e-01	2.302347205191267454e-01	1.052232407533994496e-01	1.029740187073329705e-01	9.367309074458481100e-02	2.857123728329410972e-02	3.179376887771106358e-02
9.965806640129884499e+02	4.092003181017609958e-01	2.301234293184185875e-01	1.054569354284011773e-01	1.029831584585487875e-01	9.370828312932262538e-02	2.870091073763570561e-02	3.186236742880919209e-02
