0.000000000000000000e+00	9.882497498830929983e-01	5.789579841376517825e-34	1.008704735154324940e-02	1.357837866184093953e-29	3.308604024573703027e-03	3.765330530177167035e-04	7.781140668078815054e-33
4.837770213655283591e+00	9.696721876140760310e-01	1.773375823705223425e-02	1.005399760923131845e-02	7.974654161221406742e-05	4.061729836539294466e-03	4.072893948295169776e-04	1.322507888703673749e-05
9.675540427310567182e+00	9.519849974671373838e-01	3.428999428881158301e-02	1.008987404877398006e-02	3.096276634327098463e-04	4.879535154265188246e-03	4.385181161268144820e-04	2.938757368000861675e-05
1.451331064096584811e+01	9.351359410263508920e-01	4.974550186374841060e-02	1.018952015553105037e-02	6.763549793034919193e-04	5.755177975064335906e-03	4.704783603101688849e-04	4.895995191918059615e-05
1.935108085462113081e+01	9.190760674162632426e-01	6.417206833524249920e-02	1.034812407380370641e-02	1.167585521031085528e-03	6.682326689657770713e-03	5.034048998365486371e-04	7.235737639270858478e-05
2.418885106827641707e+01	9.037595014327922671e-01	7.763680134357840712e-02	1.056119599909083849e-02	1.771858258241866329e-03	7.655125159027495636e-03	5.375098882320045830e-04	9.994223126463068203e-05
2.902662128193169622e+01	8.891432454412203645e-01	9.020243408285533171e-02	1.082454704768127073e-02	2.478534802644120124e-03	8.668160112016189134e-03	5.729844942310008665e-04	1.320283315791316548e-04
3.386439149558698603e+01	8.751869941440745260e-01	1.019276106641330282e-01	1.113426950711978065e-02	3.277744022599937950e-03	9.716430711125717198e-03	6.100004258166106781e-04	1.688848373577594704e-04
3.870216170924226162e+01	8.618529613802219380e-01	1.128671528553125969e-01	1.148671837738227813e-02	4.160330311825213498e-03	1.079532014395166543e-02	6.487113514264030096e-04	2.107398921073381321e-04
4.353993192289755143e+01	8.491057181712219348e-01	1.230723094133567980e-01	1.187849411848183011e-02	5.117805272781148808e-03	1.190056910702382530e-02	6.892542251127620201e-04	2.577840042490603563e-04
4.837770213655283413e+01	8.369120412821199340e-01	1.325909891451015343e-01	1.230642652572924364e-02	6.142302590972165827e-03	1.302825105754537062e-02	7.317505220014261123e-04	3.101731887576605028e-04
5.321547235020811684e+01	8.252407716116688663e-01	1.414679787587389548e-01	1.276755965901475373e-02	7.226535890994375579e-03	1.417474911667619339e-02	7.763073899761604741e-04	3.680318851580660394e-04
5.805324256386339954e+01	8.140626817716541952e-01	1.497451464987212266e-01	1.325913775728451705e-02	8.363759378852529333e-03	1.533673451562570303e-02	8.230187231288045710e-04	4.314556669602640036e-04
6.289101277751868224e+01	8.033503522567643218e-01	1.574616324920305732e-01	1.377859207387889875e-02	9.547731087844018791e-03	1.651114648294228771e-02	8.719661621506670859e-04	5.005137566164057691e-04
6.772878299117397205e+01	7.930780556454890551e-01	1.646540266731867652e-01	1.432352857259951498e-02	1.077267855725439448e-02	1.769517347804287419e-02	9.232200265017386160e-04	5.752513591528344650e-04
7.256655320482924765e+01	7.832216483090284065e-01	1.713565350987429070e-01	1.489171642829779235e-02	1.203326678427440836e-02	1.888623568224723909e-02	9.768401828768797420e-04	6.556918267594800172e-04
7.740432341848452324e+01	7.737584691393027958e-01	1.776011354090984151e-01	1.548107727944726848e-02	1.332456829998489127e-02	2.008196866439628317e-02	1.032876854191594690e-03	7.418386658059282750e-04
8.224209363213981305e+01	7.646672448390438026e-01	1.834177221459870055e-01	1.608967518359191717e-02	1.464203523001027935e-02	2.128020814356768736e-02	1.091371373032838177e-03	8.336773969937019170e-04
8.707986384579510286e+01	7.559280013467521986e-01	1.888342425877599928e-01	1.671570722976869691e-02	1.598147320955892181e-02	2.247897577648165848e-02	1.152356883261278133e-03	9.311772786443950388e-04
9.191763405945040688e+01	7.475219809971689333e-01	1.938768237213631396e-01	1.735749476499936703e-02	1.733901703109010789e-02	2.367646590193625555e-02	1.215858993209356339e-03	1.034292902460028172e-03
9.675540427310566827e+01	7.394315650439469145e-01	1.985698909295060821e-01	1.801347519474765999e-02	1.871110791081269029e-02	2.487103317904841918e-02	1.281896383693237806e-03	1.142965670472269627e-03
1.015931744867609581e+02	7.316402011955587259e-01	2.029362789337604278e-01	1.868219431985617199e-02	2.009447226766499298e-02	2.606118106022335679e-02	1.350481373845307089e-03	1.257125161318168672e-03
1.064309447004162337e+02	7.241323358382264486e-01	2.069973354990267134e-01	1.936229917492470268e-02	2.148610191538389072e-02	2.724555104365005212e-02	1.421620447576256181e-03	1.376690393439093446e-03
1.112687149140715235e+02	7.168933506409291834e-01	2.107730183718160288e-01	2.005253133537921242e-02	2.288323557477468795e-02	2.842291265374264492e-02	1.495314743291141285e-03	1.501570992294171559e-03
1.161064851277267991e+02	7.099095032574318509e-01	2.142819858939531696e-01	2.075172066261894016e-02	2.428334161937224442e-02	2.959215410133224367e-02	1.571560509311195055e-03	1.631668268207363834e-03
1.209442553413820747e+02	7.031678718588558752e-01	2.175416817044828199e-01	2.145877945862768518e-02	2.568410197336530934e-02	3.075227357857725913e-02	1.650349527291894132e-03	1.766876211026202929e-03
1.257820255550373645e+02	6.966563032476901229e-01	2.205684139156147971e-01	2.217269700330359514e-02	2.708339708596642359e-02	3.190237114651690853e-02	1.731669505777051667e-03	1.907082407358136420e-03
1.306197957686926259e+02	6.903633643203778147e-01	2.233774291233593945e-01	2.289253444950786059e-02	2.847929191137307109e-02	3.304164117595559391e-02	1.815504445887838490e-03	2.052168885765456256e-03
1.354575659823479441e+02	6.842782966607923179e-01	2.259829815899625505e-01	2.361742005246494566e-02	2.987002282810484466e-02	3.416936530494828206e-02	1.901834981014006824e-03	2.202012894940178541e-03
1.402953361960032339e+02	6.783909740611054895e-01	2.283983979132458986e-01	2.434654471167269421e-02	3.125398543583711441e-02	3.528490587857013860e-02	1.990638692251566269e-03	2.356487619544315147e-03
1.451331064096584669e+02	6.726918627798157413e-01	2.306361374773878703e-01	2.507915780490663910e-02	3.262972317190429572e-02	3.638769983890931259e-02	2.081890401216205527e-03	2.515462838087173872e-03
1.499708766233137851e+02	6.671719843590987464e-01	2.327078489604573197e-01	2.581456329523579632e-02	3.399591669343345751e-02	3.747725303532925545e-02	2.175562441754329106e-03	2.678805526918222411e-03
1.548086468369690749e+02	6.618228808352342174e-01	2.346244231560404014e-01	2.655211609321319471e-02	3.535137397460894754e-02	3.855313492701701455e-02	2.271624911973181300e-03	2.846380414140269738e-03
1.596464170506243647e+02	6.566365821866934072e-01	2.363960423495030105e-01	2.729121865756895665e-02	3.669502107187757461e-02	3.961497365167456625e-02	2.370045907917724386e-03	3.018050486992001399e-03
1.644841872642796261e+02	6.516055758746017723e-01	2.380322264737319837e-01	2.803131781882231208e-02	3.802589351299625470e-02	4.066245143593071737e-02	2.470791740134275875e-03	3.193677456010061977e-03
1.693219574779349159e+02	6.467227783397515584e-01	2.395418762545198643e-01	2.877190181124643711e-02	3.934312826871418090e-02	4.169530032465854769e-02	2.573827134278987121e-03	3.373122179057815549e-03
1.741597276915902057e+02	6.419815083291926516e-01	2.409333135420423933e-01	2.951249749957110188e-02	4.064595626858305555e-02	4.271329820788601073e-02	2.679115416852711345e-03	3.556245048099592430e-03
1.789974979052454671e+02	6.373754619336955418e-01	2.422143190120533696e-01	3.025266778769705039e-02	4.193369542491352797e-02	4.371626512539103504e-02	2.786618687072270860e-03	3.742906341404655252e-03
1.838352681189008138e+02	6.328986892251181606e-01	2.433921674084374986e-01	3.099200919752701303e-02	4.320574413125558705e-02	4.470405983038451547e-02	2.896297975821309975e-03	3.932966543683451971e-03
1.886730383325560467e+02	6.285455723899276981e-01	2.444736604875573649e-01	3.173014960679498842e-02	4.446157520398613672e-02	4.567657659491066585e-02	3.008113392561462696e-03	4.126286636489040136e-03
1.935108085462113081e+02	6.243108052618936421e-01	2.454651578143604296e-01	3.246674613550130928e-02	4.570073023764797959e-02	4.663374224073975338e-02	3.122024261026215552e-03	4.322728361058143093e-03
1.983485787598666263e+02	6.201893741632724666e-01	2.463726055504217305e-01	3.320148317123979703e-02	4.692281434661078887e-02	4.757551338059900353e-02	3.237989244465327033e-03	4.522154455618379414e-03
2.031863489735219162e+02	6.161765399697195500e-01	2.472015633649509159e-01	3.393407052433735499e-02	4.812749126742510430e-02	4.850187385558767106e-02	3.355966461156712800e-03	4.724428869050049939e-03
2.080241191871772060e+02	6.122678213196725006e-01	2.479572295912380042e-01	3.466424170431957330e-02	4.931447879792288241e-02	4.941283235555719161e-02	3.475913590855116749e-03	4.929416952661949160e-03
2.128618894008324673e+02	6.084589788941136002e-01	2.486444647430199051e-01	3.539175230976962516e-02	5.048354455069064411e-02	5.030842021011087267e-02	3.597787972802414438e-03	5.136985631720233578e-03
2.176996596144877287e+02	6.047460006974392233e-01	2.492678134977772408e-01	3.611637852416633987e-02	5.163450200001104551e-02	5.118868933869370058e-02	3.721546695882840990e-03	5.347003558257007808e-03
2.225374298281430470e+02	6.011250882746742574e-01	2.498315252469866798e-01	3.683791571077088545e-02	5.276720680274207820e-02	5.205371034900563298e-02	3.847146681467623289e-03	5.559341246580345314e-03
2.273752000417983652e+02	5.975926438044794065e-01	2.503395733068256024e-01	3.755617710008462423e-02	5.388155337488682167e-02	5.290357077368423172e-02	3.974544759457221063e-03	5.773871192809543369e-03
2.322129702554535982e+02	5.941452580113419923e-01	2.507956728767239407e-01	3.827099256382332504e-02	5.497747170680618300e-02	5.373837343586847226e-02	4.103697737995504885e-03	5.990467979667962392e-03
2.370507404691088880e+02	5.907796988440198183e-01	2.512032978274539308e-01	3.898220746974850187e-02	5.605492440114842601e-02	5.455823493487763770e-02	4.234562467298544353e-03	6.209008367680509538e-03
2.418885106827641494e+02	5.874929008707526767e-01	2.515656963951168890e-01	3.968968161206632567e-02	5.711390391861666249e-02	5.536328424382059438e-02	4.367095898011100034e-03	6.429371373843173129e-03
2.467262808964194392e+02	5.842819553449719594e-01	2.518859058524029471e-01	4.039328821244978635e-02	5.815443001767507669e-02	5.615366141149364526e-02	4.501255134476305972e-03	6.651438338757717159e-03
2.515640511100747290e+02	5.811441008982476397e-01	2.521667662238410990e-01	4.109291298706291978e-02	5.917654737520927632e-02	5.692951636143292471e-02	4.636997483278198183e-03	6.875092983155287399e-03
2.564018213237300188e+02	5.780767148200240957e-01	2.524109331074023688e-01	4.178845327526756193e-02	6.018032337601164627e-02	5.769100778146108582e-02	4.774280497392664920e-03	7.100221454667998873e-03
2.612395915373852517e+02	5.750773048863223602e-01	2.526208896607500809e-01	4.247981722597541504e-02	6.116584605976147643e-02	5.843830209751109395e-02	4.913062016259859069e-03	7.326712365647185254e-03
2.660773617510405415e+02	5.721435017020491953e-01	2.527989578066254239e-01	4.316692303787164620e-02	6.213322221491660718e-02	5.917157252592375460e-02	5.053300202070083041e-03	7.554456822770696384e-03
2.709151319646958882e+02	5.692730515238443312e-01	2.529473087083021765e-01	4.384969824998302679e-02	6.308257560963105581e-02	5.989099819880220471e-02	5.194953572535525484e-03	7.783348449129073171e-03
2.757529021783511780e+02	5.664638095325488232e-01	2.530679725627185128e-01	4.452807907929379194e-02	6.401404535046542610e-02	6.059676335736757791e-02	5.337981030401845427e-03	8.013283399431442300e-03
2.805906723920064678e+02	5.637137335263839866e-01	2.531628477557891777e-01	4.520200980232778887e-02	6.492778436026606925e-02	6.128905660859772925e-02	5.482341889936503780e-03	8.244160368926266649e-03
2.854284426056617008e+02	5.610208780078064228e-01	2.532337094214954232e-01	4.587144217781689848e-02	6.582395796715882763e-02	6.196807024074579839e-02	5.627995900614710632e-03	8.475880596589459998e-03
2.902662128193169337e+02	5.583833886387610246e-01	2.532822174436363816e-01	4.653633490776373782e-02	6.670274259713489251e-02	6.263399959363001590e-02	5.774903268208899168e-03	8.708347863092635519e-03
2.951039830329722804e+02	5.557994970406909818e-01	2.533099239365880773e-01	4.719665313438253101e-02	6.756432456320400626e-02	6.328704247986102760e-02	5.923024673473706314e-03	8.941468484027215169e-03
2.999417532466276270e+02	5.532675159172016910e-01	2.533182802390440136e-01	4.785236797056646035e-02	6.840889894455456921e-02	6.392739865342988992e-02	6.072321288605379494e-03	9.175151298825554025e-03
3.047795234602828600e+02	5.507858344787036620e-01	2.533086434524953745e-01	4.850345606168348506e-02	6.923666854959457939e-02	6.455526932232005799e-02	6.222754791642363253e-03	9.409307655788059707e-03
3.096172936739380930e+02	5.483529141497047732e-01	2.532822825541353740e-01	4.914989917664609742e-02	7.004784295715303644e-02	6.517085670203053016e-02	6.374287378962452746e-03	9.643851393595248567e-03
3.144550638875934396e+02	5.459672845406721153e-01	2.532403841119363341e-01	4.979168382633489959e-02	7.084263763050038798e-02	6.577436360710676999e-02	6.526881776021281958e-03	9.878698819655733904e-03
3.192928341012487294e+02	5.436275396675546157e-01	2.531840576278369115e-01	5.042880090758124906e-02	7.162127309920097995e-02	6.636599307797154401e-02	6.680501246467017949e-03	1.011376868561507381e-02
3.241306043149040192e+02	5.413323344031568674e-01	2.531143405332844654e-01	5.106124537103149535e-02	7.238397420414123540e-02	6.694594804053043136e-02	6.835109599756856828e-03	1.034898216032609924e-02
3.289683745285592522e+02	5.390803811455714412e-01	2.530322028597961070e-01	5.168901591132511047e-02	7.313096940138673341e-02	6.751443099619705568e-02	6.990671197392299939e-03	1.058426280055876911e-02
3.338061447422145420e+02	5.368704466898419625e-01	2.529385516057229832e-01	5.231211467812119098e-02	7.386249012081004539e-02	6.807164374014278152e-02	7.147150957882120528e-03	1.081953651970651159e-02
3.386439149558698318e+02	5.347013492899177489e-01	2.528342348190199540e-01	5.293054700660389245e-02	7.457877017570134492e-02	6.861778710572381812e-02	7.304514360534394672e-03	1.105473155472637761e-02
3.434816851695251216e+02	5.325719558988016855e-01	2.527200454145314690e-01	5.354432116618675075e-02	7.528004521982568920e-02	6.915306073317789570e-02	7.462727448171948934e-03	1.128977843153210724e-02
3.483194553831804114e+02	5.304811795755718373e-01	2.525967247430960794e-01	5.415344812621939591e-02	7.596655224862693123e-02	6.967766286081214511e-02	7.621756828859028651e-03	1.152460992904219203e-02
3.531572255968357013e+02	5.284279770486923766e-01	2.524649659286435921e-01	5.475794133757859450e-02	7.663852914149789364e-02	7.019179013702504799e-02	7.781569676720855901e-03	1.175916104206917168e-02
3.579949958104909342e+02	5.264113464257106356e-01	2.523254169884039944e-01	5.535781652909858158e-02	7.729621424224233928e-02	7.069563745161809576e-02	7.942133731932039808e-03	1.199336894322173067e-02
3.628327660241463377e+02	5.244303250400758065e-01	2.521786837503604550e-01	5.595309151786389407e-02	7.793984597504646783e-02	7.118939778495882165e-02	8.103417299944477153e-03	1.222717294397741503e-02
3.676705362378016275e+02	5.224839874264157746e-01	2.520253325811569467e-01	5.654378603245185236e-02	7.856966249345674613e-02	7.167326207365458390e-02	8.265389250020394735e-03	1.246051445507108738e-02
3.725083064514568036e+02	5.205714434161637927e-01	2.518658929368096100e-01	5.712992154827160884e-02	7.918590136002903734e-02	7.214741909148938981e-02	8.428019013131561946e-03	1.269333694633238349e-02
3.773460766651120935e+02	5.186918363459530612e-01	2.517008597477648491e-01	5.771152113420230378e-02	7.978879925447016075e-02	7.261205534446116272e-02	8.591276579281355644e-03	1.292558590609439902e-02
3.821838468787673833e+02	5.168443413716821144e-01	2.515306956490949153e-01	5.828860930978521648e-02	8.037859170823959121e-02	7.306735497883747044e-02	8.755132494302330509e-03	1.315720880028564341e-02
3.870216170924226162e+02	5.150281638816127661e-01	2.513558330659174667e-01	5.886121191227339233e-02	8.095551286371562016e-02	7.351349970122211808e-02	8.919557856178178534e-03	1.338815503130776942e-02
3.918593873060780197e+02	5.132425380022904715e-01	2.511766761634677270e-01	5.942935597288791921e-02	8.151979525615762889e-02	7.395066870969524420e-02	9.084524310935452804e-03	1.361837589679273583e-02
3.966971575197332527e+02	5.114867251914750890e-01	2.509936026706373058e-01	5.999306960167249958e-02	8.207166961681587602e-02	7.437903863515440972e-02	9.250004048147136490e-03	1.384782454832491315e-02
4.015349277333884856e+02	5.097600129126420576e-01	2.508069655852181445e-01	6.055238188037789099e-02	8.261136469565097395e-02	7.479878349204498178e-02	9.415969796087107421e-03	1.407645595020596760e-02
4.063726979470438323e+02	5.080617133859687273e-01	2.506170947685539274e-01	6.110732276284484843e-02	8.313910710222954803e-02	7.521007463772499957e-02	9.582394816571677618e-03	1.430422683833334346e-02
4.112104681606991221e+02	5.063911624110393195e-01	2.504242984367979208e-01	6.165792298238918778e-02	8.365512116345975857e-02	7.561308073976247268e-02	9.749252899521748672e-03	1.453109567925660317e-02
4.160482383743544119e+02	5.047477182568151921e-01	2.502288645555072466e-01	6.220421396572486938e-02	8.415962879692068244e-02	7.600796775051260612e-02	9.916518357276636261e-03	1.475702262946978517e-02
4.208860085880095880e+02	5.031307606146970812e-01	2.500310621438648351e-01	6.274622775299154576e-02	8.465284939862458002e-02	7.639489888836833997e-02	1.008416601868830469e-02	1.498196949499234869e-02
4.257237788016648778e+02	5.015396896107762181e-01	2.498311424944101022e-01	6.328399692348132821e-02	8.513499974413014926e-02	7.677403462512052967e-02	1.025217122302262557e-02	1.520589969128602163e-02
4.305615490153201677e+02	4.999739248736200792e-01	2.496293403137757050e-01	6.381755452668616546e-02	8.560629390199828159e-02	7.714553267890447708e-02	1.042050981369224694e-02	1.542877820355007153e-02
4.353993192289755143e+02	4.984329046541709496e-01	2.494258747895692629e-01	6.434693401831184656e-02	8.606694315865154321e-02	7.750954801224660407e-02	1.058915813184379065e-02	1.565057154743302800e-02
4.402370894426308041e+02	4.969160849945570835e-01	2.492209505882045650e-01	6.487216920092811479e-02	8.651715595376217871e-02	7.786623283475992141e-02	1.075809300982038565e-02	1.587124773019475341e-02
4.450748596562860939e+02	4.954229389428169705e-01	2.490147587881726687e-01	6.539329416894580638e-02	8.695713782535416381e-02	7.821573661006958611e-02	1.092729176451890175e-02	1.609077621234895200e-02
4.499126298699413837e+02	4.939529558107302321e-01	2.488074777529515891e-01	6.591034325763220347e-02	8.738709136386052512e-02	7.855820606658012184e-02	1.109673219065972216e-02	1.630912786981265905e-02
4.547504000835967304e+02	4.925056404721282477e-01	2.485992739474784385e-01	6.642335099589499747e-02	8.780721617442974192e-02	7.889378521172402126e-02	1.126639255398555022e-02	1.652627495658599496e-02
4.595881702972519065e+02	4.910805126992224268e-01	2.483903027018534437e-01	6.693235206258252301e-02	8.821770884682393621e-02	7.922261534935780281e-02	1.143625158440435968e-02	1.674219106798247036e-02
4.644259405109071963e+02	4.896771065346460783e-01	2.481807089257049292e-01	6.743738124606489526e-02	8.861876293229700718e-02	7.954483509999626945e-02	1.160628846909045331e-02	1.695685110442732291e-02
4.692637107245624861e+02	4.882949696970521614e-01	2.479706277764217870e-01	6.793847340687576841e-02	8.901056892688373468e-02	7.986058042359819864e-02	1.177648284555641439e-02	1.717023123583888422e-02
4.741014809382177759e+02	4.869336630182450332e-01	2.477601852842504226e-01	6.843566344320917150e-02	8.939331426057041396e-02	8.016998464463873098e-02	1.194681479470770073e-02	1.738230886660551561e-02
4.789392511518730657e+02	4.855927599099531533e-01	2.475494989370580490e-01	6.892898625907920018e-02	8.976718329185470746e-02	8.047317847922261236e-02	1.211726483389066224e-02	1.759306260116856591e-02
4.837770213655284124e+02	4.842718458584688301e-01	2.473386782273822304e-01	6.941847673496318039e-02	9.013235730723724581e-02	8.077029006401181821e-02	1.228781390994381634e-02	1.780247221021982046e-02
4.886147915791837022e+02	4.829705179454936714e-01	2.471278251642147483e-01	6.990416970076025749e-02	9.048901452521933286e-02	8.106144498675746379e-02	1.245844339226142086e-02	1.801051859752001577e-02
4.934525617928388783e+02	4.816883843936325960e-01	2.469170347518095388e-01	7.038609991090900853e-02	9.083733010441183420e-02	8.134676631824298842e-02	1.262913506587756002e-02	1.821718376734339853e-02
4.982903320064942250e+02	4.804250641350777951e-01	2.467063954376543800e-01	7.086430202151759727e-02	9.117747615538790429e-02	8.162637464545931254e-02	1.279987112457822360e-02	1.842245079255172557e-02
5.031281022201495148e+02	4.791801864021154600e-01	2.464959895316076455e-01	7.133881056936955400e-02	9.150962175593886638e-02	8.190038810584746032e-02	1.297063416404822464e-02	1.862630378329973441e-02
5.079658724338048046e+02	4.779533903381739113e-01	2.462858935980700159e-01	7.180965995267764301e-02	9.183393296941672057e-02	8.216892242245676936e-02	1.314140717505912423e-02	1.882872785637279209e-02
5.128036426474600376e+02	4.767443246282121461e-01	2.460761788229401670e-01	7.227688441346620529e-02	9.215057286586957053e-02	8.243209093987875768e-02	1.331217353670375268e-02	1.902970910515630956e-02
5.176414128611153274e+02	4.755526471473232597e-01	2.458669113569891818e-01	7.274051802147070422e-02	9.245970154569789490e-02	8.269000466082798706e-02	1.348291700968243766e-02	1.922923457023544003e-02
5.224791830747705035e+02	4.743780246264961420e-01	2.456581526371819368e-01	7.320059465945023824e-02	9.276147616557893494e-02	8.294277228325154516e-02	1.365362172964542167e-02	1.942729221062257025e-02
5.273169532884259070e+02	4.732201323345474608e-01	2.454499596873746248e-01	7.365714800981566779e-02	9.305605096642524665e-02	8.319050023785887205e-02	1.382427220059563415e-02	1.962387087560930540e-02
5.321547235020811968e+02	4.720786537752933443e-01	2.452423853997239833e-01	7.411021154248270681e-02	9.334357730316068802e-02	8.343329272597195534e-02	1.399485328835541921e-02	1.981896027723880488e-02
5.369924937157364866e+02	4.709532803990923999e-01	2.450354787980575100e-01	7.455981850386486642e-02	9.362420367611312688e-02	8.367125175760481426e-02	1.416535021410050485e-02	2.001255096339365699e-02
5.418302639293917764e+02	4.698437113279423927e-01	2.448292852843722833e-01	7.500600190692720270e-02	9.389807576383810139e-02	8.390447718968892243e-02	1.433574854796411217e-02	2.020463429149381429e-02
5.466680341430470662e+02	4.687496530933641936e-01	2.446238468695540458e-01	7.544879452222671978e-02	9.416533645720172319e-02	8.413306676436795029e-02	1.450603420271370618e-02	2.039520240279851446e-02
5.515058043567023560e+02	4.676708193863541307e-01	2.444192023893372312e-01	7.588822886987041383e-02	9.442612589456404748e-02	8.435711614729266006e-02	1.467619342750266925e-02	2.058424819730568511e-02
5.563435745703576458e+02	4.666069308187310027e-01	2.442153877064605905e-01	7.632433721232632917e-02	9.468058149791613864e-02	8.457671896585218507e-02	1.484621280169880556e-02	2.077176530924174438e-02
5.611813447840129356e+02	4.655577146952433742e-01	2.440124358999102294e-01	7.675715154802743856e-02	9.492883800983564768e-02	8.479196684728436406e-02	1.501607922879132952e-02	2.095774808313444551e-02
5.660191149976681118e+02	4.645229047958427393e-01	2.438103774420846970e-01	7.718670360571208700e-02	9.517102753113587665e-02	8.500294945661278356e-02	1.518577993037778344e-02	2.114219155046096268e-02
5.708568852113234016e+02	4.635022411675649434e-01	2.436092403646620552e-01	7.761302483944833297e-02	9.540727955909319991e-02	8.520975453436320513e-02	1.535530244023205343e-02	2.132509140686313087e-02
5.756946554249786914e+02	4.624954699254956725e-01	2.434090504138982369e-01	7.803614642429326786e-02	9.563772102614714887e-02	8.541246793401667536e-02	1.552463459845445509e-02	2.150644398992149209e-02
5.805324256386339812e+02	4.615023430623265144e-01	2.432098311960384784e-01	7.845609925254160011e-02	9.586247633897521103e-02	8.561117365916086352e-02	1.569376454570467483e-02	2.168624625747958209e-02
5.853701958522892710e+02	4.605226182660402956e-01	2.430116043134799841e-01	7.887291393052056621e-02	9.608166741785310883e-02	8.580595390030515413e-02	1.586268071751816347e-02	2.186449576650967286e-02
5.902079660659445608e+02	4.595560587452902634e-01	2.428143894922814017e-01	7.928662077589140877e-02	9.629541373621791633e-02	8.599688907132849169e-02	1.603137183870640900e-02	2.204119065251103002e-02
5.950457362795999643e+02	4.586024330620651068e-01	2.426182047015768839e-01	7.969724981542029851e-02	9.650383236035886547e-02	8.618405784553269389e-02	1.619982691784140061e-02	2.221632960943160928e-02
5.998835064932552541e+02	4.576615149712552344e-01	2.424230662654164037e-01	8.010483078318368644e-02	9.670703798916650828e-02	8.636753719127659989e-02	1.636803524182436215e-02	2.238991187010403242e-02
6.047212767069104302e+02	4.567330832667597096e-01	2.422289889675190433e-01	8.050939311917597319e-02	9.690514299387698038e-02	8.654740240716975175e-02	1.653598637053886253e-02	2.256193718718656205e-02
6.095590469205657200e+02	4.558169216337938368e-01	2.420359861493957543e-01	8.091096596828906140e-02	9.709825745775374495e-02	8.672372715680659594e-02	1.670367013158812614e-02	2.273240581459978760e-02
6.143968171342210098e+02	4.549128185070787089e-01	2.418440698022675250e-01	8.130957817963560541e-02	9.728648921565409557e-02	8.689658350302495449e-02	1.687107661511635937e-02	2.290131848944964785e-02
6.192345873478761860e+02	4.540205669346112360e-01	2.416532506531776647e-01	8.170525830618978469e-02	9.746994389343242859e-02	8.706604194167455457e-02	1.703819616871385043e-02	2.306867641442742617e-02
6.240723575615315895e+02	4.531399644467324350e-01	2.414635382456707113e-01	8.209803460472082925e-02	9.764872494713677797e-02	8.723217143488351533e-02	1.720501939240532893e-02	2.323448124067733697e-02
6.289101277751868793e+02	4.522708129302275837e-01	2.412749410153872121e-01	8.248793503599659294e-02	9.782293370195918603e-02	8.739503944381278588e-02	1.737153713372124528e-02	2.339873505112239141e-02
6.337478979888421691e+02	4.514129185072071615e-01	2.410874663608993940e-01	8.287498726523571946e-02	9.799266939090413298e-02	8.755471196089002761e-02	1.753774048285136611e-02	2.356144034423916789e-02
6.385856682024975726e+02	4.505660914185332655e-01	2.409011207100936469e-01	8.325921866278861161e-02	9.815802919314287056e-02	8.771125354151623754e-02	1.770362076788003711e-02	2.372260001827223783e-02
6.434234384161527487e+02	4.497301459115679023e-01	2.407159095823842299e-01	8.364065630502846849e-02	9.831910827202477998e-02	8.786472733523993661e-02	1.786916955010254757e-02	2.388221735587899366e-02
6.482612086298080385e+02	4.489049001320343790e-01	2.405318376470250707e-01	8.401932697543534889e-02	9.847599981271971947e-02	8.801519511639477322e-02	1.803437861942179879e-02	2.404029600919577181e-02
6.530989788434633283e+02	4.480901760197936179e-01	2.403489087777692101e-01	8.439525716585692672e-02	9.862879505946831049e-02	8.816271731419815516e-02	1.819923998982454078e-02	2.419683998531610772e-02
6.579367490571185044e+02	4.472857992083494882e-01	2.401671261041090077e-01	8.476847307793104747e-02	9.877758335241956789e-02	8.830735304230921678e-02	1.836374589493635148e-02	2.435185363217223439e-02
6.627745192707737942e+02	4.464915989279066855e-01	2.399864920593154649e-01	8.513900062465608320e-02	9.892245216403768027e-02	8.844916012784570514e-02	1.852788878365454681e-02	2.450534162481078984e-02
6.676122894844290840e+02	4.457074079118160115e-01	2.398070084254805279e-01	8.550686543209604085e-02	9.906348713506209214e-02	8.858819513986015970e-02	1.869166131585809493e-02	2.465730895205403908e-02
6.724500596980843738e+02	4.449330623062500156e-01	2.396286763757534133e-01	8.587209284120829456e-02	9.920077211000681572e-02	8.872451341727691232e-02	1.885505635819368156e-02	2.480776090353783297e-02
6.772878299117396637e+02	4.441684015829611143e-01	2.394514965139495632e-01	8.623470790978275680e-02	9.933438917218706532e-02	8.885816909629179472e-02	1.901806697993693382e-02	2.495670305711776213e-02
6.821256001253949535e+02	4.434132684549829673e-01	2.392754689116990963e-01	8.659473541448173273e-02	9.946441867826281980e-02	8.898921513723752341e-02	1.918068644892790761e-02	2.510414126663498488e-02
6.869633703390502433e+02	4.426675087951428278e-01	2.391005931432911014e-01	8.695219985297096554e-02	9.959093929229068110e-02	8.911770335091821760e-02	1.934290822757982545e-02	2.525008165003343047e-02
6.918011405527055331e+02	4.419309715572604103e-01	2.389268683183599917e-01	8.730712544613265791e-02	9.971402801927690962e-02	8.924368442441692195e-02	1.950472596896007244e-02	2.539453057782008541e-02
6.966389107663608229e+02	4.412035086999152589e-01	2.387542931125506696e-01	8.765953614035189301e-02	9.983376023822547463e-02	8.936720794638101928e-02	1.966613351294249981e-02	2.553749466186030354e-02
7.014766809800161127e+02	4.404849751126707069e-01	2.385828657962903443e-01	8.800945560986885019e-02	9.995020973467691472e-02	8.948832243179025148e-02	1.982712488242995355e-02	2.567898074450012877e-02
7.063144511936714025e+02	4.397752285446501763e-01	2.384125842617865754e-01	8.835690725918927957e-02	1.000634487327342753e-01	8.960707534621296932e-02	1.998769427964608436e-02	2.581899588800781048e-02
7.111522214073266923e+02	4.390741295353642326e-01	2.382434460483641159e-01	8.870191422554657423e-02	1.001735479265737916e-01	8.972351312955635649e-02	2.014783608249531843e-02	2.595754736432678150e-02
7.159899916209819821e+02	4.383815413476950806e-01	2.380754483662445853e-01	8.904449938140911180e-02	1.002805765114389847e-01	8.983768121931677564e-02	2.030754484099007995e-02	2.609464264513253196e-02
7.208277618346371582e+02	4.376973299029484621e-01	2.379085881188674201e-01	8.938468533702693952e-02	1.003846022141175465e-01	8.994962407333674526e-02	2.046681527374412390e-02	2.623028939218592301e-02
7.256655320482924481e+02	4.370213637178877453e-01	2.377428619238439456e-01	8.972249444301252930e-02	1.004856913229012216e-01	9.005938519207509763e-02	2.062564226453101474e-02	2.636449544797562008e-02
7.305033022619478515e+02	4.363535138436702709e-01	2.375782661326301948e-01	9.005794879295039856e-02	1.005839087170297963e-01	9.016700714039731224e-02	2.078402085890667522e-02	2.649726882664251229e-02
7.353410724756030277e+02	4.356936538066091269e-01	2.374147968489989102e-01	9.039107022603105890e-02	1.006793178956208873e-01	9.027253156889303298e-02	2.094194626089503769e-02	2.662861770517906124e-02
7.401788426892584312e+02	4.350416595506881867e-01	2.372524499463859182e-01	9.072188032970489313e-02	1.007719810060877103e-01	9.037599923472811048e-02	2.109941382973569077e-02	2.675855041489664729e-02
7.450166129029136073e+02	4.343974093817610793e-01	2.370912210841812084e-01	9.105040044235199193e-02	1.008619588720477134e-01	9.047745002203839981e-02	2.125641907669257452e-02	2.688707543315419640e-02
7.498543831165690108e+02	4.337607839133694188e-01	2.369311057230308604e-01	9.137665165596423056e-02	1.009493110207254907e-01	9.057692296187298819e-02	2.141295766192267275e-02	2.701420137534144700e-02
7.546921533302243006e+02	4.331316660141178998e-01	2.367720991392110730e-01	9.170065481883619973e-02	1.010340957098537912e-01	9.067445625169415213e-02	2.156902539140368932e-02	2.713993698711033090e-02
7.595299235438793630e+02	4.325099407565468068e-01	2.366141964381320573e-01	9.202243053826171526e-02	1.011163699540766486e-01	9.077008727444196845e-02	2.172461821391974066e-02	2.726429113684815733e-02
7.643676937575347665e+02	4.318954953674467578e-01	2.364573925670263310e-01	9.234199918323313105e-02	1.011961895508594889e-01	9.086385261717103146e-02	2.187973221810402685e-02	2.738727280838632733e-02
7.692054639711900563e+02	4.312882191795609499e-01	2.363016823268714317e-01	9.265938088714066601e-02	1.012736091059109472e-01	9.095578808926700620e-02	2.203436362953754488e-02	2.750889109393850340e-02
7.740432341848452324e+02	4.306880035846255561e-01	2.361470603835945647e-01	9.297459555046930224e-02	1.013486820581216141e-01	9.104592874025090043e-02	2.218850880790282018e-02	2.762915518726227412e-02
7.788810043985006359e+02	4.300947419876985922e-01	2.359935212786035130e-01	9.328766284349085391e-02	1.014214607040252875e-01	9.113430887717857698e-02	2.234216424419175478e-02	2.774807437703845359e-02
7.837187746121558121e+02	4.295083297627315111e-01	2.358410594386856907e-01	9.359860220894931915e-02	1.014919962217883248e-01	9.122096208164330589e-02	2.249532655796656483e-02	2.786565804046232595e-02
7.885565448258112156e+02	4.289286642093398938e-01	2.356896691853135883e-01	9.390743286473740570e-02	1.015603386947329656e-01	9.130592122638898911e-02	2.264799249467291942e-02	2.798191563704124224e-02
7.933943150394665054e+02	4.283556445107309929e-01	2.355393447433934973e-01	9.421417380656244012e-02	1.016265371344008961e-01	9.138921849154177379e-02	2.280015892300435443e-02	2.809685670259310514e-02
7.982320852531219089e+02	4.277891716927474386e-01	2.353900802494914846e-01	9.451884381060018936e-02	1.016906395031629967e-01	9.147088538046756201e-02	2.295182283231696901e-02	2.821049084344042640e-02
8.030698554667769713e+02	4.272291485839904701e-01	2.352418697595684005e-01	9.482146143613499889e-02	1.017526927363819195e-01	9.155095273526300814e-02	2.310298133009358948e-02	2.832282773079470087e-02
8.079076256804323748e+02	4.266754797769843344e-01	2.350947072562541984e-01	9.512204502818485952e-02	1.018127427641336152e-01	9.162945075188749788e-02	2.325363163945646031e-02	2.843387709532604196e-02
8.127453958940876646e+02	4.261280715903486005e-01	2.349485866556892955e-01	9.542061272011030659e-02	1.018708345324947917e-01	9.170640899494345022e-02	2.340377109672754641e-02	2.854364872191306191e-02
8.175831661077428407e+02	4.255868320319433629e-01	2.348035018139592034e-01	9.571718243620579158e-02	1.019270120244025468e-01	9.178185641211231149e-02	2.355339714903565904e-02	2.865215244456816371e-02
8.224209363213982442e+02	4.250516707629574120e-01	2.346594465331474366e-01	9.601177189427277658e-02	1.019813182800929502e-01	9.185582134825355516e-02	2.370250735196946512e-02	2.875939814153346402e-02
8.272587065350534203e+02	4.245224990629069550e-01	2.345164145670290967e-01	9.630439860817345543e-02	1.020337954171255113e-01	9.192833155917377874e-02	2.385109936727556126e-02	2.886539573054274291e-02
8.320964767487085965e+02	4.239992297955167411e-01	2.343743996264275320e-01	9.659507989036424103e-02	1.020844846499999320e-01	9.199941422507301736e-02	2.399917096060082480e-02	2.897015516424483739e-02
8.369342469623640000e+02	4.234817773754553927e-01	2.342333953842536398e-01	9.688383285440844983e-02	1.021334263093722494e-01	9.206909596367515713e-02	2.414671999927814686e-02	2.907368642578410378e-02
8.417720171760191761e+02	4.229700577358979086e-01	2.340933954802472960e-01	9.717067441746728151e-02	1.021806598608767519e-01	9.213740284304952621e-02	2.429374445015478751e-02	2.917599952453361900e-02
8.466097873896745796e+02	4.224639882968898030e-01	2.339543935254381479e-01	9.745562130276863577e-02	1.022262239235608855e-01	9.220436039413024143e-02	2.444024237746254824e-02	2.927710449197690884e-02
8.514475576033297557e+02	4.219634879344879574e-01	2.338163831063432563e-01	9.773869004205322508e-02	1.022701562879394649e-01	9.226999362294019402e-02	2.458621194072898447e-02	2.937701137773405385e-02
8.562853278169851592e+02	4.214684769506548689e-01	2.336793577889164641e-01	9.801989697799752543e-02	1.023124939336751138e-01	9.233432702252603042e-02	2.473165139272887406e-02	2.947573024572822456e-02
8.611230980306403353e+02	4.209788770438832040e-01	2.335433111222645353e-01	9.829925826661300992e-02	1.023532730468917074e-01	9.239738458461076165e-02	2.487655907747519934e-02	2.957327117048869081e-02
8.659608682442956251e+02	4.204946112805289515e-01	2.334082366421437182e-01	9.857678987962151251e-02	1.023925290371272001e-01	9.245918981097037137e-02	2.502093342824889335e-02	2.966964423358650974e-02
8.707986384579510286e+02	4.200156040668320823e-01	2.332741278742498925e-01	9.885250760680618087e-02	1.024302965539326538e-01	9.251976572454052861e-02	2.516477296566663191e-02	2.976485952019913145e-02
8.756364086716062047e+02	4.195417811216051174e-01	2.331409783373140088e-01	9.912642705833811518e-02	1.024666095031239454e-01	9.257913488025971971e-02	2.530807629578592927e-02	2.985892711580033498e-02
8.804741788852616082e+02	4.190730694495686248e-01	2.330087815460144540e-01	9.939856366707798541e-02	1.025015010626926376e-01	9.263731937565466978e-02	2.545084210824687110e-02	2.995185710297193493e-02
8.853119490989170117e+02	4.186093973153172110e-01	2.328775310137169707e-01	9.966893269085295992e-02	1.025350036983824070e-01	9.269434086117415983e-02	2.559306917444972157e-02	3.004365955833379273e-02
8.901497193125721878e+02	4.181506942178959130e-01	2.327472202550519842e-01	9.993754921470834884e-02	1.025671491789374445e-01	9.275022055027690171e-02	2.573475634576781121e-02	3.013434454958880196e-02
8.949874895262273640e+02	4.176968908659712820e-01	2.326178427883389688e-01	1.002044281531341563e-01	1.025979685910291678e-01	9.280497922927916088e-02	2.587590255179497353e-02	3.022392213267950656e-02
8.998252597398827675e+02	4.172479191535790055e-01	2.324893921378665129e-01	1.004695842522663751e-01	1.026274923538672973e-01	9.285863726696796938e-02	2.601650679862690593e-02	3.031240234905322253e-02
9.046630299535379436e+02	4.168037121364332465e-01	2.323618618360362431e-01	1.007330320920629407e-01	1.026557502335015692e-01	9.291121462398498065e-02	2.615656816717577132e-02	3.039979522303248513e-02
9.095008001671932334e+02	4.163642040087815466e-01	2.322352454253790166e-01	1.009947860884544135e-01	1.026827713568201905e-01	9.296273086198682256e-02	2.629608581151746116e-02	3.048611075928783776e-02
9.143385703808486369e+02	4.159293300807901939e-01	2.321095364604494893e-01	1.012548604954692094e-01	1.027085842252508652e-01	9.301320515258676425e-02	2.643505895727085719e-02	3.057135894040993382e-02
9.191763405945038130e+02	4.154990267564460660e-01	2.319847285096073020e-01	1.015132694073336839e-01	1.027332167281704567e-01	9.306265628608322016e-02	2.657348690000848473e-02	3.065554972457814123e-02
9.240141108081592165e+02	4.150732315119606275e-01	2.318608151566902698e-01	1.017700267605468611e-01	1.027566961560289205e-01	9.311110267997987910e-02	2.671136900369798853e-02	3.073869304332276994e-02
9.288518810218145063e+02	4.146518828746629803e-01	2.317377900025862913e-01	1.020251463359300448e-01	1.027790492131934880e-01	9.315856238730253758e-02	2.684870469917379626e-02	3.082079879937823369e-02
9.336896512354697961e+02	4.142349204023682008e-01	2.316156466667091129e-01	1.022786417606512399e-01	1.028003020305184867e-01	9.320505310471749461e-02	2.698549348263843892e-02	3.090187686462445710e-02
9.385274214491247449e+02	4.138222846632091945e-01	2.314943787883839421e-01	1.025305265102248037e-01	1.028204801776465144e-01	9.325059218045611553e-02	2.712173491419292773e-02	3.098193707811390529e-02
9.433651916627801484e+02	4.134139172159197462e-01	2.313739800281475190e-01	1.027808139104859075e-01	1.028396086750464761e-01	9.329519662205033870e-02	2.725742861639565348e-02	3.106098924418176921e-02
9.482029618764355519e+02	4.130097605905564961e-01	2.312544440689672520e-01	1.030295171395404913e-01	1.028577120057936195e-01	9.333888310388355203e-02	2.739257427284924259e-02	3.113904313063675308e-02
9.530407320900908417e+02	4.126097582696489074e-01	2.311357646173843872e-01	1.032766492296905841e-01	1.028748141270972166e-01	9.338166797456136370e-02	2.752717162681485308e-02	3.121610846703014308e-02
9.578785023037459041e+02	4.122138546697659001e-01	2.310179354045849565e-01	1.035222230693350898e-01	1.028909384815807765e-01	9.342356726410652734e-02	2.766122047985336910e-02	3.129219494300078397e-02
9.627162725174014213e+02	4.118219951234892706e-01	2.309009501874026704e-01	1.037662514048463686e-01	1.029061080083201185e-01	9.346459669098233780e-02	2.779472069049301539e-02	3.136731220669364967e-02
9.675540427310568248e+02	4.114341258617818520e-01	2.307848027492573895e-01	1.040087468424227696e-01	1.029203451536442049e-01	9.350477166894850811e-02	2.792767217292281903e-02	3.144146986324987403e-02
9.723918129447120009e+02	4.110501939967426965e-01	2.306694869010325333e-01	1.042497218499170569e-01	1.029336718817037283e-01	9.354410731375381594e-02	2.806007489571149191e-02	3.151467747336600400e-02
9.772295831583674044e+02	4.106701475047375149e-01	2.305549964818953412e-01	1.044891887586413270e-01	1.029461096848123536e-01	9.358261844966922482e-02	2.819192888055120638e-02	3.158694455192043171e-02
9.820673533720223531e+02	4.102939352098958214e-01	2.304413253600618994e-01	1.047271597651482505e-01	1.029576795935652489e-01	9.362031961586543549e-02	2.832323420102580980e-02	3.165828056666490642e-02
9.869051235856777566e+02	4.099215067679662927e-01	2.303284674335113191e-01	1.049636469329891103e-01	1.029684021867396659e-01	9.365722507263879448e-02	2.845399098140299204e-02	3.172869493697918347e-02
9.917428937993331601e+02	4.095528126505203481e-01	2.302164166306505111e-01	1.051986621944485251e-01	1.029782976009821632e-01	9.369334880748901584e-02	2.858419939544995167e-02	3.179819703268683267e-02
9.965806640129884499e+02	4.091878041294957358e-01	2.301051669109330788e-01	1.054322173522565242e-01	1.029873855402869964e-01	9.372870454105250437e-02	2.871385966527213382e-02	3.186679617293038114e-02
