2.888148817552204036e+03	1.451090235187744715e-01	8.895665575434442973e-02	3.175338417103704680e-01	2.010504551127562378e-01	9.587358546045846031e-02	4.402429866333150421e-02	1.074521397786883242e-01
2.902662128193170247e+03	1.452007508818345949e-01	8.846268113817255807e-02	3.173996639948765131e-01	2.013249972400189269e-01	9.587888691805715458e-02	4.422883779556562728e-02	1.075041820301985557e-01
2.917175438834136003e+03	1.452238171980919645e-01	8.804076141880820550e-02	3.173243833333183606e-01	2.015662212490908489e-01	9.588420825001618686e-02	4.440525727782140830e-02	1.075553512715770182e-01
2.931688749475101758e+03	1.451938828539375281e-01	8.767617784366132927e-02	3.172972024230888421e-01	2.017796004679779653e-01	9.588952470683723139e-02	4.455795959700014491e-02	1.076056521062210003e-01
2.946202060116067514e+03	1.451232221184460269e-01	8.735734185950316810e-02	3.173091616318360342e-01	2.019697147223748490e-01	9.589481723493278875e-02	4.469064376342902351e-02	1.076550986682022065e-01
2.960715370757033725e+03	1.450214532028510639e-01	8.707512536849527918e-02	3.173528342030766947e-01	2.021403875808004402e-01	9.590007124441404796e-02	4.480641747220463073e-02	1.077037109268820375e-01
2.975228681397999480e+03	1.448961107442258700e-01	8.682233467234862223e-02	3.174220706963190031e-01	2.022948045250652915e-01	9.590527564251233317e-02	4.490789163320662442e-02	1.077515120850464775e-01
2.989741992038964781e+03	1.447530947649238176e-01	8.659329721179333250e-02	3.175117849971922368e-01	2.024356142051328133e-01	9.591042207530883767e-02	4.499725996358312774e-02	1.077985267807900632e-01
3.004255302679930992e+03	1.445970227935962915e-01	8.638353686245876795e-02	3.176177753587408059e-01	2.025650148297467867e-01	9.591550433283367594e-02	4.507636594568486393e-02	1.078447798756631132e-01
3.018768613320896748e+03	1.444315060624591363e-01	8.618951876682870439e-02	3.177365749119440697e-01	2.026848275947474576e-01	9.592051788230236686e-02	4.514675911392775076e-02	1.078902956665148960e-01
3.033281923961862958e+03	1.442593661734809241e-01	8.600844877517330178e-02	3.178653269269998694e-01	2.027965588805349106e-01	9.592545950186576187e-02	4.520974234058378755e-02	1.079350974000859026e-01
3.047795234602828714e+03	1.440828050827546447e-01	8.583811577925402891e-02	3.180016808319694466e-01	2.029014527728162098e-01	9.593032699321318857e-02	4.526641153786069988e-02	1.079792070008563226e-01
3.062308545243794470e+03	1.439035384755637526e-01	8.567676774161600561e-02	3.181437056162484400e-01	2.030005352859614309e-01	9.593511895604255046e-02	4.531768897693714410e-02	1.080226449463552868e-01
3.076821855884760225e+03	1.437229004285565659e-01	8.552301419972406504e-02	3.182898177761799285e-01	2.030946515019174115e-01	9.593983461107601085e-02	4.536435123934693531e-02	1.080654302419237767e-01
3.091335166525725526e+03	1.435419255499679192e-01	8.537574957510982165e-02	3.184387214109409281e-01	2.031844966831710952e-01	9.594447366117232756e-02	4.540705265813785307e-02	1.081075804602247697e-01
3.105848477166692192e+03	1.433614134521033201e-01	8.523409283483997234e-02	3.185893584593889605e-01	2.032706422774883115e-01	9.594903618233988074e-02	4.544634497187357430e-02	1.081491118206907437e-01
3.120361787807657493e+03	1.431819793625288273e-01	8.509734000794050290e-02	3.187408673923995961e-01	2.033535576056887950e-01	9.595352253822010680e-02	4.548269380052220867e-02	1.081900392914247055e-01
3.134875098448624158e+03	1.430040938590700916e-01	8.496492680933409591e-02	3.188925489487887677e-01	2.034336279113876933e-01	9.595793331299659612e-02	4.551649245568995666e-02	1.082303767014576451e-01
3.149388409089589004e+03	1.428281140698341445e-01	8.483639921261175443e-02	3.190438377335433340e-01	2.035111693527782428e-01	9.596226925877095193e-02	4.554807351598864906e-02	1.082701368551977628e-01
3.163901719730555214e+03	1.426543081746498853e-01	8.471139027526425336e-02	3.191942786911841634e-01	2.035864414302050729e-01	9.596653125429872866e-02	4.557771852937216039e-02	1.083093316437506032e-01
3.178415030371521425e+03	1.424828746485070075e-01	8.458960188305807149e-02	3.193435076301671671e-01	2.036596572683826156e-01	9.597072027264681726e-02	4.560566614614012387e-02	1.083479721498230852e-01
3.192928341012487181e+03	1.423139573771966537e-01	8.447079036540476593e-02	3.194912351110605342e-01	2.037309921074961228e-01	9.597483735585840559e-02	4.563211893734986369e-02	1.083860687443585907e-01
3.207441651653452936e+03	1.421476575319547686e-01	8.435475515758987519e-02	3.196372331258734434e-01	2.038005903019460552e-01	9.597888359512225798e-02	4.565724911219503496e-02	1.084236311740434944e-01
3.221954962294418237e+03	1.419840428990103987e-01	8.424132986173819837e-02	3.197813240918479516e-01	2.038685710780653026e-01	9.598286011526660499e-02	4.568120331330069450e-02	1.084606686394958691e-01
3.236468272935384903e+03	1.418231552102067472e-01	8.413037519670814313e-02	3.199233717632070650e-01	2.039350332617415329e-01	9.598676806265062089e-02	4.570410663982551330e-02	1.084971898643854460e-01
3.250981583576350204e+03	1.416650159034033019e-01	8.402177343582181712e-02	3.200632737313064968e-01	2.040000591525830409e-01	9.599060859572586257e-02	4.572606602388028241e-02	1.085332031560043292e-01
3.265494894217316414e+03	1.415096306492159006e-01	8.391542401679899510e-02	3.202009552394777803e-01	2.040637176922457108e-01	9.599438287769544720e-02	4.574717306532981309e-02	1.085687164579615255e-01
3.280008204858282170e+03	1.413569929083468291e-01	8.381124007546089660e-02	3.203363640853917338e-01	2.041260670500428254e-01	9.599809207082193874e-02	4.576750641291504884e-02	1.086037373957459834e-01
3.294521515499247926e+03	1.412070867270182328e-01	8.370914570761459061e-02	3.204694664225178347e-01	2.041871567283394251e-01	9.600173733203073989e-02	4.578713376528519008e-02	1.086382733159192288e-01
3.309034826140214136e+03	1.410598889334917783e-01	8.360907380509789710e-02	3.206002433044939370e-01	2.042470292729124670e-01	9.600531980953137812e-02	4.580611355351849046e-02	1.086723313196794050e-01
3.323548136781179892e+03	1.409153708637045643e-01	8.351096434466799556e-02	3.207286878430169463e-01	2.043057216589421743e-01	9.600884064023852693e-02	4.582449635665875737e-02	1.087059182914964645e-01
3.338061447422145648e+03	1.407734997166123492e-01	8.341476303415372440e-02	3.208548028721310841e-01	2.043632664111586783e-01	9.601230094782134405e-02	4.584232609338468462e-02	1.087390409234637034e-01
3.352574758063111403e+03	1.406342396182867771e-01	8.332042024054828189e-02	3.209785990302679304e-01	2.044196925065310255e-01	9.601570184124591512e-02	4.585964102589543123e-02	1.087717057359502693e-01
3.367088068704076704e+03	1.404975524568954082e-01	8.322789014066751812e-02	3.211000931867276642e-01	2.044750260994396551e-01	9.601904441370492926e-02	4.587647460621316342e-02	1.088039190950773338e-01
3.381601379345043824e+03	1.403633985374063975e-01	8.313713004755822478e-02	3.212193071520005883e-01	2.045292911022452975e-01	9.602232974185095915e-02	4.589285619018448892e-02	1.088356872274797854e-01
3.396114689986008671e+03	1.402317370944218822e-01	8.304809987573320840e-02	3.213362666218623764e-01	2.045825096483323002e-01	9.602555888526766170e-02	4.590881164034998907e-02	1.088670162327584345e-01
3.410628000626974881e+03	1.401025266933434710e-01	8.296076171610404504e-02	3.214510003139003924e-01	2.046347024598639264e-01	9.602873288612719105e-02	4.592436383541213113e-02	1.088979120939746609e-01
3.425141311267940637e+03	1.399757255436296088e-01	8.287507949762512593e-02	3.215635392623478750e-01	2.046858891384815693e-01	9.603185276899307843e-02	4.593953310115664324e-02	1.089283806864919518e-01
3.439654621908906392e+03	1.398512917428396951e-01	8.279101871750403630e-02	3.216739162430746202e-01	2.047360883938676990e-01	9.603491954073671566e-02	4.595433757527772611e-02	1.089584277854254157e-01
3.454167932549872603e+03	1.397291834661781307e-01	8.270854622565189385e-02	3.217821653055248921e-01	2.047853182223593194e-01	9.603793419054189318e-02	4.596879351654677842e-02	1.089880590719230352e-01
3.468681243190838359e+03	1.396093591131207790e-01	8.262763005205811528e-02	3.218883213924719211e-01	2.048335960455467397e-01	9.604089768997778331e-02	4.598291556708187372e-02	1.090172801384687723e-01
3.483194553831804114e+03	1.394917774202444893e-01	8.254823926814998380e-02	3.219924200318317609e-01	2.048809388169380297e-01	9.604381099312468695e-02	4.599671697506796386e-02	1.090460964933690768e-01
3.497707864472769415e+03	1.393763975474434647e-01	8.247034387507223840e-02	3.220944970875625479e-01	2.049273631032491605e-01	9.604667503674006734e-02	4.601020978409968432e-02	1.090745135645589670e-01
3.512221175113736081e+03	1.392631791431913069e-01	8.239391471330213823e-02	3.221945885589723169e-01	2.049728851456296408e-01	9.604949074045540658e-02	4.602340499433266174e-02	1.091025367028427284e-01
3.526734485754701382e+03	1.391520823933101447e-01	8.231892338918350704e-02	3.222927304196556153e-01	2.050175209051123548e-01	9.605225900699598807e-02	4.603631269980303781e-02	1.091301711846656142e-01
3.541247796395667592e+03	1.390430680567618371e-01	8.224534221488705166e-02	3.223889584888383619e-01	2.050612860957405359e-01	9.605498072241791530e-02	4.604894220558327506e-02	1.091574222144973683e-01
3.555761107036633348e+03	1.389360974912341173e-01	8.217314415903315128e-02	3.224833083292017455e-01	2.051041962081429915e-01	9.605765675635724588e-02	4.606130212786207351e-02	1.091842949268950480e-01
3.570274417677599104e+03	1.388311326707084292e-01	8.210230280578964535e-02	3.225758151663146722e-01	2.051462665257746676e-01	9.606028796228788247e-02	4.607340047954979617e-02	1.092107943883013355e-01
3.584787728318565314e+03	1.387281361967344084e-01	8.203279232071308824e-02	3.226665138256782361e-01	2.051875121355874743e-01	9.606287517778518137e-02	4.608524474360287115e-02	1.092369255986251897e-01
3.599301038959531070e+03	1.386270713047728087e-01	8.196458742196212344e-02	3.227554386841053891e-01	2.052279479345322788e-01	9.606541922479279461e-02	4.609684193591773171e-02	1.092626934926433369e-01
3.613814349600496826e+03	1.385279018666817075e-01	8.189766335579660994e-02	3.228426236327483489e-01	2.052675886329960731e-01	9.606792090989139943e-02	4.610819865935729400e-02	1.092881029412550858e-01
3.628327660241463036e+03	1.384305923901942292e-01	8.183199587550173126e-02	3.229281020495756160e-01	2.053064487560406770e-01	9.607038102456740003e-02	4.611932115023070766e-02	1.093131587526163101e-01
3.642840970882427882e+03	1.383351080160582225e-01	8.176756122305491037e-02	3.230119067794964272e-01	2.053445426431173004e-01	9.607280034548093539e-02	4.613021531834394368e-02	1.093378656731750637e-01
3.657354281523394548e+03	1.382414145133673833e-01	8.170433611299426913e-02	3.230940701206619359e-01	2.053818844467778515e-01	9.607517963473206912e-02	4.614088678156718498e-02	1.093622283886261648e-01
3.671867592164359849e+03	1.381494782735013527e-01	8.164229771805996128e-02	3.231746238157396367e-01	2.054184881307806188e-01	9.607751964012473112e-02	4.615134089572082987e-02	1.093862515247997769e-01
3.686380902805326514e+03	1.380592663030057177e-01	8.158142365626755432e-02	3.232535990471792631e-01	2.054543674678906973e-01	9.607982109542771709e-02	4.616158278046023078e-02	1.094099396484957964e-01
3.700894213446291815e+03	1.379707462156725684e-01	8.152169197914342635e-02	3.233310264356699659e-01	2.054895360375980917e-01	9.608208472063248240e-02	4.617161734173659549e-02	1.094332972682739435e-01
3.715407524087257570e+03	1.378838862240274743e-01	8.146308116090755780e-02	3.234069360411367389e-01	2.055240072239155058e-01	9.608431122220745246e-02	4.618144929132494969e-02	1.094563288352074226e-01
3.729920834728223781e+03	1.377986551303859442e-01	8.140557008843327114e-02	3.234813573657461805e-01	2.055577942133698932e-01	9.608650129334861401e-02	4.619108316383658402e-02	1.094790387436066909e-01
3.744434145369189537e+03	1.377150223176074606e-01	8.134913805184822155e-02	3.235543193584896060e-01	2.055909099932656248e-01	9.608865561422619272e-02	4.620052333157167318e-02	1.095014313317184129e-01
3.758947456010155292e+03	1.376329577396482595e-01	8.129376473566912731e-02	3.236258504209960085e-01	2.056233673502672610e-01	9.609077485222741744e-02	4.620977401751513031e-02	1.095235108824040710e-01
3.773460766651120593e+03	1.375524319119927341e-01	8.123943021038408652e-02	3.236959784142900420e-01	2.056551788693295468e-01	9.609285966219525965e-02	4.621883930673442026e-02	1.095452816238012689e-01
3.787974077292087259e+03	1.374734159020258029e-01	8.118611492441434041e-02	3.237647306662679858e-01	2.056863569329852592e-01	9.609491068666309310e-02	4.622772315640023139e-02	1.095667477299707426e-01
3.802487387933053014e+03	1.373958813193958128e-01	8.113379969640092948e-02	3.238321339797063381e-01	2.057169137209890197e-01	9.609692855608525930e-02	4.623642940461902134e-02	1.095879133215311163e-01
3.817000698574018315e+03	1.373198003064058925e-01	8.108246570777241646e-02	3.238982146406557128e-01	2.057468612103078853e-01	9.609891388906363630e-02	4.624496177823907844e-02	1.096087824662829863e-01
3.831514009214984981e+03	1.372451455284643407e-01	8.103209449555891231e-02	3.239629984271001906e-01	2.057762111754415368e-01	9.610086729257007188e-02	4.625332389976875846e-02	1.096293591798238876e-01
3.846027319855950282e+03	1.371718901646165056e-01	8.098266794542459401e-02	3.240265106177882548e-01	2.058049751890526913e-01	9.610278936216488932e-02	4.626151929352573244e-02	1.096496474261550724e-01
3.860540630496916037e+03	1.371000078981768622e-01	8.093416828489578829e-02	3.240887760011589291e-01	2.058331646228845624e-01	9.610468068221135474e-02	4.626955139111928877e-02	1.096696511182810030e-01
3.875053941137881793e+03	1.370294729074743312e-01	8.088657807676685740e-02	3.241498188843032202e-01	2.058607906489414996e-01	9.610654182608630025e-02	4.627742353635346667e-02	1.096893741188021409e-01
3.889567251778848004e+03	1.369602598567213336e-01	8.083988021266878821e-02	3.242096631019146802e-01	2.058878642409084081e-01	9.610837335638673651e-02	4.628513898962641898e-02	1.097088202405014645e-01
3.904080562419813759e+03	1.368923438870142395e-01	8.079405790678881316e-02	3.242683320251910639e-01	2.059143961757845809e-01	9.611017582513275981e-02	4.629270093189113977e-02	1.097279932469252955e-01
3.918593873060779970e+03	1.368257006074706794e-01	8.074909468973087701e-02	3.243258485706589367e-01	2.059403970357089331e-01	9.611194977396667061e-02	4.630011246823343557e-02	1.097468968529584504e-01
3.933107183701745726e+03	1.367603060865073550e-01	8.070497440250913590e-02	3.243822352088998051e-01	2.059658772099536850e-01	9.611369573434834501e-02	4.630737663111565011e-02	1.097655347253941038e-01
3.947620494342711936e+03	1.366961368432612345e-01	8.066168119066757791e-02	3.244375139731603963e-01	2.059908468970656770e-01	9.611541422774697030e-02	4.631449638332787999e-02	1.097839104834984203e-01
3.962133804983676782e+03	1.366331698391551053e-01	8.061919949851996392e-02	3.244917064678355945e-01	2.060153161071355266e-01	9.611710576582924159e-02	4.632147462068272881e-02	1.098020276995701067e-01
3.976647115624642538e+03	1.365713824696083156e-01	8.057751406350566192e-02	3.245448338768144314e-01	2.060392946641760037e-01	9.611877085064397808e-02	4.632831417448506073e-02	1.098198898994949407e-01
3.991160426265608749e+03	1.365107525558928447e-01	8.053660991065661467e-02	3.245969169716835800e-01	2.060627922085932207e-01	9.612040997480328364e-02	4.633501781380365558e-02	1.098375005632952484e-01
4.005673736906575414e+03	1.364512583371335630e-01	8.049647234717254018e-02	3.246479761197844094e-01	2.060858181997346772e-01	9.612202362166036296e-02	4.634158824756841322e-02	1.098548631256745095e-01
4.020187047547540715e+03	1.363928784624524049e-01	8.045708695710063196e-02	3.246980312921204925e-01	2.061083819185006438e-01	9.612361226548393756e-02	4.634802812651339643e-02	1.098719809765569960e-01
4.034700358188505561e+03	1.363355919832545116e-01	8.041843959611719161e-02	3.247471020711158451e-01	2.061304924700056718e-01	9.612517637162933115e-02	4.635434004498358712e-02	1.098888574616224273e-01
4.049213668829472226e+03	1.362793783456551777e-01	8.038051638640852925e-02	3.247952076582225622e-01	2.061521587862794047e-01	9.612671639670652968e-02	4.636052654262063505e-02	1.099054958828357548e-01
4.063726979470437527e+03	1.362242173830459369e-01	8.034330371164905005e-02	3.248423668813800735e-01	2.061733896289957291e-01	9.612823278874482735e-02	4.636659010594111618e-02	1.099218994989719228e-01
4.078240290111404192e+03	1.361700893087974540e-01	8.030678821207386242e-02	3.248885982023264063e-01	2.061941935922216862e-01	9.612972598735453067e-02	4.637253316981901352e-02	1.099380715261357583e-01
4.092753600752369493e+03	1.361169747090979765e-01	8.027095677964435350e-02	3.249339197237638421e-01	2.062145791051775423e-01	9.613119642388562314e-02	4.637835811888260662e-02	1.099540151382768505e-01
4.107266911393336159e+03	1.360648545359245121e-01	8.023579655330466409e-02	3.249783491963809667e-01	2.062345544350012716e-01	9.613264452158332141e-02	4.638406728883469332e-02	1.099697334676994487e-01
4.121780222034301914e+03	1.360137101001451243e-01	8.020129491432710644e-02	3.250219040257340541e-01	2.062541276895103470e-01	9.613407069574081421e-02	4.638966296770394293e-02	1.099852296055675444e-01
4.136293532675267670e+03	1.359635230647502080e-01	8.016743948174499812e-02	3.250646012789895622e-01	2.062733068199560926e-01	9.613547535384903142e-02	4.639514739703435448e-02	1.100005066024047490e-01
4.150806843316233426e+03	1.359142754382101359e-01	8.013421810787114963e-02	3.251064576915311810e-01	2.062920996237648519e-01	9.613685889574370702e-02	4.640052277301852379e-02	1.100155674685894397e-01
4.165320153957199182e+03	1.358659495679578333e-01	8.010161887390036817e-02	3.251474896734340425e-01	2.063105137472623918e-01	9.613822171374949987e-02	4.640579124758026364e-02	1.100304151748447146e-01
4.179833464598164937e+03	1.358185281339932271e-01	8.006963008559442319e-02	3.251877133158082578e-01	2.063285566883770739e-01	9.613956419282157495e-02	4.641095492941101075e-02	1.100450526527236295e-01
4.194346775239130693e+03	1.357719941426082655e-01	8.003824026904791944e-02	3.252271443970159992e-01	2.063462357993192942e-01	9.614088671068436731e-02	4.641601588496418324e-02	1.100594827950892862e-01
4.208860085880096449e+03	1.357263309202298152e-01	8.000743816653364815e-02	3.252657983887629611e-01	2.063635582892340281e-01	9.614218963796782036e-02	4.642097613941099932e-02	1.100737084565901053e-01
4.223373396521062205e+03	1.356815221073783551e-01	7.997721273242593132e-02	3.253036904620689729e-01	2.063805312268240655e-01	9.614347333834101506e-02	4.642583767756099794e-02	1.100877324541301161e-01
4.237886707162027960e+03	1.356375516527406899e-01	7.994755312920046042e-02	3.253408354931186519e-01	2.063971615429421869e-01	9.614473816864327338e-02	4.643060244474993964e-02	1.101015575673343072e-01
4.252400017802994626e+03	1.355944038073542413e-01	7.991844872350924167e-02	3.253772480689959279e-01	2.064134560331504775e-01	9.614598447901277767e-02	4.643527234769766893e-02	1.101151865390092299e-01
4.266913328443960381e+03	1.355520631189010006e-01	7.988988908232946828e-02	3.254129424933042691e-01	2.064294213602455019e-01	9.614721261301285848e-02	4.643984925533804764e-02	1.101286220755985090e-01
4.281426639084926137e+03	1.355105144261091465e-01	7.986186396918452945e-02	3.254479327916758313e-01	2.064450640567478401e-01	9.614842290775572897e-02	4.644433499962294376e-02	1.101418668476337459e-01
4.295939949725891893e+03	1.354697428532602999e-01	7.983436334043636506e-02	3.254822327171710827e-01	2.064603905273557083e-01	9.614961569402404040e-02	4.644873137630203125e-02	1.101549234901803564e-01
4.310453260366857648e+03	1.354297338048004451e-01	7.980737734164734809e-02	3.255158557555720700e-01	2.064754070513613315e-01	9.615079129639006461e-02	4.645304014567983725e-02	1.101677946032788291e-01
4.324966571007824314e+03	1.353904729600526047e-01	7.978089630401088983e-02	3.255488151305711564e-01	2.064901197850300962e-01	9.615195003333265600e-02	4.645726303335157709e-02	1.101804827523810149e-01
4.339479881648789160e+03	1.353519462680293217e-01	7.975491074084900545e-02	3.255811238088576753e-01	2.065045347639414552e-01	9.615309221735196532e-02	4.646140173091882486e-02	1.101929904687818373e-01
4.353993192289754006e+03	1.353141399423431757e-01	7.972941134417600717e-02	3.256127945051043859e-01	2.065186579052920024e-01	9.615421815508205794e-02	4.646545789668634491e-02	1.102053202500461460e-01
4.368506502930720671e+03	1.352770404562133322e-01	7.970438898132697902e-02	3.256438396868565066e-01	2.065324950101601886e-01	9.615532814740133938e-02	4.646943315634083360e-02	1.102174745604310030e-01
4.383019813571686427e+03	1.352406345375664898e-01	7.967983469164967303e-02	3.256742715793245480e-01	2.065460517657327633e-01	9.615642248954091309e-02	4.647332910361266778e-02	1.102294558313032385e-01
4.397533124212653092e+03	1.352049091642304190e-01	7.965573968325881382e-02	3.257041021700833872e-01	2.065593337474929680e-01	9.615750147119098146e-02	4.647714730092142310e-02	1.102412664615523841e-01
4.412046434853618848e+03	1.351698515592181515e-01	7.963209532985168759e-02	3.257333432136798601e-01	2.065723464213707616e-01	9.615856537660505410e-02	4.648088928000582154e-02	1.102529088179990402e-01
4.426559745494584604e+03	1.351354491861015139e-01	7.960889316758372469e-02	3.257620062361502034e-01	2.065850951458550189e-01	9.615961448470237982e-02	4.648455654253888514e-02	1.102643852357986787e-01
4.441073056135550360e+03	1.351016897444718701e-01	7.958612489200306284e-02	3.257901025394491223e-01	2.065975851740682878e-01	9.616064906916833854e-02	4.648815056072880258e-02	1.102756980188409758e-01
4.455586366776516115e+03	1.350685611654867391e-01	7.956378235504289742e-02	3.258176432057929284e-01	2.066098216558041878e-01	9.616166939855295970e-02	4.649167277790620945e-02	1.102868494401445659e-01
4.470099677417481871e+03	1.350360516075005124e-01	7.954185756207064750e-02	3.258446391019181876e-01	2.066218096395279757e-01	9.616267573636762267e-02	4.649512460909824285e-02	1.102978417422473961e-01
4.484612988058447627e+03	1.350041494517777996e-01	7.952034266899285497e-02	3.258711008832572142e-01	2.066335540743403920e-01	9.616366834117985596e-02	4.649850744158992577e-02	1.103086771375926534e-01
4.499126298699412473e+03	1.349728432982877369e-01	7.949922997941466507e-02	3.258970389980325733e-01	2.066450598119056736e-01	9.616464746670640162e-02	4.650182263547334577e-02	1.103193578089103205e-01
4.513639609340379138e+03	1.349421219615778988e-01	7.947851194185297230e-02	3.259224636912722572e-01	2.066563316083437074e-01	9.616561336190451725e-02	4.650507152418496826e-02	1.103298859095944023e-01
4.528152919981345804e+03	1.349119744667259257e-01	7.945818114700219092e-02	3.259473850087467039e-01	2.066673741260871000e-01	9.616656627106157096e-02	4.650825541503144506e-02	1.103402635640758078e-01
4.542666230622311559e+03	1.348823900453678948e-01	7.943823032505165083e-02	3.259718128008294302e-01	2.066781919357035535e-01	9.616750643388286002e-02	4.651137558970441094e-02	1.103504928681909580e-01
4.557179541263276406e+03	1.348533581318016872e-01	7.941865234305367505e-02	3.259957567262829481e-01	2.066887895176840184e-01	9.616843408557793071e-02	4.651443330478436528e-02	1.103605758895462308e-01
4.571692851904243071e+03	1.348248683591638242e-01	7.939944020234138145e-02	3.260192262559710175e-01	2.066991712641972345e-01	9.616934945694512182e-02	4.651742979223422170e-02	1.103705146678781307e-01
4.586206162545208826e+03	1.347969105556789393e-01	7.938058703599520927e-02	3.260422306764993450e-01	2.067093414808109653e-01	9.617025277445458153e-02	4.652036625988253266e-02	1.103803112154093519e-01
4.600719473186175492e+03	1.347694747409796390e-01	7.936208610635732408e-02	3.260647790937858392e-01	2.067193043881808412e-01	9.617114426032970231e-02	4.652324389189692322e-02	1.103899675172006906e-01
4.615232783827140338e+03	1.347425511224962791e-01	7.934393080259301290e-02	3.260868804365610885e-01	2.067290641237068682e-01	9.617202413262702920e-02	4.652606384924778266e-02	1.103994855314988921e-01
4.629746094468105184e+03	1.347161300919148541e-01	7.932611463829809806e-02	3.261085434598017807e-01	2.067386247431585722e-01	9.617289260531464157e-02	4.652882727016259545e-02	1.104088671900804453e-01
4.644259405109071849e+03	1.346902022217016937e-01	7.930863124915156492e-02	3.261297767480973997e-01	2.067479902222688626e-01	9.617374988834911931e-02	4.653153527057109218e-02	1.104181143985913105e-01
4.658772715750037605e+03	1.346647582616940508e-01	7.929147439061262626e-02	3.261505887189515840e-01	2.067571644582976431e-01	9.617459618775094088e-02	4.653418894454142835e-02	1.104272290368828180e-01
4.673286026391004270e+03	1.346397891357548615e-01	7.927463793566108530e-02	3.261709876260202035e-01	2.067661512715651961e-01	9.617543170567857680e-02	4.653678936470764804e-02	1.104362129593434716e-01
4.687799337031970026e+03	1.346152859384910361e-01	7.925811587258066448e-02	3.261909815622863196e-01	2.067749544069564238e-01	9.617625664050112599e-02	4.653933758268861964e-02	1.104450679952269643e-01
4.702312647672935782e+03	1.345912399320333963e-01	7.924190230278395364e-02	3.262105784631735839e-01	2.067835775353958627e-01	9.617707118686959211e-02	4.654183462949860323e-02	1.104537959489762800e-01
4.716825958313901538e+03	1.345676425428777023e-01	7.922599143867865845e-02	3.262297861096000728e-01	2.067920242552943877e-01	9.617787553578679982e-02	4.654428151594969254e-02	1.104623986005439790e-01
4.731339268954867293e+03	1.345444853587853540e-01	7.921037760157399743e-02	3.262486121309728926e-01	2.068002980939681046e-01	9.617866987467604822e-02	4.654667923304627725e-02	1.104708777057087088e-01
4.745852579595833049e+03	1.345217601257424067e-01	7.919505521962681704e-02	3.262670640081242746e-01	2.068084025090298206e-01	9.617945438744839037e-02	4.654902875237171972e-02	1.104792349963879816e-01
4.760365890236798805e+03	1.344994587449764301e-01	7.918001882582641204e-02	3.262851490761918827e-01	2.068163408897534805e-01	9.618022925456870542e-02	4.655133102646739213e-02	1.104874721809471771e-01
4.774879200877764561e+03	1.344775732700293214e-01	7.916526305601739866e-02	3.263028745274426656e-01	2.068241165584124575e-01	9.618099465312054952e-02	4.655358698920427502e-02	1.104955909445049234e-01
4.789392511518729407e+03	1.344560959038857695e-01	7.915078264695997456e-02	3.263202474140425302e-01	2.068317327715916976e-01	9.618175075686963282e-02	4.655579755614723536e-02	1.105035929492348135e-01
4.803905822159696982e+03	1.344350189961557585e-01	7.913657243442691336e-02	3.263372746507722244e-01	2.068391927214747461e-01	9.618249773632631117e-02	4.655796362491215062e-02	1.105114798346635424e-01
4.818419132800663647e+03	1.344143350403103065e-01	7.912262735133637759e-02	3.263539630176913731e-01	2.068464995371054327e-01	9.618323575880674547e-02	4.656008607551606615e-02	1.105192532179654491e-01
4.832932443441628493e+03	1.343940366709694689e-01	7.910894242592003689e-02	3.263703191627500000e-01	2.068536562856254091e-01	9.618396498849293708e-02	4.656216577072042062e-02	1.105269146942535058e-01
4.837770213655283442e+03	1.343741166612416327e-01	7.909551277992589446e-02	3.263863496043504231e-01	2.068606659734875675e-01	9.618468558649173605e-02	4.656420355636765873e-02	1.105344658368668798e-01
