2.960715370757033725e+03	1.456242927206826410e-01	8.674073897370269959e-02	3.173462986598012958e-01	2.014508886239234353e-01	9.484736800741608298e-02	4.547216289125299155e-02	1.085182501219117968e-01
2.975228681397999480e+03	1.453544329387563838e-01	8.660815798818714828e-02	3.174159145034097240e-01	2.017279491805161196e-01	9.490825217474781195e-02	4.546611862101906237e-02	1.085191745920546097e-01
2.989741992038964781e+03	1.450917298243986076e-01	8.647849540078453301e-02	3.175071766698530640e-01	2.019691561309399641e-01	9.496645457303647120e-02	4.546562096344501647e-02	1.085213664362332242e-01
3.004255302679930992e+03	1.448357769062069977e-01	8.635155823272559761e-02	3.176153344959161129e-01	2.021808821361149033e-01	9.502209240460400552e-02	4.546955835065626117e-02	1.085247974724670161e-01
3.018768613320896748e+03	1.445862225534856604e-01	8.622718355367733900e-02	3.177365409018673148e-01	2.023683167986930209e-01	9.507527776211638360e-02	4.547702712844728379e-02	1.085294313004038502e-01
3.033281923961862958e+03	1.443427602596434323e-01	8.610523297933300735e-02	3.178676831584598128e-01	2.025356874061858270e-01	9.512611786924900226e-02	4.548729283499594600e-02	1.085352254908237696e-01
3.047795234602828714e+03	1.441051207251409505e-01	8.598558819429667766e-02	3.180062452765808345e-01	2.026864384613592251e-01	9.517471530635190913e-02	4.549975869792768912e-02	1.085421333370334557e-01
3.062308545243794470e+03	1.438730654044500512e-01	8.586814730886709046e-02	3.181501961136207202e-01	2.028233776948463463e-01	9.522116822266428471e-02	4.551394000301199616e-02	1.085501052512301973e-01
3.076821855884760225e+03	1.436463812441218513e-01	8.575282189406017996e-02	3.182978983934608985e-01	2.029487948181775414e-01	9.526557053639025940e-02	4.552944323913322294e-02	1.085590898733466703e-01
3.091335166525725526e+03	1.434248763899995671e-01	8.563953456827354260e-02	3.184480347338871642e-01	2.030645581069348282e-01	9.530801212375375475e-02	4.554594912861298361e-02	1.085690349472287763e-01
3.105848477166692192e+03	1.432083766830411220e-01	8.552821703263253916e-02	3.185995475046678460e-01	2.031721929534209825e-01	9.534857899798929171e-02	4.556319881823275159e-02	1.085798880087060353e-01
3.120361787807657493e+03	1.429967227969106136e-01	8.541880847128115184e-02	3.187515899327709734e-01	2.032729457553502095e-01	9.538735347909342577e-02	4.558098264153830070e-02	1.085915969217459143e-01
3.134875098448624158e+03	1.427897678979006268e-01	8.531125424851508654e-02	3.189034863536543973e-01	2.033678358784940798e-01	9.542441435505114034e-02	4.559913097299658075e-02	1.086041102920787121e-01
3.149388409089589004e+03	1.425873757300358258e-01	8.520550484736959251e-02	3.190546998999372330e-01	2.034576979200046210e-01	9.545983703516090768e-02	4.561750678403357628e-02	1.086173777821489023e-01
3.163901719730555214e+03	1.423894190463337595e-01	8.510151500461535234e-02	3.192048062378666784e-01	2.035432160833753334e-01	9.549369369600596569e-02	4.563599958374186388e-02	1.086313503467516983e-01
3.178415030371521425e+03	1.421957783219416627e-01	8.499924300552595680e-02	3.193534722215143340e-01	2.036249521378686034e-01	9.552605342055582593e-02	4.565452048622561931e-02	1.086459804050586148e-01
3.192928341012487181e+03	1.420063406968586350e-01	8.489865010862068795e-02	3.195004385456949869e-01	2.037033681602379021e-01	9.555698233082911275e-02	4.567299819468469829e-02	1.086612219617645869e-01
3.207441651653452936e+03	1.418209991057038377e-01	8.479970007614862082e-02	3.196455056502474079e-01	2.037788450329221235e-01	9.558654371450360510e-02	4.569137573148985415e-02	1.086770306876751607e-01
3.221954962294418237e+03	1.416396515599235850e-01	8.470235879060464268e-02	3.197885222679111017e-01	2.038516974909948265e-01	9.561479814582168890e-02	4.570960777534494729e-02	1.086933639680898178e-01
3.236468272935384903e+03	1.414622005542809924e-01	8.460659394124706023e-02	3.199293761215588061e-01	2.039221863622197595e-01	9.564180360110684231e-02	4.572765849253360160e-02	1.087101809257434853e-01
3.250981583576350204e+03	1.412885525747182569e-01	8.451237476757920974e-02	3.200679863688700721e-01	2.039905285242545330e-01	9.566761556917942333e-02	4.574549977031570208e-02	1.087274424237733988e-01
3.265494894217316414e+03	1.411186176889503430e-01	8.441967184919088596e-02	3.202042974676140852e-01	2.040569050051965760e-01	9.569228715693581244e-02	4.576310977767644034e-02	1.087451110531264808e-01
3.280008204858282170e+03	1.409523092046185422e-01	8.432845693333480830e-02	3.203382741957742641e-01	2.041214675740892492e-01	9.571586919033482632e-02	4.578047179257025562e-02	1.087631511079686364e-01
3.294521515499247926e+03	1.407895433826571452e-01	8.423870279322334675e-02	3.204698976104014552e-01	2.041843441032864803e-01	9.573841031101699983e-02	4.579757324614144171e-02	1.087815285519637271e-01
3.309034826140214136e+03	1.406302391958217379e-01	8.415038311133940518e-02	3.205991617694680107e-01	2.042456429319400302e-01	9.575995706876654079e-02	4.581440494362713084e-02	1.088002109777277127e-01
3.323548136781179892e+03	1.404743181241968342e-01	8.406347238312057712e-02	3.207260710738357168e-01	2.043054564170659892e-01	9.578055401001225877e-02	4.583096042915223850e-02	1.088191675613069953e-01
3.338061447422145648e+03	1.403217039810190359e-01	8.397794583724128847e-02	3.208506381131567275e-01	2.043638638238329808e-01	9.580024376255066865e-02	4.584723546773024350e-02	1.088383690131596720e-01
3.352574758063111403e+03	1.401723227633888680e-01	8.389377936942229996e-02	3.209728819212451789e-01	2.044209336784011954e-01	9.581906711666426935e-02	4.586322762274969156e-02	1.088577875268191136e-01
3.367088068704076704e+03	1.400261025234496026e-01	8.381094948726930394e-02	3.210928265641183055e-01	2.044767256836135527e-01	9.583706310279702101e-02	4.587893591126695342e-02	1.088773967261758291e-01
3.381601379345043824e+03	1.398829732564295381e-01	8.372943326410846321e-02	3.212104999982679510e-01	2.045312922791133747e-01	9.585426906594092522e-02	4.589436052271277100e-02	1.088971716121175243e-01
3.396114689986008671e+03	1.397428668026102216e-01	8.364920830016561726e-02	3.213259331484014103e-01	2.045846799122316151e-01	9.587072073687874507e-02	4.590950258929477751e-02	1.089170885091080981e-01
3.410628000626974881e+03	1.396057167608238669e-01	8.357025268974381527e-02	3.214391591633888323e-01	2.046369300736005648e-01	9.588645230042044942e-02	4.592436399855476942e-02	1.089371250121581314e-01
3.425141311267940637e+03	1.394714584115250566e-01	8.349254499330469037e-02	3.215502128168739038e-01	2.046880801413761830e-01	9.590149646076431833e-02	4.593894724031030719e-02	1.089572599345358939e-01
3.439654621908906392e+03	1.393400286478394257e-01	8.341606421356294321e-02	3.216591300252865104e-01	2.047381640697586713e-01	9.591588450410677702e-02	4.595325528165156853e-02	1.089774732564844778e-01
3.454167932549872603e+03	1.392113659132846459e-01	8.334078977486879258e-02	3.217659474610989889e-01	2.047872129508377936e-01	9.592964635861915557e-02	4.596729146483726630e-02	1.089977460751437727e-01
3.468681243190838359e+03	1.390854101450963443e-01	8.326670150528846237e-02	3.218707022433205389e-01	2.048352554733701147e-01	9.594281065190424229e-02	4.598105942388840128e-02	1.090180605558222077e-01
3.483194553831804114e+03	1.389621027222854299e-01	8.319377962090221401e-02	3.219734316905986660e-01	2.048823182976884927e-01	9.595540476603986457e-02	4.599456301645559603e-02	1.090383998847200553e-01
3.497707864472769415e+03	1.388413864177098778e-01	8.312200471192839057e-02	3.220741731250399420e-01	2.049284263623595836e-01	9.596745489031202614e-02	4.600780626816843022e-02	1.090587482231720473e-01
3.512221175113736081e+03	1.387232053535739917e-01	8.305135773035524083e-02	3.221729637170944738e-01	2.049736031352905608e-01	9.597898607173564745e-02	4.602079332719068855e-02	1.090790906634497015e-01
3.526734485754701382e+03	1.386075049598710363e-01	8.298181997882050909e-02	3.222698403636609643e-01	2.050178708196151167e-01	9.599002226345608457e-02	4.603352842712447879e-02	1.090994131861421357e-01
3.541247796395667592e+03	1.384942319353716922e-01	8.291337310052707132e-02	3.223648395930436839e-01	2.050612505227610849e-01	9.600058637112099391e-02	4.604601585674825137e-02	1.091197026191175340e-01
3.555761107036633348e+03	1.383833342108292397e-01	8.284599907002236641e-02	3.224579974915907088e-01	2.051037623955340450e-01	9.601070029730808530e-02	4.605825993535185570e-02	1.091399465980539690e-01
3.570274417677599104e+03	1.382747609141297962e-01	8.277968018470048539e-02	3.225493496478173405e-01	2.051454257467755782e-01	9.602038498409018463e-02	4.607026499265857999e-02	1.091601335285182911e-01
3.584787728318565314e+03	1.381684623371618736e-01	8.271439905691192751e-02	3.226389311106090396e-01	2.051862591381183598e-01	9.602966045381602922e-02	4.608203535250900151e-02	1.091802525495640386e-01
3.599301038959531070e+03	1.380643899042171552e-01	8.265013860658723677e-02	3.227267763587423621e-01	2.052262804625165360e-01	9.603854584818158346e-02	4.609357531963199223e-02	1.092002934988134111e-01
3.613814349600496826e+03	1.379624961417658113e-01	8.258688205429760842e-02	3.228129192794845226e-01	2.052655070095434631e-01	9.604705946566334529e-02	4.610488916895115474e-02	1.092202468789843228e-01
3.628327660241463036e+03	1.378627346494742112e-01	8.252461291468950189e-02	3.228973931544566467e-01	2.053039555198918342e-01	9.605521879738249114e-02	4.611598113697513990e-02	1.092401038258204171e-01
3.642840970882427882e+03	1.377650600723542007e-01	8.246331499024178724e-02	3.229802306512906118e-01	2.053416422310565814e-01	9.606304056146522385e-02	4.612685541490191277e-02	1.092598560773799382e-01
3.657354281523394548e+03	1.376694280739496623e-01	8.240297236530301495e-02	3.230614638198903155e-01	2.053785829158127907e-01	9.607054073596237032e-02	4.613751614313392480e-02	1.092794959446382053e-01
3.671867592164359849e+03	1.375757953104802533e-01	8.234356940037391992e-02	3.231411240923343642e-01	2.054147929147997487e-01	9.607773459038840280e-02	4.614796740695549515e-02	1.092990162833580164e-01
3.686380902805326514e+03	1.374841194058736005e-01	8.228509072660673829e-02	3.232192422856427494e-01	2.054502871642794049e-01	9.608463671593750477e-02	4.615821323316827984e-02	1.093184104671818674e-01
3.700894213446291815e+03	1.373943589276263033e-01	8.222752124049725886e-02	3.232958486067793458e-01	2.054850802199376658e-01	9.609126105443210886e-02	4.616825758751699760e-02	1.093376723619005064e-01
3.715407524087257570e+03	1.373064733634425938e-01	8.217084609875016654e-02	3.233709726593838041e-01	2.055191862774366496e-01	9.609762092605660111e-02	4.617810437276749502e-02	1.093567963008528904e-01
3.729920834728223781e+03	1.372204230986054652e-01	8.211505071330135741e-02	3.234446434518258862e-01	2.055526191902937727e-01	9.610372905592701187e-02	4.618775742732338790e-02	1.093757770614132707e-01
3.744434145369189537e+03	1.371361693940405246e-01	8.206012074648344479e-02	3.235168894062536160e-01	2.055853924855573500e-01	9.610959759954537662e-02	4.619722052428756887e-02	1.093946098425222502e-01
3.758947456010155292e+03	1.370536743650369316e-01	8.200604210632322921e-02	3.235877383683724573e-01	2.056175193776612065e-01	9.611523816718513247e-02	4.620649737089120579e-02	1.094132902432198851e-01
3.773460766651120593e+03	1.369729009605945291e-01	8.195280094196136234e-02	3.236572176177454629e-01	2.056490127807703572e-01	9.612066184725225060e-02	4.621559160822622664e-02	1.094318142421398521e-01
3.787974077292087259e+03	1.368938129433682482e-01	8.190038363918603070e-02	3.237253538784456985e-01	2.056798853198716082e-01	9.612587922866484835e-02	4.622450681122835386e-02	1.094501781779251975e-01
3.802487387933053014e+03	1.368163748701842208e-01	8.184877681607384547e-02	3.237921733299281013e-01	2.057101493408174664e-01	9.613090042229230359e-02	4.623324648886667498e-02	1.094683787305273381e-01
3.817000698574018315e+03	1.367405520731038437e-01	8.179796731873191507e-02	3.238577016180141377e-01	2.057398169194923077e-01	9.613573508149288183e-02	4.624181408450336178e-02	1.094864129033514683e-01
3.831514009214984981e+03	1.366663106410143658e-01	8.174794221713599374e-02	3.239219638659065481e-01	2.057688998702395800e-01	9.614039242178773481e-02	4.625021297639308332e-02	1.095042780062125687e-01
3.846027319855950282e+03	1.365936174017259308e-01	8.169868880106008480e-02	3.239849846851682313e-01	2.057974097536635627e-01	9.614488123970722777e-02	4.625844647829694539e-02	1.095219716390678777e-01
3.860540630496916037e+03	1.365224399045563697e-01	8.165019457609377918e-02	3.240467881866148647e-01	2.058253578838984132e-01	9.614920993084405398e-02	4.626651784018974423e-02	1.095394916764926424e-01
3.875053941137881793e+03	1.364527464033864490e-01	8.160244725974376279e-02	3.241073979910822356e-01	2.058527553354207729e-01	9.615338650714636004e-02	4.627443024904289576e-02	1.095568362528674539e-01
3.889567251778848004e+03	1.363845058401692845e-01	8.155543477761627302e-02	3.241668372400384190e-01	2.058796129494683269e-01	9.615741861348246766e-02	4.628218682966834391e-02	1.095740037482467871e-01
3.904080562419813759e+03	1.363176878288784588e-01	8.150914525967807578e-02	3.242251286060192084e-01	2.059059413401162220e-01	9.616131354350779259e-02	4.628979064561094398e-02	1.095909927748791868e-01
3.918593873060779970e+03	1.362522626398805226e-01	8.146356703659284049e-02	3.242822943028700888e-01	2.059317509000534174e-01	9.616507825486281247e-02	4.629724470007896830e-02	1.096078021643512035e-01
3.933107183701745726e+03	1.361882011847176666e-01	8.141868863613134499e-02	3.243383560957842082e-01	2.059570518060945821e-01	9.616871938373020012e-02	4.630455193690391491e-02	1.096244309553280061e-01
3.947620494342711936e+03	1.361254750012880210e-01	8.137449877965266531e-02	3.243933353111282392e-01	2.059818540244560126e-01	9.617224325877789248e-02	4.631171524152230545e-02	1.096408783818647453e-01
3.962133804983676782e+03	1.360640562394107023e-01	8.133098637865489311e-02	3.244472528460527472e-01	2.060061673158207762e-01	9.617565591451364415e-02	4.631873744197315124e-02	1.096571438622639671e-01
3.976647115624642538e+03	1.360039176467637001e-01	8.128814053139335472e-02	3.245001291778835673e-01	2.060300012402123682e-01	9.617896310407561544e-02	4.632562130990591776e-02	1.096732269884552607e-01
3.991160426265608749e+03	1.359450325551833927e-01	8.124595051956451375e-02	3.245519843732957987e-01	2.060533651616947570e-01	9.618217031148261487e-02	4.633236956159450526e-02	1.096891275158742157e-01
4.005673736906575414e+03	1.358873748673144755e-01	8.120440580505405848e-02	3.246028380972696969e-01	2.060762682529123924e-01	9.618528276336664462e-02	4.633898485895337344e-02	1.097048453538191221e-01
4.020187047547540715e+03	1.358309190435998126e-01	8.116349602674759189e-02	3.246527096218329023e-01	2.060987194994831628e-01	9.618830544020919027e-02	4.634546981055288895e-02	1.097203805562641243e-01
4.034700358188505561e+03	1.357756400896004134e-01	8.112321099740246733e-02	3.247016178345905613e-01	2.061207277042539365e-01	9.619124308710215454e-02	4.635182697263093288e-02	1.097357333131091239e-01
4.049213668829472226e+03	1.357215135436353193e-01	8.108354070057925689e-02	3.247495812470479470e-01	2.061423014914280094e-01	9.619410022405318339e-02	4.635805885009870730e-02	1.097509039418471249e-01
4.063726979470437527e+03	1.356685154647324365e-01	8.104447528763165931e-02	3.247966180027296867e-01	2.061634493105720389e-01	9.619688115585450783e-02	4.636416789753876333e-02	1.097658928796304972e-01
4.078240290111404192e+03	1.356166224208809334e-01	8.100600507475340384e-02	3.248427458851001481e-01	2.061841794405093187e-01	9.619958998153357865e-02	4.637015652019355061e-02	1.097807006757186565e-01
4.092753600752369493e+03	1.355658114775769030e-01	8.096812054008099835e-02	3.248879823252899812e-01	2.062044999931050004e-01	9.620223060340279964e-02	4.637602707494334342e-02	1.097953279842905083e-01
4.107266911393336159e+03	1.355160601866534920e-01	8.093081232085110044e-02	3.249323444096334779e-01	2.062244189169487041e-01	9.620480673572534558e-02	4.638178187127224572e-02	1.098097755576050438e-01
4.121780222034301914e+03	1.354673465753875872e-01	8.089407121061119310e-02	3.249758488870218009e-01	2.062439440009391500e-01	9.620732191301309411e-02	4.638742317222144945e-02	1.098240442394951971e-01
4.136293532675267670e+03	1.354196491358750642e-01	8.085788815648269068e-02	3.250185121760765239e-01	2.062630828777747838e-01	9.620977949797182571e-02	4.639295319532892037e-02	1.098381349591796147e-01
4.150806843316233426e+03	1.353729468146672166e-01	8.082225425647511508e-02	3.250603503721502530e-01	2.062818430273543613e-01	9.621218268910883276e-02	4.639837411355499097e-02	1.098520487253786954e-01
4.165320153957199182e+03	1.353272190026609256e-01	8.078716075685044018e-02	3.251013792541562197e-01	2.063002317800908814e-01	9.621453452801674577e-02	4.640368805619322218e-02	1.098657866207209399e-01
4.179833464598164937e+03	1.352824455252355784e-01	8.075259904953650814e-02	3.251416142912347818e-01	2.063182563201420572e-01	9.621683790634726063e-02	4.640889710976624227e-02	1.098793497964269256e-01
4.194346775239130693e+03	1.352386066326295433e-01	8.071856066958842113e-02	3.251810706492588854e-01	2.063359236885601022e-01	9.621909557248788103e-02	4.641400331890629255e-02	1.098927394672582630e-01
4.208860085880096449e+03	1.351956829905499591e-01	8.068503729269711766e-02	3.252197631971847080e-01	2.063532407863637452e-01	9.622131013795388876e-02	4.641900868722014656e-02	1.099059569067198511e-01
4.223373396521062205e+03	1.351536556710093429e-01	8.065202073274395367e-02	3.252577065132514766e-01	2.063702143775348608e-01	9.622348408350751836e-02	4.642391517813842378e-02	1.099190034425038542e-01
4.237886707162027960e+03	1.351125061433827157e-01	8.061950293940051138e-02	3.252949148910341814e-01	2.063868510919422694e-01	9.622561976501603498e-02	4.642872471574902016e-02	1.099318804521647597e-01
4.252400017802994626e+03	1.350722162656790015e-01	8.058747599577256726e-02	3.253314023453543480e-01	2.064031574281945947e-01	9.622771941905926274e-02	4.643343918561475270e-02	1.099445893590148549e-01
4.266913328443960381e+03	1.350327682760216197e-01	8.055593211608752524e-02	3.253671826180521975e-01	2.064191397564249519e-01	9.622978516829742979e-02	4.643806043557524577e-02	1.099571316282303840e-01
4.281426639084926137e+03	1.349941447843315268e-01	8.052486364342427427e-02	3.254022691836241932e-01	2.064348043210086636e-01	9.623181902660908615e-02	4.644259027653299676e-02	1.099695087631586132e-01
4.295939949725891893e+03	1.349563287642082110e-01	8.049426304748460992e-02	3.254366752547299679e-01	2.064501572432168031e-01	9.623382290400900319e-02	4.644703048322380845e-02	1.099817223018168810e-01
4.310453260366857648e+03	1.349193035450029221e-01	8.046412292240558151e-02	3.254704137875724101e-01	2.064652045238067335e-01	9.623579861135508895e-02	4.645138279497165734e-02	1.099937738135748355e-01
4.324966571007824314e+03	1.348830528040788623e-01	8.043443598461171018e-02	3.255034974871539033e-01	2.064799520455516957e-01	9.623774786485336796e-02	4.645564891642817162e-02	1.100056648960114764e-01
4.339479881648789160e+03	1.348475605592537596e-01	8.040519507070641170e-02	3.255359388124126618e-01	2.064944055757112207e-01	9.623967229036931026e-02	4.645983051829680882e-02	1.100173971719389798e-01
4.353993192289754006e+03	1.348128111614195768e-01	8.037639313540195785e-02	3.255677499812419939e-01	2.065085707684439220e-01	9.624157342755379485e-02	4.646392923804203157e-02	1.100289722865858133e-01
4.368506502930720671e+03	1.347787892873350268e-01	8.034802324948683849e-02	3.255989429753965436e-01	2.065224531671639996e-01	9.624345273379146526e-02	4.646794668058354394e-02	1.100403919049316726e-01
4.383019813571686427e+03	1.347454799325860098e-01	8.032007859783027448e-02	3.256295295452871219e-01	2.065360582068435646e-01	9.624531158797887398e-02	4.647188441897588673e-02	1.100516577091873172e-01
4.397533124212653092e+03	1.347128684047100844e-01	8.029255247742284052e-02	3.256595212146686791e-01	2.065493912162615631e-01	9.624715129413971559e-02	4.647574399507362064e-02	1.100627713964125315e-01
4.412046434853618848e+03	1.346809403164800079e-01	8.026543829545242092e-02	3.256889292852232498e-01	2.065624574202012953e-01	9.624897308488386538e-02	4.647952692018224308e-02	1.100737346762659941e-01
4.426559745494584604e+03	1.346496815793427615e-01	8.023872956741515128e-02	3.257177648410408133e-01	2.065752619415974212e-01	9.625077812471694028e-02	4.648323467569517864e-02	1.100845492688807409e-01
4.441073056135550360e+03	1.346190783970100391e-01	8.021241991526044390e-02	3.257460387530013435e-01	2.065878098036341981e-01	9.625256751320650228e-02	4.648686871371698198e-02	1.100952169028594774e-01
4.455586366776516115e+03	1.345891172591957563e-01	8.018650306556919516e-02	3.257737616830597704e-01	2.066001059317960353e-01	9.625434228801116321e-02	4.649043045767307925e-02	1.101057393133840212e-01
4.470099677417481871e+03	1.345597849354974729e-01	8.016097284776516063e-02	3.258009440884368502e-01	2.066121551558713632e-01	9.625610342777808637e-02	4.649392130290627007e-02	1.101161182404337829e-01
4.484612988058447627e+03	1.345310684694175640e-01	8.013582319235820761e-02	3.258275962257186076e-01	2.066239622119116492e-01	9.625785185491485263e-02	4.649734261726024692e-02	1.101263554271077888e-01
4.499126298699412473e+03	1.345029551725208938e-01	8.011104812921920892e-02	3.258537281548661846e-01	2.066355317441460338e-01	9.625958843824052036e-02	4.650069574165036079e-02	1.101364526180457354e-01
4.513639609340379138e+03	1.344754326187253268e-01	8.008664178588584259e-02	3.258793497431382025e-01	2.066468683068532486e-01	9.626131399552127765e-02	4.650398199062193150e-02	1.101464115579431080e-01
4.528152919981345804e+03	1.344484886387217748e-01	8.006259838589871447e-02	3.259044706689288584e-01	2.066579763661917091e-01	9.626302929589561352e-02	4.650720265289629701e-02	1.101562339901559773e-01
4.542666230622311559e+03	1.344221113145205870e-01	8.003891224716729036e-02	3.259291004255228663e-01	2.066688603019885828e-01	9.626473506219331011e-02	4.651035899190495565e-02	1.101659216553913384e-01
4.557179541263276406e+03	1.343962889741210642e-01	8.001557778036491597e-02	3.259532483247697399e-01	2.066795244094893902e-01	9.626643197315326583e-02	4.651345224631191905e-02	1.101754762904785662e-01
4.571692851904243071e+03	1.343710101863009043e-01	7.999258948735250840e-02	3.259769235006793608e-01	2.066899729010688580e-01	9.626812066554396585e-02	4.651648363052461599e-02	1.101848996272185438e-01
4.586206162545208826e+03	1.343462637555228878e-01	7.996994195963032237e-02	3.260001349129407755e-01	2.067002099079039701e-01	9.626980173619098524e-02	4.651945433519358297e-02	1.101941933913062749e-01
4.600719473186175492e+03	1.343220387169554997e-01	7.994762987681724997e-02	3.260228913503657733e-01	2.067102394816099920e-01	9.627147574391535512e-02	4.652236552770117051e-02	1.102033593013237167e-01
4.615232783827140338e+03	1.342983243316050734e-01	7.992564800515712664e-02	3.260452014342600235e-01	2.067200655958411071e-01	9.627314321138666364e-02	4.652521835263950800e-02	1.102123990677992549e-01
4.629746094468105184e+03	1.342751100815563481e-01	7.990399119605159917e-02	3.260670736217222143e-01	2.067296921478556093e-01	9.627480462689437524e-02	4.652801393227797011e-02	1.102213143923306271e-01
4.644259405109071849e+03	1.342523856653190795e-01	7.988265438461891743e-02	3.260885162088739131e-01	2.067391229600470670e-01	9.627646044604104558e-02	4.653075336702036657e-02	1.102301069667682570e-01
4.658772715750037605e+03	1.342301409932778744e-01	7.986163258827831679e-02	3.261095373340217596e-01	2.067483617814424024e-01	9.627811109336041617e-02	4.653343773585211229e-02	1.102387784724557784e-01
4.673286026391004270e+03	1.342083661832429442e-01	7.984092090535932495e-02	3.261301449807524899e-01	2.067574122891671640e-01	9.627975696386398274e-02	4.653606809677759276e-02	1.102473305795251685e-01
4.687799337031970026e+03	1.341870515560989185e-01	7.982051451373578521e-02	3.261503469809640121e-01	2.067662780898795460e-01	9.628139842451877151e-02	4.653864548724790523e-02	1.102557649462437284e-01
4.702312647672935782e+03	1.341661876315501656e-01	7.980040866948387435e-02	3.261701510178329766e-01	2.067749627211729890e-01	9.628303581565932079e-02	4.654117092457931565e-02	1.102640832184100111e-01
4.716825958313901538e+03	1.341457651239592042e-01	7.978059870556382382e-02	3.261895646287204520e-01	2.067834696529490812e-01	9.628466945233682406e-02	4.654364540636249381e-02	1.102722870287967671e-01
4.731339268954867293e+03	1.341257749382769593e-01	7.976108003052473361e-02	3.262085952080174822e-01	2.067918022887607621e-01	9.628629962560796007e-02	4.654606991086281120e-02	1.102803779966380210e-01
4.745852579595833049e+03	1.341062081660618355e-01	7.974184812723229820e-02	3.262272500099313577e-01	2.067999639671269652e-01	9.628792660376592205e-02	4.654844539741198606e-02	1.102883577271582954e-01
4.760365890236798805e+03	1.340870560815862755e-01	7.972289855161886207e-02	3.262455361512151542e-01	2.068079579628190889e-01	9.628955063351633814e-02	4.655077280679109641e-02	1.102962278111418309e-01
4.774879200877764561e+03	1.340683101380281128e-01	7.970422693145533255e-02	3.262634606138399840e-01	2.068157874881201841e-01	9.629117194110024813e-02	4.655305306160530815e-02	1.103039898245395112e-01
4.789392511518729407e+03	1.340499619637447459e-01	7.968582896514468661e-02	3.262810302476130686e-01	2.068234556940574675e-01	9.629279073336644013e-02	4.655528706665049143e-02	1.103116453281118015e-01
4.803905822159696982e+03	1.340320033586286930e-01	7.966770042053657186e-02	3.262982517727416321e-01	2.068309656716087186e-01	9.629440719879535371e-02	4.655747570927187134e-02	1.103191958671057571e-01
4.818419132800663647e+03	1.340144262905421380e-01	7.964983713376266872e-02	3.263151317823448916e-01	2.068383204528832509e-01	9.629602150847665909e-02	4.655961985971485834e-02	1.103266429709640895e-01
4.832932443441628493e+03	1.339972228918285269e-01	7.963223500809236965e-02	3.263316767449139788e-01	2.068455230122779875e-01	9.629763381704233016e-02	4.656172037146839165e-02	1.103339881530649436e-01
4.837770213655283442e+03	1.339803854558997975e-01	7.961489001280844247e-02	3.263478930067224004e-01	2.068525762676092783e-01	9.629924426355737643e-02	4.656377808160082343e-02	1.103412329104903333e-01
