0.000000000000000000e+00	1.005922088154801664e+00	1.065443732033660864e-20	9.102631645253361143e-29	1.690931255983670683e-29	5.938336382714495750e-31	4.905713874552950047e-21	1.385108535189538035e-32
4.837770213655283591e+00	9.868491689679581569e-01	1.688364206167115508e-02	1.598171762399075061e-05	1.208616513194444030e-04	5.227494744079628266e-21	1.070626398328121441e-03	9.818073579007076737e-04
9.675540427310567182e+00	9.686242794351181962e-01	3.296468462917304804e-02	1.001174656341789505e-04	3.828384657352967737e-04	1.042306108804108652e-20	2.117929285013916713e-03	1.732238874126851074e-03
1.451331064096584811e+01	9.512080977600435583e-01	4.828029556112256593e-02	2.692442306783162102e-04	7.011020627303397998e-04	1.562128497739022226e-20	3.142870249276639126e-03	2.320478290950105972e-03
1.935108085462113081e+01	9.345631862980596782e-01	6.286592122754942891e-02	5.165768327752325983e-04	1.038641657226974319e-03	2.083776473303299311e-20	4.146366696502100206e-03	2.791395442688201101e-03
2.418885106827641707e+01	9.186538816043354760e-01	7.675536709854542672e-02	8.282316115151258824e-04	1.379641672152490594e-03	2.607977482235859378e-20	5.129293947851120555e-03	3.175672220401957579e-03
2.902662128193169622e+01	9.034461987890307633e-01	8.998087427815097683e-02	1.189788668612856270e-03	1.717619263911921920e-03	3.135098530255325386e-20	6.092487223582458700e-03	3.495119931512552080e-03
3.386439149558698603e+01	8.889077452334734897e-01	1.025731922958931785e-01	1.588596153869363059e-03	2.050152566762874443e-03	3.665353506000700996e-20	7.036743522851884869e-03	3.765658381950615953e-03
3.870216170924226162e+01	8.750076411245276686e-01	1.145616483985860828e-01	2.014320454494865787e-03	2.376548600354219925e-03	4.198893092615722529e-20	7.962823408852097093e-03	3.999106167986416979e-03
4.353993192289755143e+01	8.617164454004736518e-01	1.259742135457573853e-01	2.458826340247001040e-03	2.696819853058522731e-03	4.735842878743563743e-20	8.871452706084637096e-03	4.204330309180050532e-03
4.837770213655283413e+01	8.490060862574878575e-01	1.368375652876364645e-01	2.915844643467751206e-03	3.011241545204202969e-03	5.276318841733628692e-20	9.763324115356054878e-03	4.388026305648853181e-03
5.321547235020811684e+01	8.368497956514222569e-01	1.471771476877456186e-01	3.380611358674954700e-03	3.320165081837958207e-03	5.820433119950224985e-20	1.063909875132905934e-02	4.555269623791291869e-03
5.805324256386339954e+01	8.252220473862884598e-01	1.570172284393441531e-01	3.849544582585185271e-03	3.623943405273668920e-03	6.368295751962693489e-20	1.149940760692928082e-02	4.709916734380326271e-03
6.289101277751868224e+01	8.140984984736978625e-01	1.663809533146017872e-01	4.319976946970388934e-03	3.922904351083793609e-03	6.920014846493479778e-20	1.234485294851007768e-02	4.854902119937208084e-03
6.772878299117397205e+01	8.034559335070421415e-01	1.752903980765645187e-01	4.789942254882966453e-03	4.217343914746507841e-03	7.475696227664332461e-20	1.317600964536068051e-02	4.992460756204315959e-03
7.256655320482924765e+01	7.932722118351781537e-01	1.837666179762540708e-01	5.258008745485091839e-03	4.507527233636270808e-03	8.035442979038752234e-20	1.399342643688001632e-02	5.124295927367435513e-03
7.740432341848452324e+01	7.835262173502437477e-01	1.918296949503350279e-01	5.723150267520646026e-03	4.793692111254456607e-03	8.599355042668128074e-20	1.479762714051388248e-02	5.251706334933262631e-03
8.224209363213981305e+01	7.741978107269552600e-01	1.994987826285154198e-01	6.184647398608590294e-03	5.076052984359960031e-03	9.167528917774727606e-20	1.558911180335719251e-02	5.375682613004523561e-03
8.707986384579510286e+01	7.652677839685844141e-01	2.067921492541030803e-01	6.642011853349325846e-03	5.354804557444755621e-03	9.740057459872505843e-20	1.636835780014933225e-02	5.496980721170012865e-03
9.191763405945040688e+01	7.567178171291686350e-01	2.137272186158299114e-01	7.094928844223775434e-03	5.630124882248741316e-03	1.031702976614405686e-19	1.713582088023461389e-02	5.616177803095077394e-03
9.675540427310566827e+01	7.485304370932912565e-01	2.203206090841220710e-01	7.543213211623821766e-03	5.902177877877589837e-03	1.089853112970916530e-19	1.789193616591835956e-02	5.733714721967643653e-03
1.015931744867609581e+02	7.406889783045882414e-01	2.265881708403827410e-01	7.986776082629414714e-03	6.171115361996225117e-03	1.148464304667507622e-19	1.863711910451952211e-02	5.849928460684580660e-03
1.064309447004162337e+02	7.331775453424627109e-01	2.325450213835303648e-01	8.425599566064511867e-03	6.437078679901320731e-03	1.207544326245767530e-19	1.937176637630142612e-02	5.965076806540268312e-03
1.112687149140715235e+02	7.259809772536287564e-01	2.382055793939645560e-01	8.859717574299567563e-03	6.700200012492546833e-03	1.267100584657588466e-19	2.009625676035132341e-02	6.079357160063829889e-03
1.161064851277267991e+02	7.190848135513210337e-01	2.435835970312939802e-01	9.289201312281258546e-03	6.960603431599753435e-03	1.327140128751412828e-19	2.081095196037621720e-02	6.192920867928315351e-03
1.209442553413820747e+02	7.124752618004843718e-01	2.486921907385295227e-01	9.714148319773425327e-03	7.218405757900318680e-03	1.387669660121420041e-19	2.151619739228579145e-02	6.305884145827106782e-03
1.257820255550373645e+02	7.061391667121293958e-01	2.535438706220095040e-01	1.013467421721977839e-02	7.473717264949555732e-03	1.448695544831818647e-19	2.221232293534224772e-02	6.418336403150003144e-03
1.306197957686926259e+02	7.000639806744319849e-01	2.581505684730622807e-01	1.055090650764107206e-02	7.726642263188712723e-03	1.510223825649894703e-19	2.289964364857142651e-02	6.530346587904963668e-03
1.354575659823479441e+02	6.942377356521378662e-01	2.625236644943172992e-01	1.096297994112703511e-02	7.977279590104456933e-03	1.572260234514976963e-19	2.357846045404862409e-02	6.641968023065156386e-03
1.402953361960032339e+02	6.886490163894850580e-01	2.666740127906326863e-01	1.137103306603730150e-02	8.225723026702776164e-03	1.634810205042003799e-19	2.424906078859602465e-02	6.753242093346528002e-03
1.451331064096584669e+02	6.832869348552201849e-01	2.706119656818118391e-01	1.177520568063855112e-02	8.472061655810091477e-03	1.697878884912793003e-19	2.491171922535624639e-02	6.864201055963470299e-03
1.499708766233137851e+02	6.781411058714061912e-01	2.743473968916173567e-01	1.217563696720152036e-02	8.716380174137436376e-03	1.761471148049409218e-19	2.556669806663756928e-02	6.974870183800239119e-03
1.548086468369690749e+02	6.732016238706296507e-01	2.778897236650585967e-01	1.257246414262416616e-02	8.958759167300595419e-03	1.825591606495228421e-19	2.621424790936112414e-02	7.085269399826131347e-03
1.596464170506243647e+02	6.684590407289372482e-01	2.812479278635142133e-01	1.296582149929950516e-02	9.199275354889221989e-03	1.890244621952826469e-19	2.685460818437824040e-02	7.195414523781740006e-03
1.644841872642796261e+02	6.639043446243932944e-01	2.844305760849524800e-01	1.335583974015583375e-02	9.438001811071296612e-03	1.955434316945486065e-19	2.748800767086693325e-02	7.305318223360420318e-03
1.693219574779349159e+02	6.595289398735572073e-01	2.874458388543212339e-01	1.374264553480979839e-02	9.675008164990289358e-03	2.021164585582322283e-19	2.811466498696035474e-02	7.414990740161468349e-03
1.741597276915902057e+02	6.553246277004602938e-01	2.903015089270922222e-01	1.412636124130192163e-02	9.910360784271791609e-03	2.087439103916854891e-19	2.873478905770643355e-02	7.524440443967651132e-03
1.789974979052454671e+02	6.512835878948132207e-01	2.930050187469528944e-01	1.450710475123495949e-02	1.014412294423613740e-02	2.154261339896096185e-19	2.934857956140693447e-02	7.633674256156162269e-03
1.838352681189008138e+02	6.473983613182169305e-01	2.955634570967423103e-01	1.488498942630245986e-02	1.037635498486139812e-02	2.221634562902541281e-19	2.995622735533550254e-02	7.742697973341585056e-03
1.886730383325560467e+02	6.436618332190892078e-01	2.979835849799193914e-01	1.526012410193615387e-02	1.060711445711732745e-02	2.289561852895259492e-19	3.055791488178802306e-02	7.851516514949920603e-03
1.935108085462113081e+02	6.400672173188570735e-01	3.002718507681251259e-01	1.563261313969411398e-02	1.083645625996497268e-02	2.358046109159008873e-19	3.115381655537441050e-02	7.960134112784377977e-03
1.983485787598666263e+02	6.366080406337141229e-01	3.024344046487578153e-01	1.600255651449667901e-02	1.106443276906562447e-02	2.427090058672172164e-19	3.174409913241888620e-02	8.068554456347033429e-03
2.031863489735219162e+02	6.332781289979084738e-01	3.044771124049110989e-01	1.637004992622982658e-02	1.129109395804873267e-02	2.496696264105544205e-19	3.232892206329566337e-02	8.176780804406482209e-03
2.080241191871772060e+02	6.300715932561075094e-01	3.064055685585279076e-01	1.673518492783097542e-02	1.151648751303826351e-02	2.566867131464786434e-19	3.290843782848872773e-02	8.284816070806728938e-03
2.128618894008324673e+02	6.269828160938961670e-01	3.082251089061994742e-01	1.709804906394536000e-02	1.174065894101982560e-02	2.637604917389774080e-19	3.348279225912788315e-02	8.392662890611409660e-03
2.176996596144877287e+02	6.240064394768981559e-01	3.099408224756749486e-01	1.745872601574007671e-02	1.196365167253970845e-02	2.708911736124222226e-19	3.405212484271850221e-02	8.500323671228684347e-03
2.225374298281430470e+02	6.211373526703830583e-01	3.115575629298538152e-01	1.781729574860078935e-02	1.218550715915499641e-02	2.780789566168954281e-19	3.461656901474922249e-02	8.607800632058147661e-03
2.273752000417983652e+02	6.183706808125212229e-01	3.130799594437924660e-01	1.817383466029930464e-02	1.240626496599719908e-02	2.853240256631992974e-19	3.517625243683011882e-02	8.715095835359752685e-03
2.322129702554535982e+02	6.157017740156942587e-01	3.145124270790778387e-01	1.852841572787388216e-02	1.262596285976652112e-02	2.926265533288396845e-19	3.573129726198393669e-02	8.822211210403621551e-03
2.370507404691088880e+02	6.131261969714529858e-01	3.158591766787958721e-01	1.888110865195868904e-02	1.284463689243752968e-02	2.999867004362423868e-19	3.628182038768391904e-02	8.929148572470967798e-03
2.418885106827641494e+02	6.106397190358440197e-01	3.171242243052478371e-01	1.923197999767218419e-02	1.306232148092740554e-02	3.074046166044221037e-19	3.682793369720448184e-02	9.035909637903986533e-03
2.467262808964194392e+02	6.082383047729020831e-01	3.183114002415453059e-01	1.958109333145514538e-02	1.327904948295378050e-02	3.148804407752820343e-19	3.736974428982486190e-02	9.142496036118736430e-03
2.515640511100747290e+02	6.059181049351349824e-01	3.194243575772362509e-01	1.992850935346015748e-02	1.349485226928901112e-02	3.224143017156807030e-19	3.790735470040080407e-02	9.248909319278703772e-03
2.564018213237300188e+02	6.036754478608042929e-01	3.204665803971853411e-01	2.027428602525212231e-02	1.370975979260087400e-02	3.300063184963569553e-19	3.844086310879546442e-02	9.355150970161863616e-03
2.612395915373852517e+02	6.015068312687399388e-01	3.214413915920415477e-01	2.061847869269649997e-02	1.392380065305531822e-02	3.376566009487617437e-19	3.897036353963834188e-02	9.461222408628322186e-03
2.660773617510405415e+02	5.994089144323176965e-01	3.223519603077801277e-01	2.096114020399875502e-02	1.413700216084449839e-02	3.453652501008015117e-19	3.949594605285897814e-02	9.567124996999817541e-03
2.709151319646958882e+02	5.973785107150771934e-01	3.232013090509974762e-01	2.130232102292163934e-02	1.434939039579256025e-02	3.531323585924549825e-19	4.001769692542173074e-02	9.672860044589259507e-03
2.757529021783511780e+02	5.954125804512681031e-01	3.239923204658656797e-01	2.164206933725279849e-02	1.456099026418214253e-02	3.609580110721843830e-19	4.053569882466834945e-02	9.778428811562753231e-03
2.805906723920064678e+02	5.935082241553848448e-01	3.247277437979212422e-01	2.198043116262763177e-02	1.477182555293600486e-02	3.688422845750215878e-19	4.105003097365593490e-02	9.883832512274081175e-03
2.854284426056617008e+02	5.916626760454871681e-01	3.254102010591577443e-01	2.231745044183463395e-02	1.498191898128066815e-02	3.767852488831699978e-19	4.156076930886030280e-02	9.989072318179130494e-03
2.902662128193169337e+02	5.898732978658055570e-01	3.260421929082262249e-01	2.265316913974553190e-02	1.519129225001183449e-02	3.847869668699269504e-19	4.206798663059742316e-02	1.009414936041304334e-02
2.951039830329722804e+02	5.881375729948015163e-01	3.266261042589077568e-01	2.298762733402163333e-02	1.539996608847515012e-02	3.928474948276936145e-19	4.257175274649954710e-02	1.019906473209393309e-02
2.999417532466276270e+02	5.864531008254919575e-01	3.271642096294153368e-01	2.332086330175297054e-02	1.560796029936985588e-02	4.009668827808056700e-19	4.307213460836677860e-02	1.030381949040259232e-02
3.047795234602828600e+02	5.848175914054555280e-01	3.276586782445007895e-01	2.365291360218873054e-02	1.581529380147752781e-02	4.091451747838844592e-19	4.356919644270033920e-02	1.040841465847657313e-02
3.096172936739380930e+02	5.832288603245214809e-01	3.281115789017899909e-01	2.398381315571713676e-02	1.602198467041293650e-02	4.173824092063762846e-19	4.406299987520935491e-02	1.051285122714855184e-02
3.144550638875934396e+02	5.816848238386953529e-01	3.285248846132414746e-01	2.431359531925105649e-02	1.622805017748931225e-02	4.256786190039171897e-19	4.455360404956974080e-02	1.061713015655248518e-02
3.192928341012487294e+02	5.801834942194045164e-01	3.289004770321199422e-01	2.464229195817237150e-02	1.643350682678589372e-02	4.340338319771315770e-19	4.504106574070068647e-02	1.072125237761602928e-02
3.241306043149040192e+02	5.787229753176521552e-01	3.292401506753958040e-01	2.496993351498417654e-02	1.663837039050124200e-02	4.424480710184443671e-19	4.552543946281208814e-02	1.082521879345395115e-02
3.289683745285592522e+02	5.773014583331481653e-01	3.295456169510249667e-01	2.529654907481543313e-02	1.684265594267206345e-02	4.509213543474606939e-19	4.600677757246455363e-02	1.092903028067428867e-02
3.338061447422145420e+02	5.759172177789453340e-01	3.298185079991239887e-01	2.562216642791769958e-02	1.704637789133327946e-02	4.594536957354403579e-19	4.648513036687246941e-02	1.103268769060680200e-02
3.386439149558698318e+02	5.745686076325458025e-01	3.300603803556423355e-01	2.594681212928860031e-02	1.724955000919161513e-02	4.680451047193721616e-19	4.696054617766978051e-02	1.113619185046145314e-02
3.434816851695251216e+02	5.732540576648624819e-01	3.302727184467323940e-01	2.627051155555139295e-02	1.745218546288162045e-02	4.766955868061273953e-19	4.743307146034835692e-02	1.123954356442335989e-02
3.483194553831804114e+02	5.719720699388146645e-01	3.304569379216421021e-01	2.659328895921495711e-02	1.765429684086971401e-02	4.854051436671514204e-19	4.790275087956865491e-02	1.134274361468957416e-02
3.531572255968357013e+02	5.707212154697204332e-01	3.306143888315912771e-01	2.691516752043323149e-02	1.785589618006884483e-02	4.941737733241304426e-19	4.836962739053359689e-02	1.144579276245222786e-02
3.579949958104909342e+02	5.695001310400095162e-01	3.307463586617491735e-01	2.723616939637824030e-02	1.805699499122340873e-02	5.030014703260503401e-19	4.883374231660742026e-02	1.154869174883192684e-02
3.628327660241463377e+02	5.683075161611235160e-01	3.308540752231011184e-01	2.755631576833577831e-02	1.825760428312135641e-02	5.118882259180460236e-19	4.929513542335312720e-02	1.165144129576476360e-02
3.676705362378016275e+02	5.671421301758045042e-01	3.309387094106794880e-01	2.787562688662819851e-02	1.845773458568767539e-02	5.208340282024198686e-19	4.975384498915386144e-02	1.175404210684592374e-02
3.725083064514568036e+02	5.660027894942826210e-01	3.310013778343333102e-01	2.819412211346403185e-02	1.865739597201098929e-02	5.298388622921915837e-19	5.020990787257618992e-02	1.185649486813249338e-02
3.773460766651120935e+02	5.648883649581760702e-01	3.310431453279276681e-01	2.851181996380968905e-02	1.885659807935262736e-02	5.389027104575251235e-19	5.066335957662574524e-02	1.195880024890785473e-02
3.821838468787673833e+02	5.637977793262022308e-01	3.310650273425893575e-01	2.882873814437436968e-02	1.905535012918516125e-02	5.480255522653606323e-19	5.111423431003880163e-02	1.206095890240977374e-02
3.870216170924226162e+02	5.627300048760697226e-01	3.310679922293587873e-01	2.914489359079495967e-02	1.925366094630529684e-02	5.572073647125671732e-19	5.156256504574684846e-02	1.216297146652416290e-02
3.918593873060780197e+02	5.616840611171846076e-01	3.310529634163564827e-01	2.946030250310394116e-02	1.945153897706389939e-02	5.664481223529143784e-19	5.200838357664459149e-02	1.226483856444629192e-02
3.966971575197332527e+02	5.606590126090479353e-01	3.310208214853411213e-01	2.977498037955949445e-02	1.964899230675394570e-02	5.757477974181494056e-19	5.245172056878615041e-02	1.236656080531112548e-02
4.015349277333884856e+02	5.596539668804625389e-01	3.309724061523061645e-01	3.008894204891326279e-02	1.984602867619535138e-02	5.851063599334510456e-19	5.289260561212816986e-02	1.246813878479433729e-02
4.063726979470438323e+02	5.586680724448886970e-01	3.309085181565507017e-01	3.040220170118799331e-02	2.004265549755375464e-02	5.945237778275224259e-19	5.333106726893323268e-02	1.256957308568541765e-02
4.112104681606991221e+02	5.577005169075081037e-01	3.308299210624533471e-01	3.071477291703375231e-02	2.023887986942866923e-02	6.040000170375682521e-19	5.376713311994158612e-02	1.267086427843428301e-02
4.160482383743544119e+02	5.567505251597556493e-01	3.307373429779837393e-01	3.102666869572833983e-02	2.043470859124479205e-02	6.135350416093939575e-19	5.420082980841445935e-02	1.277201292167262289e-02
4.208860085880095880e+02	5.558173576572794650e-01	3.306314781937986780e-01	3.133790148188458219e-02	2.063014817697863407e-02	6.231288137928527688e-19	5.463218308214710939e-02	1.287301956271121386e-02
4.257237788016648778e+02	5.549003087774716514e-01	3.305129887465927396e-01	3.164848319092412876e-02	2.082520486825120004e-02	6.327812941328549480e-19	5.506121783354551991e-02	1.297388473801434558e-02
4.305615490153201677e+02	5.539987052528957401e-01	3.303825059102044048e-01	3.195842523337481811e-02	2.101988464681604427e-02	6.424924415561444178e-19	5.548795813785620257e-02	1.307460897365241188e-02
4.353993192289755143e+02	5.531119046771002523e-01	3.302406316178147505e-01	3.226773853804584813e-02	2.121419324647058624e-02	6.522622134540394083e-19	5.591242728963436576e-02	1.317519278573372685e-02
4.402370894426308041e+02	5.522392940794766947e-01	3.300879398184244362e-01	3.257643357413268770e-02	2.140813616441737677e-02	6.620905657613223995e-19	5.633464783753189958e-02	1.327563668081652160e-02
4.450748596562860939e+02	5.513802885659685460e-01	3.299249777706443898e-01	3.288452037230115560e-02	2.160171867210072469e-02	6.719774530314580855e-19	5.675464161748274700e-02	1.337594115630204999e-02
4.499126298699413837e+02	5.505343300225906678e-01	3.297522672766988738e-01	3.319200854479777141e-02	2.179494582554290794e-02	6.819228285083100945e-19	5.717242978435974760e-02	1.347610670080968270e-02
4.547504000835967304e+02	5.497008858788551278e-01	3.295703058594016688e-01	3.349890730463139787e-02	2.198782247520311706e-02	6.919266441945155467e-19	5.758803284217356433e-02	1.357613379453482746e-02
4.595881702972519065e+02	5.488794479283356509e-01	3.293795678847422082e-01	3.380522548386914045e-02	2.218035327538118995e-02	7.019888509166754709e-19	5.800147067288099340e-02	1.367602290959047708e-02
4.644259405109071963e+02	5.480695312037308087e-01	3.291805056325942669e-01	3.411097155108731849e-02	2.237254269318711408e-02	7.121093983875057205e-19	5.841276256386692539e-02	1.377577451033314311e-02
4.692637107245624861e+02	5.472706729039065188e-01	3.289735503179447851e-01	3.441615362801662276e-02	2.256439501709643289e-02	7.222882352650905184e-19	5.882192723416126284e-02	1.387538905367389878e-02
4.741014809382177759e+02	5.464824313705166636e-01	3.287591130649289983e-01	3.472077950541871405e-02	2.275591436511066254e-02	7.325253092093711384e-19	5.922898285944924041e-02	1.397486698937520401e-02
4.789392511518730657e+02	5.457043851119109945e-01	3.285375858358528522e-01	3.502485665822967220e-02	2.294710469254095456e-02	7.428205669359990468e-19	5.963394709593075604e-02	1.407420876033421350e-02
4.837770213655284124e+02	5.449361318721446246e-01	3.283093423172829262e-01	3.532839226000428906e-02	2.313796979943243126e-02	7.531739542676747432e-19	6.003683710308208021e-02	1.417341480285314037e-02
4.886147915791837022e+02	5.441772877430047783e-01	3.280747387651877789e-01	3.563139319669340194e-02	2.332851333764580232e-02	7.635854161830883366e-19	6.043766956537045820e-02	1.427248554689731011e-02
4.934525617928388783e+02	5.434274863170680536e-01	3.278341148110225922e-01	3.593386607978518721e-02	2.351873881761205529e-02	7.740548968635729832e-19	6.083646071297012237e-02	1.437142141634146705e-02
4.982903320064942250e+02	5.426863778798914906e-01	3.275877942305621682e-01	3.623581725883971705e-02	2.370864961477541291e-02	7.845823397375775944e-19	6.123322634152578853e-02	1.447022282920485715e-02
5.031281022201495148e+02	5.419536286395284508e-01	3.273360856772040695e-01	3.653725283344486097e-02	2.389824897573885817e-02	7.951676875230582880e-19	6.162798183100751809e-02	1.456889019787563355e-02
5.079658724338048046e+02	5.412289199916459070e-01	3.270792833813828682e-01	3.683817866462028856e-02	2.408754002412603901e-02	8.058108822678862282e-19	6.202074216369916904e-02	1.466742392932505849e-02
5.128036426474600376e+02	5.405119478185969051e-01	3.268176678176625827e-01	3.713860038569498367e-02	2.427652576617264982e-02	8.165118653883627575e-19	6.241152194136019571e-02	1.476582442531197345e-02
5.176414128611153274e+02	5.398024218208798963e-01	3.265515063409997754e-01	3.743852341268271572e-02	2.446520909605975555e-02	8.272705777059304144e-19	6.280033540159912775e-02	1.486409208257799888e-02
5.224791830747705035e+02	5.391000648794875838e-01	3.262810537936030042e-01	3.773795295417858853e-02	2.465359280100101400e-02	8.380869594821611101e-19	6.318719643349511583e-02	1.496222729303388517e-02
5.273169532884259070e+02	5.384046124477185336e-01	3.260065530837470971e-01	3.803689402079877407e-02	2.484167956609516226e-02	8.489609504521042792e-19	6.357211859250226638e-02	1.506023044393741718e-02
5.321547235020811968e+02	5.377158119710897521e-01	3.257282357378372128e-01	3.833535143418465713e-02	2.502947197895459205e-02	8.598924898560679018e-19	6.395511511466978050e-02	1.515810191806326278e-02
5.369924937157364866e+02	5.370334223340519353e-01	3.254463224269606436e-01	3.863332983559137485e-02	2.521697253412040138e-02	8.708815164699070262e-19	6.433619893020975367e-02	1.525584209386515733e-02
5.418302639293917764e+02	5.363572133322689339e-01	3.251610234691033052e-01	3.893083369408004840e-02	2.540418363727373410e-02	8.819279686338876805e-19	6.471538267644248721e-02	1.535345134563074164e-02
5.466680341430470662e+02	5.356869651692789391e-01	3.248725393081576818e-01	3.922786731433196977e-02	2.559110760925285832e-02	8.930317842801926193e-19	6.509267871014828843e-02	1.545093004362943154e-02
5.515058043567023560e+02	5.350224679764130631e-01	3.245810609707923677e-01	3.952443484410223667e-02	2.577774668988497969e-02	9.041929009591320742e-19	6.546809911935284887e-02	1.554827855425360526e-02
5.563435745703576458e+02	5.343635213548939555e-01	3.242867705022079994e-01	3.982054028132953061e-02	2.596410304164124133e-02	9.154112558641173842e-19	6.584165573457288756e-02	1.564549724015344007e-02
5.611813447840129356e+02	5.337099339390916075e-01	3.239898413817543510e-01	4.011618748091777542e-02	2.615017875312326129e-02	9.266867858554583637e-19	6.621336013954630395e-02	1.574258646036568593e-02
5.660191149976681118e+02	5.330615229799574584e-01	3.236904389193396292e-01	4.041138016120506687e-02	2.633597584238879519e-02	9.380194274830355422e-19	6.658322368147132075e-02	1.583954657043664879e-02
5.708568852113234016e+02	5.324181139477049962e-01	3.233887206335193110e-01	4.070612191013412567e-02	2.652149626012409445e-02	9.494091170079012022e-19	6.695125748077675187e-02	1.593637792253965735e-02
5.756946554249786914e+02	5.317795401528467858e-01	3.230848366121113480e-01	4.100041619113813790e-02	2.670674189266999260e-02	9.608557904228579406e-19	6.731747244044535006e-02	1.603308086558726669e-02
5.805324256386339812e+02	5.311456423847410457e-01	3.227789298561449249e-01	4.129426634875518060e-02	2.689171456490846782e-02	9.723593834720634798e-19	6.768187925491078727e-02	1.612965574533843302e-02
5.853701958522892710e+02	5.305162685668369793e-01	3.224711366079131003e-01	4.158767561398366702e-02	2.707641604301616947e-02	9.839198316697031366e-19	6.804448841854794650e-02	1.622610290450090739e-02
5.902079660659445608e+02	5.298912734278483638e-01	3.221615866638642967e-01	4.188064710939089219e-02	2.726084803709098031e-02	9.955370703177792516e-19	6.840531023377524611e-02	1.632242268282906375e-02
5.950457362795999643e+02	5.292705181881187659e-01	3.218504036730321927e-01	4.217318385398597519e-02	2.744501220365757471e-02	1.007211034523051862e-18	6.876435481878706568e-02	1.641861541721734846e-02
5.998835064932552541e+02	5.286538702604770545e-01	3.215377054216734809e-01	4.246528876786816870e-02	2.762891014805751028e-02	1.018941659213175297e-18	6.912163211493312087e-02	1.651468144178958736e-02
6.047212767069104302e+02	5.280412029649130812e-01	3.212236041047500379e-01	4.275696467666089545e-02	2.781254342672914714e-02	1.030728879152064406e-18	6.947715189376132972e-02	1.661062108798432024e-02
6.095590469205657200e+02	5.274323952564348161e-01	3.209082065848641308e-01	4.304821431574137186e-02	2.799591354938258878e-02	1.042572628954526997e-18	6.983092376373953303e-02	1.670643468463635720e-02
6.143968171342210098e+02	5.268273314654980943e-01	3.205916146392252530e-01	4.333904033427527641e-02	2.817902198107440082e-02	1.054472843100198527e-18	7.018295717667091815e-02	1.680212255805473009e-02
6.192345873478761860e+02	5.262259010504285461e-01	3.202739251952032018e-01	4.362944529906553209e-02	2.836187014418679181e-02	1.066429455946807898e-18	7.053326143381739854e-02	1.689768503209716430e-02
6.240723575615315895e+02	5.256279983612799356e-01	3.199552305549938636e-01	4.391943169822367515e-02	2.854445942031563765e-02	1.078442401742808675e-18	7.088184569174420246e-02	1.699312242824132374e-02
6.289101277751868793e+02	5.250335224146024382e-01	3.196356186099007513e-01	4.420900194467216465e-02	2.872679115207157560e-02	1.090511614639402472e-18	7.122871896789881307e-02	1.708843506565287454e-02
6.337478979888421691e+02	5.244423766786154850e-01	3.193151730447127412e-01	4.449815837948527253e-02	2.890886664479818541e-02	1.102637028701983790e-18	7.157389014593629195e-02	1.718362326125057876e-02
6.385856682024975726e+02	5.238544688683044459e-01	3.189939735326355885e-01	4.478690327507608981e-02	2.909068716821109485e-02	1.114818577921034426e-18	7.191736798080285153e-02	1.727868732976852936e-02
6.434234384161527487e+02	5.232697107499830746e-01	3.186720959212128168e-01	4.507523883823681687e-02	2.927225395796163518e-02	1.127056196222490561e-18	7.225916110358865385e-02	1.737362758381568242e-02
6.482612086298080385e+02	5.226880179548838434e-01	3.183496124096538149e-01	4.536316721303902677e-02	2.945356821712856454e-02	1.139349817477607949e-18	7.259927802616066017e-02	1.746844433393275955e-02
6.530989788434633283e+02	5.221093098013596112e-01	3.180265917179651569e-01	4.565069048360038267e-02	2.963463111764113103e-02	1.151699375512350060e-18	7.293772714558563464e-02	1.756313788864670780e-02
6.579367490571185044e+02	5.215335091252978339e-01	3.177030992482643978e-01	4.593781067672401963e-02	2.981544380163675054e-02	1.164104804116318418e-18	7.327451674835284978e-02	1.765770855452277951e-02
6.627745192707737942e+02	5.209605421183686191e-01	3.173791972386371119e-01	4.622452976441641936e-02	2.999600738275618600e-02	1.176566037051248270e-18	7.360965501440594472e-02	1.775215663621435708e-02
6.676122894844290840e+02	5.203903381737440270e-01	3.170549449098826744e-01	4.651084966628950268e-02	3.017632294737920828e-02	1.189083008059089782e-18	7.394315002099255407e-02	1.784648243651064045e-02
6.724500596980843738e+02	5.198228297389442254e-01	3.167303986054763598e-01	4.679677225185210898e-02	3.035639155580345527e-02	1.201655650869693467e-18	7.427500974634022868e-02	1.794068625638226694e-02
6.772878299117396637e+02	5.192579521754796534e-01	3.164056119250621135e-01	4.708229934269610173e-02	3.053621424336913984e-02	1.214283899208117739e-18	7.460524207316662770e-02	1.803476839502498111e-02
6.821256001253949535e+02	5.186956436249772207e-01	3.160806358517743719e-01	4.736743271458198484e-02	3.071579202153204222e-02	1.226967686801577280e-18	7.493385479203157340e-02	1.812872914990144857e-02
6.869633703390502433e+02	5.181358448814891160e-01	3.157555188736740903e-01	4.765217409942855420e-02	3.089512587888725362e-02	1.239706947386048218e-18	7.526085560453837919e-02	1.822256881678125870e-02
6.918011405527055331e+02	5.175784992696993436e-01	3.154303070995717051e-01	4.793652518721114308e-02	3.107421678214590532e-02	1.252501614712545685e-18	7.558625212639122348e-02	1.831628768977926550e-02
6.966389107663608229e+02	5.170235525287558698e-01	3.151050443694953240e-01	4.822048762777258329e-02	3.125306567706705174e-02	1.265351622553090356e-18	7.591005189031543865e-02	1.840988606139226658e-02
7.014766809800161127e+02	5.164709527014672563e-01	3.147797723600526676e-01	4.850406303255098278e-02	3.143167348934678557e-02	1.278256904706376842e-18	7.623226234884673824e-02	1.850336422253417296e-02
7.063144511936714025e+02	5.159206500286168673e-01	3.144545306849216293e-01	4.878725297622811541e-02	3.161004112546658001e-02	1.291217395003158593e-18	7.655289087699575223e-02	1.859672246256966269e-02
7.111522214073266923e+02	5.153725968481579489e-01	3.141293569906958849e-01	4.907005899830214207e-02	3.178816947350270039e-02	1.304233027311362779e-18	7.687194477479333821e-02	1.868996106934647100e-02
7.159899916209819821e+02	5.148267474990644299e-01	3.138042870482988800e-01	4.935248260458806324e-02	3.196605940389853073e-02	1.317303735540945946e-18	7.718943126972235835e-02	1.878308032922628920e-02
7.208277618346371582e+02	5.142830582296203934e-01	3.134793548401718088e-01	4.963452526864943481e-02	3.214371177020147741e-02	1.330429453648506237e-18	7.750535751904100157e-02	1.887608052711441456e-02
7.256655320482924481e+02	5.137414871099466041e-01	3.131545926434307625e-01	4.991618843316419224e-02	3.232112740976613580e-02	1.343610115641658520e-18	7.781973061200272990e-02	1.896896194648816508e-02
7.305033022619478515e+02	5.132019939485645832e-01	3.128300311091789521e-01	5.019747351122801071e-02	3.249830714442519114e-02	1.356845655583188625e-18	7.813255757197769269e-02	1.906172486942411815e-02
7.353410724756030277e+02	5.126645402128144902e-01	3.125056993381523651e-01	5.047838188759778272e-02	3.267525178112973966e-02	1.370136007594991867e-18	7.844384535847986895e-02	1.915436957662424236e-02
7.401788426892584312e+02	5.121290889529471757e-01	3.121816249528673870e-01	5.075891491987817583e-02	3.285196211256014714e-02	1.383481105861810700e-18	7.875360086910464241e-02	1.924689634744097474e-02
7.450166129029136073e+02	5.115956047297208764e-01	3.118578341664328679e-01	5.103907393965374101e-02	3.302843891770908258e-02	1.396880884634776887e-18	7.906183094138066747e-02	1.933930545990125704e-02
7.498543831165690108e+02	5.110640535453413458e-01	3.115343518481804574e-01	5.131886025356920122e-02	3.320468296243784395e-02	1.410335278234769937e-18	7.936854235454005035e-02	1.943159719072964225e-02
7.546921533302243006e+02	5.105344027775901017e-01	3.112112015862598668e-01	5.159827514436030049e-02	3.338069500000724610e-02	1.423844221055599701e-18	7.967374183121064823e-02	1.952377181537042275e-02
7.595299235438793630e+02	5.100066211169937969e-01	3.108884057473401130e-01	5.187731987183743371e-02	3.355647577158433342e-02	1.437407647567020652e-18	7.997743603903399723e-02	1.961582960800892922e-02
7.643676937575347665e+02	5.094806785068941579e-01	3.105659855335499708e-01	5.215599567382426388e-02	3.373202600672586121e-02	1.451025492317585528e-18	8.027963159221236655e-02	1.970777084159196571e-02
7.692054639711900563e+02	5.089565460862849333e-01	3.102439610367848100e-01	5.243430376705347090e-02	3.390734642383978065e-02	1.464697689937347609e-18	8.058033505298815846e-02	1.979959578784741547e-02
7.740432341848452324e+02	5.084341961352865091e-01	3.099223512905030509e-01	5.271224534802151918e-02	3.408243773062567816e-02	1.478424175140417386e-18	8.087955293305866544e-02	1.989130471730313904e-02
7.788810043985006359e+02	5.079136020231387327e-01	3.096011743191258159e-01	5.298982159380435930e-02	3.425730062449508506e-02	1.492204882727379414e-18	8.117729169492939045e-02	1.998289789930507432e-02
7.837187746121558121e+02	5.073947381585931504e-01	3.092804471851532955e-01	5.326703366283591645e-02	3.443193579297273293e-02	1.506039747587578964e-18	8.147355775320863636e-02	2.007437560203469140e-02
7.885565448258112156e+02	5.068775799425951911e-01	3.089601860341011363e-01	5.354388269565103775e-02	3.460634391407944876e-02	1.519928704701280802e-18	8.176835747584587644e-02	2.016573809252573957e-02
7.933943150394665054e+02	5.063621037231503808e-01	3.086404061373586027e-01	5.382036981559450844e-02	3.478052565669770974e-02	1.533871689141709132e-18	8.206169718531684809e-02	2.025698563668038368e-02
7.982320852531219089e+02	5.058482867522732240e-01	3.083211219330646569e-01	5.409649612949783692e-02	3.495448168092048918e-02	1.547868636076972564e-18	8.235358315975752075e-02	2.034811849928472999e-02
8.030698554667769713e+02	5.053361071449226083e-01	3.080023470650931072e-01	5.437226272832511309e-02	3.512821263838437902e-02	1.561919480771880842e-18	8.264402163404947765e-02	2.043913694402375164e-02
8.079076256804323748e+02	5.048255438398325801e-01	3.076840944202343664e-01	5.464767068778947356e-02	3.530171917258749514e-02	1.576024158589655264e-18	8.293301880085877931e-02	2.053004123349568347e-02
8.127453958940876646e+02	5.043165765621500096e-01	3.073663761636573066e-01	5.492272106894158235e-02	3.547500191919298468e-02	1.590182604993543574e-18	8.322058081163058452e-02	2.062083162922588239e-02
8.175831661077428407e+02	5.038091857877960988e-01	3.070492037727305390e-01	5.519741491873126488e-02	3.564806150631880111e-02	1.604394755548337787e-18	8.350671377754147195e-02	2.071150839168016053e-02
8.224209363213982442e+02	5.033033527094723514e-01	3.067325880692788886e-01	5.547175327054367638e-02	3.582089855481434409e-02	1.618660545921802073e-18	8.379142377041146061e-02	2.080207178027767417e-02
8.272587065350534203e+02	5.027990592042340667e-01	3.064165392503478413e-01	5.574573714471110775e-02	3.599351367852454686e-02	1.632979911886016481e-18	8.407471682357751941e-02	2.089252205340332708e-02
8.320964767487085965e+02	5.022962878025605260e-01	3.061010669175441290e-01	5.601936754900153220e-02	3.616590748454213272e-02	1.647352789318638032e-18	8.435659893273041166e-02	2.098285946841972269e-02
8.369342469623640000e+02	5.017950216588511481e-01	3.057861801050186790e-01	5.629264547908510025e-02	3.633808057344833226e-02	1.661779114204083055e-18	8.463707605671641487e-02	2.107308428167873476e-02
8.417720171760191761e+02	5.012952445232824461e-01	3.054718873061552098e-01	5.656557191897941539e-02	3.651003353954289377e-02	1.676258822634637287e-18	8.491615411830566451e-02	2.116319674853265123e-02
8.466097873896745796e+02	5.007969407149632790e-01	3.051581964990230933e-01	5.683814784147465937e-02	3.668176697106362988e-02	1.690791850811493376e-18	8.519383900492864814e-02	2.125319712334492253e-02
8.514475576033297557e+02	5.003000950963270022e-01	3.048451151706527695e-01	5.711037420853953828e-02	3.685328145039608316e-02	1.705378135045722506e-18	8.547013656938221016e-02	2.134308565950058384e-02
8.562853278169851592e+02	4.998046930487055617e-01	3.045326503401871165e-01	5.738225197170886832e-02	3.702457755427381730e-02	1.720017611759179979e-18	8.574505263050644088e-02	2.143286260941628524e-02
8.611230980306403353e+02	4.993107204490287998e-01	3.042208085809618434e-01	5.765378207245368258e-02	3.719565585396969465e-02	1.734710217485352038e-18	8.601859297383401826e-02	2.152252822455000963e-02
8.659608682442956251e+02	4.988181636475982339e-01	3.039095960415631459e-01	5.792496544253462193e-02	3.736651691547857035e-02	1.749455888870142612e-18	8.629076335221291805e-02	2.161208275541048884e-02
8.707986384579510286e+02	4.983270094468853495e-01	3.035990184659110303e-01	5.819580300433944281e-02	3.753716129969175697e-02	1.764254562672605942e-18	8.656156948640401916e-02	2.170152645156626578e-02
8.756364086716062047e+02	4.978372450813070005e-01	3.032890812124126589e-01	5.846629567120533583e-02	3.770758956256378691e-02	1.779106175765624698e-18	8.683101706565454769e-02	2.179085956165452420e-02
8.804741788852616082e+02	4.973488581979326195e-01	3.029797892722286834e-01	5.873644434772673506e-02	3.787780225527163924e-02	1.794010665136538603e-18	8.709911174824858104e-02	2.188008233338958886e-02
8.853119490989170117e+02	4.968618368380808281e-01	3.026711472866940311e-01	5.900624993004936758e-02	3.804779992436690267e-02	1.808967967887726259e-18	8.736585916203554181e-02	2.196919501357120358e-02
8.901497193125721878e+02	4.963761694197634244e-01	3.023631595639318936e-01	5.927571330615106354e-02	3.821758311192112456e-02	1.823978021237139011e-18	8.763126490493780563e-02	2.205819784809251102e-02
8.949874895262273640e+02	4.958918447209385572e-01	3.020558300946981634e-01	5.954483535611005546e-02	3.838715235566479006e-02	1.839040762518793218e-18	8.789533454543836666e-02	2.214709108194783463e-02
8.998252597398827675e+02	4.954088518635349492e-01	3.017491625674921241e-01	5.981361695236123155e-02	3.855650818912000760e-02	1.854156129183221688e-18	8.815807362304925454e-02	2.223587495924019691e-02
9.046630299535379436e+02	4.949271802982117552e-01	3.014431603829669792e-01	6.008205895994099544e-02	3.872565114172740741e-02	1.869324058797881207e-18	8.841948764876200739e-02	2.232454972318862613e-02
9.095008001671932334e+02	4.944468197898206907e-01	3.011378266676728033e-01	6.035016223672117625e-02	3.889458173896738480e-02	1.884544489047530021e-18	8.867958210548046449e-02	2.241311561613525474e-02
9.143385703808486369e+02	4.939677604035366265e-01	3.008331642871630573e-01	6.061792763363257203e-02	3.906330050247600744e-02	1.899817357734561406e-18	8.893836244843725258e-02	2.250157287955221325e-02
9.191763405945038130e+02	4.934899924916273939e-01	3.005291758584933137e-01	6.088535599487854277e-02	3.923180795015582256e-02	1.915142602779309893e-18	8.919583410559425718e-02	2.258992175404832964e-02
9.240141108081592165e+02	4.930135066808321587e-01	3.002258637621409987e-01	6.115244815813911800e-02	3.940010459628175837e-02	1.930520162220322049e-18	8.945200247802799487e-02	2.267816247937563118e-02
9.288518810218145063e+02	4.925382938603202754e-01	2.999232301533724665e-01	6.141920495476609065e-02	3.956819095160242494e-02	1.945949974214596070e-18	8.970687294030066372e-02	2.276629529443569347e-02
9.336896512354697961e+02	4.920643451702047533e-01	2.996212769730833281e-01	6.168562720996947912e-02	3.973606752343691872e-02	1.961431977037792470e-18	8.996045084081727428e-02	2.285432043728579873e-02
9.385274214491247449e+02	4.915916519905834114e-01	2.993200059581362371e-01	6.195171574299575268e-02	3.990373481576749842e-02	1.976966109084419361e-18	9.021274150216969379e-02	2.294223814514494489e-02
9.433651916627801484e+02	4.911202059310843526e-01	2.990194186512190044e-01	6.221747136729826461e-02	4.007119332932811140e-02	1.992552308867987296e-18	9.046375022146815881e-02	2.303004865439969850e-02
9.482029618764355519e+02	4.906499988208921081e-01	2.987195164102455780e-01	6.248289489070017050e-02	4.023844356168914532e-02	2.008190515021141002e-18	9.071348227066076964e-02	2.311775220060989511e-02
9.530407320900908417e+02	4.901810226992320274e-01	2.984203004173213714e-01	6.274798711555014397e-02	4.040548600733848139e-02	2.023880666295767618e-18	9.096194289684148004e-02	2.320534901851418336e-02
9.578785023037459041e+02	4.897132698062923728e-01	2.981217716872920920e-01	6.301274883887142408e-02	4.057232115775905035e-02	2.039622701563080665e-18	9.120913732254726236e-02	2.329283934203547207e-02
9.627162725174014213e+02	4.892467325745629703e-01	2.978239310758964975e-01	6.327718085250425006e-02	4.073894950150303701e-02	2.055416559813681677e-18	9.145507074604469766e-02	2.338022340428620033e-02
9.675540427310568248e+02	4.887814036205722634e-01	2.975267792875401773e-01	6.354128394324207174e-02	4.090537152426292067e-02	2.071262180157605650e-18	9.169974834160675436e-02	2.346750143757352081e-02
9.723918129447120009e+02	4.883172757370032868e-01	2.972303168827086783e-01	6.380505889296202160e-02	4.107158770893941380e-02	2.087159501824340690e-18	9.194317525977988015e-02	2.355467367340434784e-02
9.772295831583674044e+02	4.878543418851720159e-01	2.969345442850370720e-01	6.406850647874952343e-02	4.123759853570657663e-02	2.103108464162832634e-18	9.218535662764214267e-02	2.364174034249028403e-02
9.820673533720223531e+02	4.873925951878506080e-01	2.966394617880501738e-01	6.433162747301771067e-02	4.140340448207410762e-02	2.119109006641473109e-18	9.242629754905254402e-02	2.372870167475245665e-02
9.869051235856777566e+02	4.869320289224201570e-01	2.963450695615905128e-01	6.459442264362155739e-02	4.156900602294701097e-02	2.135161068848065634e-18	9.266600310489211956e-02	2.381555789932622916e-02
9.917428937993331601e+02	4.864726365143373088e-01	2.960513676579474285e-01	6.485689275396719355e-02	4.173440363068271763e-02	2.151264590489782096e-18	9.290447835329716797e-02	2.390230924456582945e-02
9.965806640129884499e+02	4.860144115309005808e-01	2.957583560177010629e-01	6.511903856311652972e-02	4.189959777514584705e-02	2.167419511393099967e-18	9.314172832988473760e-02	2.398895593804887053e-02
