0.000000000000000000e+00	1.019986071747694067e+00	4.798226533290903594e-11	1.806698990429730788e-13	2.312384933313808870e-12	2.693440087371000953e-12	1.881955058940224162e-15	3.351463518005371296e-13
4.837770213655283591e+00	9.453012878385596007e-01	6.776578857580067838e-02	6.921169012958357063e-04	8.234615816177659345e-04	1.805846679625375132e-03	2.907805067527441389e-03	6.897651567731058432e-04
9.675540427310567182e+00	8.837718007140228371e-01	1.228853336828173021e-01	2.280422240373620145e-03	1.637505581954390530e-03	3.432377690894568029e-03	4.647394545237169654e-03	1.331237345899827316e-03
1.451331064096584811e+01	8.329955921777968397e-01	1.676665053522181092e-01	4.328776342713260006e-03	2.455408886269575593e-03	4.908180607255951955e-03	5.698778066107140425e-03	1.932830368838765918e-03
1.935108085462113081e+01	7.910111842535892945e-01	2.039959980130092443e-01	6.586555281347304842e-03	3.284432826859063747e-03	6.256941218406246452e-03	6.349537352375649209e-03	2.501422855612841969e-03
2.418885106827641707e+01	7.562162570724892952e-01	2.334163062223066631e-01	8.913272713497514405e-03	4.128235908427212858e-03	7.498281655545327093e-03	6.771078645043403059e-03	3.042639583890121343e-03
2.902662128193169622e+01	7.273015277083987318e-01	2.571885868742602166e-01	1.123324683010470948e-02	4.988336709033727029e-03	8.648463428438050993e-03	7.064829330245238175e-03	3.561080920718903350e-03
3.386439149558698603e+01	7.031969403314584088e-01	2.763440132976126007e-01	1.350843842361944269e-02	5.864999791967401462e-03	9.720973320062380185e-03	7.290196556631472341e-03	4.060510079847827816e-03
3.870216170924226162e+01	6.830278216578273831e-01	2.917257387629819121e-01	1.572226054467688525e-02	6.757771174104676079e-03	1.072700941507450691e-02	7.481464219154430016e-03	4.544006027379772668e-03
4.353993192289755143e+01	6.660791233649446808e-01	3.040231930941763583e-01	1.786999776556501274e-02	7.665801005095037972e-03	1.167588297261354206e-02	7.657985214554231118e-03	5.014088384250753490e-03
4.837770213655283413e+01	6.517662398514669775e-01	3.138001171282437940e-01	1.995319495120829317e-02	8.588037097015221999e-03	1.257534995351876350e-02	7.830313337213498648e-03	5.472819482533133537e-03
5.321547235020811684e+01	6.396111800313936113e-01	3.215174808330895084e-01	2.197641982366454333e-02	9.523340122020343412e-03	1.343188408108703276e-02	8.003879138198274207e-03	5.921887771746313367e-03
5.805324256386339954e+01	6.292231034398626521e-01	3.275522202923155657e-01	2.394543666372182800e-02	1.047055135105798632e-02	1.425090150641941146e-02	8.181182553952096384e-03	6.362675993870130220e-03
6.289101277751868224e+01	6.202824167766989305e-01	3.322125572456641751e-01	2.586621189501571091e-02	1.142853168738222971e-02	1.503694553161724796e-02	8.363091749861047836e-03	6.796316914960333355e-03
6.772878299117397205e+01	6.125277768449483018e-01	3.357505250350567017e-01	2.774440422867027051e-02	1.239618338426751176e-02	1.579383843648749300e-02	8.549604983302065350e-03	7.223738888467382512e-03
7.256655320482924765e+01	6.057454670616697623e-01	3.383722107105424648e-01	2.958513212953694030e-02	1.337246136141077846e-02	1.652480625186502142e-02	8.740291178310884146e-03	7.645703107863821395e-03
7.740432341848452324e+01	5.997607130533095798e-01	3.402461299050467680e-01	3.139289579144236703e-02	1.435637831541018011e-02	1.723258130794295268e-02	8.934539362148686062e-03	8.062834065899089631e-03
8.224209363213981305e+01	5.944305827797778941e-01	3.415100750121664031e-01	3.317158154240814477e-02	1.534700616757184340e-02	1.791948653713807543e-02	9.131695301924624628e-03	8.475644460212752515e-03
8.707986384579510286e+01	5.896381817028610861e-01	3.422767150489957610e-01	3.492450696467127441e-02	1.634347538853637288e-02	1.858750480522771906e-02	9.331132332453775241e-03	8.884555558453771651e-03
9.191763405945040688e+01	5.852879065489322574e-01	3.426381747960902113e-01	3.665448308530641630e-02	1.734497312947121117e-02	1.923833596022860026e-02	9.532284430154544172e-03	9.289913851016570051e-03
9.675540427310566827e+01	5.813015644766231782e-01	3.426697792946218901e-01	3.836388066369414429e-02	1.835074071927325634e-02	1.987344380635332197e-02	9.734658172290161504e-03	9.692004668343827054e-03
1.015931744867609581e+02	5.776151997708472985e-01	3.424331158473133407e-01	4.005469383218979856e-02	1.936007086243643482e-02	2.049409481343766187e-02	9.937833358748014018e-03	1.009106331622717199e-02
1.064309447004162337e+02	5.741764990199609286e-01	3.419785379285530946e-01	4.172859792455285710e-02	2.037230473587862620e-02	2.110139004597541904e-02	1.014145796469268467e-02	1.048728418158610329e-02
1.112687149140715235e+02	5.709426692887094035e-01	3.413472127285771540e-01	4.338700033129501421e-02	2.138682910040025711e-02	2.169629152806675301e-02	1.034524064546383897e-02	1.088082817868730665e-02
1.161064851277267991e+02	5.678787030476463160e-01	3.405727955125423256e-01	4.503108430042326860e-02	2.240307349247957006e-02	2.227964404091174397e-02	1.054894256888829797e-02	1.127182883830828326e-02
1.209442553413820747e+02	5.649559593508156619e-01	3.396827988127129050e-01	4.666184614440979650e-02	2.342050753198274618e-02	2.285219316941947826e-02	1.075236950466119078e-02	1.166039728719797317e-02
1.257820255550373645e+02	5.621510036121329934e-01	3.386997120738630684e-01	4.828012655096486361e-02	2.443863836329203745e-02	2.341460026697756922e-02	1.095536461387435628e-02	1.204662632009486506e-02
1.306197957686926259e+02	5.594446588427332001e-01	3.376419172341054709e-01	4.988663676313428302e-02	2.545700823659699519e-02	2.396745488659603185e-02	1.115780210834012298e-02	1.243059372969374486e-02
1.354575659823479441e+02	5.568212298055811305e-01	3.365244374335131239e-01	5.148198037344162842e-02	2.647519222977512757e-02	2.451128512769309986e-02	1.135958180139062801e-02	1.281236502980517486e-02
1.402953361960032339e+02	5.542678685701700747e-01	3.353595492641378573e-01	5.306667141337245014e-02	2.749279610765879150e-02	2.504656626677472658e-02	1.156062449678526248e-02	1.319199568230082845e-02
1.451331064096584669e+02	5.517740556953276698e-01	3.341572834318510821e-01	5.464114933942043617e-02	2.850945431348093223e-02	2.557372797392928887e-02	1.176086812891010379e-02	1.356953291828051980e-02
1.499708766233137851e+02	5.493311759658210391e-01	3.329258341676020749e-01	5.620579143427934660e-02	2.952482808626722202e-02	2.609316036275177025e-02	1.196026455706460968e-02	1.394501722741388339e-02
1.548086468369690749e+02	5.469321714496936382e-01	3.316718940190271914e-01	5.776092306375620045e-02	3.053860369750229647e-02	2.660521907684721549e-02	1.215877691844229405e-02	1.431848357593108918e-02
1.596464170506243647e+02	5.445712577842676261e-01	3.304009276222617530e-01	5.930682615984175787e-02	3.155049080030496167e-02	2.711022957965401187e-02	1.235637745215454643e-02	1.468996240271523181e-02
1.644841872642796261e+02	5.422436921671973664e-01	3.291173955751651725e-01	6.084374623915281277e-02	3.256022088445590518e-02	2.760849078451113950e-02	1.255304571678136222e-02	1.505948043393603650e-02
1.693219574779349159e+02	5.399455836292397226e-01	3.278249375062798343e-01	6.237189821353986141e-02	3.356754583084377991e-02	2.810027813747230721e-02	1.274876713452997336e-02	1.542706134929437353e-02
1.741597276915902057e+02	5.376737378828765346e-01	3.265265217763627659e-01	6.389147120534757751e-02	3.457223655917839034e-02	2.858584624536397029e-02	1.294353180515047524e-02	1.579272632692007433e-02
1.789974979052454671e+02	5.354255304453583442e-01	3.252245678939373330e-01	6.540263254270303750e-02	3.557408176313093390e-02	2.906543112519151262e-02	1.313733354184172357e-02	1.615649448903706473e-02
1.838352681189008138e+02	5.331988028831948778e-01	3.239210466179401338e-01	6.690553107931569710e-02	3.657288672738174401e-02	2.953925213756254317e-02	1.333016908932534508e-02	1.651838326647957905e-02
1.886730383325560467e+02	5.309917779642668867e-01	3.226175618141775558e-01	6.840029995767753224e-02	3.756847222137432024e-02	3.000751365578108176e-02	1.352203749107497993e-02	1.687840869684748349e-02
1.935108085462113081e+02	5.288029902717057418e-01	3.213154173911270672e-01	6.988705891341104315e-02	3.856067346488450259e-02	3.047040651323270136e-02	1.371293957844512204e-02	1.723658566839365164e-02
1.983485787598666263e+02	5.266312294617020440e-01	3.200156720345260775e-01	7.136591620109349055e-02	3.954933916081117273e-02	3.092810926426851209e-02	1.390287755926600602e-02	1.759292811953246452e-02
2.031863489735219162e+02	5.244754938609555994e-01	3.187191839645594493e-01	7.283697020755512674e-02	4.053433059087851315e-02	3.138078928771205478e-02	1.409185468748260818e-02	1.794744920205625788e-02
2.080241191871772060e+02	5.223349525194350695e-01	3.174266475341545601e-01	7.430031080687468648e-02	4.151552077020893849e-02	3.182860375711624168e-02	1.427987499873730262e-02	1.830016141467276369e-02
2.128618894008324673e+02	5.202089141775338987e-01	3.161386231554596526e-01	7.575602050162760781e-02	4.249279365697947869e-02	3.227170049779163469e-02	1.446694309953588421e-02	1.865107671227142494e-02
2.176996596144877287e+02	5.180968018875395931e-01	3.148555617705527387e-01	7.720417538701010440e-02	4.346604341361390983e-02	3.271021874725079520e-02	1.465306399989150382e-02	1.900020659534091411e-02
2.225374298281430470e+02	5.159981322589801689e-01	3.135778248607950514e-01	7.864484596795449922e-02	4.443517371618787432e-02	3.314428983293481873e-02	1.483824298119284547e-02	1.934756218315428211e-02
2.273752000417983652e+02	5.139124984852062594e-01	3.123057008080033503e-01	8.007809785401399927e-02	4.540009710893575662e-02	3.357403777879962997e-02	1.502248549256142603e-02	1.969315427367905255e-02
2.322129702554535982e+02	5.118395564621366356e-01	3.110394182724082746e-01	8.150399235241795326e-02	4.636073440094646420e-02	3.399957985045275188e-02	1.520579707020664612e-02	2.003699339263076071e-02
2.370507404691088880e+02	5.097790134356748881e-01	3.097791571311683256e-01	8.292258697610797868e-02	4.731701410232166255e-02	3.442102704697391075e-02	1.538818327530514299e-02	2.037908983364757759e-02
2.418885106827641494e+02	5.077306187169993157e-01	3.085250574221031217e-01	8.433393588061974255e-02	4.826887189724439475e-02	3.483848454626611163e-02	1.556964964676335432e-02	2.071945369120337457e-02
2.467262808964194392e+02	5.056941560889056664e-01	3.072772266562625587e-01	8.573809024125857159e-02	4.921625015156986388e-02	3.525205210971867065e-02	1.575020166590229351e-02	2.105809488758178527e-02
2.515640511100747290e+02	5.036694375950546698e-01	3.060357457966758066e-01	8.713509858003201658e-02	5.015909745270327041e-02	3.566182445108137533e-02	1.592984473065925388e-02	2.139502319499288902e-02
2.564018213237300188e+02	5.016562984601354858e-01	3.048006741464285851e-01	8.852500705017421478e-02	5.109736817967342609e-02	3.606789157371594057e-02	1.610858413735453618e-02	2.173024825371696819e-02
2.612395915373852517e+02	4.996545929348761850e-01	3.035720533448990066e-01	8.990785968475684120e-02	5.203102210144527895e-02	3.647033907978182443e-02	1.628642506844136043e-02	2.206377958699869829e-02
2.660773617510405415e+02	4.976641908973878925e-01	3.023499106347420362e-01	9.128369861478154157e-02	5.296002400164039753e-02	3.686924845440513188e-02	1.646337258495888731e-02	2.239562661328330442e-02
2.709151319646958882e+02	4.956849750730392135e-01	3.011342615325771077e-01	9.265256426124257594e-02	5.388434332795261072e-02	3.726469732745513186e-02	1.663943162265415013e-02	2.272579865627839812e-02
2.757529021783511780e+02	4.937168387601672537e-01	2.999251120120991487e-01	9.401449550490298401e-02	5.480395386465612695e-02	3.765675971519739929e-02	1.681460699093904887e-02	2.305430495323717091e-02
2.805906723920064678e+02	4.917596839694713950e-01	2.987224602885160119e-01	9.536952983691278363e-02	5.571883342670701234e-02	3.804550624379388762e-02	1.698890337401156442e-02	2.338115466178642549e-02
2.854284426056617008e+02	4.898134199017259438e-01	2.975262982770105480e-01	9.671770349289089685e-02	5.662896357403555958e-02	3.843100435636893908e-02	1.716232533360305401e-02	2.370635686556408356e-02
2.902662128193169337e+02	4.878779617021840598e-01	2.963366127846727149e-01	9.805905157267365280e-02	5.753432934471756216e-02	3.881331850514745802e-02	1.733487731292112158e-02	2.402992057888252500e-02
2.951039830329722804e+02	4.859532294412725606e-01	2.951533864845116151e-01	9.939360814758635421e-02	5.843491900579736442e-02	3.919251032999120782e-02	1.750656364144521915e-02	2.435185475059478341e-02
2.999417532466276270e+02	4.840391472803631800e-01	2.939765987112965551e-01	1.007214063568075274e-01	5.933072382061464756e-02	3.956863882450588343e-02	1.767738854030301288e-02	2.467216826730830523e-02
3.047795234602828600e+02	4.821356427889142426e-01	2.928062261117278520e-01	1.020424784941577484e-01	6.022173783156130333e-02	3.994176049076027940e-02	1.784735612801302898e-02	2.499086995606466730e-02
3.096172936739380930e+02	4.802426463854190253e-01	2.916422431755151812e-01	1.033568560864469021e-01	6.110795765726390050e-02	4.031192948354640759e-02	1.801647042642560287e-02	2.530796858658208165e-02
3.144550638875934396e+02	4.783600908796190043e-01	2.904846226690946387e-01	1.046645699643489885e-01	6.198938230325250903e-02	4.067919774501244090e-02	1.818473536673163513e-02	2.562347287313988115e-02
3.192928341012487294e+02	4.764879110975467347e-01	2.893333359897533041e-01	1.059656503266367539e-01	6.286601298523709913e-02	4.104361513041655807e-02	1.835215479543897757e-02	2.593739147616975008e-02
3.241306043149040192e+02	4.746260435743226980e-01	2.881883534546904047e-01	1.072601267984925610e-01	6.373785296416981105e-02	4.140522952567655263e-02	1.851873248024044766e-02	2.624973300360669906e-02
3.289683745285592522e+02	4.727744263023760940e-01	2.870496445368957428e-01	1.085480284845161542e-01	6.460490739232445379e-02	4.176408695732662657e-02	1.868447211571703029e-02	2.656050601204313494e-02
3.338061447422145420e+02	4.709329985250056416e-01	2.859171780575572308e-01	1.098293840169684427e-01	6.546718316967438389e-02	4.212023169543675088e-02	1.884937732883538650e-02	2.686971900772143484e-02
3.386439149558698318e+02	4.691017005670338191e-01	2.847909223429408443e-01	1.111042215997223720e-01	6.632468880989636495e-02	4.247370635000072281e-02	1.901345168421102877e-02	2.717738044739411926e-02
3.434816851695251216e+02	4.672804736958097727e-01	2.836708453522350792e-01	1.123725690483332734e-01	6.717743431537190335e-02	4.282455196125555669e-02	1.917669868911851122e-02	2.748349873907525442e-02
3.483194553831804114e+02	4.654692600070435282e-01	2.825569147816692772e-01	1.136344538265927767e-01	6.802543106059762146e-02	4.317280808435598749e-02	1.933912179823749078e-02	2.778808224270257546e-02
3.531572255968357013e+02	4.636680023309615040e-01	2.814490981492459576e-01	1.148899030798875148e-01	6.886869168345517711e-02	4.351851286879333813e-02	1.950072441812964255e-02	2.809113927072617867e-02
3.579949958104909342e+02	4.618766441550902213e-01	2.803473628636348747e-01	1.161389436656483504e-01	6.970722998382612723e-02	4.386170313291690159e-02	1.966150991144607896e-02	2.839267808863682463e-02
3.628327660241463377e+02	4.600951295606525160e-01	2.792516762801300345e-01	1.173816021811448229e-01	7.054106082907082853e-02	4.420241443388826796e-02	1.982148160086835698e-02	2.869270691544443738e-02
3.676705362378016275e+02	4.583234031701055033e-01	2.781620057460408857e-01	1.186179049888528569e-01	7.137020006592188770e-02	4.454068113337358165e-02	1.998064277278898543e-02	2.899123392411556699e-02
3.725083064514568036e+02	4.565614101038005246e-01	2.770783186374549123e-01	1.198478782396003445e-01	7.219466443837123382e-02	4.487653645925610696e-02	2.013899668073919347e-02	2.928826724197692785e-02
3.773460766651120935e+02	4.548090959441138392e-01	2.760005823889574716e-01	1.210715478936756073e-01	7.301447151115771084e-02	4.521001256363056664e-02	2.029654654857321328e-02	2.958381495109082410e-02
3.821838468787673833e+02	4.530664067056958677e-01	2.749287645176020090e-01	1.222889397400654388e-01	7.382963959848744262e-02	4.554114057732188553e-02	2.045329557341923551e-02	2.987788508860729844e-02
3.870216170924226162e+02	4.513332888107330909e-01	2.738628326421903569e-01	1.235000794139744784e-01	7.464018769764289851e-02	4.586995066115358288e-02	2.060924692840784139e-02	3.017048564709687644e-02
3.918593873060780197e+02	4.496096890683177749e-01	2.728027544987268738e-01	1.247049924127636156e-01	7.544613542715938870e-02	4.619647205417533320e-02	2.076440376518905520e-02	3.046162457486714312e-02
3.966971575197332527e+02	4.478955546571856683e-01	2.717484979527528544e-01	1.259037041104331678e-01	7.624750296926802173e-02	4.652073311904444258e-02	2.091876921624922017e-02	3.075130977626577139e-02
4.015349277333884856e+02	4.461908331112153236e-01	2.707000310091398632e-01	1.270962397707657288e-01	7.704431101632425172e-02	4.684276138474284534e-02	2.107234639703893866e-02	3.103954911197217073e-02
4.063726979470438323e+02	4.444954723071934954e-01	2.696573218198116129e-01	1.282826245592338932e-01	7.783658072095892000e-02	4.716258358679858986e-02	2.122513840792306788e-02	3.132635039927952197e-02
4.112104681606991221e+02	4.428094204544406054e-01	2.686203386897810241e-01	1.294628835537694755e-01	7.862433364970618233e-02	4.748022570516955559e-02	2.137714833596355418e-02	3.161172141236863464e-02
4.160482383743544119e+02	4.411326260859642079e-01	2.675890500818164375e-01	1.306370417544830409e-01	7.940759173987853303e-02	4.779571299993647104e-02	2.152837925654548651e-02	3.189566988257485497e-02
4.208860085880095880e+02	4.394650380508681731e-01	2.665634246199936053e-01	1.318051240924152656e-01	8.018637725947398709e-02	4.810907004494258121e-02	2.167883423485642697e-02	3.217820349864899260e-02
4.257237788016648778e+02	4.378066055077953211e-01	2.655434310923434627e-01	1.329671554373957898e-01	8.096071276991471943e-02	4.842032075950810505e-02	2.182851632722861840e-02	3.245932990701302923e-02
4.305615490153201677e+02	4.361572779192204874e-01	2.645290384527663186e-01	1.341231606050788949e-01	8.173062109142929799e-02	4.872948843833943555e-02	2.197742858235324920e-02	3.273905671201135514e-02
4.353993192289755143e+02	4.345170050464451372e-01	2.635202158223524105e-01	1.352731643632200942e-01	8.249612527090297021e-02	4.903659577974486816e-02	2.212557404237547667e-02	3.301739147615801589e-02
4.402370894426308041e+02	4.328857369451704629e-01	2.625169324902224544e-01	1.364171914372535044e-01	8.325724855203196773e-02	4.934166491226164158e-02	2.227295574387851834e-02	3.329434172038043399e-02
4.450748596562860939e+02	4.312634239615488752e-01	2.615191579139805045e-01	1.375552665152243448e-01	8.401401434762843790e-02	4.964471741979218505e-02	2.241957671876460001e-02	3.356991492426002199e-02
4.499126298699413837e+02	4.296500167286316785e-01	2.605268617198556180e-01	1.386874142521279663e-01	8.476644621393256140e-02	4.994577436534100578e-02	2.256543999504016795e-02	3.384411852626991596e-02
4.547504000835967304e+02	4.280454661631452606e-01	2.595400137025930531e-01	1.398136592737022621e-01	8.551456782679779656e-02	5.024485631343805769e-02	2.271054859751232141e-02	3.411695992401016925e-02
4.595881702972519065e+02	4.264497234625398980e-01	2.585585838251454049e-01	1.409340261797172866e-01	8.625840295962416970e-02	5.054198335132859682e-02	2.285490554840301225e-02	3.438844647444053854e-02
4.644259405109071963e+02	4.248627401022666006e-01	2.575825422182045910e-01	1.420485395468024103e-01	8.699797546292221961e-02	5.083717510900474107e-02	2.299851386788717006e-02	3.465858549411113265e-02
4.692637107245624861e+02	4.232844678332440269e-01	2.566118591796073267e-01	1.431572239308487871e-01	8.773330924539847475e-02	5.113045077814880324e-02	2.314137657456048422e-02	3.492738425939098668e-02
4.741014809382177759e+02	4.217148586794843834e-01	2.556465051736411254e-01	1.442601038690220772e-01	8.846442825645987884e-02	5.142182913005436534e-02	2.328349668584229690e-02	3.519485000669472785e-02
4.789392511518730657e+02	4.201538649358539934e-01	2.546864508302730812e-01	1.453572038814173462e-01	8.919135647004182432e-02	5.171132853258653128e-02	2.342487721831864808e-02	3.546098993270742350e-02
4.837770213655284124e+02	4.186014391659467204e-01	2.537316669443183681e-01	1.464485484723862529e-01	8.991411786967039299e-02	5.199896696623925590e-02	2.356552118803019805e-02	3.572581119460774279e-02
4.886147915791837022e+02	4.170575342000533703e-01	2.527821244745628304e-01	1.475341621315650331e-01	9.063273643467520402e-02	5.228476203934369348e-02	2.370543161070942303e-02	3.598932091028941155e-02
4.934525617928388783e+02	4.155221031332134718e-01	2.518377945428518783e-01	1.486140693346279518e-01	9.134723612747505661e-02	5.256873100247817093e-02	2.384461150197129953e-02	3.625152615858112659e-02
4.982903320064942250e+02	4.139950993233370569e-01	2.508986484331537370e-01	1.496882945437910950e-01	9.205764088186342564e-02	5.285089076212747677e-02	2.398306387746119983e-02	3.651243397946492969e-02
5.031281022201495148e+02	4.124764763893867259e-01	2.499646575906056822e-01	1.507568622080883991e-01	9.276397459222565645e-02	5.313125789363570828e-02	2.412079175296372863e-02	3.677205137429308962e-02
5.079658724338048046e+02	4.109661882096121155e-01	2.490357936205482847e-01	1.518197967634404566e-01	9.346626110362428463e-02	5.340984865349453214e-02	2.425779814447573055e-02	3.703038530600356176e-02
5.128036426474600376e+02	4.094641889198307183e-01	2.481120282875531324e-01	1.528771226325354171e-01	9.416452420269309787e-02	5.368667899100593166e-02	2.439408606824664677e-02	3.728744269933401134e-02
5.176414128611153274e+02	4.079704329117483375e-01	2.471933335144472776e-01	1.539288642245394412e-01	9.485878760928430353e-02	5.396176455935600136e-02	2.452965854078911420e-02	3.754323044103449053e-02
5.224791830747705035e+02	4.064848748313154014e-01	2.462796813813375174e-01	1.549750459346533604e-01	9.554907496881709372e-02	5.423512072613432405e-02	2.466451857886248211e-02	3.779775538007876245e-02
5.273169532884259070e+02	4.050074695771150868e-01	2.453710441246370610e-01	1.560156921435307265e-01	9.623540984527902131e-02	5.450676258333099489e-02	2.479866919943176859e-02	3.805102432787427907e-02
5.321547235020811968e+02	4.035381722987796960e-01	2.444673941360961666e-01	1.570508272165711539e-01	9.691781571483501501e-02	5.477670495684166391e-02	2.493211341960438476e-02	3.830304405847090310e-02
5.369924937157364866e+02	4.020769383954327925e-01	2.435687039618381622e-01	1.580804755031023356e-01	9.759631596000178932e-02	5.504496241550886626e-02	2.506485425654677787e-02	3.855382130876830460e-02
5.418302639293917764e+02	4.006237235141551500e-01	2.426749463014019892e-01	1.591046613354623329e-01	9.827093386434813949e-02	5.531154927972629226e-02	2.519689472738302280e-02	3.880336277872212247e-02
5.466680341430470662e+02	3.991784835484717409e-01	2.417860940067921016e-01	1.601234090279937960e-01	9.894169260768437280e-02	5.557647962963097044e-02	2.532823784907719394e-02	3.905167513154890468e-02
5.515058043567023560e+02	3.977411746368588741e-01	2.409021200815359698e-01	1.611367428759601095e-01	9.960861526170636249e-02	5.583976731290676149e-02	2.545888663830124868e-02	3.929876499392973704e-02
5.563435745703576458e+02	3.963117531612694866e-01	2.400229976797501608e-01	1.621446871543932300e-01	1.002717247860622218e-01	5.610142595222117334e-02	2.558884411129003916e-02	3.954463895621274094e-02
5.611813447840129356e+02	3.948901757456759198e-01	2.391487001052146066e-01	1.631472661168816563e-01	1.009310440248114560e-01	5.636146895231619602e-02	2.571811328368490621e-02	3.978930357261434986e-02
5.660191149976681118e+02	3.934763992546284062e-01	2.382792008104557824e-01	1.641445039943070783e-01	1.015865957032488637e-01	5.661990950677238399e-02	2.584669717036723602e-02	4.003276536141936459e-02
5.708568852113234016e+02	3.920703807918293204e-01	2.374144733958384046e-01	1.651364249935369510e-01	1.022384024250667239e-01	5.687676060446460180e-02	2.597459878528323926e-02	4.027503080517986361e-02
5.756946554249786914e+02	3.906720776987215316e-01	2.365544916086658733e-01	1.661230532960799589e-01	1.028864866698312869e-01	5.713203503572635705e-02	2.610182114126110078e-02	4.051610635091294765e-02
5.805324256386339812e+02	3.892814475530906870e-01	2.356992293422896512e-01	1.671044130567105601e-01	1.035308707907504899e-01	5.738574539823881882e-02	2.622836724982163109e-02	4.075599841029731857e-02
5.853701958522892710e+02	3.878984481676802099e-01	2.348486606352267470e-01	1.680805284020688017e-01	1.041715770127117496e-01	5.763790410265964836e-02	2.635424012098333546e-02	4.099471335986869941e-02
5.902079660659445608e+02	3.865230375888195624e-01	2.340027596702860535e-01	1.690514234292403717e-01	1.048086274305703308e-01	5.788852337800581144e-02	2.647944276306288952e-02	4.123225754121416509e-02
5.950457362795999643e+02	3.851551740950642233e-01	2.331615007737027900e-01	1.700171222043221353e-01	1.054420440076693083e-01	5.813761527680360447e-02	2.660397818247178803e-02	4.146863726116531423e-02
5.998835064932552541e+02	3.837948161958473769e-01	2.323248584142812434e-01	1.709776487609773743e-01	1.060718485745743428e-01	5.838519168001850279e-02	2.672784938351004461e-02	4.170385879199033780e-02
6.047212767069104302e+02	3.824419226301428165e-01	2.314928072025453365e-01	1.719330270989850029e-01	1.066980628280069926e-01	5.863126430177659915e-02	2.685105936815752187e-02	4.193792837158497738e-02
6.095590469205657200e+02	3.810964523651390046e-01	2.306653218898972735e-01	1.728832811827866467e-01	1.073207083299615866e-01	5.887584469388865843e-02	2.697361113586365516e-02	4.217085220366238729e-02
6.143968171342210098e+02	3.797583645949237918e-01	2.298423773677834847e-01	1.738284349400348872e-01	1.079398065069918228e-01	5.911894425018719701e-02	2.709550768333609735e-02	4.240263645794190711e-02
6.192345873478761860e+02	3.784276187391792390e-01	2.290239486668683710e-01	1.747685122601455865e-01	1.085553786496539358e-01	5.936057421068641898e-02	2.721675200432888131e-02	4.263328727033677962e-02
6.240723575615315895e+02	3.771041744418864861e-01	2.282100109562151535e-01	1.757035369928576229e-01	1.091674459120944018e-01	5.960074566557421738e-02	2.733734708943057201e-02	4.286281074314073763e-02
6.289101277751868793e+02	3.757879915700408913e-01	2.274005395424738840e-01	1.766335329468022852e-01	1.097760293117708147e-01	5.983946955904484444e-02	2.745729592585282458e-02	4.309121294521359169e-02
6.337478979888421691e+02	3.744790302123761627e-01	2.265955098690765890e-01	1.775585238880848238e-01	1.103811497292954830e-01	6.007675669298050136e-02	2.757660149721985476e-02	4.331849991216573520e-02
6.385856682024975726e+02	3.731772506780982601e-01	2.257948975154388804e-01	1.784785335388799632e-01	1.109828279083918123e-01	6.031261773048950114e-02	2.769526678335913761e-02	4.354467764654156026e-02
6.434234384161527487e+02	3.718826134956284557e-01	2.249986781961685611e-01	1.793935855760437903e-01	1.115810844559545628e-01	6.054706319930817232e-02	2.781329476009363616e-02	4.376975211800191584e-02
6.482612086298080385e+02	3.705950794113552771e-01	2.242068277602803916e-01	1.803037036297432394e-01	1.121759398422052245e-01	6.078010349507347032e-02	2.793068839903596265e-02	4.399372926350547663e-02
6.530989788434633283e+02	3.693146093883953873e-01	2.234193221904175186e-01	1.812089112821050341e-01	1.127674144009347956e-01	6.101174888447256917e-02	2.804745066738469073e-02	4.421661498748905711e-02
6.579367490571185044e+02	3.680411646053627917e-01	2.226361376020788707e-01	1.821092320658852515e-01	1.133555283298264688e-01	6.124200950827553280e-02	2.816358452772308590e-02	4.443841516204698888e-02
6.627745192707737942e+02	3.667747064551473146e-01	2.218572502428527160e-01	1.830046894631607579e-01	1.139403016908514810e-01	6.147089538425686006e-02	2.827909293782043809e-02	4.465913562710942253e-02
6.676122894844290840e+02	3.655151965437006267e-01	2.210826364916561315e-01	1.838953069040434873e-01	1.145217544107317159e-01	6.169841641001114207e-02	2.839397885043625641e-02	4.487878219061962326e-02
6.724500596980843738e+02	3.642625966888309308e-01	2.203122728579802736e-01	1.847811077654188394e-01	1.150999062814631185e-01	6.192458236566802249e-02	2.850824521312747550e-02	4.509736062871030904e-02
6.772878299117396637e+02	3.630168689190056419e-01	2.195461359811413937e-01	1.856621153697085580e-01	1.156747769608943849e-01	6.214940291651117193e-02	2.862189496805882596e-02	4.531487668587894091e-02
6.821256001253949535e+02	3.617779754721622276e-01	2.187842026295374331e-01	1.865383529836589505e-01	1.162463859733559035e-01	6.237288761550584953e-02	2.873493105181648688e-02	4.553133607516208353e-02
6.869633703390502433e+02	3.605458787945264310e-01	2.180264496999099466e-01	1.874098438171550585e-01	1.168147527103341882e-01	6.259504590573931881e-02	2.884735639522520087e-02	4.574674447830874568e-02
6.918011405527055331e+02	3.593205415394390423e-01	2.172728542166114940e-01	1.882766110220613076e-01	1.173798964311872778e-01	6.281588712277806630e-02	2.895917392316886552e-02	4.596110754595274239e-02
6.966389107663608229e+02	3.581019265661894435e-01	2.165233933308785275e-01	1.891386776910890521e-01	1.179418362638970930e-01	6.303542049694574323e-02	2.907038655441480240e-02	4.617443089778414111e-02
7.014766809800161127e+02	3.568899969388570903e-01	2.157780443201089970e-01	1.899960668566910427e-01	1.185005912058549743e-01	6.325365515552537621e-02	2.918099720144164133e-02	4.638672012271968098e-02
7.063144511936714025e+02	3.556847159251607104e-01	2.150367845871453132e-01	1.908488014899834551e-01	1.190561801246768359e-01	6.347060012488917047e-02	2.929100877027101743e-02	4.659798077907226915e-02
7.111522214073266923e+02	3.544860469953142745e-01	2.142995916595623329e-01	1.916969044996955640e-01	1.196086217590447004e-01	6.368626433255931973e-02	2.940042416030302225e-02	4.680821839471952656e-02
7.159899916209819821e+02	3.532939538208906272e-01	2.135664431889601755e-01	1.925403987311467835e-01	1.201579347195714798e-01	6.390065660920261903e-02	2.950924626415553712e-02	4.701743846727141074e-02
7.208277618346371582e+02	3.521084002736922791e-01	2.128373169502618956e-01	1.933793069652518792e-01	1.207041374896864055e-01	6.411378569056194743e-02	2.961747796750735517e-02	4.722564646423684648e-02
7.256655320482924481e+02	3.509293504246289719e-01	2.121121908410157630e-01	1.942136519175534926e-01	1.212472484265383205e-01	6.432566021932727141e-02	2.972512214894531407e-02	4.743284782318947512e-02
7.305033022619478515e+02	3.497567685426025141e-01	2.113910428807026232e-01	1.950434562372826142e-01	1.217872857619144988e-01	6.453628874694872231e-02	2.983218167981517219e-02	4.763904795193245334e-02
7.353410724756030277e+02	3.485906190933985016e-01	2.106738512100474192e-01	1.958687425064466470e-01	1.223242676031728732e-01	6.474567973539425980e-02	2.993865942407651637e-02	4.784425222866233590e-02
7.401788426892584312e+02	3.474308667385849203e-01	2.099605940903355450e-01	1.966895332389448636e-01	1.228582119341854462e-01	6.495384155885416955e-02	3.004455823816151033e-02	4.804846600213204949e-02
7.450166129029136073e+02	3.462774763344174112e-01	2.092512499027335549e-01	1.975058508797112311e-01	1.233891366162911535e-01	6.516078250539462935e-02	3.014988097083751845e-02	4.825169459181295750e-02
7.498543831165690108e+02	3.451304129307512514e-01	2.085457971476144812e-01	1.983177178038842692e-01	1.239170593892563177e-01	6.536651077856248104e-02	3.025463046307363957e-02	4.845394328805600892e-02
7.546921533302243006e+02	3.439896417699601083e-01	2.078442144438871764e-01	1.991251563160039151e-01	1.244419978722411668e-01	6.557103449894297054e-02	3.035880954791105729e-02	4.865521735225199901e-02
7.595299235438793630e+02	3.428551282858612881e-01	2.071464805283303179e-01	1.999281886492350058e-01	1.249639695647708909e-01	6.577436170567269036e-02	3.046242105033723432e-02	4.885552201699093489e-02
7.643676937575347665e+02	3.417268381026474233e-01	2.064525742549305209e-01	2.007268369646170170e-01	1.254829918477099460e-01	6.597650035790907086e-02	3.056546778716391979e-02	4.905486248622050599e-02
7.692054639711900563e+02	3.406047370338245450e-01	2.057624745942246147e-01	2.015211233503398924e-01	1.259990819842381760e-01	6.617745833625855723e-02	3.066795256690887234e-02	4.925324393540370105e-02
7.740432341848452324e+02	3.394887910811570375e-01	2.050761606326460817e-01	2.023110698210457969e-01	1.265122571208279201e-01	6.637724344416465194e-02	3.076987818968136487e-02	4.945067151167548830e-02
7.788810043985006359e+02	3.383789664336182557e-01	2.043936115718756052e-01	2.030966983171559603e-01	1.270225342882206898e-01	6.657586340925775170e-02	3.087124744707132537e-02	4.964715033399871164e-02
7.837187746121558121e+02	3.372752294663478034e-01	2.037148067281958075e-01	2.038780307042228623e-01	1.275299304024027358e-01	6.677332588466793062e-02	3.097206312204215523e-02	4.984268549331903608e-02
7.885565448258112156e+02	3.361775467396147521e-01	2.030397255318498184e-01	2.046550887723068979e-01	1.280344622655784637e-01	6.696963845030214080e-02	3.107232798882713504e-02	5.003728205271908147e-02
7.933943150394665054e+02	3.350858849977876308e-01	2.023683475264038134e-01	2.054278942353775783e-01	1.285361465671409631e-01	6.716480861408725966e-02	3.117204481282935882e-02	5.023094504757166789e-02
7.982320852531219089e+02	3.340002111683096353e-01	2.017006523681136587e-01	2.061964687307385469e-01	1.290349998846389845e-01	6.735884381318008041e-02	3.127121635052519666e-02	5.042367948569224934e-02
8.030698554667769713e+02	3.329204923606804423e-01	2.010366198252951930e-01	2.069608338184761032e-01	1.295310386847393636e-01	6.755175141514557779e-02	3.136984534937119901e-02	5.061549034749045911e-02
8.079076256804323748e+02	3.318466958654442966e-01	2.003762297776985335e-01	2.077210109809309313e-01	1.300242793241849770e-01	6.774353871910442082e-02	3.146793454771438375e-02	5.080638258612084346e-02
8.127453958940876646e+02	3.307787891531830948e-01	1.997194622158861843e-01	2.084770216221927541e-01	1.305147380507467592e-01	6.793421295685100891e-02	3.156548667470587127e-02	5.099636112763274165e-02
8.175831661077428407e+02	3.297167398735164623e-01	1.990662972406148090e-01	2.092288870676168311e-01	1.310024310041701390e-01	6.812378129394293380e-02	3.166250445021780852e-02	5.118543087111935425e-02
8.224209363213982442e+02	3.286605158541071048e-01	1.984167150622207221e-01	2.099766285633631324e-01	1.314873742171149829e-01	6.831225083076292171e-02	3.175899058476352316e-02	5.137359668886594399e-02
8.272587065350534203e+02	3.276100850996717662e-01	1.977706960000092662e-01	2.107202672759562745e-01	1.319695836160887092e-01	6.849962860355415795e-02	3.185494777942085576e-02	5.156086342649728038e-02
8.320964767487085965e+02	3.265654157909986810e-01	1.971282204816476036e-01	2.114598242918670212e-01	1.324490750223722424e-01	6.868592158542993764e-02	3.195037872575860749e-02	5.174723590312419602e-02
8.369342469623640000e+02	3.255264762839699677e-01	1.964892690425613930e-01	2.121953206171143802e-01	1.329258641529386387e-01	6.887113668735846128e-02	3.204528610576602016e-02	5.193271891148937280e-02
8.417720171760191761e+02	3.244932351085902389e-01	1.958538223253347976e-01	2.129267771768879325e-01	1.333999666213638857e-01	6.905528075912373276e-02	3.213967259178530933e-02	5.211731721811230927e-02
8.466097873896745796e+02	3.234656609680207073e-01	1.952218610791141562e-01	2.136542148151898968e-01	1.338713979387297359e-01	6.923836059026305945e-02	3.223354084644709794e-02	5.230103556343349697e-02
8.514475576033297557e+02	3.224437227376187876e-01	1.945933661590154018e-01	2.143776542944968722e-01	1.343401735145182962e-01	6.942038291098225067e-02	3.232689352260876420e-02	5.248387866195776408e-02
8.562853278169851592e+02	3.214273894639832485e-01	1.939683185255346165e-01	2.150971162954403992e-01	1.348063086574983194e-01	6.960135439304905580e-02	3.241973326329559285e-02	5.266585120239686973e-02
8.611230980306403353e+02	3.204166303640050284e-01	1.933466992439623056e-01	2.158126214165062839e-01	1.352698185766029459e-01	6.978128165066550814e-02	3.251206270164470197e-02	5.284695784781128641e-02
8.659608682442956251e+02	3.194114148239234896e-01	1.927284894838010854e-01	2.165241901737520180e-01	1.357307183817986485e-01	6.996017124131991005e-02	3.260388446085170366e-02	5.302720323575117745e-02
8.707986384579510286e+02	3.184117123983879472e-01	1.921136705181867022e-01	2.172318430005421019e-01	1.361890230849454875e-01	7.013802966661915328e-02	3.269520115411998773e-02	5.320659197839663901e-02
8.756364086716062047e+02	3.174174928095246373e-01	1.915022237233125479e-01	2.179356002473006870e-01	1.366447476006485140e-01	7.031486337310181856e-02	3.278601538461263509e-02	5.338512866269712331e-02
8.804741788852616082e+02	3.164287259460094037e-01	1.908941305778574238e-01	2.186354821812812321e-01	1.370979067471000679e-01	7.049067875303281772e-02	3.287632974540684316e-02	5.356281785051011934e-02
8.853119490989170117e+02	3.154453818621451022e-01	1.902893726624167725e-01	2.193315089863528411e-01	1.375485152469132499e-01	7.066548214517998083e-02	3.296614681945084918e-02	5.373966407873906337e-02
8.901497193125721878e+02	3.144674307769447785e-01	1.896879316589370756e-01	2.200237007628028096e-01	1.379965877279461239e-01	7.083927983557330998e-02	3.305546917952328217e-02	5.391567185947045149e-02
8.949874895262273640e+02	3.134948430732198976e-01	1.890897893501536642e-01	2.207120775271548263e-01	1.384421387241170642e-01	7.101207805824721886e-02	3.314429938819490190e-02	5.409084568011026523e-02
8.998252597398827675e+02	3.125275892966736246e-01	1.884949276190316936e-01	2.213966592120030219e-01	1.388851826762108610e-01	7.118388299596645208e-02	3.323263999779263456e-02	5.426519000351955752e-02
9.046630299535379436e+02	3.115656401549996568e-01	1.879033284482104493e-01	2.220774656658607016e-01	1.393257339326757493e-01	7.135470078093600343e-02	3.332049355036587751e-02	5.443870926814936562e-02
9.095008001671932334e+02	3.106089665169861069e-01	1.873149739194507890e-01	2.227545166530240373e-01	1.397638067504114179e-01	7.152453749549564366e-02	3.340786257765505224e-02	5.461140788817481218e-02
9.143385703808486369e+02	3.096575394116238278e-01	1.867298462130857761e-01	2.234278318534501095e-01	1.401994152955480244e-01	7.169339917279933527e-02	3.349474960106225974e-02	5.478329025362852628e-02
9.191763405945038130e+02	3.087113300272210648e-01	1.861479276074745060e-01	2.240974308626487721e-01	1.406325736442159968e-01	7.186129179748013129e-02	3.358115713162410088e-02	5.495436073053326653e-02
9.240141108081592165e+02	3.077703097105219943e-01	1.855692004784591231e-01	2.247633331915883936e-01	1.410632957833071188e-01	7.202822130630082142e-02	3.366708766998651597e-02	5.512462366103387801e-02
9.288518810218145063e+02	3.068344499658308133e-01	1.849936472988248370e-01	2.254255582666147006e-01	1.414915956112264561e-01	7.219419358879089477e-02	3.375254370638164358e-02	5.529408336352847203e-02
9.336896512354697961e+02	3.059037224541408251e-01	1.844212506377631289e-01	2.260841254293828040e-01	1.419174869386354565e-01	7.235921448787005494e-02	3.383752772060664993e-02	5.546274413279887738e-02
9.385274214491247449e+02	3.049780989922682428e-01	1.838519931603380675e-01	2.267390539368015212e-01	1.423409834891863623e-01	7.252328980045869011e-02	3.392204218200445265e-02	5.563061024014040457e-02
9.433651916627801484e+02	3.040575515519909899e-01	1.832858576269555950e-01	2.273903629609903831e-01	1.427620989002478802e-01	7.268642527807572806e-02	3.400608954944629725e-02	5.579768593349087452e-02
9.482029618764355519e+02	3.031420522591924960e-01	1.827228268928357269e-01	2.280380715892483257e-01	1.431808467236219962e-01	7.284862662742408457e-02	3.408967227131617928e-02	5.596397543755894655e-02
9.530407320900908417e+02	3.022315733930101000e-01	1.821628839074881101e-01	2.286821988240341774e-01	1.435972404262523816e-01	7.300989951096424624e-02	3.417279278549700122e-02	5.612948295395171761e-02
9.578785023037459041e+02	3.013260873849885613e-01	1.816060117141903851e-01	2.293227635829583333e-01	1.440112933909242499e-01	7.317024954747609888e-02	3.425545351935849192e-02	5.629421266130162083e-02
9.627162725174014213e+02	3.004255668182381767e-01	1.810521934494693508e-01	2.299597846987857241e-01	1.444230189169557477e-01	7.332968231260940384e-02	3.433765688974674962e-02	5.645816871539265092e-02
9.675540427310568248e+02	2.995299844265974509e-01	1.805014123425854045e-01	2.305932809194493061e-01	1.448324302208811032e-01	7.348820333942325533e-02	3.441940530297546430e-02	5.662135524928586100e-02
9.723918129447120009e+02	2.986393130938009843e-01	1.799536517150196469e-01	2.312232709080740689e-01	1.452395404371254750e-01	7.364581811891476870e-02	3.450070115481871508e-02	5.678377637344417944e-02
9.772295831583674044e+02	2.977535258526517459e-01	1.794088949799640953e-01	2.318497732430112035e-01	1.456443626186716689e-01	7.380253210053729085e-02	3.458154683050530115e-02	5.694543617585653278e-02
9.820673533720223531e+02	2.968725958841979540e-01	1.788671256418147004e-01	2.324728064178822051e-01	1.460469097377186942e-01	7.395835069270829953e-02	3.466194470471462008e-02	5.710633872216130946e-02
9.869051235856777566e+02	2.959964965169147866e-01	1.783283272956671661e-01	2.330923888416323864e-01	1.464471946863327434e-01	7.411327926330757432e-02	3.474189714157396858e-02	5.726648805576912277e-02
9.917428937993331601e+02	2.951252012258904212e-01	1.777924836268158504e-01	2.337085388385939100e-01	1.468452302770898998e-01	7.426732314016547265e-02	3.482140649465728655e-02	5.742588819798484512e-02
9.965806640129884499e+02	2.942586836320170707e-01	1.772595784102553029e-01	2.343212746485578424e-01	1.472410292437112411e-01	7.442048761154179681e-02	3.490047510698533750e-02	5.758454314812908731e-02
