0.000000000000000000e+00	1.019345145458879776e+00	2.981734755931400152e-18	2.891496464438622156e-21	2.905720874401249459e-19	5.553029610848405067e-20	7.372698395664375398e-20	2.465376914096004237e-25
4.837770213655283591e+00	9.447614026402770815e-01	6.769961719538293565e-02	6.961838162685438178e-04	8.051843940192955108e-04	1.812425165816223486e-03	2.880095348243464064e-03	6.902368988721202872e-04
9.675540427310567182e+00	8.833110422504030224e-01	1.227717198334153659e-01	2.313026367648824723e-03	1.605272544954042648e-03	3.442811895202712788e-03	4.569090803287423168e-03	1.332181763968196203e-03
1.451331064096584811e+01	8.325968633818251474e-01	1.675197669811706591e-01	4.389359670578034736e-03	2.412523807084150131e-03	4.920204560160294088e-03	5.572181646834090465e-03	1.934245411227242814e-03
1.935108085462113081e+01	7.906612977809430731e-01	2.038270198918545328e-01	6.666305257419498018e-03	3.233334981062867264e-03	6.268672095508343728e-03	6.185210818498495557e-03	2.503304633592766826e-03
2.418885106827641707e+01	7.559051267900566140e-01	2.332333141997535164e-01	9.002369887273573706e-03	4.070684976933755007e-03	7.508157021139286180e-03	6.580509331752001749e-03	3.044983251970767406e-03
2.902662128193169622e+01	7.270214907659804382e-01	2.569977561120076470e-01	1.132354229475641613e-02	4.925581198214070214e-03	8.655188701148813779e-03	6.857705071797714005e-03	3.563881314974193075e-03
3.386439149558698603e+01	7.029422080622921287e-01	2.761499434198965708e-01	1.359407335534742675e-02	5.797913855016192421e-03	9.723478169940081781e-03	7.073766438537192232e-03	4.063762157849554017e-03
3.870216170924226162e+01	6.827940441554772866e-01	2.915318235101478916e-01	1.579945891575792322e-02	6.686959233609630036e-03	1.072441168941986461e-02	7.260742799928281317e-03	4.547705154538245892e-03
4.353993192289755143e+01	6.658630488486383392e-01	3.038319069628642177e-01	1.793660549506478907e-02	7.591674928517598391e-03	1.166745885079037599e-02	7.436219867103900823e-03	5.018230505899950664e-03
4.837770213655283413e+01	6.515654505579533406e-01	3.136132370105474410e-01	2.000821057330482225e-02	8.510871876661149638e-03	1.256050920883914832e-02	7.609465017842208766e-03	5.477401213731020527e-03
5.321547235020811684e+01	6.394238886928966803e-01	3.213362569332671170e-01	2.201960469813710880e-02	9.443313517550979558e-03	1.341014951564123425e-02	7.785025671778837524e-03	5.926906429607094705e-03
5.805324256386339954e+01	6.290479971463075470e-01	3.273775075639308585e-01	2.397702238946020775e-02	1.038777192317593204e-02	1.422189179551546813e-02	7.964825049384841732e-03	6.368129591104174439e-03
6.289101277751868224e+01	6.201185376115535552e-01	3.320449161637366031e-01	2.588669465159059574e-02	1.134305858960273430e-02	1.500036085966536745e-02	8.149373454378982043e-03	6.802204128351088501e-03
6.772878299117397205e+01	6.123744309183314360e-01	3.355902985946117578e-01	2.775440754414432859e-02	1.230804037298042879e-02	1.574944842535002179e-02	8.338460591281543488e-03	7.230059012179334416e-03
7.256655320482924765e+01	6.056021553999578755e-01	3.382195830290681271e-01	2.958531972703919155e-02	1.328164677604069636e-02	1.647243977880339869e-02	8.531544749394060975e-03	7.652455998575449607e-03
7.740432341848452324e+01	5.996270792713922493e-01	3.401011706190514849e-01	3.138391928787235413e-02	1.426287225476035453e-02	1.717211788714656517e-02	8.727966054054943010e-03	8.070020084600807928e-03
8.224209363213981305e+01	5.943063736154370336e-01	3.413727727288906610e-01	3.315405143996141835e-02	1.525077571093233324e-02	1.785084900011142325e-02	8.927058549613354696e-03	8.483264413932345774e-03
8.707986384579510286e+01	5.895232173908323547e-01	3.421470023881753586e-01	3.489897863452818411e-02	1.624447844504154498e-02	1.851065306423402973e-02	9.128204892036534054e-03	8.892610644030601863e-03
9.191763405945040688e+01	5.851820587077080082e-01	3.425159469896315589e-01	3.662145201737736916e-02	1.724316131587906586e-02	1.915326167815028721e-02	9.330859147902052092e-03	9.298405602230195438e-03
9.675540427310566827e+01	5.812047397181213659e-01	3.425549078695471761e-01	3.832378315968647947e-02	1.824606154089602680e-02	1.978016582780506988e-02	9.534552435695011277e-03	9.700934907127428328e-03
1.015931744867609581e+02	5.775273276572286951e-01	3.423254585722193544e-01	4.000791066571642018e-02	1.925246938667089444e-02	2.039265523737875466e-02	9.738889831367227370e-03	1.010043410829713009e-02
1.064309447004162337e+02	5.740975233111320630e-01	3.418779459348664229e-01	4.167545941365390777e-02	2.026172488999376797e-02	2.099185084067590329e-02	9.943543272008080122e-03	1.049709779654816461e-02
1.112687149140715235e+02	5.708725416701407873e-01	3.412535355084570510e-01	4.332779188268463810e-02	2.127321468608443789e-02	2.157873160606743265e-02	1.014824305094259686e-02	1.089108705450135550e-02
1.161064851277267991e+02	5.678173787178596443e-01	3.404858843323911310e-01	4.496605188369208472e-02	2.228636898304513919e-02	2.215415672534533018e-02	1.035276926666342870e-02	1.128253554988160705e-02
1.209442553413820747e+02	5.649033939941641158e-01	3.396025089547391462e-01	4.659120140715923564e-02	2.330065869994539865e-02	2.271888399432772654e-02	1.055694388973108834e-02	1.167155451881169738e-02
1.257820255550373645e+02	5.621071513952404786e-01	3.386259042200448488e-01	4.820405144148379867e-02	2.431559277350869505e-02	2.327358506353842393e-02	1.076062372372619744e-02	1.205823684133592276e-02
1.306197957686926259e+02	5.594094711598115444e-01	3.375744582309979092e-01	4.980528761968330137e-02	2.533071563140445667e-02	2.381885811483960835e-02	1.096369432758657891e-02	1.244266037455487618e-02
1.354575659823479441e+02	5.567946545646795808e-01	3.364632006177548096e-01	5.139549149141196122e-02	2.634560482638693968e-02	2.435523841963375263e-02	1.116606486039046185e-02	1.282489067862078135e-02
1.402953361960032339e+02	5.542498498637749016e-01	3.353044144834127493e-01	5.297515812872144458e-02	2.735986882362842487e-02	2.488320715215824527e-02	1.136766376098123123e-02	1.320498324620135791e-02
1.451331064096584669e+02	5.517645337381200665e-01	3.341081368614678970e-01	5.454471067873609136e-02	2.837314493277947117e-02	2.540319876418197301e-02	1.156843515772388795e-02	1.358298532586894869e-02
1.499708766233137851e+02	5.493300872125331802e-01	3.328825679964142470e-01	5.610451238491064724e-02	2.938509737608872158e-02	2.591560717237890651e-02	1.176833590316085469e-02	1.395893741339169179e-02
1.548086468369690749e+02	5.469394488289782696e-01	3.316344060583039099e-01	5.765487651562724303e-02	3.039541548405573501e-02	2.642079096458922749e-02	1.196733313589740978e-02	1.433287447142631184e-02
1.596464170506243647e+02	5.445868310019494896e-01	3.303691208758999798e-01	5.919607456627973968e-02	3.140381201041290288e-02	2.691907779427349379e-02	1.216540228297223816e-02	1.470482692709026117e-02
1.644841872642796261e+02	5.422674880454637636e-01	3.290911777981861963e-01	6.072834303875342815e-02	3.241002155864410039e-02	2.741076810223845583e-02	1.236252542771496508e-02	1.507482148787708115e-02
1.693219574779349159e+02	5.399775264582480361e-01	3.278042207700070376e-01	6.225188904960310410e-02	3.341379911269497932e-02	2.789613827995102158e-02	1.255868997936652499e-02	1.544288180900723825e-02
1.741597276915902057e+02	5.377137497686539369e-01	3.265112220523565534e-01	6.376689497419205099e-02	3.441491866498287006e-02	2.837544336846800283e-02	1.275388759094639446e-02	1.580902903927806219e-02
1.789974979052454671e+02	5.354735316433496539e-01	3.252146046641335442e-01	6.527352229742634793e-02	3.541317193525679585e-02	2.884891937038077531e-02	1.294811328078466009e-02	1.617328226754601028e-02
1.838352681189008138e+02	5.332547121108281996e-01	3.239163425151001530e-01	6.677191481139393980e-02	3.640836717428142660e-02	2.931678523854206256e-02	1.314136472078959554e-02	1.653565888794237410e-02
1.886730383325560467e+02	5.310555126888047983e-01	3.226180422943871196e-01	6.826220127519315450e-02	3.740032804671930555e-02	2.977924459416278480e-02	1.333364166098450002e-02	1.689617489862599298e-02
1.935108085462113081e+02	5.288744669717166946e-01	3.213210104384403576e-01	6.974449763162984817e-02	3.838889258796158999e-02	3.023648721769563522e-02	1.352494546525371232e-02	1.725484514617968770e-02
1.983485787598666263e+02	5.267103638619169415e-01	3.200263078967516273e-01	7.121890885852344422e-02	3.937391223000925866e-02	3.068869034839480717e-02	1.371527873772963521e-02	1.761168352555162603e-02
2.031863489735219162e+02	5.245622011412421903e-01	3.187347949184811124e-01	7.268553051845194624e-02	4.035525089183515657e-02	3.113601982226053139e-02	1.390464502296732442e-02	1.796670314363910115e-02
2.080241191871772060e+02	5.224291474992427409e-01	3.174471676780689644e-01	7.414445005935196842e-02	4.133278412996294060e-02	3.157863107299872102e-02	1.409304856611486370e-02	1.831991645313710282e-02
2.128618894008324673e+02	5.203105114775339324e-01	3.161639882267074930e-01	7.559574790902744146e-02	4.230639834528438642e-02	3.201667001645142063e-02	1.428049412180498051e-02	1.867133536206760230e-02
2.176996596144877287e+02	5.182057160703738008e-01	3.148857089856593738e-01	7.703949839894520812e-02	4.327599004240168662e-02	3.245027383551885025e-02	1.446698680255928404e-02	1.902097132341897673e-02
2.225374298281430470e+02	5.161142779510962120e-01	3.136126927758763339e-01	7.847577054640159089e-02	4.424146513802899860e-02	3.287957167976623268e-02	1.465253195918980039e-02	1.936883540851793567e-02
2.273752000417983652e+02	5.140357904817336454e-01	3.123452291971974271e-01	7.990462871898497410e-02	4.520273831521776781e-02	3.330468529157765839e-02	1.483713508706889853e-02	1.971493836709664257e-02
2.322129702554535982e+02	5.119699098166774487e-01	3.110835480222374216e-01	8.132613320102889676e-02	4.615973242038535346e-02	3.372572956879694994e-02	1.502080175327302931e-02	2.005929067647785682e-02
2.370507404691088880e+02	5.099163435367672914e-01	3.098278301489021391e-01	8.274034067828094086e-02	4.711237790032628964e-02	3.414281307220748407e-02	1.520353754053309359e-02	2.040190258185968844e-02
2.418885106827641494e+02	5.078748413528756389e-01	3.085782165563684121e-01	8.414730465416769833e-02	4.806061227657262847e-02	3.455603848488981306e-02	1.538534800468216446e-02	2.074278412932055449e-02
2.467262808964194392e+02	5.058451875020217869e-01	3.073348156283223775e-01	8.554707580870067607e-02	4.900437965464346513e-02	3.496550302940846372e-02	1.556623864291029578e-02	2.108194519286973878e-02
2.515640511100747290e+02	5.038271945277225106e-01	3.060977091409690098e-01	8.693970230915235020e-02	4.994363026588663490e-02	3.537129884787718753e-02	1.574621487064149089e-02	2.141939549662750381e-02
2.564018213237300188e+02	5.018206981924461241e-01	3.048669571591225425e-01	8.832523008005718768e-02	5.087832003976651418e-02	3.577351334920246539e-02	1.592528200526042645e-02	2.175514463302132689e-02
2.612395915373852517e+02	4.998255533159700614e-01	3.036426020393556136e-01	8.970370303880007001e-02	5.180841020459386187e-02	3.617222952718080614e-02	1.610344525525277473e-02	2.208920207772328836e-02
2.660773617510405415e+02	4.978416303710010427e-01	3.024246717029353548e-01	9.107516330199104393e-02	5.273386691482521288e-02	3.656752625260477341e-02	1.628070971359740077e-02	2.242157720192161294e-02
2.709151319646958882e+02	4.958688126981404820e-01	3.012131823116215301e-01	9.243965136695128648e-02	5.365466090318270209e-02	3.695947854209691991e-02	1.645708035447207215e-02	2.275227928241136885e-02
2.757529021783511780e+02	4.939069942273989766e-01	3.000081404551592223e-01	9.379720627191469318e-02	5.457076715596042432e-02	3.734815780602564889e-02	1.663256203251639587e-02	2.308131750990097958e-02
2.805906723920064678e+02	4.919560776140108893e-01	2.988095449394660985e-01	9.514786573795644409e-02	5.548216460999043365e-02	3.773363207754971971e-02	1.680715948404380017e-02	2.340870099585898312e-02
2.854284426056617008e+02	4.900159727131048748e-01	2.976173882482984201e-01	9.649166629517041960e-02	5.638883586984237001e-02	3.811596622457905092e-02	1.698087732971484756e-02	2.373443877816637862e-02
2.902662128193169337e+02	4.880865953315272066e-01	2.964316577379187412e-01	9.782864339521286923e-02	5.729076694392392505e-02	3.849522214622007332e-02	1.715372007828199624e-02	2.405853982579159167e-02
2.951039830329722804e+02	4.861678662063544376e-01	2.952523366134403027e-01	9.915883151199580969e-02	5.818794699823717775e-02	3.887145895508761079e-02	1.732569213109548881e-02	2.438101304266555511e-02
2.999417532466276270e+02	4.842597101688242422e-01	2.940794047266551137e-01	1.004822642320366832e-01	5.908036812662745968e-02	3.924473314670642171e-02	1.749679778712431161e-02	2.470186727090212600e-02
3.047795234602828600e+02	4.823620554599293286e-01	2.929128392278971260e-01	1.017989743357411853e-01	5.996802513643787608e-02	3.961509875708973949e-02	1.766704124829846650e-02	2.502111129348257718e-02
3.096172936739380930e+02	4.804748331700683939e-01	2.917526150985609856e-01	1.031089938707056425e-01	6.085091534855382317e-02	3.998260750946514008e-02	1.783642662502088472e-02	2.533875383650130084e-02
3.144550638875934396e+02	4.785979767801745166e-01	2.905987055860456691e-01	1.044123542179663383e-01	6.172903841088871191e-02	4.034730895101740905e-02	1.800495794173135461e-02	2.565480357105220585e-02
3.192928341012487294e+02	4.767314217858552583e-01	2.894510825589222680e-01	1.057090861519907610e-01	6.260239612442414225e-02	4.070925058043065731e-02	1.817263914243230291e-02	2.596926911482078104e-02
3.241306043149040192e+02	4.748751053894406660e-01	2.883097167968848296e-01	1.069992198950953377e-01	6.347099228097617674e-02	4.106847796693588459e-02	1.833947409610815066e-02	2.628215903343500762e-02
3.289683745285592522e+02	4.730289662475857804e-01	2.871745782273859016e-01	1.082827851668806962e-01	6.433483251191361718e-02	4.142503486150359016e-02	1.850546660198776686e-02	2.659348184161865539e-02
3.338061447422145420e+02	4.711929442643235100e-01	2.860456361186907714e-01	1.095598112291980841e-01	6.519392414710502293e-02	4.177896330076266013e-02	1.867062039461347620e-02	2.690324600418245865e-02
3.386439149558698318e+02	4.693669804213047025e-01	2.849228592373092561e-01	1.108303269270942554e-01	6.604827608341867773e-02	4.213030370417528842e-02	1.883493914869133201e-02	2.721145993688241574e-02
3.434816851695251216e+02	4.675510166384653221e-01	2.838062159763128922e-01	1.120943607261267461e-01	6.689789866214412850e-02	4.247909496495171078e-02	1.899842648370618156e-02	2.751813200716890159e-02
3.483194553831804114e+02	4.657449956595916540e-01	2.826956744598583815e-01	1.133519407463941392e-01	6.774280355474524007e-02	4.282537453514826536e-02	1.916108596829202079e-02	2.782327053484619922e-02
3.531572255968357013e+02	4.639488609582615997e-01	2.815912026282679781e-01	1.146030947935852695e-01	6.858300365639355411e-02	4.316917850535560708e-02	1.932292112435353426e-02	2.812688379265832275e-02
3.579949958104909342e+02	4.621625566604623536e-01	2.804927683072241940e-01	1.158478503873176246e-01	6.941851298676693371e-02	4.351054167935159561e-02	1.948393543093892080e-02	2.842898000681423273e-02
3.628327660241463377e+02	4.603860274808583841e-01	2.794003392639864969e-01	1.170862347870045700e-01	7.024934659763215627e-02	4.384949764406381040e-02	1.964413232786725930e-02	2.872956735746312953e-02
3.676705362378016275e+02	4.586192186702343632e-01	2.783138832530078766e-01	1.183182750154666285e-01	7.107552048676193945e-02	4.418607883516027790e-02	1.980351521911612178e-02	2.902865397912852974e-02
3.725083064514568036e+02	4.568620759720876667e-01	2.772333680528946132e-01	1.195439978804789111e-01	7.189705151776634717e-02	4.452031659856294649e-02	1.996208747597682381e-02	2.932624796110834542e-02
3.773460766651120935e+02	4.551145455867136036e-01	2.761587614962984771e-01	1.207634299944283229e-01	7.271395734544587597e-02	4.485224124815649638e-02	2.011985243998604123e-02	2.962235734784677763e-02
3.821838468787673833e+02	4.533765741414285122e-01	2.750900314940389335e-01	1.219765977922369904e-01	7.352625634629975093e-02	4.518188211994524778e-02	2.027681342564326139e-02	2.991699013928287437e-02
3.870216170924226162e+02	4.516481086658205024e-01	2.740271460545179449e-01	1.231835275476937247e-01	7.433396755384671928e-02	4.550926762289273647e-02	2.043297372292418243e-02	3.021015429117966666e-02
3.918593873060780197e+02	4.499290965711216783e-01	2.729700732992940693e-01	1.243842453883222954e-01	7.513711059843826423e-02	4.583442528666166471e-02	2.058833659960031259e-02	3.050185771543710220e-02
3.966971575197332527e+02	4.482194856329579924e-01	2.719187814755248955e-01	1.255787773089038495e-01	7.593570565126527006e-02	4.615738180645674593e-02	2.074290530337525446e-02	3.079210828039141701e-02
4.015349277333884856e+02	4.465192239768693838e-01	2.708732389658566886e-01	1.267671491837605302e-01	7.672977337227872285e-02	4.647816308515888284e-02	2.089668306384800250e-02	3.108091381110314119e-02
4.063726979470438323e+02	4.448282600661035979e-01	2.698334142962349746e-01	1.279493867778983274e-01	7.751933486176350308e-02	4.679679427292595534e-02	2.104967309431338487e-02	3.136828208963549774e-02
4.112104681606991221e+02	4.431465426912748473e-01	2.687992761420221477e-01	1.291255157570989076e-01	7.830441161532140926e-02	4.711329980442359455e-02	2.120187859340963085e-02	3.165422085532463431e-02
4.160482383743544119e+02	4.414740209615554134e-01	2.677707933327374556e-01	1.302955616970427610e-01	7.908502548203570626e-02	4.742770343383822390e-02	2.135330274662258776e-02	3.193873780504292298e-02
4.208860085880095880e+02	4.398106442971265184e-01	2.667479348556779373e-01	1.314595500915397008e-01	7.986119862560447924e-02	4.774002826781429537e-02	2.150394872765583332e-02	3.222184059345628571e-02
4.257237788016648778e+02	4.381563624226650355e-01	2.657306698586295868e-01	1.326175063599363546e-01	8.063295348824391084e-02	4.805029679644816365e-02	2.165381969967553749e-02	3.250353683327637799e-02
4.305615490153201677e+02	4.365111253616832387e-01	2.647189676518418300e-01	1.337694558537650680e-01	8.140031275717589387e-02	4.835853092246222146e-02	2.180291881643842133e-02	3.278383409550830047e-02
4.353993192289755143e+02	4.348748834315709355e-01	2.637127977094038678e-01	1.349154238626935898e-01	8.216329933352675696e-02	4.866475198867459273e-02	2.195124922331090703e-02	3.306273990969432752e-02
4.402370894426308041e+02	4.332475872392178573e-01	2.627121296701384612e-01	1.360554356198305226e-01	8.292193630347473310e-02	4.896898080387222796e-02	2.209881405818694619e-02	3.334026176415419429e-02
4.450748596562860939e+02	4.316291876771152780e-01	2.617169333381053065e-01	1.371895163064371093e-01	8.367624691149523619e-02	4.927123766718797399e-02	2.224561645231176027e-02	3.361640710622224026e-02
4.499126298699413837e+02	4.300196359198532603e-01	2.607271786827909388e-01	1.383176910560925399e-01	8.442625453556247550e-02	4.957154239107566113e-02	2.239165953101820983e-02	3.389118334248179820e-02
4.547504000835967304e+02	4.284188834209475827e-01	2.597428358390456715e-01	1.394399849583558837e-01	8.517198266417541630e-02	4.986991432297108867e-02	2.253694641438218696e-02	3.416459783899697400e-02
4.595881702972519065e+02	4.268268819099391154e-01	2.587638751068192522e-01	1.405564230619652799e-01	8.591345487508493528e-02	5.016637236572105141e-02	2.268148021780298784e-02	3.443665792154218530e-02
4.644259405109071963e+02	4.252435833897207917e-01	2.577902669507348143e-01	1.416670303776112472e-01	8.665069481560697118e-02	5.046093499685721379e-02	2.282526405251428595e-02	3.470737087582943803e-02
4.692637107245624861e+02	4.236689401340542060e-01	2.568219819995359865e-01	1.427718318803191111e-01	8.738372618441410389e-02	5.075362028678657988e-02	2.296830102603100374e-02	3.497674394773372247e-02
4.741014809382177759e+02	4.221029046852453614e-01	2.558589910454324712e-01	1.438708525114723025e-01	8.811257271470539221e-02	5.104444591596583869e-02	2.311059424253695399e-02	3.524478434351640405e-02
4.789392511518730657e+02	4.205454298519540890e-01	2.549012650433669092e-01	1.449641171805061968e-01	8.883725815866046205e-02	5.133342919112221514e-02	2.325214680321791710e-02	3.551149923004695563e-02
4.837770213655284124e+02	4.189964687071158211e-01	2.539487751102210700e-01	1.460516507663002228e-01	8.955780627309049835e-02	5.162058706057977286e-02	2.339296180654445306e-02	3.577689573502287890e-02
4.886147915791837022e+02	4.174559745859593440e-01	2.530014925239746360e-01	1.471334781182937201e-01	9.027424080620433111e-02	5.190593612874608298e-02	2.353304234850843446e-02	3.604098094718814760e-02
4.934525617928388783e+02	4.159239010841052075e-01	2.520593887228293473e-01	1.482096240573490542e-01	9.098658548541331548e-02	5.218949266981062068e-02	2.367239152281713430e-02	3.630376191654996476e-02
4.982903320064942250e+02	4.144002020557341903e-01	2.511224353043067237e-01	1.492801133763843047e-01	9.169486400610372956e-02	5.247127264070321206e-02	2.381101242104829985e-02	3.656524565459414594e-02
5.031281022201495148e+02	4.128848316118152173e-01	2.501906040243278562e-01	1.503449708407954277e-01	9.239910002131014599e-02	5.275129169335743967e-02	2.394890813276952246e-02	3.682543913449895512e-02
5.079658724338048046e+02	4.113777441183851247e-01	2.492638667962804588e-01	1.514042211886872935e-01	9.309931713222781291e-02	5.302956518632126470e-02	2.408608174562493556e-02	3.708434929134760139e-02
5.128036426474600376e+02	4.098788941948737219e-01	2.483421956900785377e-01	1.524578891309305295e-01	9.379553887950591029e-02	5.330610819575439668e-02	2.422253634539206155e-02	3.734198302233931316e-02
5.176414128611153274e+02	4.083882367124677670e-01	2.474255629312181737e-01	1.535059993510609344e-01	9.448778873526766930e-02	5.358093552584930475e-02	2.435827501601145473e-02	3.759834718699909401e-02
5.224791830747705035e+02	4.069057267925106913e-01	2.465139408998324178e-01	1.545485765050361449e-01	9.517609009580679791e-02	5.385406171871054415e-02	2.449330083959156898e-02	3.785344860738618089e-02
5.273169532884259070e+02	4.054313198049326328e-01	2.456073021297478787e-01	1.555856452208635166e-01	9.586046627491308370e-02	5.412550106372485126e-02	2.462761689639116763e-02	3.810729406830114935e-02
5.321547235020811968e+02	4.039649713667084474e-01	2.447056193075447250e-01	1.566172300981122645e-01	9.654094049778330633e-02	5.439526760645232301e-02	2.476122626478132263e-02	3.835989031749182515e-02
5.369924937157364866e+02	4.025066373403410891e-01	2.438088652716214610e-01	1.576433557073214087e-01	9.721753589547606211e-02	5.466337515706719274e-02	2.489413202118903601e-02	3.861124406585788454e-02
5.418302639293917764e+02	4.010562738323673049e-01	2.429170130112655868e-01	1.586640465893152108e-01	9.789027549987262822e-02	5.492983729837482704e-02	2.502633724002423926e-02	3.886136198765426097e-02
5.466680341430470662e+02	3.996138371918844800e-01	2.420300356657310303e-01	1.596793272544356213e-01	9.855918223910781206e-02	5.519466739342988870e-02	2.515784499359190879e-02	3.911025072069330283e-02
5.515058043567023560e+02	3.981792840090962460e-01	2.411479065233229913e-01	1.606892221817013688e-01	9.922427893343754857e-02	5.545787859277915427e-02	2.528865835199082743e-02	3.935791686654576543e-02
5.563435745703576458e+02	3.967525711138767952e-01	2.402705990204901665e-01	1.616937558179029066e-01	9.988558829151211738e-02	5.571948384135082949e-02	2.541878038300043538e-02	3.960436699074060263e-02
5.611813447840129356e+02	3.953336555743504621e-01	2.393980867409253310e-01	1.626929525766404039e-01	1.005431329070259339e-01	5.597949588501097140e-02	2.554821415195714096e-02	3.984960762296357872e-02
5.660191149976681118e+02	3.939224946954877349e-01	2.385303434146740231e-01	1.636868368373128879e-01	1.011969352557168800e-01	5.623792727680627934e-02	2.567696272162130894e-02	4.009364525725470779e-02
5.708568852113234016e+02	3.925190460177157559e-01	2.376673429172513063e-01	1.646754329440648368e-01	1.018470176926899728e-01	5.649479038291132377e-02	2.580502915203605058e-02	4.033648635220456191e-02
5.756946554249786914e+02	3.911232673155425332e-01	2.368090592687668028e-01	1.656587652046972725e-01	1.024934024500416263e-01	5.675009738829714379e-02	2.593241650037892213e-02	4.057813733114944837e-02
5.805324256386339812e+02	3.897351165961944752e-01	2.359554666330583028e-01	1.666368578895481012e-01	1.031361116347628420e-01	5.700386030213709654e-02	2.605912782080745810e-02	4.081860458236545586e-02
5.853701958522892710e+02	3.883545520982663035e-01	2.351065393168330353e-01	1.676097352303481391e-01	1.037751672269005554e-01	5.725609096296489092e-02	2.618516616429945876e-02	4.105789445926134179e-02
5.902079660659445608e+02	3.869815322903831234e-01	2.342622517688173756e-01	1.685774214190568221e-01	1.044105910779583590e-01	5.750680104359878059e-02	2.631053457848889221e-02	4.129601328057035808e-02
5.950457362795999643e+02	3.856160158698743179e-01	2.334225785789141028e-01	1.695399406066827319e-01	1.050424049095184942e-01	5.775600205584496827e-02	2.643523610749806685e-02	4.153296733054096662e-02
5.998835064932552541e+02	3.842579617614582665e-01	2.325874944773677899e-01	1.704973169020926327e-01	1.056706303120688722e-01	5.800370535499263513e-02	2.655927379176692416e-02	4.176876285912644454e-02
6.047212767069104302e+02	3.829073291159379999e-01	2.317569743339376043e-01	1.714495743708130404e-01	1.062952887440193617e-01	5.824992214411206515e-02	2.668265066787998963e-02	4.200340608217342786e-02
6.095590469205657200e+02	3.815640773089074567e-01	2.309309931570775187e-01	1.723967370338276572e-01	1.069164015308931709e-01	5.849466347816674461e-02	2.680536976839159591e-02	4.223690318160939344e-02
6.143968171342210098e+02	3.802281659394673996e-01	2.301095260931239617e-01	1.733388288663738619e-01	1.075339898646797826e-01	5.873794026794958850e-02	2.692743412164990552e-02	4.246926030562900994e-02
6.192345873478761860e+02	3.788995548289519899e-01	2.292925484254904611e-01	1.742758737967411986e-01	1.081480748033370465e-01	5.897976328385291789e-02	2.704884675162029864e-02	4.270048356887954505e-02
6.240723575615315895e+02	3.775782040196644096e-01	2.284800355738693112e-01	1.752078957050743901e-01	1.087586772704307175e-01	5.922014315948107704e-02	2.716961067770850072e-02	4.293057905264509311e-02
6.289101277751868793e+02	3.762640737736218099e-01	2.276719630934400662e-01	1.761349184221830955e-01	1.093658180549005876e-01	5.945909039511420441e-02	2.728972891458386965e-02	4.315955280502986602e-02
6.337478979888421691e+02	3.749571245713098078e-01	2.268683066740846410e-01	1.770569657283609932e-01	1.099695178109433569e-01	5.969661536103101906e-02	2.740920447200325544e-02	4.338741084114040858e-02
6.385856682024975726e+02	3.736573171104458635e-01	2.260690421396088501e-01	1.779740613522156623e-01	1.105697970580024336e-01	5.993272830069813067e-02	2.752804035463577575e-02	4.361415914326675219e-02
6.434234384161527487e+02	3.723646123047510970e-01	2.252741454469703031e-01	1.788862289695114238e-01	1.111666761808564469e-01	6.016743933383284643e-02	2.764623956188873993e-02	4.383980366106259713e-02
6.482612086298080385e+02	3.710789712827310405e-01	2.244835926855125730e-01	1.797934922020263393e-01	1.117601754297977840e-01	6.040075845934604615e-02	2.776380508773511682e-02	4.406435031172448169e-02
6.530989788434633283e+02	3.698003553864648851e-01	2.236973600762053871e-01	1.806958746164249452e-01	1.123503149208941315e-01	6.063269555817133588e-02	2.788073992054271311e-02	4.428780498016992445e-02
6.579367490571185044e+02	3.685287261704027206e-01	2.229154239708906193e-01	1.815933997231482522e-01	1.129371146363255807e-01	6.086326039598628085e-02	2.799704704290531532e-02	4.451017351921455339e-02
6.627745192707737942e+02	3.672640454001710464e-01	2.221377608515341939e-01	1.824860909753214799e-01	1.135205944247910520e-01	6.109246262583124809e-02	2.811272943147601761e-02	4.473146174974827749e-02
6.676122894844290840e+02	3.660062750513864427e-01	2.213643473294836239e-01	1.833739717676812764e-01	1.141007740019776701e-01	6.132031179063094500e-02	2.822779005680286016e-02	4.495167546091044519e-02
6.724500596980843738e+02	3.647553773084769024e-01	2.205951601447312116e-01	1.842570654355226711e-01	1.146776729510877724e-01	6.154681732562355956e-02	2.834223188316704889e-02	4.517082041026404537e-02
6.772878299117396637e+02	3.635113145635110454e-01	2.198301761651824116e-01	1.851353952536669012e-01	1.152513107234180573e-01	6.177198856070206107e-02	2.845605786842376334e-02	4.538890232396889518e-02
6.821256001253949535e+02	3.622740494150350488e-01	2.190693723859298281e-01	1.860089844354503863e-01	1.158217066389861105e-01	6.199583472267194278e-02	2.856927096384581297e-02	4.560592689695391194e-02
6.869633703390502433e+02	3.610435446669168491e-01	2.183127259285322919e-01	1.868778561317361031e-01	1.163888798871997587e-01	6.221836493742950724e-02	2.868187411397011416e-02	4.582189979308838590e-02
6.918011405527055331e+02	3.598197633271979501e-01	2.175602140402990159e-01	1.877420334299469140e-01	1.169528495275651003e-01	6.243958823206447600e-02	2.879387025644722375e-02	4.603682664535228841e-02
6.966389107663608229e+02	3.586026686069527236e-01	2.168118140935789417e-01	1.886015393531219053e-01	1.175136344904292446e-01	6.265951353689054593e-02	2.890526232189391531e-02	4.625071305600570587e-02
7.014766809800161127e+02	3.573922239191544836e-01	2.160675035850548598e-01	1.894563968589959291e-01	1.180712535777542621e-01	6.287814968740729205e-02	2.901605323374889175e-02	4.646356459675723277e-02
7.063144511936714025e+02	3.561883928775492203e-01	2.153272601350426363e-01	1.903066288391024319e-01	1.186257254639188352e-01	6.309550542619662972e-02	2.912624590813170378e-02	4.667538680893148356e-02
7.111522214073266923e+02	3.549911392955359402e-01	2.145910614867949651e-01	1.911522581178998481e-01	1.191770686965447218e-01	6.331158940475684060e-02	2.923584325370493300e-02	4.688618520363563302e-02
7.159899916209819821e+02	3.538004271850543891e-01	2.138588855058100313e-01	1.919933074519216132e-01	1.197253016973450074e-01	6.352641018527700745e-02	2.934484817153963643e-02	4.709596526192511012e-02
7.208277618346371582e+02	3.526162207554793815e-01	2.131307101791445335e-01	1.928297995289503519e-01	1.202704427629915224e-01	6.373997624235459847e-02	2.945326355498411111e-02	4.730473243496826491e-02
7.256655320482924481e+02	3.514384844125219010e-01	2.124065136147316180e-01	1.936617569672151873e-01	1.208125100659990375e-01	6.395229596465874800e-02	2.956109228953601037e-02	4.751249214421021660e-02
7.305033022619478515e+02	3.502671827571370855e-01	2.116862740407031152e-01	1.944892023146135851e-01	1.213515216556238369e-01	6.416337765654155090e-02	2.966833725271778716e-02	4.771924978153571639e-02
7.353410724756030277e+02	3.491022805844389842e-01	2.109699698047160787e-01	1.953121580479563468e-01	1.218874954587747667e-01	6.437322953959975780e-02	2.977500131395551669e-02	4.792501070943116365e-02
7.401788426892584312e+02	3.479437428826215872e-01	2.102575793732840426e-01	1.961306465722366110e-01	1.224204492809346095e-01	6.458185975418898050e-02	2.988108733446104281e-02	4.812978026114569235e-02
7.450166129029136073e+02	3.467915348318866831e-01	2.095490813311121636e-01	1.969446902199222804e-01	1.229504008070901461e-01	6.478927636089240605e-02	2.998659816711750359e-02	4.833356374085135548e-02
7.498543831165690108e+02	3.456456218033778782e-01	2.088444543804369447e-01	1.977543112502719302e-01	1.234773676026691414e-01	6.499548734194600386e-02	3.009153665636818409e-02	4.853636642380246280e-02
7.546921533302243006e+02	3.445059693581213889e-01	2.081436773403699259e-01	1.985595318486735594e-01	1.240013671144829660e-01	6.520050060262197467e-02	3.019590563810869988e-02	4.873819355649400276e-02
7.595299235438793630e+02	3.433725432459727722e-01	2.074467291462457064e-01	1.993603741260068507e-01	1.245224166716731307e-01	6.540432397257231467e-02	3.029970793958246950e-02	4.893905035681918314e-02
7.643676937575347665e+02	3.422453094045702637e-01	2.067535888489739904e-01	2.001568601180278573e-01	1.250405334866606932e-01	6.560696520713395208e-02	3.040294637927947602e-02	4.913894201422613212e-02
7.692054639711900563e+02	3.411242339582941097e-01	2.060642356143954634e-01	2.009490117847763935e-01	1.255557346560972898e-01	6.580843198859706589e-02	3.050562376683827945e-02	4.933787368987371108e-02
7.740432341848452324e+02	3.400092832172321722e-01	2.053786487226419710e-01	2.017368510100056023e-01	1.260680371618166928e-01	6.600873192743811346e-02	3.060774290295127653e-02	4.953585051678645323e-02
7.788810043985006359e+02	3.389004236761514743e-01	2.046968075675005827e-01	2.025203996006334217e-01	1.265774578717859533e-01	6.620787256351902406e-02	3.070930657927308655e-02	4.973287760000865559e-02
7.837187746121558121e+02	3.377976220134762952e-01	2.040186916557812646e-01	2.032996792862160895e-01	1.270840135410551131e-01	6.640586136725359911e-02	3.081031757833217755e-02	4.992896001675766610e-02
7.885565448258112156e+02	3.367008450902713723e-01	2.033442806066888542e-01	2.040747117184426862e-01	1.275877208127048079e-01	6.660270574074267369e-02	3.091077867344552838e-02	5.012410281657622008e-02
7.933943150394665054e+02	3.356100599492320979e-01	2.026735541511986149e-01	2.048455184706508836e-01	1.280885962187909288e-01	6.679841301887917693e-02	3.101069262863641318e-02	5.031831102148404122e-02
7.982320852531219089e+02	3.345252338136797676e-01	2.020064921314354278e-01	2.056121210373635932e-01	1.285866561812855635e-01	6.699299047042404920e-02	3.111006219855520435e-02	5.051158962612854741e-02
8.030698554667769713e+02	3.334463340865632119e-01	2.013430745000570898e-01	2.063745408338457932e-01	1.290819170130138305e-01	6.718644529905433427e-02	3.120889012840316612e-02	5.070394359793473082e-02
8.079076256804323748e+02	3.323733283494659796e-01	2.006832813196410270e-01	2.071327991956816439e-01	1.295743949185858002e-01	6.737878464438425141e-02	3.130717915385920758e-02	5.089537787725421925e-02
8.127453958940876646e+02	3.313061843616192936e-01	2.000270927620747541e-01	2.078869173783714219e-01	1.300641059953231427e-01	6.757001558296042709e-02	3.140493200100949456e-02	5.108589737751352555e-02
8.175831661077428407e+02	3.302448700589209474e-01	1.993744891079500259e-01	2.086369165569474937e-01	1.305510662341799744e-01	6.776014512923214661e-02	3.150215138627996542e-02	5.127550698536145063e-02
8.224209363213982442e+02	3.291893535529594739e-01	1.987254507459606245e-01	2.093828178256097461e-01	1.310352915206573765e-01	6.794918023649738903e-02	3.159884001637165013e-02	5.146421156081568832e-02
8.272587065350534203e+02	3.281396031300443106e-01	1.980799581723035607e-01	2.101246421973795298e-01	1.315167976357116131e-01	6.813712779782563067e-02	3.169500058819869903e-02	5.165201593740864627e-02
8.320964767487085965e+02	3.270955872502414041e-01	1.974379919900837721e-01	2.108624106037718104e-01	1.319956002566551601e-01	6.832399464695822211e-02	3.179063578882913160e-02	5.183892492233241334e-02
8.369342469623640000e+02	3.260572745464143662e-01	1.967995329087227352e-01	2.115961438944857220e-01	1.324717149580506292e-01	6.850978755918710195e-02	3.188574829542831224e-02	5.202494329658295669e-02
8.417720171760191761e+02	3.250246338232711807e-01	1.961645617433700195e-01	2.123258628371123558e-01	1.329451572125973369e-01	6.869451325221244409e-02	3.198034077520493790e-02	5.221007581510354184e-02
8.466097873896745796e+02	3.239976340564161283e-01	1.955330594143186163e-01	2.130515881168598968e-01	1.334159423920100174e-01	6.887817838698012674e-02	3.207441588535965560e-02	5.239432720692731998e-02
8.514475576033297557e+02	3.229762443914076520e-01	1.949050069464236534e-01	2.137733403362958307e-01	1.338840857678896823e-01	6.906078956849961981e-02	3.216797627303619178e-02	5.257770217531917284e-02
8.562853278169851592e+02	3.219604341428209393e-01	1.942803854685243858e-01	2.144911400151056080e-01	1.343496025125863469e-01	6.924235334664288755e-02	3.226102457527484091e-02	5.276020539791673181e-02
8.611230980306403353e+02	3.209501727933165016e-01	1.936591762128696270e-01	2.152050075898676029e-01	1.348125077000538463e-01	6.942287621692500021e-02	3.235356341896852145e-02	5.294184152687065464e-02
8.659608682442956251e+02	3.199454299927136924e-01	1.930413605145464839e-01	2.159149634138436968e-01	1.352728163066957701e-01	6.960236462126689894e-02	3.244559542082107312e-02	5.312261518898413193e-02
8.707986384579510286e+02	3.189461755570694446e-01	1.924269198109123946e-01	2.166210277567857945e-01	1.357305432122034305e-01	6.978082494874113251e-02	3.253712318730789949e-02	5.330253098585158167e-02
8.756364086716062047e+02	3.179523794677625581e-01	1.918158356410305243e-01	2.173232208047569947e-01	1.361857032003851720e-01	6.995826353630080208e-02	3.262814931463890733e-02	5.348159349399665002e-02
8.804741788852616082e+02	3.169640118705828180e-01	1.912080896451083256e-01	2.180215626599681100e-01	1.366383109599867696e-01	7.013468666949251862e-02	3.271867638872359707e-02	5.365980726500937936e-02
8.853119490989170117e+02	3.159810430748257737e-01	1.906036635639393462e-01	2.187160733406281199e-01	1.370883810855036411e-01	7.031010058315352584e-02	3.280870698513840139e-02	5.383717682568268936e-02
8.901497193125721878e+02	3.150034435523919041e-01	1.900025392383483391e-01	2.194067727808092227e-01	1.375359280779840099e-01	7.048451146209387674e-02	3.289824366909602921e-02	5.401370667814803239e-02
8.949874895262273640e+02	3.140311839368917779e-01	1.894046986086393436e-01	2.200936808303256276e-01	1.379809663458235192e-01	7.065792544176369150e-02	3.298728899541698151e-02	5.418940130001038968e-02
8.998252597398827675e+02	3.130642350227555437e-01	1.888101237140472066e-01	2.207768172546255570e-01	1.384235102055512145e-01	7.083034860890632944e-02	3.307584550850304478e-02	5.436426514448244873e-02
9.046630299535379436e+02	3.121025677643476381e-01	1.882187966921921585e-01	2.214562017346966838e-01	1.388635738826064780e-01	7.100178700219753058e-02	3.316391574231276895e-02	5.453830264051807986e-02
9.095008001671932334e+02	3.111461532750870451e-01	1.876306997785371355e-01	2.221318538669843357e-01	1.393011715121076910e-01	7.117224661287127607e-02	3.325150222033887437e-02	5.471151819294507029e-02
9.143385703808486369e+02	3.101949628265714409e-01	1.870458153058489059e-01	2.228037931633222168e-01	1.397363171396118209e-01	7.134173338533245090e-02	3.333860745558751143e-02	5.488391618259715748e-02
9.191763405945038130e+02	3.092489678477073900e-01	1.864641257036616373e-01	2.234720390508753152e-01	1.401690247218655982e-01	7.151025321775686394e-02	3.342523395055943536e-02	5.505550096644526437e-02
9.240141108081592165e+02	3.083081399238447040e-01	1.858856134977437402e-01	2.241366108720949379e-01	1.405993081275481449e-01	7.167781196267895838e-02	3.351138419723289491e-02	5.522627687772809629e-02
9.288518810218145063e+02	3.073724507959159635e-01	1.853102613095679863e-01	2.247975278846849889e-01	1.410271811380046925e-01	7.184441542756749011e-02	3.359706067704833904e-02	5.539624822608195387e-02
9.336896512354697961e+02	3.064418723595808136e-01	1.847380518557841522e-01	2.254548092615799026e-01	1.414526574479722243e-01	7.201006937538959041e-02	3.368226586089478197e-02	5.556541929766988658e-02
9.385274214491247449e+02	3.055163766643751444e-01	1.841689679476950225e-01	2.261084740909333757e-01	1.418757506662962908e-01	7.217477952516346273e-02	3.376700220909786831e-02	5.573379435531009007e-02
9.433651916627801484e+02	3.045959359128648791e-01	1.836029924907352229e-01	2.267585413761180058e-01	1.422964743166398316e-01	7.233855155250007440e-02	3.385127217140954797e-02	5.590137763860364428e-02
9.482029618764355519e+02	3.036805224598047026e-01	1.830401084839530235e-01	2.274050300357353116e-01	1.427148418381832540e-01	7.250139109013410688e-02	3.393507818699934009e-02	5.606817336406148822e-02
9.530407320900908417e+02	3.027701088113012862e-01	1.824802990194950569e-01	2.280479589036359112e-01	1.431308665863166019e-01	7.266330372844446994e-02	3.401842268444713741e-02	5.623418572523076336e-02
9.578785023037459041e+02	3.018646676239814530e-01	1.819235472820940336e-01	2.286873467289496920e-01	1.435445618333233975e-01	7.282429501596464350e-02	3.410130808173751638e-02	5.639941889282042153e-02
9.627162725174014213e+02	3.009641717041650066e-01	1.813698365485591768e-01	2.293232121761255293e-01	1.439559407690565451e-01	7.298437045988319383e-02	3.418373678625553913e-02	5.656387701482615271e-02
9.675540427310568248e+02	3.000685940070416668e-01	1.808191501872697393e-01	2.299555738249804693e-01	1.443650165016061027e-01	7.314353552653451995e-02	3.426571119478392935e-02	5.672756421665463983e-02
9.723918129447120009e+02	2.991779076358535572e-01	1.802714716576711840e-01	2.305844501707580430e-01	1.447718020579591980e-01	7.330179564188027408e-02	3.434723369350166366e-02	5.689048460124709883e-02
9.772295831583674044e+02	2.982920858410812448e-01	1.797267845097742789e-01	2.312098596241953519e-01	1.451763103846521463e-01	7.345915619198177537e-02	3.442830665798394391e-02	5.705264224920218036e-02
9.820673533720223531e+02	2.974111020196351096e-01	1.791850723836571069e-01	2.318318205115989794e-01	1.455785543484147682e-01	7.361562252346325053e-02	3.450893245320345998e-02	5.721404121889817063e-02
9.869051235856777566e+02	2.965349297140507656e-01	1.786463190089696840e-01	2.324503510749290625e-01	1.459785467368072132e-01	7.377119994396660885e-02	3.458911343353293644e-02	5.737468554661452613e-02
9.917428937993331601e+02	2.956635426116892562e-01	1.781105082044414645e-01	2.330654694718916342e-01	1.463763002588491235e-01	7.392589372259764091e-02	3.466885194274890725e-02	5.753457924665274226e-02
9.965806640129884499e+02	2.947969145439414129e-01	1.775776238773916771e-01	2.336771937760389328e-01	1.467718275456414145e-01	7.407970909036397378e-02	3.474815031403675342e-02	5.769372631145656960e-02
