0.000000000000000000e+00	1.017802050551269932e+00	1.206329749631276707e-08	3.794543365283332088e-11	7.728550128195366852e-11	1.004766842243834851e-11	8.388646739232418096e-11	8.547600218992257524e-10
4.837770213655283591e+00	9.435075276776860864e-01	6.745883494348592357e-02	8.606300251619124079e-04	7.678446228541522091e-04	1.884857178477062972e-03	2.661603696922607964e-03	6.607655339048306179e-04
9.675540427310567182e+00	8.822665897004982050e-01	1.223624380653487304e-01	2.557835959496463675e-03	1.548167090875512877e-03	3.569639757789812122e-03	4.214345638381966630e-03	1.283047466101916662e-03
1.451331064096584811e+01	8.317025197537163406e-01	1.669961199328385548e-01	4.662224474080234674e-03	2.346811974008441905e-03	5.086471607659390215e-03	5.136466291490333728e-03	1.871449644699216394e-03
1.935108085462113081e+01	7.898732229748104405e-01	2.032292388052637233e-01	6.936448438064830510e-03	3.166126262073887775e-03	6.461962781544055949e-03	5.704466301881810399e-03	2.430598114853897186e-03
2.418885106827641707e+01	7.551911557021141475e-01	2.325910204111041046e-01	9.253074084863532889e-03	4.006503769782606382e-03	7.718161974646084618e-03	6.077365921474599253e-03	2.964781814507499308e-03
2.902662128193169622e+01	7.263582493706817189e-01	2.563325054872485631e-01	1.154694921462257919e-02	4.867279479280312016e-03	8.873350661022239017e-03	6.345924021607191913e-03	3.477805444029986003e-03
3.386439149558698603e+01	7.023129216325423307e-01	2.754771893478445421e-01	1.378768938823324644e-02	5.747244582801350025e-03	9.942701958160530054e-03	6.561361290027645926e-03	3.972955478882989923e-03
3.870216170924226162e+01	6.821868710007960024e-01	2.908624282639006853e-01	1.596387554359016830e-02	6.644940522216674639e-03	1.093882542041492607e-02	6.752099980860987172e-03	4.453022946713182731e-03
4.353993192289755143e+01	6.652698141596293802e-01	3.031733023734018984e-01	1.807405313840606403e-02	7.558824548785934676e-03	1.187221648712098558e-02	6.933501289311883378e-03	4.920351681836560194e-03
4.837770213655283413e+01	6.509806855320254826e-01	3.129703130438278302e-01	2.012166807727423443e-02	8.487360841564003597e-03	1.275162671608069329e-02	7.113514319276900526e-03	5.376895148443668407e-03
5.321547235020811684e+01	6.388441029318703279e-01	3.207120394045669953e-01	2.211227033495518496e-02	9.429068711529006372e-03	1.358436847610369064e-02	7.295940733140051163e-03	5.824273086327662503e-03
5.805324256386339954e+01	6.284711294316411845e-01	3.267736727125674645e-01	2.405201477010909805e-02	1.038254625610236445e-02	1.437656556648404284e-02	7.482311139143557090e-03	6.263823802445268180e-03
6.289101277751868224e+01	6.195435430756901507e-01	3.314621792756102803e-01	2.594689642963237189e-02	1.134648013719284469e-02	1.513335931192195949e-02	7.672955012951216021e-03	6.696650435494408068e-03
6.772878299117397205e+01	6.118009724262944982e-01	3.350287056332898472e-01	2.780239541588632596e-02	1.231964766503656529e-02	1.585907804377831992e-02	7.867603647915584822e-03	7.123660846292271046e-03
7.256655320482924765e+01	6.050303744229327263e-01	3.376787278070423337e-01	2.962334478500117108e-02	1.330091475114137181e-02	1.655737649920661220e-02	8.065723965204203358e-03	7.545601447965059883e-03
7.740432341848452324e+01	5.990574272508779607e-01	3.395803550147262206e-01	3.141391530284710909e-02	1.428923176892585648e-02	1.723135051794368738e-02	8.266698240096122946e-03	7.963085583076583499e-03
8.224209363213981305e+01	5.937394892080885000e-01	3.408711235258919947e-01	3.317765738395075936e-02	1.528362847515252372e-02	1.788363146050806624e-02	8.469916475404260306e-03	8.376617149497538745e-03
8.707986384579510286e+01	5.889598383663561254e-01	3.416635552436609879e-01	3.491756731205378217e-02	1.628320863282728057e-02	1.851646398125198975e-02	8.674819973054307548e-03	8.786610169289204436e-03
9.191763405945040688e+01	5.846229598818115658e-01	3.420497056415959247e-01	3.663616014702070212e-02	1.728714468124189357e-02	1.913177013828526105e-02	8.880918249587041804e-03	9.193404938951366817e-03
9.675540427310566827e+01	5.806506903181402057e-01	3.421048848242242424e-01	3.833554038166275824e-02	1.829467263032204596e-02	1.973120228641064844e-02	9.087791913244991360e-03	9.597281324488999080e-03
1.015931744867609581e+02	5.769790630754273453e-01	3.418907020575714939e-01	4.001746623391708169e-02	1.930508726130207575e-02	2.031618675900517465e-02	9.295088604858874753e-03	9.998469686411918037e-03
1.064309447004162337e+02	5.735557274035881781e-01	3.414575567752874963e-01	4.168340608011938953e-02	2.031773766300084411e-02	2.088795998352225777e-02	9.502515927281867184e-03	1.039715984569395540e-02
1.112687149140715235e+02	5.703378366873851357e-01	3.408466766988837993e-01	4.333458690322111728e-02	2.133202310458053377e-02	2.144759837901800970e-02	9.709833470154739105e-03	1.079350843525077493e-02
1.161064851277267991e+02	5.672903206686620292e-01	3.400917854117252448e-01	4.497203529491557855e-02	2.234738923114900147e-02	2.199604314124112975e-02	9.916845007113881186e-03	1.118764492368723266e-02
1.209442553413820747e+02	5.643844717937531730e-01	3.392204667553808672e-01	4.659661182882918196e-02	2.336332456184455481e-02	2.253412082180092021e-02	1.012339136812404408e-02	1.157967654876149166e-02
1.257820255550373645e+02	5.615967885708803564e-01	3.382552811682862370e-01	4.820903969378501075e-02	2.437935726761906660e-02	2.306256044485816697e-02	1.032934417656647397e-02	1.196969235649900098e-02
1.306197957686926259e+02	5.589080292088640656e-01	3.372146790652132409e-01	4.980992844371989747e-02	2.539505220580595343e-02	2.358200777118554456e-02	1.053460047647029191e-02	1.235776650723547157e-02
1.354575659823479441e+02	5.563024373054966665e-01	3.361137481567215701e-01	5.139979364088594072e-02	2.641000818958690044e-02	2.409303720999398171e-02	1.073907819469773622e-02	1.274396098111180153e-02
1.402953361960032339e+02	5.537671083054859222e-01	3.349648248992228017e-01	5.297907307226473739e-02	2.742385547202018728e-02	2.459616178925165195e-02	1.094271234846911148e-02	1.312832779178029277e-02
1.451331064096584669e+02	5.512914711352142616e-01	3.337779947774464628e-01	5.454814012167243098e-02	2.843625342601682759e-02	2.509184152175259266e-02	1.114545189889192683e-02	1.351091079750033758e-02
1.499708766233137851e+02	5.488668640746932059e-01	3.325615016301820548e-01	5.610731478956095669e-02	2.944688840336688249e-02	2.558049044398871472e-02	1.134725715400332346e-02	1.389174718269991018e-02
1.548086468369690749e+02	5.464861877341382623e-01	3.313220825557385840e-01	5.765687277219985057e-02	3.045547175753723912e-02	2.606248255553920284e-02	1.154809763348427568e-02	1.427086866985763369e-02
1.596464170506243647e+02	5.441436211174268678e-01	3.300652419271660198e-01	5.919705294251238065e-02	3.146173801644624318e-02	2.653815684624734675e-02	1.174795031798137740e-02	1.464830251071485082e-02
1.644841872642796261e+02	5.418343893032039338e-01	3.287954755874653578e-01	6.072806351587837354e-02	3.246544319275914553e-02	2.700782156529536043e-02	1.194679821695573962e-02	1.502407229693735607e-02
1.693219574779349159e+02	5.395545733595606963e-01	3.275164542823997271e-01	6.225008713469945554e-02	3.346636322044528600e-02	2.747175785909384757e-02	1.214462919923256501e-02	1.539819862306372397e-02
1.741597276915902057e+02	5.373009548142638758e-01	3.262311737418104873e-01	6.376328506425435472e-02	3.446429250740367517e-02	2.793022288259431121e-02	1.234143503955578876e-02	1.577069962861285535e-02
1.789974979052454671e+02	5.350708883983936737e-01	3.249420774730052419e-01	6.526780065816198406e-02	3.545904259491124838e-02	2.838345247032668384e-02	1.253721064235615613e-02	1.614159144134045751e-02
1.838352681189008138e+02	5.328621979233546524e-01	3.236511572274036186e-01	6.676376222351283751e-02	3.645044091549105164e-02	2.883166343843533014e-02	1.273195341066091918e-02	1.651088853963707942e-02
1.886730383325560467e+02	5.306730910856857220e-01	3.223600351996593338e-01	6.825128539245033099e-02	3.743832964154800852e-02	2.927505557664441052e-02	1.292566273371869093e-02	1.687860404878909273e-02
1.935108085462113081e+02	5.285020897586704125e-01	3.210700312804903866e-01	6.973047508783834780e-02	3.842256461779045701e-02	2.971381337894143243e-02	1.311833957161783436e-02	1.724474998314676558e-02
1.983485787598666263e+02	5.263479729553247610e-01	3.197822180806320636e-01	7.120142715492600027e-02	3.940301437105490218e-02	3.014810755342958379e-02	1.330998611907550574e-02	1.760933744405299151e-02
2.031863489735219162e+02	5.242097301591790437e-01	3.184974659492852411e-01	7.266422971801517194e-02	4.037955919168993713e-02	3.057809634493978065e-02	1.350060553379295140e-02	1.797237678159366997e-02
2.080241191871772060e+02	5.220865231380633631e-01	3.172164798062104829e-01	7.411896431055051138e-02	4.135209028113922408e-02	3.100392669834605916e-02	1.369020171742211384e-02	1.833387772676407096e-02
2.128618894008324673e+02	5.199776546987552317e-01	3.159398292758822113e-01	7.556570681837186665e-02	4.232050896080050140e-02	3.142573528587520176e-02	1.387877913936530483e-02	1.869384949944550775e-02
2.176996596144877287e+02	5.178825431207095820e-01	3.146679733415144731e-01	7.700452826875435475e-02	4.328472593763289106e-02	3.184364941786448078e-02	1.406634269541531986e-02	1.905230089660484016e-02
2.225374298281430470e+02	5.158007012364769217e-01	3.134012805153602588e-01	7.843549549202825932e-02	4.424466062234325842e-02	3.225778785325423420e-02	1.425289759470698553e-02	1.940924036432607747e-02
2.273752000417983652e+02	5.137317193141041072e-01	3.121400453405320241e-01	7.985867167779121811e-02	4.520024049630859408e-02	3.266826152348462076e-02	1.443844926964933315e-02	1.976467605662621252e-02
2.322129702554535982e+02	5.116752510503743689e-01	3.108845018913696800e-01	8.127411684380542178e-02	4.615140052368819912e-02	3.307517418130027920e-02	1.462300330448839704e-02	2.011861588346977245e-02
2.370507404691088880e+02	5.096310021093916065e-01	3.096348348181111598e-01	8.268188823246050423e-02	4.709808260545100128e-02	3.347862298417235427e-02	1.480656537895276570e-02	2.047106754995674932e-02
2.418885106827641494e+02	5.075987207438170667e-01	3.083911883823930444e-01	8.408204064704774550e-02	4.804023507229129852e-02	3.387869902055832411e-02	1.498914122408997497e-02	2.082203858829878226e-02
2.467262808964194392e+02	5.055781901201803485e-01	3.071536738489267782e-01	8.547462673793107535e-02	4.897781221363373128e-02	3.427548778598255713e-02	1.517073658793781366e-02	2.117153638390414927e-02
2.515640511100747290e+02	5.035692220385108442e-01	3.059223755322675875e-01	8.685969724692731153e-02	4.991077384013706958e-02	3.466906961488974009e-02	1.535135720911272664e-02	2.151956819665128140e-02
2.564018213237300188e+02	5.015716517928455742e-01	3.046973557432467450e-01	8.823730121675364690e-02	5.083908487729812964e-02	3.505952007336352039e-02	1.553100879675522322e-02	2.186614117823369383e-02
2.612395915373852517e+02	4.995853339652419067e-01	3.034786588351692238e-01	8.960748617120614656e-02	5.176271498793386105e-02	3.544691031708318424e-02	1.570969701556433271e-02	2.221126238629794747e-02
2.660773617510405415e+02	4.976101389836221633e-01	3.022663145134955598e-01	9.097029827075203690e-02	5.268163822148218267e-02	3.583130741828843141e-02	1.588742747489157309e-02	2.255493879596468659e-02
2.709151319646958882e+02	4.956459503046221071e-01	3.010603405429598256e-01	9.232578244741257434e-02	5.359583268821235119e-02	3.621277466501544862e-02	1.606420572105951572e-02	2.289717730921484243e-02
2.757529021783511780e+02	4.936926621078501776e-01	2.998607449617178289e-01	9.367398252215088095e-02	5.450528025657395276e-02	3.659137183544019373e-02	1.624003723222857201e-02	2.323798476253510423e-02
2.805906723920064678e+02	4.917501774086150412e-01	2.986675278921927523e-01	9.501494130743369515e-02	5.540996627204187314e-02	3.696715544980375828e-02	1.641492741526513754e-02	2.357736793314456000e-02
2.854284426056617008e+02	4.898184065130728460e-01	2.974806830219809406e-01	9.634870069718726171e-02	5.630987929593260499e-02	3.734017900208818491e-02	1.658888160416945382e-02	2.391533354406552569e-02
2.902662128193169337e+02	4.878972657535707858e-01	2.963001988148398769e-01	9.767530174599792225e-02	5.720501086277696851e-02	3.771049317335057466e-02	1.676190505970744093e-02	2.425188826825336319e-02
2.951039830329722804e+02	4.859866764532713157e-01	2.951260595008656229e-01	9.899478473910276743e-02	5.809535525493560865e-02	3.807814602840042112e-02	1.693400296996059110e-02	2.458703873196066425e-02
2.999417532466276270e+02	4.840865640784004498e-01	2.939582458860367509e-01	1.003071892544643712e-01	5.898090929323741155e-02	3.844318319731442751e-02	1.710518045156467215e-02	2.492079151747899138e-02
3.047795234602828600e+02	4.821968575440302995e-01	2.927967360139959174e-01	1.016125542180150720e-01	5.986167214250807944e-02	3.880564804311855548e-02	1.727544255145420371e-02	2.525315316537499882e-02
3.096172936739380930e+02	4.803174886455064962e-01	2.916415057069606798e-01	1.029109179529847512e-01	6.073764513093663636e-02	3.916558181682534140e-02	1.744479424896705141e-02	2.558413017631622904e-02
3.144550638875934396e+02	4.784483915926964759e-01	2.904925290077661204e-01	1.042023182240829626e-01	6.160883158230248680e-02	3.952302380089111472e-02	1.761324045819375947e-02	2.591372901256431410e-02
3.192928341012487294e+02	4.765895026283859526e-01	2.893497785410377721e-01	1.054867922771881850e-01	6.247523666015492722e-02	3.987801144205071341e-02	1.778078603048083642e-02	2.624195609919890287e-02
3.241306043149040192e+02	4.747407597155414716e-01	2.882132258082216736e-01	1.067643768750983768e-01	6.333686722310154227e-02	4.023058047439337370e-02	1.794743575701699193e-02	2.656881782512390822e-02
3.289683745285592522e+02	4.729021022809364316e-01	2.870828414285176433e-01	1.080351083298155546e-01	6.419373169042127958e-02	4.058076503346104424e-02	1.811319437144735464e-02	2.689432054389807869e-02
3.338061447422145420e+02	4.710734710049087615e-01	2.859585953355712751e-01	1.092990225317680142e-01	6.504583991727397319e-02	4.092859776207781464e-02	1.827806655247350351e-02	2.721847057442405154e-02
3.386439149558698318e+02	4.692548076488777808e-01	2.848404569379870410e-01	1.105561549763175305e-01	6.589320307882906569e-02	4.127410990855490125e-02	1.844205692640751154e-02	2.754127420152367028e-02
3.434816851695251216e+02	4.674460549137688381e-01	2.837283952502574480e-01	1.118065407878499479e-01	6.673583356268439348e-02	4.161733141785831785e-02	1.860517006965647230e-02	2.786273767642210436e-02
3.483194553831804114e+02	4.656471563237402078e-01	2.826223789995035984e-01	1.130502147417084546e-01	6.757374486899024590e-02	4.195829101627555208e-02	1.876741051112045672e-02	2.818286721715906190e-02
3.531572255968357013e+02	4.638580561306228089e-01	2.815223767124398480e-01	1.142872112841936960e-01	6.840695151773508453e-02	4.229701629007200092e-02	1.892878273449225338e-02	2.850166900894193778e-02
3.579949958104909342e+02	4.620786992353197453e-01	2.804283567861723947e-01	1.155175645508270954e-01	6.923546896268770179e-02	4.263353375858676408e-02	1.908929118045119000e-02	2.881914920445286313e-02
3.628327660241463377e+02	4.603090311230916831e-01	2.793402875457843826e-01	1.167413083830487613e-01	7.005931351152618058e-02	4.296786894218074943e-02	1.924894024874663698e-02	2.913531392411934998e-02
3.676705362378016275e+02	4.585489978102138542e-01	2.782581372911233086e-01	1.179584763435012479e-01	7.087850225171710150e-02	4.330004642541658566e-02	1.940773430016934364e-02	2.945016925635634414e-02
3.725083064514568036e+02	4.567985457999469978e-01	2.771818743347633229e-01	1.191691017300320066e-01	7.169305298173925256e-02	4.363008991581970170e-02	1.956567765841065246e-02	2.976372125778597305e-02
3.773460766651120935e+02	4.550576220461365340e-01	2.761114670327605713e-01	1.203732175885329492e-01	7.250298414727443519e-02	4.395802229854243320e-02	1.972277461181105862e-02	3.007597595343997759e-02
3.821838468787673833e+02	4.533261739230630138e-01	2.750468838095203594e-01	1.215708567247218708e-01	7.330831478201488283e-02	4.428386568722818273e-02	1.987902941500083176e-02	3.038693933694891838e-02
3.870216170924226162e+02	4.516041492004133628e-01	2.739880931778569395e-01	1.227620517149595608e-01	7.410906445276117804e-02	4.460764147134968494e-02	2.003444629043601988e-02	3.069661737072135535e-02
3.918593873060780197e+02	4.498914960224505433e-01	2.729350637551289926e-01	1.239468349161866739e-01	7.490525320850763280e-02	4.492937036027494502e-02	2.018902942983389140e-02	3.100501598611548129e-02
3.966971575197332527e+02	4.481881628906242976e-01	2.718877642761725610e-01	1.251252384750554669e-01	7.569690153323342663e-02	4.524907242429491994e-02	2.034278299551215557e-02	3.131214108360533266e-02
4.015349277333884856e+02	4.464940986490048003e-01	2.708461636036217923e-01	1.262972943363246670e-01	7.648403030213754561e-02	4.556676713282983848e-02	2.049571112163654091e-02	3.161799853294303131e-02
4.063726979470438323e+02	4.448092524720310692e-01	2.698102307360996099e-01	1.274630342505788105e-01	7.726666074107405024e-02	4.588247339001488151e-02	2.064781791538145700e-02	3.192259417331839988e-02
4.112104681606991221e+02	4.431335738541600788e-01	2.687799348146728828e-01	1.286224897813275925e-01	7.804481438896126999e-02	4.619620956785115695e-02	2.079910745800850683e-02	3.222593381351678693e-02
4.160482383743544119e+02	4.414670126010761253e-01	2.677552451278938928e-01	1.297756923115359617e-01	7.881851306295473147e-02	4.650799353709426931e-02	2.094958380586746730e-02	3.252802323207591717e-02
4.208860085880095880e+02	4.398095188221816665e-01	2.667361311156912773e-01	1.309226730496308166e-01	7.958777882618769950e-02	4.681784269604028631e-02	2.109925099132443915e-02	3.282886817744223168e-02
4.257237788016648778e+02	4.381610429241423743e-01	2.657225623723258323e-01	1.320634630350263350e-01	8.035263395789794816e-02	4.712577399735726202e-02	2.124811302362156901e-02	3.312847436812715873e-02
4.305615490153201677e+02	4.365215356052984386e-01	2.647145086485858667e-01	1.331980931432065474e-01	8.111310092577152242e-02	4.743180397309985225e-02	2.139617388967268719e-02	3.342684749286356505e-02
4.353993192289755143e+02	4.348909478507902993e-01	2.637119398533662173e-01	1.343265940903996258e-01	8.186920236034614384e-02	4.773594875803456594e-02	2.154343755479904560e-02	3.372399321076258866e-02
4.402370894426308041e+02	4.332692309282717980e-01	2.627148260547474967e-01	1.354489964378767786e-01	8.262096103132839098e-02	4.803822411139406501e-02	2.168990796340901361e-02	3.401991715147100609e-02
4.450748596562860939e+02	4.316563363841091627e-01	2.617231374806704980e-01	1.365653305959048935e-01	8.336839982568863827e-02	4.833864543717064644e-02	2.183558903962561082e-02	3.431462491532910608e-02
4.499126298699413837e+02	4.300522160399805616e-01	2.607368445192848605e-01	1.376756268273801598e-01	8.411154172740760437e-02	4.863722780305081844e-02	2.198048468786537382e-02	3.460812207352921555e-02
4.547504000835967304e+02	4.284568219898075014e-01	2.597559177190337798e-01	1.387799152511677570e-01	8.485040979875704825e-02	4.893398595808598484e-02	2.212459879337193291e-02	3.490041416827474596e-02
4.595881702972519065e+02	4.268701065969610631e-01	2.587803277885274977e-01	1.398782258451702620e-01	8.558502716300540880e-02	4.922893434918736849e-02	2.226793522270751474e-02	3.519150671293981569e-02
4.644259405109071963e+02	4.252920224916962311e-01	2.578100455962475390e-01	1.409705884491465055e-01	8.631541698844712174e-02	4.952208713652695576e-02	2.241049782420533043e-02	3.548140519222933026e-02
4.692637107245624861e+02	4.237225225687766827e-01	2.568450421701152786e-01	1.420570327673001676e-01	8.704160247366120318e-02	4.981345820792061618e-02	2.255229042838566983e-02	3.577011506233952060e-02
4.741014809382177759e+02	4.221615599852572842e-01	2.558852886969534279e-01	1.431375883706558216e-01	8.776360683391133677e-02	5.010306119226416027e-02	2.269331684833834212e-02	3.605764175111878661e-02
4.789392511518730657e+02	4.206090881583999241e-01	2.549307565218624783e-01	1.442122846992397456e-01	8.848145328860632097e-02	5.039090947208796356e-02	2.283358088007390874e-02	3.634399065822883218e-02
4.837770213655284124e+02	4.190650607637002034e-01	2.539814171475305304e-01	1.452811510640804882e-01	8.919516504974461801e-02	5.067701619529128843e-02	2.297308630284606440e-02	3.662916715530599443e-02
4.886147915791837022e+02	4.175294317330083271e-01	2.530372422334915550e-01	1.463442166490433183e-01	8.990476531127299109e-02	5.096139428611316802e-02	2.311183687944726867e-02	3.691317658612264241e-02
4.934525617928388783e+02	4.160021552527288224e-01	2.520982035953437950e-01	1.474015105125121849e-01	9.061027723929374056e-02	5.124405645539246990e-02	2.324983635647965077e-02	3.719602426674863821e-02
4.982903320064942250e+02	4.144831857620884241e-01	2.511642732039383596e-01	1.484530615889307348e-01	9.131172396305946293e-02	5.152501521016647490e-02	2.338708846460314447e-02	3.747771548571270789e-02
5.031281022201495148e+02	4.129724779514611366e-01	2.502354231845454469e-01	1.494988986902141548e-01	9.200912856669907214e-02	5.180428286265340021e-02	2.352359691876244538e-02	3.775825550416367360e-02
5.079658724338048046e+02	4.114699867607427008e-01	2.493116258160046617e-01	1.505390505070421381e-01	9.270251408162230589e-02	5.208187153866146446e-02	2.365936541839458798e-02	3.803764955603149839e-02
5.128036426474600376e+02	4.099756673777681382e-01	2.483928535298647045e-01	1.515735456100421041e-01	9.339190347955403371e-02	5.235779318546383149e-02	2.379439764761855439e-02	3.831590284818803954e-02
5.176414128611153274e+02	4.084894752367663195e-01	2.474790789095157040e-01	1.526024124508725544e-01	9.407731966615280605e-02	5.263205957917627131e-02	2.392869727540834768e-02	3.859302056060741337e-02
5.224791830747705035e+02	4.070113660168473424e-01	2.465702746893183306e-01	1.536256793632137796e-01	9.475878547517160855e-02	5.290468233167153200e-02	2.406226795575087257e-02	3.886900784652599916e-02
5.273169532884259070e+02	4.055412956405179958e-01	2.456664137537316051e-01	1.546433745636743851e-01	9.543632366312147786e-02	5.317567289706232742e-02	2.419511332778978910e-02	3.914386983260195740e-02
5.321547235020811968e+02	4.040792202722234827e-01	2.447674691364415400e-01	1.556555261526199330e-01	9.610995690440155004e-02	5.344504257778234790e-02	2.432723701595654320e-02	3.941761161907419292e-02
5.369924937157364866e+02	4.026250963169115127e-01	2.438734140194922517e-01	1.566621621149310584e-01	9.677970778686177666e-02	5.371280253029275809e-02	2.445864263008954223e-02	3.969023827992076286e-02
5.418302639293917764e+02	4.011788804186167678e-01	2.429842217324207909e-01	1.576633103206964148e-01	9.744559880776665350e-02	5.397896377043986949e-02	2.458933376554252315e-02	3.996175486301667412e-02
5.466680341430470662e+02	3.997405294590646863e-01	2.420998657513962760e-01	1.586589985258464175e-01	9.810765237013087392e-02	5.424353717848755252e-02	2.471931400328297376e-02	4.023216639029095210e-02
5.515058043567023560e+02	3.983100005562915102e-01	2.412203196983645770e-01	1.596492543727327518e-01	9.876589077939966488e-02	5.450653350384667556e-02	2.484858690998147102e-02	4.050147785788309196e-02
5.563435745703576458e+02	3.968872510632808215e-01	2.403455573401985235e-01	1.606341053906586436e-01	9.942033624044843698e-02	5.476796336952202693e-02	2.497715603809270990e-02	4.076969423629864253e-02
5.611813447840129356e+02	3.954722385666138984e-01	2.394755525878543567e-01	1.616135789963640823e-01	1.000710108548785032e-01	5.502783727629588506e-02	2.510502492592891349e-02	4.103682047056416565e-02
5.660191149976681118e+02	3.940649208851343399e-01	2.386102794955345940e-01	1.625877024944704374e-01	1.007179366185868979e-01	5.528616560666602814e-02	2.523219709772633879e-02	4.130286148038123106e-02
5.708568852113234016e+02	3.926652560686251237e-01	2.377497122598572488e-01	1.635565030778875217e-01	1.013611354195900344e-01	5.554295862855483656e-02	2.535867606370548893e-02	4.156782216027967575e-02
5.756946554249786914e+02	3.912732023964975991e-01	2.368938252190319060e-01	1.645200078281877643e-01	1.020006290360825074e-01	5.579822649880468444e-02	2.548446532012556276e-02	4.183170737976996817e-02
5.805324256386339812e+02	3.898887183764922493e-01	2.360425928520422933e-01	1.654782437159494357e-01	1.026364391347133892e-01	5.605197926647426110e-02	2.560956834933371395e-02	4.209452198349469820e-02
5.853701958522892710e+02	3.885117627433901100e-01	2.351959897778354569e-01	1.664312376010729511e-01	1.032685872690639467e-01	5.630422687594885400e-02	2.573398861980960572e-02	4.235627079137916501e-02
5.902079660659445608e+02	3.871422944577346259e-01	2.343539907545179324e-01	1.673790162330721643e-01	1.038970948783114745e-01	5.655497916987727025e-02	2.585772958620567719e-02	4.261695859878103509e-02
5.950457362795999643e+02	3.857802727045636648e-01	2.335165706785577444e-01	1.683216062513439026e-01	1.045219832860654618e-01	5.680424589194678353e-02	2.598079468938361072e-02	4.287659017663907057e-02
5.998835064932552541e+02	3.844256568921509687e-01	2.326837045839935392e-01	1.692590341854176839e-01	1.051432736993629657e-01	5.705203668950695889e-02	2.610318735644728827e-02	4.313517027162093453e-02
6.047212767069104302e+02	3.830784066507570973e-01	2.318553676416496290e-01	1.701913264551875582e-01	1.057609872078110469e-01	5.729836111605231264e-02	2.622491100077269446e-02	4.339270360627000417e-02
6.095590469205657200e+02	3.817384818313895312e-01	2.310315351583574484e-01	1.711185093711289629e-01	1.063751447828650970e-01	5.754322863357312634e-02	2.634596902203502344e-02	4.364919487915121243e-02
6.143968171342210098e+02	3.804058425045712677e-01	2.302121825761830332e-01	1.720406091345010047e-01	1.069857672772327462e-01	5.778664861478314402e-02	2.646636480623334314e-02	4.390464876499595992e-02
6.192345873478761860e+02	3.790804489591179660e-01	2.293972854716606058e-01	1.729576518375374461e-01	1.075928754243933722e-01	5.802863034523217389e-02	2.658610172571302527e-02	4.415906991484598587e-02
6.240723575615315895e+02	3.777622617009238071e-01	2.285868195550319892e-01	1.738696634636265614e-01	1.081964898382245521e-01	5.826918302531109567e-02	2.670518313918631217e-02	4.441246295619630247e-02
6.289101277751868793e+02	3.764512414517554584e-01	2.277807606694915998e-01	1.747766698874821389e-01	1.087966310127269354e-01	5.850831577215635099e-02	2.682361239175114903e-02	4.466483249313710907e-02
6.337478979888421691e+02	3.751473491480534772e-01	2.269790847904373521e-01	1.756786968753066003e-01	1.093933193218397798e-01	5.874603762146036329e-02	2.694139281490853799e-02	4.491618310649467954e-02
6.385856682024975726e+02	3.738505459397422070e-01	2.261817680247270035e-01	1.765757700849475698e-01	1.099865750193400465e-01	5.898235752919395170e-02	2.705852772657866417e-02	4.516651935397131973e-02
6.434234384161527487e+02	3.725607931890472235e-01	2.253887866099398285e-01	1.774679150660488092e-01	1.105764182388182804e-01	5.921728437324647043e-02	2.717502043111586635e-02	4.541584577028429798e-02
6.482612086298080385e+02	3.712780524693199968e-01	2.246001169136435660e-01	1.783551572601966007e-01	1.111628689937252668e-01	5.945082695498883629e-02	2.729087421932276797e-02	4.566416686730375568e-02
6.530989788434633283e+02	3.700022855638702146e-01	2.238157354326667237e-01	1.792375220010628822e-01	1.117459471774834290e-01	5.968299400076440553e-02	2.740609236846357905e-02	4.591148713418961858e-02
6.579367490571185044e+02	3.687334544648054879e-01	2.230356187923758504e-01	1.801150345145450526e-01	1.123256725636579273e-01	5.991379416331224506e-02	2.752067814227679779e-02	4.615781103752757825e-02
6.627745192707737942e+02	3.674715213718780515e-01	2.222597437459577774e-01	1.809877199189043051e-01	1.129020648061823118e-01	6.014323602312707240e-02	2.763463479098745429e-02	4.640314302146399117e-02
6.676122894844290840e+02	3.662164486913389583e-01	2.214880871737069379e-01	1.818556032249023235e-01	1.134751434396342323e-01	6.037132808975981257e-02	2.774796555131891357e-02	4.664748750783984099e-02
6.724500596980843738e+02	3.649681990347985461e-01	2.207206260823173227e-01	1.827187093359375347e-01	1.140449278795569871e-01	6.059807880306243566e-02	2.786067364650447742e-02	4.689084889632369468e-02
6.772878299117396637e+02	3.637267352180946767e-01	2.199573376041792372e-01	1.835770630481812493e-01	1.146114374228228566e-01	6.082349653438060000e-02	2.797276228629878153e-02	4.713323156454366641e-02
6.821256001253949535e+02	3.624920202601671915e-01	2.191981989966805822e-01	1.844306890507139141e-01	1.151746912480346025e-01	6.104758958769720967e-02	2.808423466698914059e-02	4.737463986821844469e-02
6.869633703390502433e+02	3.612640173819393064e-01	2.184431876415129925e-01	1.852796119256629181e-01	1.157347084159618122e-01	6.127036620072993239e-02	2.819509397140688295e-02	4.761507814128727173e-02
6.918011405527055331e+02	3.600426900052056123e-01	2.176922810439822498e-01	1.861238561483410658e-01	1.162915078700089144e-01	6.149183454598545345e-02	2.830534336893878247e-02	4.785455069603901379e-02
6.966389107663608229e+02	3.588280017515269593e-01	2.169454568323231358e-01	1.869634460873871862e-01	1.168451084367119058e-01	6.171200273177308848e-02	2.841498601553862913e-02	4.809306182324024626e-02
7.014766809800161127e+02	3.576199164411312803e-01	2.162026927570186163e-01	1.877984060049088244e-01	1.173955288262610308e-01	6.193087880318012134e-02	2.852402505373898001e-02	4.833061579226238108e-02
7.063144511936714025e+02	3.564183980918214090e-01	2.154639666901234374e-01	1.886287600566269596e-01	1.179427876330472330e-01	6.214847074301119156e-02	2.863246361266322954e-02	4.856721685120781590e-02
7.111522214073266923e+02	3.552234109178889487e-01	2.147292566245919965e-01	1.894545322920237751e-01	1.184869033362296459e-01	6.236478647269375064e-02	2.874030480803795376e-02	4.880286922703520880e-02
7.159899916209819821e+02	3.540349193290347474e-01	2.139985406736100992e-01	1.902757466544931220e-01	1.190278943003222900e-01	6.257983385315170344e-02	2.884755174220561200e-02	4.903757712568372618e-02
7.208277618346371582e+02	3.528528879292953113e-01	2.132717970699312404e-01	1.910924269814940346e-01	1.195657787757978124e-01	6.279362068564892096e-02	2.895420750413764399e-02	4.927134473219639543e-02
7.256655320482924481e+02	3.516772815159756593e-01	2.125490041652164930e-01	1.919045970047077443e-01	1.201005748997065886e-01	6.300615471260437306e-02	2.906027516944800423e-02	4.950417621084256953e-02
7.305033022619478515e+02	3.505080650785882268e-01	2.118301404293788104e-01	1.927122803501979398e-01	1.206323006963093275e-01	6.321744361838056714e-02	2.916575780040715771e-02	4.973607570523939231e-02
7.353410724756030277e+02	3.493452037977979874e-01	2.111151844499311314e-01	1.935155005385749138e-01	1.211609740777218058e-01	6.342749503004668776e-02	2.927065844595654054e-02	4.996704733847241731e-02
7.401788426892584312e+02	3.481886630443732922e-01	2.104041149313384262e-01	1.943142809851629571e-01	1.216866128445700940e-01	6.363631651811786638e-02	2.937498014172356536e-02	5.019709521321529672e-02
7.450166129029136073e+02	3.470384083781432039e-01	2.096969106943734340e-01	1.951086450001723038e-01	1.222092346866550522e-01	6.384391559727185805e-02	2.947872591003712628e-02	5.042622341184859608e-02
7.498543831165690108e+02	3.458944055469601597e-01	2.089935506754766192e-01	1.958986157888742419e-01	1.227288571836247788e-01	6.405029972704445740e-02	2.958189875994366239e-02	5.065443599657766527e-02
7.546921533302243006e+02	3.447566204856691852e-01	2.082940139261195978e-01	1.966842164517806912e-01	1.232454978056540529e-01	6.425547631250458358e-02	2.968450168722377991e-02	5.088173700954967682e-02
7.595299235438793630e+02	3.436250193150824916e-01	2.075982796121723928e-01	1.974654699848276684e-01	1.237591739141294528e-01	6.445945270491032497e-02	2.978653767440946759e-02	5.110813047296978995e-02
7.643676937575347665e+02	3.424995683409600145e-01	2.069063270132744659e-01	1.982423992795628032e-01	1.242699027623393182e-01	6.466223620234670677e-02	2.988800969080187761e-02	5.133362038921641252e-02
7.692054639711900563e+02	3.413802340529956680e-01	2.062181355222093559e-01	1.990150271233370738e-01	1.247777014961677783e-01	6.486383405034638894e-02	2.998892069248969977e-02	5.155821074095564421e-02
7.740432341848452324e+02	3.402669831238095410e-01	2.055336846442829546e-01	1.997833761995005397e-01	1.252825871547917913e-01	6.506425344249386344e-02	3.008927362236812897e-02	5.178190549125481768e-02
7.788810043985006359e+02	3.391597824079453094e-01	2.048529539967056112e-01	2.005474690876022925e-01	1.257845766713805991e-01	6.526350152101416391e-02	3.018907141015848145e-02	5.200470858369526245e-02
7.837187746121558121e+02	3.380585989408737557e-01	2.041759233079772917e-01	2.013073282635945149e-01	1.262836868737968188e-01	6.546158537734686478e-02	3.028831697242834881e-02	5.222662394248418077e-02
7.885565448258112156e+02	3.369633999380016731e-01	2.035025724172768169e-01	2.020629761000407587e-01	1.267799344852985344e-01	6.565851205270589741e-02	3.038701321261240082e-02	5.244765547256571847e-02
7.933943150394665054e+02	3.358741527936863203e-01	2.028328812738543763e-01	2.028144348663281360e-01	1.272733361252420259e-01	6.585428853862604348e-02	3.048516302103379538e-02	5.266780705973119620e-02
7.982320852531219089e+02	3.347908250802552610e-01	2.021668299364275112e-01	2.035617267288836740e-01	1.277639083097840411e-01	6.604892177749664695e-02	3.058276927492617481e-02	5.288708257072856356e-02
8.030698554667769713e+02	3.337133845470321991e-01	2.015043985725805953e-01	2.043048737513948887e-01	1.282516674525838174e-01	6.624241866308316906e-02	3.067983483845628315e-02	5.310548585337099281e-02
8.079076256804323748e+02	3.326417991193673651e-01	2.008455674581676731e-01	2.050438978950341606e-01	1.287366298655038821e-01	6.643478604103703056e-02	3.077636256274716986e-02	5.332302073664475089e-02
8.127453958940876646e+02	3.315760368976741757e-01	2.001903169767187962e-01	2.057788210186870248e-01	1.292188117593093544e-01	6.662603070939442096e-02	3.087235528590201450e-02	5.353969103081621106e-02
8.175831661077428407e+02	3.305160661564708890e-01	1.995386276188497177e-01	2.065096648791848177e-01	1.296982292443655538e-01	6.681615941906450529e-02	3.096781583302849611e-02	5.375550052753810815e-02
8.224209363213982442e+02	3.294618553434275898e-01	1.988904799816746671e-01	2.072364511315404889e-01	1.301748983313332497e-01	6.700517887430731956e-02	3.106274701626380447e-02	5.397045299995503059e-02
8.272587065350534203e+02	3.284133730784182803e-01	1.982458547682229288e-01	2.079592013291889363e-01	1.306488349318616071e-01	6.719309573320207674e-02	3.115715163480017869e-02	5.418455220280814916e-02
8.320964767487085965e+02	3.273705881525787453e-01	1.976047327868582781e-01	2.086779369242307558e-01	1.311200548592780790e-01	6.737991660810607741e-02	3.125103247491105296e-02	5.439780187253914073e-02
8.369342469623640000e+02	3.263334695273692465e-01	1.969670949507019431e-01	2.093926792676796267e-01	1.315885738292755791e-01	6.756564806610462770e-02	3.134439230997774356e-02	5.461020572739341827e-02
8.417720171760191761e+02	3.253019863336425455e-01	1.963329222770586191e-01	2.101034496097134163e-01	1.320544074605960183e-01	6.775029662945238063e-02	3.143723390051671174e-02	5.482176746752257662e-02
8.466097873896745796e+02	3.242761078707169786e-01	1.957021958868458422e-01	2.108102690999290318e-01	1.325175712757105939e-01	6.793386877600639251e-02	3.152955999420735400e-02	5.503249077508612364e-02
8.514475576033297557e+02	3.232558036054548611e-01	1.950748970040264985e-01	2.115131587876005470e-01	1.329780807014963595e-01	6.811637093965128287e-02	3.162137332592034750e-02	5.524237931435244109e-02
8.562853278169851592e+02	3.222410431713458867e-01	1.944510069550446363e-01	2.122121396219407707e-01	1.334359510699088536e-01	6.829780951071662276e-02	3.171267661774650887e-02	5.545143673179909333e-02
8.611230980306403353e+02	3.212317963675955235e-01	1.938305071682642211e-01	2.129072324523662574e-01	1.338911976186507313e-01	6.847819083638712057e-02	3.180347257902619434e-02	5.565966665621233100e-02
8.659608682442956251e+02	3.202280331582186834e-01	1.932133791734111372e-01	2.135984580287657031e-01	1.343438354918362609e-01	6.865752122110550804e-02	3.189376390637917169e-02	5.586707269878598420e-02
8.707986384579510286e+02	3.192297236711381103e-01	1.925996046010182705e-01	2.142858370017712843e-01	1.347938797406515454e-01	6.883580692696869563e-02	3.198355328373504725e-02	5.607365845321952980e-02
8.756364086716062047e+02	3.182368381972879301e-01	1.919891651818738387e-01	2.149693899230333549e-01	1.352413453240104146e-01	6.901305417411726650e-02	3.207284338236413707e-02	5.627942749581559684e-02
8.804741788852616082e+02	3.172493471897220862e-01	1.913820427464724971e-01	2.156491372454981681e-01	1.356862471092057099e-01	6.918926914111857285e-02	3.216163686090882379e-02	5.648438338557667387e-02
8.853119490989170117e+02	3.162672212627278268e-01	1.907782192244698027e-01	2.163250993236885689e-01	1.361285998725560997e-01	6.936445796534361496e-02	3.224993636541541309e-02	5.668852966430121265e-02
8.901497193125721878e+02	3.152904311909438539e-01	1.901776766441393984e-01	2.169972964139876004e-01	1.365684183000483165e-01	6.953862674333802230e-02	3.233774452936642729e-02	5.689186985667900320e-02
8.949874895262273640e+02	3.143189479084834148e-01	1.895803971318335834e-01	2.176657486749249415e-01	1.370057169879744519e-01	6.971178153118708087e-02	3.242506397371333615e-02	5.709440747038588976e-02
8.998252597398827675e+02	3.133527425080624429e-01	1.889863629114464372e-01	2.183304761674661476e-01	1.374405104435648395e-01	6.988392834487532068e-02	3.251189730690973861e-02	5.729614599617786214e-02
9.046630299535379436e+02	3.123917862401321410e-01	1.883955563038803571e-01	2.189914988553045561e-01	1.378728130856158862e-01	7.005507316064052414e-02	3.259824712494498178e-02	5.749708890798443245e-02
9.095008001671932334e+02	3.114360505120166156e-01	1.878079597265152334e-01	2.196488366051558283e-01	1.383026392451131570e-01	7.022522191532251656e-02	3.268411601137818923e-02	5.769723966300139423e-02
9.143385703808486369e+02	3.104855068870551182e-01	1.872235556926807598e-01	2.203025091870549901e-01	1.387300031658496857e-01	7.039438050670676628e-02	3.276950653737267100e-02	5.789660170178295706e-02
9.191763405945038130e+02	3.095401270837493390e-01	1.866423268111314371e-01	2.209525362746559696e-01	1.391549190050392071e-01	7.056255479386307206e-02	3.285442126173077765e-02	5.809517844833318734e-02
9.240141108081592165e+02	3.085998829749146410e-01	1.860642557855247403e-01	2.215989374455335226e-01	1.395774008339247252e-01	7.072975059747933779e-02	3.293886273092909434e-02	5.829297331019689388e-02
9.288518810218145063e+02	3.076647465868368458e-01	1.854893254139020897e-01	2.222417321814875724e-01	1.399974626383820309e-01	7.089597370019067035e-02	3.302283347915403039e-02	5.848998967854981967e-02
9.336896512354697961e+02	3.067346900984329605e-01	1.849175185881724581e-01	2.228809398688494925e-01	1.404151183195183061e-01	7.106122984690388389e-02	3.310633602833779054e-02	5.868623092828823690e-02
9.385274214491247449e+02	3.058096858404170115e-01	1.843488182935991981e-01	2.235165797987909153e-01	1.408303816942659270e-01	7.122552474511746612e-02	3.318937288819464454e-02	5.888170041811793126e-02
9.433651916627801484e+02	3.048897062944702085e-01	1.837832076082895061e-01	2.241486711676345389e-01	1.412432664959712703e-01	7.138886406523735351e-02	3.327194655625760611e-02	5.907640149064261742e-02
9.482029618764355519e+02	3.039747240924157157e-01	1.832206697026866615e-01	2.247772330771667659e-01	1.416537863749786630e-01	7.155125344088825168e-02	3.335405951791539647e-02	5.927033747245167433e-02
9.530407320900908417e+02	3.030647120153980301e-01	1.826611878390650701e-01	2.254022845349525628e-01	1.420619548992095027e-01	7.171269846922100066e-02	3.343571424644976170e-02	5.946351167420733941e-02
9.578785023037459041e+02	3.021596429930665240e-01	1.821047453710282760e-01	2.260238444546520675e-01	1.424677855547362426e-01	7.187320471121580456e-02	3.351691320307307459e-02	5.965592739073129203e-02
9.627162725174014213e+02	3.012594901027642047e-01	1.815513257430095562e-01	2.266419316563391129e-01	1.428712917463519638e-01	7.203277769198149216e-02	3.359765883696627653e-02	5.984758790109068194e-02
9.675540427310568248e+02	3.003642265687201940e-01	1.810009124897752897e-01	2.272565648668213312e-01	1.432724867981348127e-01	7.219142290105103055e-02	3.367795358531708305e-02	6.003849646868353318e-02
9.723918129447120009e+02	2.994738257612470922e-01	1.804534892359311304e-01	2.278677627199621747e-01	1.436713839540076643e-01	7.234914579267318069e-02	3.375779987335847387e-02	6.022865634132361368e-02
9.772295831583674044e+02	2.985882611959422839e-01	1.799090396954308169e-01	2.284755437570044345e-01	1.440679963782931505e-01	7.250595178610048930e-02	3.383720011440748826e-02	6.041807075132469423e-02
9.820673533720223531e+02	2.977075065328942394e-01	1.793675476710877847e-01	2.290799264268952862e-01	1.444623371562638314e-01	7.266184626587374185e-02	3.391615670990424936e-02	6.060674291558430099e-02
9.869051235856777566e+02	2.968315355758928131e-01	1.788289970540893337e-01	2.296809290866128339e-01	1.448544192946875919e-01	7.281683458210277959e-02	3.399467204945125220e-02	6.079467603566685030e-02
9.917428937993331601e+02	2.959603222716439830e-01	1.782933718235135412e-01	2.302785700014942372e-01	1.452442557223685149e-01	7.297092205074405535e-02	3.407274851085292933e-02	6.098187329788628402e-02
9.965806640129884499e+02	2.950938407089884752e-01	1.777606560458489249e-01	2.308728673455650859e-01	1.456318592906830356e-01	7.312411395387459490e-02	3.415038846015541057e-02	6.116833787338812195e-02
