0.000000000000000000e+00	1.017034571994313241e+00	1.684251120041764663e-16	7.629310078695425322e-15	6.185110414734718661e-15	3.200351039383392630e-15	9.362743309889984431e-15	1.051153227839323260e-16
4.837770213655283591e+00	9.429106584231176091e-01	6.729193843825169441e-02	8.410726830351995809e-04	7.585988292714040179e-04	1.925907980028438533e-03	2.655620977036436594e-03	6.507746635991607702e-04
9.675540427310567182e+00	8.817877603173477352e-01	1.220804087811802746e-01	2.584368958371799970e-03	1.537267800669708633e-03	3.642038480275252080e-03	4.134632062934710459e-03	1.268095593560530920e-03
1.451331064096584811e+01	8.313022165130066199e-01	1.666374314821091052e-01	4.740604366718040308e-03	2.339111150605150367e-03	5.182213179812406902e-03	4.978884770922145826e-03	1.854110531166709968e-03
1.935108085462113081e+01	7.895222862187168955e-01	2.028221848371251634e-01	7.053285599468368458e-03	3.164620197456272620e-03	6.574440169086347326e-03	5.485560398381271116e-03	2.412194574105921974e-03
2.418885106827641707e+01	7.548684479230004518e-01	2.321561412114370726e-01	9.392360938093438638e-03	4.012952465725902473e-03	7.841922931411181991e-03	5.816738890860230320e-03	2.946007633812035027e-03
2.902662128193169622e+01	7.260487467356729896e-01	2.558844744577807861e-01	1.169571488742759090e-02	4.882628315916646977e-03	9.003899673699579734e-03	6.060064430587776795e-03	3.459043493255061115e-03
3.386439149558698603e+01	7.020061993395034783e-01	2.750262711302307594e-01	1.393711369820986243e-02	5.771906216279684525e-03	1.007633831183685214e-02	6.262304791296378903e-03	3.954438506983492738e-03
3.870216170924226162e+01	6.818759241436745944e-01	2.904156002410544501e-01	1.610875094148445097e-02	6.678981233658210469e-03	1.107251022849735193e-02	6.447891561290390768e-03	4.434913644681013831e-03
4.353993192289755143e+01	6.649501516734565021e-01	3.027351132842721615e-01	1.821183259038797533e-02	7.602086712247707080e-03	1.200346306231552841e-02	6.629142912790464935e-03	4.902781758870232431e-03
4.837770213655283413e+01	6.506496406524046039e-01	3.125435372377217691e-01	2.025157320765492638e-02	8.539543309354236805e-03	1.287840985451751789e-02	6.811883855071206896e-03	5.359983877616330758e-03
5.321547235020811684e+01	6.385003125872791285e-01	3.202981728213723511e-01	2.223459934774498284e-02	9.489779730855917722e-03	1.370504914959881811e-02	6.998522616257222412e-03	5.808135741232048690e-03
5.805324256386339954e+01	6.281141440807989085e-01	3.263733066915382452e-01	2.416765580386391263e-02	1.045133853754967937e-02	1.448982822984056992e-02	7.189723422635635117e-03	6.248575228113497845e-03
6.289101277751868224e+01	6.191735365455316442e-01	3.310752803721305204e-01	2.605700798977955701e-02	1.142287432925722865e-02	1.523815958381786149e-02	7.385306823245991678e-03	6.682406350577540198e-03
6.772878299117397205e+01	6.114185279864855493e-01	3.346548233775715198e-01	2.790820873027408805e-02	1.240314826753489280e-02	1.595459895042087781e-02	7.584726545069123485e-03	7.110538136984375680e-03
7.256655320482924765e+01	6.046363286987738173e-01	3.373171474365338485e-01	2.972604939371479432e-02	1.339102105654862637e-02	1.664299180901903513e-02	7.787315550708225065e-03	7.533718049042165306e-03
7.740432341848452324e+01	5.986527578061927590e-01	3.392302083748349739e-01	3.151459871054230338e-02	1.438544549254031427e-02	1.730659396490107083e-02	7.992407428728890914e-03	7.952560216600170970e-03
8.224209363213981305e+01	5.933252349280051519e-01	3.405314683360431971e-01	3.327727830373088114e-02	1.538545914268419842e-02	1.794817086946230364e-02	8.199391377414960713e-03	8.367569036999865026e-03
8.707986384579510286e+01	5.885370443258750583e-01	3.413334305878437669e-01	3.501694881803563836e-02	1.639017741767805417e-02	1.857007948261952049e-02	8.407732600244416030e-03	8.779158762044202494e-03
9.191763405945040688e+01	5.841926403595416595e-01	3.417281697220314607e-01	3.673599393288417420e-02	1.739878714498119955e-02	1.917433580075123684e-02	8.616975354363114181e-03	9.187669679787808380e-03
9.675540427310566827e+01	5.802138051348487702e-01	3.417910396014707253e-01	3.843639665462212501e-02	1.841054066812894061e-02	1.976267061158924060e-02	8.826737881607062824e-03	9.593381442073865145e-03
1.015931744867609581e+02	5.765365036062288784e-01	3.415837083021055487e-01	4.011980596542723959e-02	1.942475045723843913e-02	2.033657557647173750e-02	9.036704068204892693e-03	9.996524018663893035e-03
1.064309447004162337e+02	5.731083095103977065e-01	3.411566422051782177e-01	4.178759373329253568e-02	2.044078419754789128e-02	2.089734136232294232e-02	9.246614297477279143e-03	1.039728668812416913e-02
1.112687149140715235e+02	5.698862985064964137e-01	3.405511392212985378e-01	4.344090262489266885e-02	2.145806031612761816e-02	2.144608923582852836e-02	9.456256679307623730e-03	1.079582541038931996e-02
1.161064851277267991e+02	5.668353237147939483e-01	3.398009929801049656e-01	4.508068608353633933e-02	2.247604390607197897e-02	2.198379727829913657e-02	9.665459163111327773e-03	1.119226886842304182e-02
1.209442553413820747e+02	5.639266042435809867e-01	3.389338549658014177e-01	4.670774149415065496e-02	2.349424300945893856e-02	2.251132217158794899e-02	9.874082692702703529e-03	1.158672341705798553e-02
1.257820255550373645e+02	5.611365698945182112e-01	3.379723494216274049e-01	4.832273759381001260e-02	2.451220522352462114e-02	2.302941733488082440e-02	1.008201539052670966e-02	1.197927713545278612e-02
1.306197957686926259e+02	5.584459155490718585e-01	3.369349858957956245e-01	4.992623707208175554e-02	2.552951459800557529e-02	2.353874805242051060e-02	1.028916768214630829e-02	1.237000314481895638e-02
1.354575659823479441e+02	5.558388271786757207e-01	3.358369061570176117e-01	5.151871517737780654e-02	2.654578879503845593e-02	2.403990411769302282e-02	1.049546824432712883e-02	1.275896232421084436e-02
1.402953361960032339e+02	5.533023483290323563e-01	3.346904955415756500e-01	5.310057502147855907e-02	2.756067648618936231e-02	2.453341042573253805e-02	1.070086065699680199e-02	1.314620553333515664e-02
1.451331064096584669e+02	5.508258615827846816e-01	3.335058833376638998e-01	5.467216016223162833e-02	2.857385496404507563e-02	2.501973586825284937e-02	1.090530064765521043e-02	1.353177543170705315e-02
1.499708766233137851e+02	5.484006641323316833e-01	3.322913523468002395e-01	5.623376494670818265e-02	2.958502794832756910e-02	2.549930082322743666e-02	1.110875382959827622e-02	1.391570796734690335e-02
1.548086468369690749e+02	5.460196203821608973e-01	3.310536741067527933e-01	5.778564301382953239e-02	3.059392356871078883e-02	2.597248347880866740e-02	1.131119384910718277e-02	1.429803359497048947e-02
1.596464170506243647e+02	5.436768776001825731e-01	3.297983832685132954e-01	5.932801428549061562e-02	3.160029250845591831e-02	2.643962518904639444e-02	1.151260086988439672e-02	1.467877827276722544e-02
1.644841872642796261e+02	5.413676331749929238e-01	3.285300021709671170e-01	6.086107071690501080e-02	3.260390629467169177e-02	2.690103502405580271e-02	1.171296033478563814e-02	1.505796427796225051e-02
1.693219574779349159e+02	5.390879441128785254e-01	3.272522246524943723e-01	6.238498102860488143e-02	3.360455572248249867e-02	2.735699364871677086e-02	1.191226195509472244e-02	1.543561087406863409e-02
1.741597276915902057e+02	5.368345711083092331e-01	3.259680664981209897e-01	6.389989460268234722e-02	3.460204940167852655e-02	2.780775664053491275e-02	1.211049888624830123e-02	1.581173485676596116e-02
1.789974979052454671e+02	5.346048509130630899e-01	3.246799885779931283e-01	6.540594469306228176e-02	3.559621241555537691e-02	2.825355733803426583e-02	1.230766705617881811e-02	1.618635100045333342e-02
1.838352681189008138e+02	5.323965918679882670e-01	3.233899976338239224e-01	6.690325107264755156e-02	3.658688508264723582e-02	2.869460929522756748e-02	1.250376461848282626e-02	1.655947242352294110e-02
1.886730383325560467e+02	5.302079883935705285e-01	3.220997287703298850e-01	6.839192221805862060e-02	3.757392181293774808e-02	2.913110840470253468e-02	1.269879150761689390e-02	1.693111088712417542e-02
1.935108085462113081e+02	5.280375509984460702e-01	3.208105129723231586e-01	6.987205711454734514e-02	3.855719005091213375e-02	2.956323474116463040e-02	1.289274907744044664e-02	1.730127703950662746e-02
1.983485787598666263e+02	5.258840489895025838e-01	3.195234323654209674e-01	7.134374674879191691e-02	3.953656929850674767e-02	2.999115416847300195e-02	1.308563980780999211e-02	1.766998061583520060e-02
2.031863489735219162e+02	5.237464635783632971e-01	3.182393654450192955e-01	7.280707534509020529e-02	4.051195021162957294e-02	3.041501974595614902e-02	1.327746706670794065e-02	1.803723060157393782e-02
2.080241191871772060e+02	5.216239494974299618e-01	3.169590240944007986e-01	7.426212139048053718e-02	4.148323376447775324e-02	3.083497296381889144e-02	1.346823491766791295e-02	1.840303536606458651e-02
2.128618894008324673e+02	5.195158035811088260e-01	3.156829838823528300e-01	7.570895848613408419e-02	4.245033047637362944e-02	3.125114483252355857e-02	1.365794796412507506e-02	1.876740277172230659e-02
2.176996596144877287e+02	5.174214390481375325e-01	3.144117088601645627e-01	7.714765605565748752e-02	4.341315969628654903e-02	3.166365684695934823e-02	1.384661122384890988e-02	1.913034026328591652e-02
2.225374298281430470e+02	5.153403644503510295e-01	3.131455718564582491e-01	7.857827993544949652e-02	4.437164894061026987e-02	3.207262184285054191e-02	1.403423002786701422e-02	1.949185494075370007e-02
2.273752000417983652e+02	5.132721664410100360e-01	3.118848710870890661e-01	8.000089286775215192e-02	4.532573328012928782e-02	3.247814476007121476e-02	1.422080993931247248e-02	1.985195361897611546e-02
2.322129702554535982e+02	5.112164956695148810e-01	3.106298437490102038e-01	8.141555491334773187e-02	4.627535477243763934e-02	3.288032332522843049e-02	1.440635668846497290e-02	2.021064287633653894e-02
2.370507404691088880e+02	5.091730552351337868e-01	3.093806771455934745e-01	8.282232379782732135e-02	4.722046193637325501e-02	3.327924866396235470e-02	1.459087612094089187e-02	2.056792909450935736e-02
2.418885106827641494e+02	5.071415912353457456e-01	3.081375177915202102e-01	8.422125520287777889e-02	4.816100926530407500e-02	3.367500585182180151e-02	1.477437415654790295e-02	2.092381849092295534e-02
2.467262808964194392e+02	5.051218850286824935e-01	3.069004788640199433e-01	8.561240301200082059e-02	4.909695677635102229e-02	3.406767441124963075e-02	1.495685675677754442e-02	2.127831714525911522e-02
2.515640511100747290e+02	5.031137469009399066e-01	3.056696463006594588e-01	8.699581951841039995e-02	5.002826959286036518e-02	3.445732876110853271e-02	1.513832989928375755e-02	2.163143102107821861e-02
2.564018213237300188e+02	5.011170108800957479e-01	3.044450837893946105e-01	8.837155560148719780e-02	5.095491755764628566e-02	3.484403862425430876e-02	1.531879955800121915e-02	2.198316598346127665e-02
2.612395915373852517e+02	4.991315304914868412e-01	3.032268368519962509e-01	8.973966087704640660e-02	5.187687487471514397e-02	3.522786939789080557e-02	1.549827168780744217e-02	2.233352781339770568e-02
2.660773617510405415e+02	4.971571752826297041e-01	3.020149361854557180e-01	9.110018382575439666e-02	5.279411977735799788e-02	3.560888249079108281e-02	1.567675221283673301e-02	2.268252221951496880e-02
2.709151319646958882e+02	4.951938279780321306e-01	3.008094003960961604e-01	9.245317190327251300e-02	5.370663422065869580e-02	3.598713563092258150e-02	1.585424701772092035e-02	2.303015484763761694e-02
2.757529021783511780e+02	4.932413821496864359e-01	2.996102382366606642e-01	9.379867163508619210e-02	5.461440359661275112e-02	3.636268314655232564e-02	1.603076194116790504e-02	2.337643128857440702e-02
2.805906723920064678e+02	4.912997403096811544e-01	2.984174504366289282e-01	9.513672869846578894e-02	5.551741647018810372e-02	3.673557622351709961e-02	1.620630277140018560e-02	2.372135708445940322e-02
2.854284426056617008e+02	4.893688123483456165e-01	2.972310311996331222e-01	9.646738799358647865e-02	5.641566433478443360e-02	3.710586314101127492e-02	1.638087524306610851e-02	2.406493773391356339e-02
2.902662128193169337e+02	4.874485142552412720e-01	2.960509694284308990e-01	9.779069370548880424e-02	5.730914138566296084e-02	3.747358948796156858e-02	1.655448503531058158e-02	2.440717869624458095e-02
2.951039830329722804e+02	4.855387670716881932e-01	2.948772497269189774e-01	9.910668935827719739e-02	5.819784431002536507e-02	3.783879836181586187e-02	1.672713777075213182e-02	2.474808539486296477e-02
2.999417532466276270e+02	4.836394960328276316e-01	2.937098532196877887e-01	1.004154178627195693e-01	5.908177209251875422e-02	3.820153055136497888e-02	1.689883901516223141e-02	2.508766322005976865e-02
3.047795234602828600e+02	4.817506298648407959e-01	2.925487582222631722e-01	1.017169215582176822e-01	5.996092583503436629e-02	3.856182470503715515e-02	1.706959427768283896e-02	2.542591753126475715e-02
3.096172936739380930e+02	4.798721002091845822e-01	2.913939407891635858e-01	1.030112422499589592e-01	6.083530858975158551e-02	3.891971748594970359e-02	1.723940901145040380e-02	2.576285365888199633e-02
3.144550638875934396e+02	4.780038411508091278e-01	2.902453751619759048e-01	1.042984212419282991e-01	6.170492520445647333e-02	3.927524371486787458e-02	1.740828861452113629e-02	2.609847690578204898e-02
3.192928341012487294e+02	4.761457888315022702e-01	2.891030341356209399e-01	1.055784993663500260e-01	6.256978217923539476e-02	3.962843650210323004e-02	1.757623843101358690e-02	2.643279254851541374e-02
3.241306043149040192e+02	4.742978811329273126e-01	2.879668893576798894e-01	1.068515170100393791e-01	6.342988753371098243e-02	3.997932736928138525e-02	1.774326375240205950e-02	2.676580583829987064e-02
3.289683745285592522e+02	4.724600574167197031e-01	2.868369115729522689e-01	1.081175141380686239e-01	6.428525068404873644e-02	4.032794636181843279e-02	1.790936981890838345e-02	2.709752200182476492e-02
3.338061447422145420e+02	4.706322583113011215e-01	2.857130708232059613e-01	1.093765303150904533e-01	6.513588232901929009e-02	4.067432215286600344e-02	1.807456182095088654e-02	2.742794624190721120e-02
3.386439149558698318e+02	4.688144255369451896e-01	2.845953366102701998e-01	1.106286047246098359e-01	6.598179434445407276e-02	4.101848213941421822e-02	1.823884490061866009e-02	2.775708373802878229e-02
3.434816851695251216e+02	4.670065017621647385e-01	2.834836780291415392e-01	1.118737761864524588e-01	6.682299968548045810e-02	4.136045253117939108e-02	1.840222415314650417e-02	2.808493964677583749e-02
3.483194553831804114e+02	4.652084304857471708e-01	2.823780638765624462e-01	1.131120831726417086e-01	6.765951229596772754e-02	4.170025843284753259e-02	1.856470462837190097e-02	2.841151910220245103e-02
3.531572255968357013e+02	4.634201559397942427e-01	2.812784627395377157e-01	1.143435638218664036e-01	6.849134702465665969e-02	4.203792392019465446e-02	1.872629133216010058e-02	2.873682721613118884e-02
3.579949958104909342e+02	4.616416230099636975e-01	2.801848430674452328e-01	1.155682559526958475e-01	6.931851954748440015e-02	4.237347211056038260e-02	1.888698922778716052e-02	2.906086907840426184e-02
3.628327660241463377e+02	4.598727771698009059e-01	2.790971732307307995e-01	1.167861970756778750e-01	7.014104629565157123e-02	4.270692522811096736e-02	1.904680323727381275e-02	2.938364975709511009e-02
3.676705362378016275e+02	4.581135644266114970e-01	2.780154215686342911e-01	1.179974244044375287e-01	7.095894438901227674e-02	4.303830466429148238e-02	1.920573824266540858e-02	2.970517429868859902e-02
3.725083064514568036e+02	4.563639312767892586e-01	2.769395564279493738e-01	1.192019748658788014e-01	7.177223157439797940e-02	4.336763103383417528e-02	1.936379908725500976e-02	3.002544772823643321e-02
3.773460766651120935e+02	4.546238246688913964e-01	2.758695461944543070e-01	1.203998851095791911e-01	7.258092616851459511e-02	4.369492422666026998e-02	1.952099057674820670e-02	3.034447504949310676e-02
3.821838468787673833e+02	4.528931919730610489e-01	2.748053593183543142e-01	1.215911915164555462e-01	7.338504700507886280e-02	4.402020345598518097e-02	1.967731748036932043e-02	3.066226124503670936e-02
3.870216170924226162e+02	4.511719809556543059e-01	2.737469643348314219e-01	1.227759302067709807e-01	7.418461338588397402e-02	4.434348730291283458e-02	1.983278453190952598e-02	3.097881127637799881e-02
3.918593873060780197e+02	4.494601397581312607e-01	2.726943298805978300e-01	1.239541370475437249e-01	7.497964503550759441e-02	4.466479375778197036e-02	1.998739643071806987e-02	3.129413008406053270e-02
3.966971575197332527e+02	4.477576168794458744e-01	2.716474247071870574e-01	1.251258476594128699e-01	7.577016205939587912e-02	4.498414025850704795e-02	2.014115784263821596e-02	3.160822258775403820e-02
4.015349277333884856e+02	4.460643611613033799e-01	2.706062176915816075e-01	1.262910974230091465e-01	7.655618490507679064e-02	4.530154372613742070e-02	2.029407340088989348e-02	3.192109368634277883e-02
4.063726979470438323e+02	4.443803217757715807e-01	2.695706778446680385e-01	1.274499214848743012e-01	7.733773432627422117e-02	4.561702059784131930e-02	2.044614770690128536e-02	3.223274825801028531e-02
4.112104681606991221e+02	4.427054482148237158e-01	2.685407743179201723e-01	1.286023547629680241e-01	7.811483134971045073e-02	4.593058685750535386e-02	2.059738533109167075e-02	3.254319116032159537e-02
4.160482383743544119e+02	4.410396902814673892e-01	2.675164764086381819e-01	1.297484319517970552e-01	7.888749724440076438e-02	4.624225806412574080e-02	2.074779081360796779e-02	3.285242723030377954e-02
4.208860085880095880e+02	4.393829980821760128e-01	2.664977535640114525e-01	1.308881875271985795e-01	7.965575349325780541e-02	4.655204937815414501e-02	2.089736866501744339e-02	3.316046128452544706e-02
4.257237788016648778e+02	4.377353220203911710e-01	2.654845753842237643e-01	1.320216557508057109e-01	8.041962176683681296e-02	4.685997558594871826e-02	2.104612336695899782e-02	3.346729811917573821e-02
4.305615490153201677e+02	4.360966127909057799e-01	2.644769116247803753e-01	1.331488706742214312e-01	8.117912389906507820e-02	4.716605112246962522e-02	2.119405937275550128e-02	3.377294251014317100e-02
4.353993192289755143e+02	4.344668213749721120e-01	2.634747321982021662e-01	1.342698661429241880e-01	8.193428186481047093e-02	4.747029009234798175e-02	2.134118110798942369e-02	3.407739921309461267e-02
4.402370894426308041e+02	4.328458990360070091e-01	2.624780071752067512e-01	1.353846757999265793e-01	8.268511775915458883e-02	4.777270628944735309e-02	2.148749297104409969e-02	3.438067296355461211e-02
4.450748596562860939e+02	4.312337973157888693e-01	2.614867067854739213e-01	1.364933330892065533e-01	8.343165377824536544e-02	4.807331321502832794e-02	2.163299933361277627e-02	3.468276847698516241e-02
4.499126298699413837e+02	4.296304680310623625e-01	2.605008014180740239e-01	1.375958712589287758e-01	8.417391220161396514e-02	4.837212409461828788e-02	2.177770454117747972e-02	3.498369044886610879e-02
4.547504000835967304e+02	4.280358632704778787e-01	2.595202616216252811e-01	1.386923233644727638e-01	8.491191537584831528e-02	4.866915189368100497e-02	2.192161291345973498e-02	3.528344355477609773e-02
4.595881702972519065e+02	4.264499353918099755e-01	2.585450581042317286e-01	1.397827222712823281e-01	8.564568569952420163e-02	4.896440933217369174e-02	2.206472874484496915e-02	3.558203245047417834e-02
4.644259405109071963e+02	4.248726370194064739e-01	2.575751617332459609e-01	1.408671006575500095e-01	8.637524560930141815e-02	4.925790889807277195e-02	2.220705630478236187e-02	3.587946177198209075e-02
4.692637107245624861e+02	4.233039210418291787e-01	2.566105435348903230e-01	1.419454910167493311e-01	8.710061756709985836e-02	4.954966285994340247e-02	2.234859983816183532e-02	3.617573613566711643e-02
4.741014809382177759e+02	4.217437406096543051e-01	2.556511746937666918e-01	1.430179256600259963e-01	8.782182404827615363e-02	4.983968327862256520e-02	2.248936356566973160e-02	3.647086013832555318e-02
4.789392511518730657e+02	4.201920491334065755e-01	2.546970265522764398e-01	1.440844367184590247e-01	8.853888753072745865e-02	5.012798201808015691e-02	2.262935168412463088e-02	3.676483835726673810e-02
4.837770213655284124e+02	4.186488002816048382e-01	2.537480706099705108e-01	1.451450561452011789e-01	8.925183048485431370e-02	5.041457075551790401e-02	2.276856836679472945e-02	3.705767535039754951e-02
4.886147915791837022e+02	4.171139479789020554e-01	2.528042785228443168e-01	1.461998157175080637e-01	8.996067536431957834e-02	5.069946099076159257e-02	2.290701776369804404e-02	3.734937565630740142e-02
4.934525617928388783e+02	4.155874464043041172e-01	2.518656221025902253e-01	1.472487470386638075e-01	9.066544459754474761e-02	5.098266405499786436e-02	2.304470400188662893e-02	3.763994379435362664e-02
4.982903320064942250e+02	4.140692499894563228e-01	2.509320733158171834e-01	1.482918815398115431e-01	9.136616057988958262e-02	5.126419111890324898e-02	2.318163118571594378e-02	3.792938426474716518e-02
5.031281022201495148e+02	4.125593134169868725e-01	2.500036042832459726e-01	1.493292504816947641e-01	9.206284566646470713e-02	5.154405320020954279e-02	2.331780339710046862e-02	3.821770154863862734e-02
5.079658724338048046e+02	4.110575916188993761e-01	2.490801872788863669e-01	1.503608849563173033e-01	9.275552216553054063e-02	5.182226117074635596e-02	2.345322469575645413e-02	3.850490010820456499e-02
5.128036426474600376e+02	4.095640397750077155e-01	2.481617947292014681e-01	1.513868158885267878e-01	9.344421233243939418e-02	5.209882576299884605e-02	2.358789911943277862e-02	3.879098438673388161e-02
5.176414128611153274e+02	4.080786133114074898e-01	2.472483992122635477e-01	1.524070740375281785e-01	9.412893836408071924e-02	5.237375757621567235e-02	2.372183068413076523e-02	3.907595880871449212e-02
5.224791830747705035e+02	4.066012678989790463e-01	2.463399734569046151e-01	1.534216899983314730e-01	9.480972239379226174e-02	5.264706708209979102e-02	2.385502338431372965e-02	3.935982777991998277e-02
5.273169532884259070e+02	4.051319594519188771e-01	2.454364903418643218e-01	1.544306942031393737e-01	9.548658648670275972e-02	5.291876463011225412e-02	2.398748119310693469e-02	3.964259568749636115e-02
5.321547235020811968e+02	4.036706441262958300e-01	2.445379228949375594e-01	1.554341169226784725e-01	9.615955263547436294e-02	5.318886045241699723e-02	2.411920806248876725e-02	3.992426690004882706e-02
5.369924937157364866e+02	4.022172783186293565e-01	2.436442442921231688e-01	1.564319882674785611e-01	9.682864275641508978e-02	5.345736466849262958e-02	2.425020792347364409e-02	4.020484576772849483e-02
5.418302639293917764e+02	4.007718186644870784e-01	2.427554278567750357e-01	1.574243381891033688e-01	9.749387868593385742e-02	5.372428728943518667e-02	2.438048468628731605e-02	4.048433662231902541e-02
5.466680341430470662e+02	3.993342220371015605e-01	2.418714470587570442e-01	1.584111964813369189e-01	9.815528217731278593e-02	5.398963822197423018e-02	2.451004224053503905e-02	4.076274377732321680e-02
5.515058043567023560e+02	3.979044455460023499e-01	2.409922755136019723e-01	1.593925927813277243e-01	9.881287489777325350e-02	5.425342727222291078e-02	2.463888445536322608e-02	4.104007152804938635e-02
5.563435745703576458e+02	3.964824465356634464e-01	2.401178869816753270e-01	1.603685565706946814e-01	9.946667842581360941e-02	5.451566414918121439e-02	2.476701517961492349e-02	4.131632415169764205e-02
5.611813447840129356e+02	3.950681825841649286e-01	2.392482553673447032e-01	1.613391171765969079e-01	1.001167142487986439e-01	5.477635846801011399e-02	2.489443824197967725e-02	4.159150590744589704e-02
5.660191149976681118e+02	3.936616115018674034e-01	2.383833547181541945e-01	1.623043037727705251e-01	1.007630037607817469e-01	5.503551975309317612e-02	2.502115745113805967e-02	4.186562103653574535e-02
5.708568852113234016e+02	3.922626913300986673e-01	2.375231592240053258e-01	1.632641453805340759e-01	1.014055682605425751e-01	5.529315744090085999e-02	2.514717659590138404e-02	4.213867376235799767e-02
5.756946554249786914e+02	3.908713803398517483e-01	2.366676432163433152e-01	1.642186708697654651e-01	1.020444289498239482e-01	5.554928088267164360e-02	2.527249944534679105e-02	4.241066829053805054e-02
5.805324256386339812e+02	3.894876370304938829e-01	2.358167811673496095e-01	1.651679089598519501e-01	1.026796069317532228e-01	5.580389934692322335e-02	2.539712974894817177e-02	4.268160880902089477e-02
5.853701958522892710e+02	3.881114201284861509e-01	2.349705476891404965e-01	1.661118882206154002e-01	1.033111232094340443e-01	5.605702202180584681e-02	2.552107123670313560e-02	4.295149948815581153e-02
5.902079660659445608e+02	3.867426885861127706e-01	2.341289175329716032e-01	1.670506370732143253e-01	1.039389986846958741e-01	5.630865801730915166e-02	2.564432761925634213e-02	4.322034448078082569e-02
5.950457362795999643e+02	3.853814015802196624e-01	2.332918655884486103e-01	1.679841837910242552e-01	1.045632541569892077e-01	5.655881636733295359e-02	2.576690258801944342e-02	4.348814792230672882e-02
5.998835064932552541e+02	3.840275185109629508e-01	2.324593668827436010e-01	1.689125565004982454e-01	1.051839103224156274e-01	5.680750603163176732e-02	2.588879981528785859e-02	4.375491393080083169e-02
6.047212767069104302e+02	3.826809990005657358e-01	2.316313965798174890e-01	1.698357831820086206e-01	1.058009877728822989e-01	5.705473589764189363e-02	2.601002295435464462e-02	4.402064660707027260e-02
6.095590469205657200e+02	3.813418028920837477e-01	2.308079299796481354e-01	1.707538916706712595e-01	1.064145069953715411e-01	5.730051478219964911e-02	2.613057563962160185e-02	4.428535003474502046e-02
6.143968171342210098e+02	3.800098902481795493e-01	2.299889425174642954e-01	1.716669096571537545e-01	1.070244883713167700e-01	5.754485143315831580e-02	2.625046148670787810e-02	4.454902828036043372e-02
6.192345873478761860e+02	3.786852213499045661e-01	2.291744097629850041e-01	1.725748646884682214e-01	1.076309521760764332e-01	5.778775453091106878e-02	2.636968409255619275e-02	4.481168539343947932e-02
6.240723575615315895e+02	3.773677566954896090e-01	2.283643074196644862e-01	1.734777841687502598e-01	1.082339185784986640e-01	5.802923268982654315e-02	2.648824703553683685e-02	4.507332540657452147e-02
6.289101277751868793e+02	3.760574569991427807e-01	2.275586113239425889e-01	1.743756953600245074e-01	1.088334076405694656e-01	5.826929445960316728e-02	2.660615387554967487e-02	4.533395233550868708e-02
6.337478979888421691e+02	3.747542831898553750e-01	2.267572974445003497e-01	1.752686253829578988e-01	1.094294393171381385e-01	5.850794832654807737e-02	2.672340815412418275e-02	4.559357017921683575e-02
6.385856682024975726e+02	3.734581964102151597e-01	2.259603418815208931e-01	1.761566012176014329e-01	1.100220334557137358e-01	5.874520271478582412e-02	2.684001339451771995e-02	4.585218291998610640e-02
6.434234384161527487e+02	3.721691580152269863e-01	2.251677208659553786e-01	1.770396497041211714e-01	1.106112097963272423e-01	5.898106598740190248e-02	2.695597310181215706e-02	4.610979452349601299e-02
6.482612086298080385e+02	3.708871295711411165e-01	2.243794107587940290e-01	1.779177975435189407e-01	1.111969879714540532e-01	5.921554644752560770e-02	2.707129076300892473e-02	4.636640893889815845e-02
6.530989788434633283e+02	3.696120728542882095e-01	2.235953880503419311e-01	1.787910712983439010e-01	1.117793875059922559e-01	5.944865233935645726e-02	2.718596984712260550e-02	4.662203009889547695e-02
6.579367490571185044e+02	3.683439498499216369e-01	2.228156293594999449e-01	1.796594973933948736e-01	1.123584278172919948e-01	5.968039184913819656e-02	2.730001380527320026e-02	4.687666191982103187e-02
6.627745192707737942e+02	3.670827227510667923e-01	2.220401114330501080e-01	1.805231021164144245e-01	1.129341282152322018e-01	5.991077310608386441e-02	2.741342607077708327e-02	4.713030830171638375e-02
6.676122894844290840e+02	3.658283539573772836e-01	2.212688111449458428e-01	1.813819116187753155e-01	1.135065079023405282e-01	6.013980418325551996e-02	2.752621005923680531e-02	4.738297312840956954e-02
6.724500596980843738e+02	3.645808060739977874e-01	2.205017054956067979e-01	1.822359519161592389e-01	1.140755859739531336e-01	6.036749309840160060e-02	2.763836916862974155e-02	4.763466026759252681e-02
6.772878299117396637e+02	3.633400419104338974e-01	2.197387716112181033e-01	1.830852488892288910e-01	1.146413814184111396e-01	6.059384781475487397e-02	2.774990677939574366e-02	4.788537357089820562e-02
6.821256001253949535e+02	3.621060244794281346e-01	2.189799867430342606e-01	1.839298282842931620e-01	1.152039131172906683e-01	6.081887624179372481e-02	2.786082625452376144e-02	4.813511687397710459e-02
6.869633703390502433e+02	3.608787169958432850e-01	2.182253282666871963e-01	1.847697157139665536e-01	1.157631998456635225e-01	6.104258623596924005e-02	2.797113093963755903e-02	4.838389399657346684e-02
6.918011405527055331e+02	3.596580828755513992e-01	2.174747736814989230e-01	1.856049366578222948e-01	1.163192602723862740e-01	6.126498560140040267e-02	2.808082416308058799e-02	4.863170874260099030e-02
6.966389107663608229e+02	3.584440857343299536e-01	2.167283006097980580e-01	1.864355164630401851e-01	1.168721129604149978e-01	6.148608209053962881e-02	2.818990923599998255e-02	4.887856490021808692e-02
7.014766809800161127e+02	3.572366893867638393e-01	2.159858867962410611e-01	1.872614803450492471e-01	1.174217763671436821e-01	6.170588340481052148e-02	2.829838945242984377e-02	4.912446624190270478e-02
7.063144511936714025e+02	3.560358578451541245e-01	2.152475101071372465e-01	1.880828533881650222e-01	1.179682688447641764e-01	6.192439719521985325e-02	2.840626808937377068e-02	4.936941652452669915e-02
7.111522214073266923e+02	3.548415553184327553e-01	2.145131485297780138e-01	1.888996605462225642e-01	1.185116086406457214e-01	6.214163106294538774e-02	2.851354840688667680e-02	4.961341948942981500e-02
7.159899916209819821e+02	3.536537462110834196e-01	2.137827801717701870e-01	1.897119266432046036e-01	1.190518138977324503e-01	6.235759255990114963e-02	2.862023364815600990e-02	4.985647886249310740e-02
7.208277618346371582e+02	3.524723951220690155e-01	2.130563832603732388e-01	1.905196763738655208e-01	1.195889026549570855e-01	6.257228918928170458e-02	2.872632703958228478e-02	5.009859835421207747e-02
7.256655320482924481e+02	3.512974668437647274e-01	2.123339361418404569e-01	1.913229343043512942e-01	1.201228928476693603e-01	6.278572840608671879e-02	2.883183179085910958e-02	5.033978165976924629e-02
7.305033022619478515e+02	3.501289263608972635e-01	2.116154172807643008e-01	1.921217248728153137e-01	1.206538023080778871e-01	6.299791761762721376e-02	2.893675109505255971e-02	5.058003245910637491e-02
7.353410724756030277e+02	3.489667388494903100e-01	2.109008052594251725e-01	1.929160723900305852e-01	1.211816487657040170e-01	6.320886418401450157e-02	2.904108812868012174e-02	5.081935441699617084e-02
7.401788426892584312e+02	3.478108696758158147e-01	2.101900787771443790e-01	1.937060010399982157e-01	1.217064498478466206e-01	6.341857541863314685e-02	2.914484605178902649e-02	5.105775118311366156e-02
7.450166129029136073e+02	3.466612843953509882e-01	2.094832166496407022e-01	1.944915348805525135e-01	1.222282230800566388e-01	6.362705858859878105e-02	2.924802800803417285e-02	5.129522639210704060e-02
7.498543831165690108e+02	3.455179487517415216e-01	2.087801978083907717e-01	1.952726978439627004e-01	1.227469858866203356e-01	6.383432091520183094e-02	2.935063712475556238e-02	5.153178366366815283e-02
7.546921533302243006e+02	3.443808286757701898e-01	2.080810012999931569e-01	1.960495137375313224e-01	1.232627555910504047e-01	6.404036957433796584e-02	2.945267651305528631e-02	5.176742660260253565e-02
7.595299235438793630e+02	3.432498902843318933e-01	2.073856062855360394e-01	1.968220062441896068e-01	1.237755494165840159e-01	6.424521169692617995e-02	2.955414926787408580e-02	5.200215879889902998e-02
7.643676937575347665e+02	3.421250998794135856e-01	2.066939920399687436e-01	1.975901989230898770e-01	1.242853844866870228e-01	6.444885436931516165e-02	2.965505846806749252e-02	5.223598382779898186e-02
7.692054639711900563e+02	3.410064239470805281e-01	2.060061379514765978e-01	1.983541152101949145e-01	1.247922778255634718e-01	6.465130463367874114e-02	2.975540717648159778e-02	5.246890524986502075e-02
7.740432341848452324e+02	3.398938291564681524e-01	2.053220235208595146e-01	1.991137784188644622e-01	1.252962463586698993e-01	6.485256948840104063e-02	2.985519844002841594e-02	5.270092661104942150e-02
7.788810043985006359e+02	3.387872823587791959e-01	2.046416283609141795e-01	1.998692117404390345e-01	1.257973069132336530e-01	6.505265588845191016e-02	2.995443528976090078e-02	5.293205144276205004e-02
7.837187746121558121e+02	3.376867505862866103e-01	2.039649321958196815e-01	2.006204382448211199e-01	1.262954762187747104e-01	6.525157074575330118e-02	3.005312074094756286e-02	5.316228326193792736e-02
7.885565448258112156e+02	3.365922010513422991e-01	2.032919148605265014e-01	2.013674808810536065e-01	1.267907709076304401e-01	6.544932092953695268e-02	3.015125779314677817e-02	5.339162557110435636e-02
7.933943150394665054e+02	3.355036011453906841e-01	2.026225563001493035e-01	2.021103624778955998e-01	1.272832075154827769e-01	6.564591326669411142e-02	3.024884943028076020e-02	5.362008185844764629e-02
7.982320852531219089e+02	3.344209184379884903e-01	2.019568365693628353e-01	2.028491057443960188e-01	1.277728024818874375e-01	6.584135454211745286e-02	3.034589862070917465e-02	5.384765559787947631e-02
8.030698554667769713e+02	3.333441206758294695e-01	2.012947358318012969e-01	2.035837332704643898e-01	1.282595721508046072e-01	6.603565149903593834e-02	3.044240831730245234e-02	5.407435024910280802e-02
8.079076256804323748e+02	3.322731757817746212e-01	2.006362343594611797e-01	2.043142675274393916e-01	1.287435327711308475e-01	6.622881083934265001e-02	3.053838145751479327e-02	5.430016925767743724e-02
8.127453958940876646e+02	3.312080518538880747e-01	1.999813125321074914e-01	2.050407308686551799e-01	1.292247004972318369e-01	6.642083922391636697e-02	3.063382096345684119e-02	5.452511605508512937e-02
8.175831661077428407e+02	3.301487171644778562e-01	1.993299508366831729e-01	2.057631455300050760e-01	1.297030913894755277e-01	6.661174327293689634e-02	3.072872974196808049e-02	5.474919405879440787e-02
8.224209363213982442e+02	3.290951401591420966e-01	1.986821298667218183e-01	2.064815336305031168e-01	1.301787214147654415e-01	6.680152956619461735e-02	3.082311068468895562e-02	5.497240667232490552e-02
8.272587065350534203e+02	3.280472894558210117e-01	1.980378303217639191e-01	2.071959171728434690e-01	1.306516064470740202e-01	6.699020464339454362e-02	3.091696666813264355e-02	5.519475728531135494e-02
8.320964767487085965e+02	3.270051338438531574e-01	1.973970330067760792e-01	2.079063180439574277e-01	1.311217622679753669e-01	6.717777500445509808e-02	3.101030055375660413e-02	5.541624927356722519e-02
8.369342469623640000e+02	3.259686422830377905e-01	1.967597188315735601e-01	2.086127580155683059e-01	1.315892045671775978e-01	6.736424710980201680e-02	3.110311518803381484e-02	5.563688599914792116e-02
8.417720171760191761e+02	3.249377839027017822e-01	1.961258688102462400e-01	2.093152587447439927e-01	1.320539489430541391e-01	6.754962738065738159e-02	3.119541340252375561e-02	5.585667081041367776e-02
8.466097873896745796e+02	3.239125280007722485e-01	1.954954640605873484e-01	2.100138417744477903e-01	1.325160109031743028e-01	6.773392219932422575e-02	3.128719801394308497e-02	5.607560704209203079e-02
8.514475576033297557e+02	3.228928440428535662e-01	1.948684858035258372e-01	2.107085285340865033e-01	1.329754058648323634e-01	6.791713790946675433e-02	3.137847182423608716e-02	5.629369801533992690e-02
8.562853278169851592e+02	3.218787016613102181e-01	1.942449153625616098e-01	2.113993403400568905e-01	1.334321491555753858e-01	6.809928081638658148e-02	3.146923762064483820e-02	5.651094703780551454e-02
8.611230980306403353e+02	3.208700706543541337e-01	1.936247341632038599e-01	2.120862983962899517e-01	1.338862560137296098e-01	6.828035718729488779e-02	3.155949817577909794e-02	5.672735740368948371e-02
8.659608682442956251e+02	3.198669209851373596e-01	1.930079237324127950e-01	2.127694237947928835e-01	1.343377415889249471e-01	6.846037325158084441e-02	3.164925624768596957e-02	5.694293239380614907e-02
8.707986384579510286e+02	3.188692227808497259e-01	1.923944656980441648e-01	2.134487375161893130e-01	1.347866209426178963e-01	6.863933520107652619e-02	3.173851457991926778e-02	5.715767527564408201e-02
8.756364086716062047e+02	3.178769463318210087e-01	1.917843417882970913e-01	2.141242604302571462e-01	1.352329090486124319e-01	6.881724919031817489e-02	3.182727590160866482e-02	5.737158930342647206e-02
8.804741788852616082e+02	3.168900620906288657e-01	1.911775338311646755e-01	2.147960132964646662e-01	1.356766207935788671e-01	6.899412133680433989e-02	3.191554292752854516e-02	5.758467771817105813e-02
8.853119490989170117e+02	3.159085406712107691e-01	1.905740237538879611e-01	2.154640167645044124e-01	1.361177709775707179e-01	6.916995772125068831e-02	3.200331835816666581e-02	5.779694374774978216e-02
8.901497193125721878e+02	3.149323528479817114e-01	1.899737935824126478e-01	2.161282913748251711e-01	1.365563743145391529e-01	6.934476438784172025e-02	3.209060487979249754e-02	5.800839060694805427e-02
8.949874895262273640e+02	3.139614695549558521e-01	1.893768254408490781e-01	2.167888575591619404e-01	1.369924454328454166e-01	6.951854734447961148e-02	3.217740516452536476e-02	5.821902149752366390e-02
8.998252597398827675e+02	3.129958618848737717e-01	1.887831015509347787e-01	2.174457356410637032e-01	1.374259988757707274e-01	6.969131256303018329e-02	3.226372187040230100e-02	5.842883960826540657e-02
9.046630299535379436e+02	3.120355010883339997e-01	1.881926042315004155e-01	2.180989458364195333e-01	1.378570491020238431e-01	6.986306597956597197e-02	3.234955764144571005e-02	5.863784811505131506e-02
9.095008001671932334e+02	3.110803585729296494e-01	1.876053158979385238e-01	2.187485082539824266e-01	1.382856104862460467e-01	7.003381349460678640e-02	3.243491510773073572e-02	5.884605018090659917e-02
9.143385703808486369e+02	3.101304059023893833e-01	1.870212190616750703e-01	2.193944428958913839e-01	1.387116973195137160e-01	7.020356097335762879e-02	3.251979688545238861e-02	5.905344895606120387e-02
9.191763405945038130e+02	3.091856147957236511e-01	1.864402963296439286e-01	2.200367696581913002e-01	1.391353238098383127e-01	7.037231424594403428e-02	3.260420557699246491e-02	5.926004757800711065e-02
9.240141108081592165e+02	3.082459571263750919e-01	1.858625304037644643e-01	2.206755083313510224e-01	1.395565040826637349e-01	7.054007910764507894e-02	3.268814377098618051e-02	5.946584917155522954e-02
9.288518810218145063e+02	3.073114049213740984e-01	1.852879040804217003e-01	2.213106786007794646e-01	1.399752521813608930e-01	7.070686131912404249e-02	3.277161404238856934e-02	5.967085684889204822e-02
9.336896512354697961e+02	3.063819303604983224e-01	1.847164002499496471e-01	2.219423000473396967e-01	1.403915820677199833e-01	7.087266660665664242e-02	3.285461895254067344e-02	5.987507370963589259e-02
9.385274214491247449e+02	3.054575057754375100e-01	1.841480018961172416e-01	2.225703921478610348e-01	1.408055076224395685e-01	7.103750066235717253e-02	3.293716104923545551e-02	6.007850284089289589e-02
9.433651916627801484e+02	3.045381036489625548e-01	1.835826920956171171e-01	2.231949742756493549e-01	1.412170426456132999e-01	7.120136914440242104e-02	3.301924286678346865e-02	6.028114731731265552e-02
9.482029618764355519e+02	3.036236966140991589e-01	1.830204540175573713e-01	2.238160657009952426e-01	1.416262008572136688e-01	7.136427767725353477e-02	3.310086692607832476e-02	6.048301020114358467e-02
9.530407320900908417e+02	3.027142574533060460e-01	1.824612709229559426e-01	2.244336855916803097e-01	1.420329958975731499e-01	7.152623185187570454e-02	3.318203573466187162e-02	6.068409454228792382e-02
9.578785023037459041e+02	3.018097590976574485e-01	1.819051261642378459e-01	2.250478530134815414e-01	1.424374413278624851e-01	7.168723722595592152e-02	3.326275178678915478e-02	6.088440337835646782e-02
9.627162725174014213e+02	3.009101746260307575e-01	1.813520031847352110e-01	2.256585869306738379e-01	1.428395506305661922e-01	7.184729932411879072e-02	3.334301756349314361e-02	6.108393973472296679e-02
9.675540427310568248e+02	3.000154772642977252e-01	1.808018855181898754e-01	2.262659062065302817e-01	1.432393372099552142e-01	7.200642363814037383e-02	3.342283553264920742e-02	6.128270662457825646e-02
9.723918129447120009e+02	2.991256403845205525e-01	1.802547567882589741e-01	2.268698296038209328e-01	1.436368143925567942e-01	7.216461562716018630e-02	3.350220814903935584e-02	6.148070704898406930e-02
9.772295831583674044e+02	2.982406375041528057e-01	1.797106007080229995e-01	2.274703757853092367e-01	1.440319954276216841e-01	7.232188071789133477e-02	3.358113785441624310e-02	6.167794399692650559e-02
9.820673533720223531e+02	2.973604422852438867e-01	1.791694010794968317e-01	2.280675633142467129e-01	1.444248934875882462e-01	7.247822430482887823e-02	3.365962707756690875e-02	6.187442044536927560e-02
9.869051235856777566e+02	2.964850285336483315e-01	1.786311417931431000e-01	2.286614106548658654e-01	1.448155216685440283e-01	7.263365175045641275e-02	3.373767823437633789e-02	6.207013935930660864e-02
9.917428937993331601e+02	2.956143701982393845e-01	1.780958068273885697e-01	2.292519361728707905e-01	1.452038929906843412e-01	7.278816838545096313e-02	3.381529372789070231e-02	6.226510369181589843e-02
9.965806640129884499e+02	2.947484413701268458e-01	1.775633802481429435e-01	2.298391581359262026e-01	1.455900203987680885e-01	7.294177950888612594e-02	3.389247594838040722e-02	6.245931638411001546e-02
