0.000000000000000000e+00	1.015509388195950047e+00	5.084314382785848065e-20	1.677420967183781333e-20	3.349451401273293849e-20	2.104111740619639068e-20	6.540198505707494959e-20	6.992491060916190510e-21
4.837770213655283591e+00	9.417333709142043929e-01	6.694699306621958168e-02	1.598408929336309677e-03	5.633985105221131929e-04	2.144850716837261653e-03	1.937114365766088187e-03	5.852516930643278902e-04
9.675540427310567182e+00	8.808420802524874471e-01	1.214973624366648963e-01	3.453547481015604471e-03	1.302453599696327393e-03	4.015122238015321303e-03	3.242834283408006692e-03	1.155987904662440476e-03
1.451331064096584811e+01	8.305054393005715241e-01	1.658953890053913582e-01	5.453660886124692651e-03	2.152932245574589506e-03	5.661955980977028541e-03	4.130389550765194671e-03	1.709621226545550475e-03
1.935108085462113081e+01	7.888155071257435536e-01	2.019792374827309167e-01	7.526457467181914968e-03	3.072831682813634887e-03	7.125912522411525368e-03	4.743850421022860649e-03	2.245591494045564348e-03
2.418885106827641707e+01	7.542099014926815226e-01	2.312544724059491241e-01	9.626067032670731008e-03	4.035002307512923318e-03	8.439346299651458508e-03	5.180080401546927754e-03	2.764518255937205553e-03
2.902662128193169622e+01	7.254091429268852975e-01	2.549542572741039792e-01	1.172417688735233159e-02	5.022148605526037014e-03	9.628205391006524824e-03	5.503802152100236399e-03	3.267654958975465054e-03
3.386439149558698603e+01	7.013653801006782817e-01	2.740886518013642137e-01	1.380402872518805141e-02	6.023454964439564803e-03	1.071340541425180176e-02	5.757922745127042052e-03	3.756544444900953433e-03
3.870216170924226162e+01	6.812204227850513494e-01	2.894849834817387335e-01	1.585637104914064746e-02	7.032319282364370150e-03	1.171188571184998001e-02	5.970598214706833613e-03	4.232807671097982630e-03
4.353993192289755143e+01	6.642713884195734497e-01	3.018209108470571445e-01	1.787674524784325925e-02	8.044839805308907910e-03	1.263742680872392658e-02	6.160057403536375355e-03	4.698019663906842155e-03
4.837770213655283413e+01	6.499425779999402630e-01	3.116515023174102894e-01	1.986367870166861824e-02	9.058812434473515612e-03	1.350128719320965905e-02	6.337887755812186656e-03	5.153641793435412462e-03
5.321547235020811684e+01	6.377624496121582220e-01	3.194314144393408661e-01	2.181749266670667681e-02	1.007307260041800934e-02	1.431270237571486727e-02	6.511266778666202626e-03	5.600989722945181812e-03
5.805324256386339954e+01	6.273447641800009578e-01	3.255330568349470988e-01	2.373952509409084019e-02	1.108706857494387230e-02	1.507927823279532273e-02	6.684471928794623666e-03	6.041223350377207361e-03
6.289101277751868224e+01	6.183731464455357596e-01	3.302614703893661519e-01	2.563163202844698230e-02	1.210058928416450283e-02	1.580730265834717416e-02	6.859897623213082919e-03	6.475349766876311620e-03
6.772878299117397205e+01	6.105884418547263826e-01	3.338665135881508372e-01	2.749587479386489397e-02	1.311359447017924201e-02	1.650199368010750456e-02	7.038736385328210610e-03	6.904233423592906482e-03
7.256655320482924765e+01	6.037783625455742653e-01	3.365528441718486641e-01	2.933433002751984278e-02	1.412611198970662417e-02	1.716769786547005586e-02	7.221431780615253371e-03	7.328609815215250158e-03
7.740432341848452324e+01	5.977690076508724859e-01	3.384880950641235287e-01	3.114898004113025171e-02	1.513817859274586841e-02	1.780804961447261109e-02	7.407976839048618922e-03	7.749100393556516454e-03
8.224209363213981305e+01	5.924179183904275670e-01	3.398095713047062372e-01	3.294165492958518043e-02	1.614980838455713080e-02	1.842609951927254644e-02	7.598108319758052620e-03	8.166227347643252588e-03
8.707986384579510286e+01	5.876083900023825191e-01	3.406297355780940617e-01	3.471400733698169067e-02	1.716097850409011721e-02	1.902441814328240111e-02	7.791431145555960218e-03	8.580427485563214482e-03
9.191763405945040688e+01	5.832448129492355804e-01	3.410407014998355080e-01	3.646750723231417801e-02	1.817162515181813126e-02	1.960518018443950169e-02	7.987496343225148135e-03	8.992064835081964649e-03
9.675540427310566827e+01	5.792488570711528117e-01	3.411179141624352540e-01	3.820344840275410186e-02	1.918164551948669042e-02	2.017023292366117854e-02	8.185848298885686075e-03	9.401441817574136828e-03
1.015931744867609581e+02	5.755563461131449898e-01	3.409231649631126460e-01	3.992296130340927673e-02	2.019090279069618230e-02	2.072115203970461075e-02	8.386051993447610903e-03	9.808808992434624521e-03
1.064309447004162337e+02	5.721146976847263366e-01	3.405070611350164422e-01	4.162702886282475950e-02	2.119923245285866564e-02	2.125928723554720498e-02	8.587707374927353032e-03	1.021437345004915301e-02
1.112687149140715235e+02	5.688808263333804405e-01	3.399110486171875167e-01	4.331650314465615437e-02	2.220644886457468284e-02	2.178579962486931060e-02	8.790455638419038958e-03	1.061830597286278488e-02
1.161064851277267991e+02	5.658194259361716272e-01	3.391690690547865539e-01	4.499212162104838930e-02	2.321235147843372232e-02	2.230169243745338051e-02	8.993980567166288270e-03	1.102074710088990148e-02
1.209442553413820747e+02	5.629015627812021805e-01	3.383089171060952860e-01	4.665452236789500995e-02	2.421673040972094348e-02	2.280783629477245791e-02	9.198006996347306632e-03	1.142181223991678256e-02
1.257820255550373645e+02	5.601035231309540174e-01	3.373533522621021130e-01	4.830425784557650787e-02	2.521937122220380134e-02	2.330499006323588987e-02	9.402297727863384580e-03	1.182159594401428759e-02
1.306197957686926259e+02	5.574058692309262764e-01	3.363210095795060028e-01	4.994180714842201552e-02	2.622005891072379941e-02	2.379381809846037657e-02	9.606649735032713605e-03	1.222017549287874628e-02
1.354575659823479441e+02	5.547926660569404422e-01	3.352271456967952923e-01	5.156758673767893042e-02	2.721858112206241784e-02	2.427490453881673421e-02	9.810890172144873939e-03	1.261761387151117374e-02
1.402953361960032339e+02	5.522508479166652329e-01	3.340842499247083652e-01	5.318195974699974765e-02	2.821473068743184098e-02	2.474876518211682058e-02	1.001487249164552742e-02	1.301396224638234032e-02
1.451331064096584669e+02	5.497696996083852872e-01	3.329025448140037202e-01	5.478524398701024867e-02	2.920830755321252720e-02	2.521585737926228601e-02	1.021847283466186147e-02	1.340926201941402066e-02
1.499708766233137851e+02	5.473404314163892170e-01	3.316903961897608721e-01	5.637771879015536503e-02	3.019912019862223962e-02	2.567658829799869882e-02	1.042158677370977338e-02	1.380354652931368997e-02
1.548086468369690749e+02	5.449558309706378223e-01	3.304546490260771296e-01	5.795963083779905045e-02	3.118698662466404259e-02	2.613132184470427777e-02	1.062412643282230340e-02	1.419684245924524198e-02
1.596464170506243647e+02	5.426099780684755514e-01	3.292009025735973538e-01	5.953119910440041185e-02	3.217173499103718332e-02	2.658038447931903442e-02	1.082601797856659956e-02	1.458917100055373388e-02
1.644841872642796261e+02	5.402980110708262007e-01	3.279337357265206809e-01	6.109261904229908169e-02	3.315320396862486002e-02	2.702407011565521877e-02	1.102719945777860290e-02	1.498054881424527168e-02
1.693219574779349159e+02	5.380159355450565561e-01	3.266568916286859969e-01	6.264406611760628407e-02	3.413124286585676043e-02	2.746264426448974047e-02	1.122761894919445565e-02	1.537098882506005362e-02
1.741597276915902057e+02	5.357604675138435413e-01	3.253734288906797723e-01	6.418569879436794579e-02	3.510571157834831840e-02	2.789634754848080087e-02	1.142723299307968517e-02	1.576050087714978357e-02
1.789974979052454671e+02	5.335289050513336573e-01	3.240858454566359348e-01	6.571766105138734937e-02	3.607648040309217874e-02	2.832539869483834127e-02	1.162600526320663186e-02	1.614909227545573145e-02
1.838352681189008138e+02	5.313190230998704466e-01	3.227961800672627946e-01	6.724008450431646911e-02	3.704342975127176973e-02	2.874999709281854041e-02	1.182390544765045577e-02	1.653676823275928437e-02
1.886730383325560467e+02	5.291289873077965611e-01	3.215060953710168201e-01	6.875309019505068675e-02	3.800644978751335779e-02	2.917032498770716006e-02	1.202090830793510479e-02	1.692353223893006825e-02
1.935108085462113081e+02	5.269572834483586821e-01	3.202169460025285908e-01	7.025679010114065093e-02	3.896544001805247320e-02	2.958654937035928509e-02	1.221699288948411774e-02	1.730938636602588968e-02
1.983485787598666263e+02	5.248026596018896539e-01	3.189298343471071995e-01	7.175128840982833434e-02	3.992030884578871841e-02	2.999882361105249071e-02	1.241214185976924692e-02	1.769433152051414285e-02
2.031863489735219162e+02	5.226640787930615373e-01	3.176456562184323817e-01	7.323668259433345484e-02	4.087097310644690479e-02	3.040728887796290830e-02	1.260634095380479616e-02	1.807836765190787981e-02
2.080241191871772060e+02	5.205406801924562510e-01	3.163651382737580064e-01	7.471306432405161457e-02	4.181735759695743432e-02	3.081207537364646573e-02	1.279957850960546095e-02	1.846149392547465420e-02
2.128618894008324673e+02	5.184317473336438331e-01	3.150888686610112677e-01	7.618052023525706540e-02	4.275939460462208075e-02	3.121330341722122759e-02	1.299184507886884041e-02	1.884370886532555842e-02
2.176996596144877287e+02	5.163366820770673993e-01	3.138173221219010545e-01	7.763913258461675737e-02	4.369702344355803209e-02	3.161108439527440112e-02	1.318313310045486977e-02	1.922501047307731761e-02
2.225374298281430470e+02	5.142549832814756749e-01	3.125508805537619006e-01	7.908897980421007723e-02	4.463019000323681373e-02	3.200552160067450524e-02	1.337343662622916644e-02	1.960539632636177504e-02
2.273752000417983652e+02	5.121862293315948556e-01	3.112898498515071499e-01	8.053013697371173840e-02	4.555884631258958622e-02	3.239671097530446436e-02	1.356275109054169876e-02	1.998486366070035061e-02
2.322129702554535982e+02	5.101300638246890617e-01	3.100344737025145792e-01	8.196267622284902910e-02	4.648295012207857846e-02	3.278474177012243029e-02	1.375107311605765735e-02	2.036340943763840713e-02
2.370507404691088880e+02	5.080861838447698897e-01	3.087849448855808365e-01	8.338666707511083187e-02	4.740246450528723399e-02	3.316969713380304302e-02	1.393840034987598592e-02	2.074103040152196209e-02
2.418885106827641494e+02	5.060543303565244733e-01	3.075414145254020681e-01	8.480217674190233812e-02	4.831735748091825489e-02	3.355165463943135529e-02	1.412473132489334982e-02	2.111772312687791239e-02
2.467262808964194392e+02	5.040342803356534507e-01	3.063039996723882497e-01	8.620927037484704680e-02	4.922760165557497208e-02	3.393068675724739136e-02	1.431006534222607589e-02	2.149348405801243186e-02
2.515640511100747290e+02	5.020258403216273368e-01	3.050727895107335219e-01	8.760801128269229965e-02	5.013317388730769569e-02	3.430686128021634418e-02	1.449440237121491296e-02	2.186830954215746373e-02
2.564018213237300188e+02	5.000288411356548224e-01	3.038478504428765437e-01	8.899846111823303541e-02	5.103405496961085225e-02	3.468024170818350543e-02	1.467774296412976270e-02	2.224219585726108436e-02
2.612395915373852517e+02	4.980431335531682602e-01	3.026292302536077172e-01	9.038068003979989051e-02	5.193022933533836955e-02	3.505088759552697081e-02	1.486008818318321906e-02	2.261513923532517539e-02
2.660773617510405415e+02	4.960685847582351204e-01	3.014169615203153851e-01	9.175472685113103544e-02	5.282168477984799243e-02	3.541885486651521336e-02	1.504143953786923719e-02	2.298713588203564126e-02
2.709151319646958882e+02	4.941050754385126198e-01	3.002110644057512379e-01	9.312065912284062108e-02	5.370841220257822207e-02	3.578419610198601414e-02	1.522179893098063105e-02	2.335818199330040590e-02
2.757529021783511780e+02	4.921524974049321655e-01	2.990115489450265174e-01	9.447853329818937940e-02	5.459040536619190476e-02	3.614696080046812116e-02	1.540116861193823253e-02	2.372827376920348327e-02
2.805906723920064678e+02	4.902107516412419486e-01	2.978184169183459851e-01	9.582840478543871998e-02	5.546766067238190906e-02	3.650719561645027200e-02	1.557955113629540950e-02	2.409740742579554937e-02
2.854284426056617008e+02	4.882797467056922969e-01	2.966316633844329198e-01	9.717032803871437918e-02	5.634017695341784343e-02	3.686494457815094050e-02	1.575694933047242993e-02	2.446557920506900463e-02
2.902662128193169337e+02	4.863593974212004345e-01	2.954512779360428665e-01	9.850435662900826339e-02	5.720795527851452872e-02	3.722024928684483647e-02	1.593336626093290465e-02	2.483278538340601485e-02
2.951039830329722804e+02	4.844496238018450307e-01	2.942772457278560183e-01	9.983054330669781373e-02	5.807099877411742161e-02	3.757314909954947990e-02	1.610880520714507574e-02	2.519902227873897782e-02
2.999417532466276270e+02	4.825503501729693223e-01	2.931095483179423922e-01	1.011489400567526092e-01	5.892931245722452666e-02	3.792368129666009308e-02	1.628326963777847539e-02	2.556428625662242327e-02
3.047795234602828600e+02	4.806615044498970812e-01	2.919481643565400297e-01	1.024595981476224132e-01	5.978290308089547617e-02	3.827188123593690261e-02	1.645676318967587842e-02	2.592857373538207805e-02
3.096172936739380930e+02	4.787830175465928040e-01	2.907930701497858372e-01	1.037625681746525697e-01	6.063177899113424141e-02	3.861778249409086178e-02	1.662928964921433356e-02	2.629188119047927777e-02
3.144550638875934396e+02	4.769148228907821307e-01	2.896442401210346240e-01	1.050579000987483108e-01	6.147594999437083069e-02	3.896141699707740547e-02	1.680085293573038707e-02	2.665420515820623309e-02
3.192928341012487294e+02	4.750568560262936058e-01	2.885016471883098954e-01	1.063456432809044838e-01	6.231542723480758272e-02	3.930281514008992366e-02	1.697145708673547873e-02	2.701554223880890671e-02
3.241306043149040192e+02	4.732090542868612748e-01	2.873652630730726965e-01	1.076258465131283981e-01	6.315022308093698467e-02	3.964200589814215192e-02	1.714110624468965366e-02	2.737588909911867208e-02
3.289683745285592522e+02	4.713713565284776696e-01	2.862350585527482782e-01	1.088985580462083352e-01	6.398035102057861301e-02	3.997901692803884632e-02	1.730980464513701134e-02	2.773524247476110566e-02
3.338061447422145420e+02	4.695437029097199733e-01	2.851110036671983261e-01	1.101638256147171868e-01	6.480582556382320780e-02	4.031387466245603401e-02	1.747755660603551170e-02	2.809359917199955384e-02
3.386439149558698318e+02	4.677260347113851302e-01	2.839930678874844627e-01	1.114216964595862169e-01	6.562666215331067199e-02	4.064660439678274839e-02	1.764436651813824225e-02	2.845095606926225859e-02
3.434816851695251216e+02	4.659182941883349138e-01	2.828812202537557829e-01	1.126722173485385226e-01	6.644287708130694470e-02	4.097723036931540802e-02	1.781023883630365734e-02	2.880731011839445313e-02
3.483194553831804114e+02	4.641204244477356022e-01	2.817754294878593857e-01	1.139154345946326863e-01	6.725448741308000244e-02	4.130577583534169456e-02	1.797517807162960987e-02	2.916265834567064244e-02
3.531572255968357013e+02	4.623323693489284070e-01	2.806756640852570706e-01	1.151513940731337948e-01	6.806151091611012394e-02	4.163226313560286496e-02	1.813918878432014409e-02	2.951699785259720085e-02
3.579949958104909342e+02	4.605540734210269993e-01	2.795818923900027508e-01	1.163801412369005334e-01	6.886396599470162583e-02	4.195671375958023169e-02	1.830227557720642134e-02	2.987032581653106811e-02
3.628327660241463377e+02	4.587854817950442476e-01	2.784940826558551796e-01	1.176017211304531268e-01	6.966187162959394663e-02	4.227914840401313101e-02	1.846444308985326077e-02	3.022263949113672757e-02
3.676705362378016275e+02	4.570265401479287060e-01	2.774122030960434193e-01	1.188161784028654161e-01	7.045524732219886344e-02	4.259958702702102556e-02	1.862569599319146424e-02	3.057393620670063872e-02
3.725083064514568036e+02	4.552771946563635708e-01	2.763362219237471828e-01	1.200235573196071354e-01	7.124411304311718818e-02	4.291804889817120439e-02	1.878603898462362365e-02	3.092421337031966283e-02
3.773460766651120935e+02	4.535373919585690694e-01	2.752661073849796414e-01	1.212239017734464686e-01	7.202848918461408900e-02	4.323455264480515620e-02	1.894547678355720799e-02	3.127346846597796326e-02
3.821838468787673833e+02	4.518070791226682648e-01	2.742018277852555364e-01	1.224172552945098913e-01	7.280839651675519164e-02	4.354911629491137887e-02	1.910401412732434800e-02	3.162169905452492241e-02
3.870216170924226162e+02	4.500862036204343886e-01	2.731433515111762467e-01	1.236036610595848684e-01	7.358385614692793120e-02	4.386175731680885120e-02	1.926165576745216684e-02	3.196890277356509436e-02
3.918593873060780197e+02	4.483747133054519218e-01	2.720906470478580141e-01	1.247831619007407911e-01	7.435488948249278918e-02	4.417249265588450019e-02	1.941840646625164410e-02	3.231507733726991100e-02
3.966971575197332527e+02	4.466725563948996114e-01	2.710436829929621649e-01	1.259558003133348925e-01	7.512151819632836847e-02	4.448133876860853320e-02	1.957427099369641460e-02	3.266022053611963849e-02
4.015349277333884856e+02	4.449796814543041101e-01	2.700024280679484967e-01	1.271216184634626767e-01	7.588376419505137027e-02	4.478831165403392850e-02	1.972925412456588354e-02	3.300433023658316117e-02
4.063726979470438323e+02	4.432960373847329438e-01	2.689668511270592588e-01	1.282806581949053060e-01	7.664164958970967612e-02	4.509342688297039714e-02	1.988336063582969368e-02	3.334740438074233065e-02
4.112104681606991221e+02	4.416215734119894876e-01	2.679369211644505033e-01	1.294329610356207971e-01	7.739519666876104598e-02	4.539669962500806483e-02	2.003659530425289104e-02	3.368944098586676428e-02
4.160482383743544119e+02	4.399562390774522380e-01	2.669126073198106464e-01	1.305785682038213269e-01	7.814442787316484840e-02	4.569814467355289012e-02	2.018896290420306786e-02	3.403043814394453997e-02
4.208860085880095880e+02	4.382999842302655047e-01	2.658938788827446276e-01	1.317175206136735888e-01	7.888936577342643697e-02	4.599777646902321326e-02	2.034046820564269775e-02	3.437039402117347126e-02
4.257237788016648778e+02	4.366527590206404907e-01	2.648807052961521524e-01	1.328498588806563130e-01	7.963003304844668007e-02	4.629560912034537401e-02	2.049111597229125864e-02	3.470930685741731303e-02
4.305615490153201677e+02	4.350145138940700873e-01	2.638730561587856460e-01	1.339756233266043151e-01	8.036645246603961457e-02	4.659165642487592823e-02	2.064091095994331077e-02	3.504717496563070078e-02
4.353993192289755143e+02	4.333851995862955664e-01	2.628709012271404077e-01	1.350948539844671892e-01	8.109864686499200503e-02	4.688593188686826507e-02	2.078985791492983515e-02	3.538399673125634803e-02
4.402370894426308041e+02	4.317647671188922787e-01	2.618742104168021445e-01	1.362075906028059336e-01	8.182663913854790194e-02	4.717844873459241251e-02	2.093796157271132774e-02	3.571977061159763156e-02
4.450748596562860939e+02	4.301531677953661092e-01	2.608829538033528572e-01	1.373138726500504336e-01	8.255045221921010479e-02	4.746921993620870084e-02	2.108522665659206055e-02	3.605449513516938848e-02
4.499126298699413837e+02	4.285503531976709302e-01	2.598971016229190134e-01	1.384137393185370657e-01	8.327010906475885987e-02	4.775825821448830694e-02	2.123165787654593406e-02	3.638816890102955504e-02
4.547504000835967304e+02	4.269562751830743852e-01	2.589166242724292855e-01	1.395072295283449060e-01	8.398563264539533890e-02	4.804557606046671453e-02	2.137725992814503567e-02	3.672079057809393005e-02
4.595881702972519065e+02	4.253708858813115556e-01	2.579414923096384760e-01	1.405943819309461995e-01	8.469704593192464714e-02	4.833118574610963114e-02	2.152203749158286897e-02	3.705235890443623475e-02
4.644259405109071963e+02	4.237941376919768244e-01	2.569716764529612618e-01	1.416752349126867427e-01	8.540437188489964637e-02	4.861509933606496942e-02	2.166599523078478057e-02	3.738287268657540519e-02
4.692637107245624861e+02	4.222259832821145809e-01	2.560071475811543928e-01	1.427498265981086978e-01	8.610763344465235947e-02	4.889732869856888015e-02	2.180913779259881918e-02	3.771233079875185856e-02
4.741014809382177759e+02	4.206663755839742946e-01	2.550478767328764329e-01	1.438181948531288001e-01	8.680685352214602413e-02	4.917788551556896010e-02	2.195146980606068471e-02	3.804073218219436447e-02
4.789392511518730657e+02	4.191152677929029791e-01	2.540938351061498013e-01	1.448803772880828400e-01	8.750205499058513747e-02	4.945678129212272012e-02	2.209299588172707746e-02	3.836807584437899182e-02
4.837770213655284124e+02	4.175726133653529515e-01	2.531449940577454871e-01	1.459364112606460762e-01	8.819326067772614852e-02	4.973402736512528427e-02	2.223372061107210113e-02	3.869436085828149158e-02
4.886147915791837022e+02	4.160383660169856834e-01	2.522013251025062575e-01	1.469863338786398799e-01	8.888049335883546620e-02	5.000963491141617590e-02	2.237364856594180329e-02	3.901958636162423943e-02
4.934525617928388783e+02	4.145124797208574741e-01	2.512627999126215705e-01	1.480301820027320192e-01	8.956377575024562776e-02	5.028361495531134123e-02	2.251278429806240558e-02	3.934375155611902902e-02
4.982903320064942250e+02	4.129949087056730694e-01	2.503293903168655188e-01	1.490679922490389941e-01	9.024313050346416398e-02	5.055597837560309865e-02	2.265113233859802205e-02	3.966685570670656219e-02
5.031281022201495148e+02	4.114856074540984010e-01	2.494010682998056283e-01	1.500998009916370834e-01	9.091858019979304206e-02	5.082673591206746805e-02	2.278869719775405631e-02	3.998889814079371885e-02
5.079658724338048046e+02	4.099845307011227846e-01	2.484778060009900646e-01	1.511256443649890979e-01	9.159014734541995328e-02	5.109589817151548308e-02	2.292548336442273155e-02	4.030987824748934190e-02
5.128036426474600376e+02	4.084916334324638632e-01	2.475595757141191289e-01	1.521455582662920025e-01	9.225785436694525221e-02	5.136347563342236189e-02	2.306149530586747154e-02	4.062979547683940457e-02
5.176414128611153274e+02	4.070068708830097970e-01	2.466463498862051240e-01	1.531595783577517356e-01	9.292172360731171254e-02	5.162947865516569201e-02	2.319673746744316603e-02	4.094864933906220555e-02
5.224791830747705035e+02	4.055301985352937066e-01	2.457381011167246720e-01	1.541677400687895549e-01	9.358177732210594402e-02	5.189391747690177970e-02	2.333121427234951042e-02	4.126643940378430658e-02
5.273169532884259070e+02	4.040615721179959818e-01	2.448348021567659794e-01	1.551700785981846575e-01	9.423803767620346494e-02	5.215680222610682981e-02	2.346493012141481066e-02	4.158316529927772592e-02
5.321547235020811968e+02	4.026009476044717372e-01	2.439364259081742980e-01	1.561666289161577348e-01	9.489052674073084059e-02	5.241814292180781154e-02	2.359788939290797041e-02	4.189882671169902623e-02
5.369924937157364866e+02	4.011482812113004170e-01	2.430429454226963326e-01	1.571574257663987673e-01	9.553926649032085106e-02	5.267794947852602605e-02	2.373009644237637078e-02	4.221342338433067831e-02
5.418302639293917764e+02	3.997035293968551617e-01	2.421543339011258955e-01	1.581425036680428331e-01	9.618427880063812330e-02	5.293623170995451904e-02	2.386155560250767527e-02	4.252695511682525603e-02
5.466680341430470662e+02	3.982666488598900489e-01	2.412705646924519221e-01	1.591218969175973719e-01	9.682558544615450791e-02	5.319299933238908623e-02	2.399227118301367964e-02	4.283942176445282302e-02
5.515058043567023560e+02	3.968375965381441550e-01	2.403916112930091775e-01	1.600956395908238739e-01	9.746320809815493813e-02	5.344826196793101003e-02	2.412224747053444765e-02	4.315082323735183051e-02
5.563435745703576458e+02	3.954163296069599931e-01	2.395174473456330999e-01	1.610637655445765759e-01	9.809716832295620192e-02	5.370202914747842365e-02	2.425148872856116439e-02	4.346115949978395648e-02
5.611813447840129356e+02	3.940028054779161626e-01	2.386480466388189725e-01	1.620263084186010782e-01	9.872748758032200145e-02	5.395431031352184575e-02	2.437999919737618426e-02	4.377043056939314281e-02
5.660191149976681118e+02	3.925969817974731546e-01	2.377833831058856762e-01	1.629833016372949916e-01	9.935418722205918707e-02	5.420511482275830462e-02	2.450778309400899330e-02	4.407863651646910103e-02
5.708568852113234016e+02	3.911988164456308148e-01	2.369234308241446318e-01	1.639347784114329465e-01	9.997728849078135749e-02	5.445445194853744397e-02	2.463484461220669108e-02	4.438577746321552275e-02
5.756946554249786914e+02	3.898082675345976300e-01	2.360681640140740445e-01	1.648807717398581563e-01	1.005968125188265033e-01	5.470233088315189229e-02	2.476118792241793071e-02	4.469185358302327910e-02
5.805324256386339812e+02	3.884252934074706731e-01	2.352175570384985870e-01	1.658213144111418402e-01	1.012127803273168841e-01	5.494876073998346266e-02	2.488681717178922032e-02	4.499686509974874793e-02
5.853701958522892710e+02	3.870498526369262060e-01	2.343715844017745520e-01	1.667564390052129752e-01	1.018252128253501476e-01	5.519375055551554304e-02	2.501173648417254550e-02	4.530081228699744944e-02
5.902079660659445608e+02	3.856819040239197194e-01	2.335302207489806381e-01	1.676861778949594872e-01	1.024341308093112413e-01	5.543730929122172441e-02	2.513594996014339999e-02	4.560369546741320501e-02
5.950457362795999643e+02	3.843214065963960757e-01	2.326934408651142316e-01	1.686105632478026306e-01	1.030395549622956652e-01	5.567944583533948610e-02	2.525946167702838863e-02	4.590551501197291662e-02
5.998835064932552541e+02	3.829683196080086449e-01	2.318612196742934062e-01	1.695296270272455830e-01	1.036415058536354072e-01	5.592016900453755657e-02	2.538227568894164954e-02	4.620627133928708469e-02
6.047212767069104302e+02	3.816226025368474328e-01	2.310335322389644175e-01	1.704434009943980310e-01	1.042400039385194405e-01	5.615948754548451272e-02	2.550439602682925619e-02	4.650596491490621709e-02
6.095590469205657200e+02	3.802842150841758140e-01	2.302103537591146942e-01	1.713519167094775530e-01	1.048350695577010688e-01	5.639741013632593863e-02	2.562582669852103007e-02	4.680459625063320556e-02
6.143968171342210098e+02	3.789531171731759795e-01	2.293916595714913798e-01	1.722552055332888798e-01	1.054267229372855830e-01	5.663394538807669382e-02	2.574657168878909108e-02	4.710216590384172508e-02
6.192345873478761860e+02	3.776292689477024345e-01	2.285774251488251751e-01	1.731532986286823672e-01	1.060149841885914268e-01	5.686910184593454293e-02	2.586663495941261479e-02	4.739867447680076729e-02
6.240723575615315895e+02	3.763126307710438767e-01	2.277676260990595392e-01	1.740462269619925118e-01	1.065998733080791017e-01	5.710288799052073982e-02	2.598602044924815807e-02	4.769412261600538411e-02
6.289101277751868793e+02	3.750031632246929036e-01	2.269622381645852449e-01	1.749340213044568437e-01	1.071814101773425482e-01	5.733531223905293656e-02	2.610473207430519943e-02	4.798851101151360016e-02
6.337478979888421691e+02	3.737008271071234899e-01	2.261612372214800160e-01	1.758167122336170840e-01	1.077596145631574687e-01	5.756638294645521209e-02	2.622277372782634564e-02	4.828184039628969498e-02
6.385856682024975726e+02	3.724055834325762371e-01	2.253645992787532415e-01	1.766943301347021489e-01	1.083345061175823854e-01	5.779610840640978658e-02	2.634014928037181624e-02	4.857411154555367483e-02
6.434234384161527487e+02	3.711173934298511723e-01	2.245723004775959375e-01	1.775669052019948069e-01	1.089061043781078125e-01	5.802449685235459148e-02	2.645686257990777918e-02	4.886532527613720450e-02
6.482612086298080385e+02	3.698362185411079861e-01	2.237843170906354817e-01	1.784344674401814879e-01	1.094744287678496436e-01	5.825155645843056729e-02	2.657291745189828761e-02	4.915548244584582588e-02
6.530989788434633283e+02	3.685620204206737083e-01	2.230006255211952892e-01	1.792970466656871320e-01	1.100394985957830057e-01	5.847729534038224875e-02	2.668831769940031851e-02	4.944458395282754631e-02
6.579367490571185044e+02	3.672947609338574337e-01	2.222212023025594840e-01	1.801546725079944400e-01	1.106013330570133207e-01	5.870172155641496109e-02	2.680306710316176372e-02	4.973263073494782471e-02
6.627745192707737942e+02	3.660344021557725980e-01	2.214460240972420113e-01	1.810073744109488847e-01	1.111599512330810752e-01	5.892484310801172215e-02	2.691716942172200228e-02	5.001962376917089975e-02
6.676122894844290840e+02	3.647809063701659693e-01	2.206750676962607183e-01	1.818551816340496230e-01	1.117153720922978710e-01	5.914666794071266748e-02	2.703062839151481461e-02	5.030556407094754351e-02
6.724500596980843738e+02	3.635342360682538021e-01	2.199083100184160144e-01	1.826981232537267796e-01	1.122676144901104955e-01	5.936720394485962837e-02	2.714344772697339231e-02	5.059045269360911562e-02
6.772878299117396637e+02	3.622943539475648733e-01	2.191457281095739451e-01	1.835362281646057692e-01	1.128166971694910675e-01	5.958645895630829137e-02	2.725563112063724910e-02	5.087429072776800815e-02
6.821256001253949535e+02	3.610612229107906801e-01	2.183872991419540111e-01	1.843695250807586561e-01	1.133626387613504982e-01	5.980444075711020130e-02	2.736718224326076948e-02	5.115707930072440485e-02
6.869633703390502433e+02	3.598348060646419655e-01	2.176330004134212071e-01	1.851980425369431915e-01	1.139054577849734490e-01	6.002115707616675899e-02	2.747810474392328034e-02	5.143881957587935483e-02
6.918011405527055331e+02	3.586150667187122942e-01	2.168828093467826401e-01	1.860218088898301092e-01	1.144451726484726345e-01	6.023661558985697606e-02	2.758840225014039249e-02	5.171951275215416755e-02
6.966389107663608229e+02	3.574019683843482342e-01	2.161367034890883387e-01	1.868408523192184034e-01	1.149818016492607786e-01	6.045082392264095050e-02	2.769807836797652523e-02	5.199916006341599728e-02
7.014766809800161127e+02	3.561954747735260884e-01	2.153946605109364754e-01	1.876552008292394214e-01	1.155153629745384741e-01	6.066378964764066600e-02	2.780713668215840234e-02	5.227776277790972814e-02
7.063144511936714025e+02	3.549955497977351770e-01	2.146566582057828076e-01	1.884648822495498255e-01	1.160458747017963504e-01	6.087552028719958597e-02	2.791558075618941551e-02	5.255532219769604857e-02
7.111522214073266923e+02	3.538021575668679475e-01	2.139226744892543386e-01	1.892699242365137591e-01	1.165733547993303143e-01	6.108602331342252029e-02	2.802341413246470930e-02	5.283183965809565980e-02
7.159899916209819821e+02	3.526152623881159132e-01	2.131926873984669457e-01	1.900703542743744923e-01	1.170978211267682811e-01	6.129530614869713179e-02	2.813064033238691850e-02	5.310731652713965301e-02
7.208277618346371582e+02	3.514348287648724756e-01	2.124666750913473123e-01	1.908661996764157154e-01	1.176192914356073704e-01	6.150337616619815095e-02	2.823726285648237369e-02	5.338175420502597190e-02
7.256655320482924481e+02	3.502608213956420746e-01	2.117446158459589389e-01	1.916574875861128124e-01	1.181377833697603574e-01	6.171024069037557569e-02	2.834328518451773374e-02	5.365515412358192598e-02
7.305033022619478515e+02	3.490932051729552787e-01	2.110264880598320125e-01	1.924442449782742259e-01	1.186533144661103822e-01	6.191590699742782755e-02	2.844871077561695119e-02	5.392751774573271983e-02
7.353410724756030277e+02	3.479319451822905918e-01	2.103122702492974117e-01	1.932264986601731627e-01	1.191659021550728892e-01	6.212038231576087061e-02	2.855354306837842859e-02	5.419884656497595682e-02
7.401788426892584312e+02	3.467770067010021440e-01	2.096019410488245971e-01	1.940042752726699460e-01	1.196755637611639916e-01	6.232367382643411169e-02	2.865778548099238987e-02	5.446914210486208940e-02
7.450166129029136073e+02	3.456283551972535451e-01	2.088954792103634162e-01	1.947776012913247645e-01	1.201823165035744573e-01	6.252578866359403964e-02	2.876144141135827947e-02	5.473840591848072590e-02
7.498543831165690108e+02	3.444859563289580651e-01	2.081928636026897372e-01	1.955465030275017890e-01	1.206861774967483980e-01	6.272673391489623496e-02	2.886451423720223786e-02	5.500663958795280750e-02
7.546921533302243006e+02	3.433497759427245888e-01	2.074940732107550256e-01	1.963110066294637968e-01	1.211871637509661370e-01	6.292651662191661721e-02	2.896700731619449021e-02	5.527384472392855852e-02
7.595299235438793630e+02	3.422197800728099537e-01	2.067990871350397220e-01	1.970711380834584969e-01	1.216852921729307119e-01	6.312514378055242292e-02	2.906892398606666580e-02	5.554002296509121667e-02
7.643676937575347665e+02	3.410959349400770613e-01	2.061078845909101454e-01	1.978269232147958911e-01	1.221805795663570698e-01	6.332262234141365631e-02	2.917026756472896817e-02	5.580517597766643245e-02
7.692054639711900563e+02	3.399782069509587612e-01	2.054204449079795602e-01	1.985783876889170851e-01	1.226730426325637058e-01	6.351895921020554725e-02	2.927104135038715443e-02	5.606930545493734458e-02
7.740432341848452324e+02	3.388665626964281752e-01	2.047367475294727124e-01	1.993255570124550236e-01	1.231626979710662290e-01	6.371416124810252990e-02	2.937124862165926831e-02	5.633241311676526197e-02
7.788810043985006359e+02	3.377609689509742386e-01	2.040567720115939176e-01	2.000684565342866483e-01	1.236495620801722345e-01	6.390823527211417221e-02	2.947089263769211293e-02	5.659450070911591080e-02
7.837187746121558121e+02	3.366613926715834038e-01	2.033804980228992032e-01	2.008071114465771745e-01	1.241336513575772155e-01	6.410118805544368081e-02	2.956997663827740791e-02	5.685557000359117014e-02
7.885565448258112156e+02	3.355678009967273390e-01	2.027079053436716127e-01	2.015415467858160947e-01	1.246149821009610026e-01	6.429302632783920335e-02	2.966850384396762727e-02	5.711562279696628247e-02
7.933943150394665054e+02	3.344801612453561779e-01	2.020389738653004807e-01	2.022717874338455513e-01	1.250935705085845784e-01	6.448375677593848332e-02	2.976647745619142443e-02	5.737466091073248342e-02
7.982320852531219089e+02	3.333984409158970430e-01	2.013736835896640931e-01	2.029978581188806863e-01	1.255694326798865723e-01	6.467338604360708954e-02	2.986390065736868951e-02	5.763268619064500220e-02
8.030698554667769713e+02	3.323226076852590638e-01	2.007120146285160112e-01	2.037197834165223320e-01	1.260425846160795615e-01	6.486192073227067811e-02	2.996077661102517289e-02	5.788970050627635644e-02
8.079076256804323748e+02	3.312526294078435574e-01	2.000539472028746157e-01	2.044375877507623174e-01	1.265130422207456362e-01	6.504936740124146743e-02	3.005710846190667515e-02	5.814570575057490670e-02
8.127453958940876646e+02	3.301884741145597602e-01	1.993994616424166755e-01	2.051512953949809481e-01	1.269808213004310349e-01	6.523573256803941178e-02	3.015289933609275816e-02	5.840070383942866372e-02
8.175831661077428407e+02	3.291301100118463330e-01	1.987485383848739406e-01	2.058609304729371869e-01	1.274459375652395032e-01	6.542102270870811531e-02	3.024815234110996010e-02	5.865469671123424433e-02
8.224209363213982442e+02	3.280775054806983615e-01	1.981011579754333174e-01	2.065665169597516448e-01	1.279084066294245703e-01	6.560524425812591653e-02	3.034287056604454899e-02	5.890768632647090663e-02
8.272587065350534203e+02	3.270306290756998524e-01	1.974573010661405670e-01	2.072680786828821897e-01	1.283682440119799095e-01	6.578840361031221273e-02	3.043705708165472812e-02	5.915967466727974078e-02
8.320964767487085965e+02	3.259894495240617807e-01	1.968169484153072246e-01	2.079656393230923661e-01	1.288254651372283122e-01	6.597050711872948225e-02	3.053071494048230014e-02	5.941066373704778636e-02
8.369342469623640000e+02	3.249539357246651328e-01	1.961800808869210433e-01	2.086592224154127651e-01	1.292800853354083845e-01	6.615156109658090755e-02	3.062384717696384206e-02	5.966065555999719439e-02
8.417720171760191761e+02	3.239240567471099452e-01	1.955466794500598238e-01	2.093488513500954551e-01	1.297321198432595246e-01	6.633157181710398753e-02	3.071645680754126612e-02	5.990965218077925342e-02
8.466097873896745796e+02	3.228997818307695056e-01	1.949167251783083532e-01	2.100345493735613356e-01	1.301815838046045115e-01	6.651054551386033353e-02	3.080854683077185671e-02	6.015765566407333537e-02
8.514475576033297557e+02	3.218810803838497159e-01	1.942901992491788687e-01	2.107163395893408286e-01	1.306284922709297913e-01	6.668848838102157950e-02	3.090012022743772804e-02	6.040466809419063610e-02
8.562853278169851592e+02	3.208679219824538964e-01	1.936670829435348240e-01	2.113942449590076045e-01	1.310728602019635147e-01	6.686540657365187823e-02	3.099117996065468145e-02	6.065069157468273853e-02
8.611230980306403353e+02	3.198602763696529738e-01	1.930473576450176254e-01	2.120682883031055344e-01	1.315147024662507713e-01	6.704130620798685880e-02	3.108172897598051806e-02	6.089572822795483176e-02
8.659608682442956251e+02	3.188581134545605544e-01	1.924310048394771433e-01	2.127384923020692042e-01	1.319540338417264924e-01	6.721619336170930881e-02	3.117177020152271660e-02	6.113978019488370413e-02
8.707986384579510286e+02	3.178614033114137150e-01	1.918180061144048876e-01	2.134048794971376284e-01	1.323908690162854396e-01	6.739007407422167861e-02	3.126130654804554210e-02	6.138284963444026743e-02
8.756364086716062047e+02	3.168701161786584009e-01	1.912083431583707638e-01	2.140674722912615513e-01	1.328252225883495286e-01	6.756295434691551860e-02	3.135034090907655446e-02	6.162493872331678557e-02
8.804741788852616082e+02	3.158842224580406532e-01	1.906019977604629101e-01	2.147262929500042272e-01	1.332571090674324055e-01	6.773484014343791881e-02	3.143887616101247867e-02	6.186604965555854430e-02
8.853119490989170117e+02	3.149036927137021658e-01	1.899989518097306151e-01	2.153813636024357880e-01	1.336865428747008033e-01	6.790573738995511754e-02	3.152691516322450593e-02	6.210618464220010737e-02
8.901497193125721878e+02	3.139284976712816144e-01	1.893991872946305943e-01	2.160327062420213107e-01	1.341135383435333728e-01	6.807565197541336210e-02	3.161446075816298079e-02	6.234534591090593741e-02
8.949874895262273640e+02	3.129586082170207062e-01	1.888026863024760693e-01	2.166803427275023619e-01	1.345381097200761544e-01	6.824458975179703568e-02	3.170151577146143596e-02	6.258353570561546453e-02
8.998252597398827675e+02	3.119939953968750568e-01	1.882094310188892894e-01	2.173242947837727146e-01	1.349602711637952757e-01	6.841255653438417517e-02	3.178808301204007897e-02	6.282075628619253338e-02
9.046630299535379436e+02	3.110346304156308972e-01	1.876194037272570780e-01	2.179645840027475134e-01	1.353800367480264000e-01	6.857955810199957425e-02	3.187416527220858498e-02	6.305700992807913852e-02
9.095008001671932334e+02	3.100804846360254996e-01	1.870325868081891829e-01	2.186012318442263902e-01	1.357974204605211233e-01	6.874560019726522198e-02	3.195976532776834828e-02	6.329229892195339935e-02
9.143385703808486369e+02	3.091315295778737093e-01	1.864489627389799842e-01	2.192342596367507501e-01	1.362124362039902614e-01	6.891068852684860413e-02	3.204488593811407465e-02	6.352662557339185112e-02
9.191763405945038130e+02	3.081877369171985293e-01	1.858685140930731727e-01	2.198636885784545358e-01	1.366250977966439462e-01	6.907482876170847885e-02	3.212952984633475617e-02	6.375999220253583677e-02
9.240141108081592165e+02	3.072490784853672552e-01	1.852912235395291762e-01	2.204895397379096345e-01	1.370354189727285565e-01	6.923802653733847345e-02	3.221369977931407697e-02	6.399240114376204824e-02
9.288518810218145063e+02	3.063155262682321078e-01	1.847170738424961101e-01	2.211118340549647066e-01	1.374434133830604865e-01	6.940028745400846077e-02	3.229739844783012515e-02	6.422385474535718952e-02
9.336896512354697961e+02	3.053870524052754720e-01	1.841460478606832818e-01	2.217305923415787139e-01	1.378490945955565539e-01	6.956161707700378449e-02	3.238062854665457735e-02	6.445435536919670583e-02
9.385274214491247449e+02	3.044636291887605761e-01	1.835781285468377211e-01	2.223458352826482576e-01	1.382524760957614951e-01	6.972202093686238888e-02	3.246339275465119634e-02	6.468390539042746801e-02
9.433651916627801484e+02	3.035452290628862237e-01	1.830132989472237348e-01	2.229575834368292264e-01	1.386535712873718795e-01	6.988150452960975589e-02	3.254569373487377348e-02	6.491250719715446760e-02
9.482029618764355519e+02	3.026318246229469655e-01	1.824515422011054044e-01	2.235658572373527553e-01	1.390523934927570260e-01	7.004007331699203809e-02	3.262753413466343289e-02	6.514016319013141154e-02
9.530407320900908417e+02	3.017233886144972121e-01	1.818928415402319698e-01	2.241706769928355492e-01	1.394489559534766165e-01	7.019773272670706832e-02	3.270891658574531791e-02	6.536687578245525820e-02
9.578785023037459041e+02	3.008198939325207877e-01	1.813371802883260997e-01	2.247720628880843785e-01	1.398432718307950351e-01	7.035448815263345423e-02	3.278984370432472262e-02	6.559264739926451426e-02
9.627162725174014213e+02	2.999213136206047015e-01	1.807845418605749654e-01	2.253700349848951345e-01	1.402353542061924585e-01	7.051034495505777155e-02	3.287031809118255710e-02	6.581748047744137575e-02
9.675540427310568248e+02	2.990276208701175276e-01	1.802349097631243957e-01	2.259646132228463333e-01	1.406252160818729224e-01	7.066530846089989770e-02	3.295034233177024374e-02	6.604137746531767161e-02
9.723918129447120009e+02	2.981387890193927248e-01	1.796882675925755013e-01	2.265558174200869856e-01	1.410128703812688344e-01	7.081938396393654134e-02	3.302991899630400296e-02	6.626434082238445711e-02
9.772295831583674044e+02	2.972547915529160645e-01	1.791445990354846030e-01	2.271436672741190543e-01	1.413983299495424339e-01	7.097257672502291226e-02	3.310905063985856989e-02	6.648637301900535423e-02
9.820673533720223531e+02	2.963756021005182761e-01	1.786038878678654906e-01	2.277281823625746937e-01	1.417816075540840881e-01	7.112489197231261495e-02	3.318773980246028654e-02	6.670747653613347261e-02
9.869051235856777566e+02	2.955011944365714682e-01	1.780661179546948192e-01	2.283093821439877713e-01	1.421627158850073125e-01	7.127633490147591844e-02	3.326598900917961121e-02	6.692765386503202185e-02
9.917428937993331601e+02	2.946315424791904336e-01	1.775312732494201684e-01	2.288872859585602826e-01	1.425416675556404611e-01	7.142691067591609710e-02	3.334380077022303795e-02	6.714690750699840727e-02
9.965806640129884499e+02	2.937666202894386180e-01	1.769993377934706846e-01	2.294619130289234643e-01	1.429184751030154465e-01	7.157662442698431438e-02	3.342117758102444713e-02	6.736523997309191991e-02
