0.000000000000000000e+00	1.015371716151502124e+00	4.507734237933006489e-27	6.696191687177035080e-30	6.716792028615618808e-29	2.944737213259833968e-28	3.438618262823042169e-28	1.538844753980451643e-28
4.837770213655283591e+00	9.416260816653801990e-01	6.691583270723770738e-02	1.669044524024786841e-03	5.587946771392903215e-04	2.155552943395296593e-03	1.864728807797044925e-03	5.816808265277841495e-04
9.675540427310567182e+00	8.807548919272351062e-01	1.214446095117625024e-01	3.551337453313633923e-03	1.295615941973391177e-03	4.035270377651270154e-03	3.140615528442948935e-03	1.149375411123254153e-03
1.451331064096584811e+01	8.304309290561013857e-01	1.658281303630278203e-01	5.554723723650746223e-03	2.146493754676317284e-03	5.689928170167283389e-03	4.020903221860881380e-03	1.700607862017686862e-03
1.935108085462113081e+01	7.887483574700351330e-01	2.019026750588100994e-01	7.618764556821949752e-03	3.069069802488718496e-03	7.160037982267568671e-03	4.638016564456178860e-03	2.234794716622379943e-03
2.418885106827641707e+01	7.541463457756872879e-01	2.311723803764938745e-01	9.704557872026991355e-03	4.035616944541501987e-03	8.478071582877598836e-03	5.082270873681408313e-03	2.752472726193418498e-03
2.902662128193169622e+01	7.253465555934113240e-01	2.548693327005561171e-01	1.178771984296798914e-02	5.028244369964123862e-03	9.670170461855233379e-03	5.414898772340328431e-03	3.254794410407120270e-03
3.386439149558698603e+01	7.013019728738629777e-01	2.740027833915821831e-01	1.385356285257208046e-02	6.035617153582501816e-03	1.075746746754136993e-02	5.677107652514033070e-03	3.743204759846953562e-03
3.870216170924226162e+01	6.811550188540106410e-01	2.893994572877680582e-01	1.589379670173566433e-02	7.050722689108517363e-03	1.175711424616487748e-02	5.896366853241209564e-03	4.219239519473141214e-03
4.353993192289755143e+01	6.642032543918485743e-01	3.017365673453663577e-01	1.790428387823662926e-02	8.069358841724669565e-03	1.268308426114919500e-02	6.090763181208273119e-03	4.684404251968553312e-03
4.837770213655283413e+01	6.498712988390734635e-01	3.115688559962607185e-01	1.988352225072007734e-02	9.089118030729261347e-03	1.354680360901932418e-02	6.272011057360763787e-03	5.140106368338708681e-03
5.321547235020811684e+01	6.376878356892238253e-01	3.193507444826667596e-01	2.183162812978011250e-02	1.010871074783926959e-02	1.435764893581068999e-02	6.447526886282390658e-03	5.587621279899253161e-03
5.805324256386339954e+01	6.272667823888603555e-01	3.254544755470005768e-01	2.374966213489694555e-02	1.112752028667429900e-02	1.512334221404812960e-02	6.621853583060282808e-03	6.028079996961548462e-03
6.289101277751868224e+01	6.182918693843266755e-01	3.301849745057903740e-01	2.563918876134731878e-02	1.214531403959624375e-02	1.585026504816494652e-02	6.797634681500060692e-03	6.462469730776691963e-03
6.772878299117397205e+01	6.105040105818740903e-01	3.337920224606306663e-01	2.750199428637802035e-02	1.316206004382054762e-02	1.654370987606971696e-02	6.976276959594961656e-03	6.891641943134490210e-03
7.256655320482924765e+01	6.036909595316481969e-01	3.364802279154993081e-01	2.933991112199450801e-02	1.417781363172790007e-02	1.720808145058284194e-02	7.158398252240790599e-03	7.316324247808991994e-03
7.740432341848452324e+01	5.976788373762053075e-01	3.384171950593653500e-01	3.115471301547668992e-02	1.519265022964066958e-02	1.784705897209111145e-02	7.344127610089727642e-03	7.737133888633656448e-03
8.224209363213981305e+01	5.923251936592005551e-01	3.397402149030505636e-01	3.294805678891222361e-02	1.620662807063402364e-02	1.846372695250553600e-02	7.533304376304108749e-03	8.154591400895404643e-03
8.707986384579510286e+01	5.875133225115763969e-01	3.405617464392581839e-01	3.472145411344277482e-02	1.721976989851775955e-02	1.906068113754172746e-02	7.725608406276164748e-03	8.569133644889533746e-03
9.191763405945040688e+01	5.831476070048314808e-01	3.409739066591990220e-01	3.647626219315005386e-02	1.823205638025102854e-02	1.964011446528132407e-02	7.920643669878251608e-03	8.981125778911448754e-03
9.675540427310566827e+01	5.791497056128920295e-01	3.410521486724027440e-01	3.821368592812234011e-02	1.924342642727163918e-02	2.020388699497275078e-02	8.117990535970048133e-03	9.390871979871087336e-03
1.015931744867609581e+02	5.754554284139947740e-01	3.408582747534432689e-01	3.993478665286302742e-02	2.025378131068598930e-02	2.075358292774740973e-02	8.317237224195594275e-03	9.798624868572582483e-03
1.064309447004162337e+02	5.720121782475060535e-01	3.404429045831613432e-01	4.164049426485471467e-02	2.126299058991576452e-02	2.129055720569429308e-02	8.517997575760861972e-03	1.020459368460973140e-02
1.112687149140715235e+02	5.687768546263545222e-01	3.398474972003996397e-01	4.333162071935336979e-02	2.227089863196906119e-02	2.181597367656887623e-02	8.719919992901677130e-03	1.060895130395561776e-02
1.161064851277267991e+02	5.657141367005370514e-01	3.391060073636400496e-01	4.500887364449746020e-02	2.327733099861225771e-02	2.233083641740637310e-02	8.922690811822446555e-03	1.101184021498707345e-02
1.209442553413820747e+02	5.627950767128725440e-01	3.382462424281014735e-01	4.667286934637976392e-02	2.428210030399400449e-02	2.283601549802196859e-02	9.126034286648793126e-03	1.141337757548418520e-02
1.257820255550373645e+02	5.599959477919079776e-01	3.372909738896698872e-01	4.832414481046930915e-02	2.528501135262758992e-02	2.333226821692341649e-02	9.329710619446839048e-03	1.181365947045764052e-02
1.306197957686926259e+02	5.572973000854720693e-01	3.362588479549069032e-01	4.996316852142192177e-02	2.628586549613544029e-02	2.382025664380493096e-02	9.533512967101923780e-03	1.221276448265955911e-02
1.354575659823479441e+02	5.546831875585170879e-01	3.351651314751802335e-01	5.159035005761954118e-02	2.728446422349511263e-02	2.430056214393793920e-02	9.737264015738475442e-03	1.261075667701424055e-02
1.402953361960032339e+02	5.521405345935258557e-01	3.340223230123423037e-01	5.320604849697634087e-02	2.828061204184821598e-02	2.477369743219891632e-02	9.940812485960308711e-03	1.300768808865059196e-02
1.451331064096584669e+02	5.496586171134411059e-01	3.328406534209701340e-01	5.481057971523714545e-02	2.927411872549957883e-02	2.524011660175987104e-02	1.014402978184674592e-02	1.340360079274800255e-02
1.499708766233137851e+02	5.472286375190035246e-01	3.316284959230688667e-01	5.640422267978574544e-02	3.026480101775416709e-02	2.570022348958179992e-02	1.034680689870431415e-02	1.379852862360405295e-02
1.548086468369690749e+02	5.448433764772914190e-01	3.303927020393051528e-01	5.798722484937339494e-02	3.125248386915663312e-02	2.615437867383234652e-02	1.054905164204932716e-02	1.419249860049424938e-02
1.596464170506243647e+02	5.424969076657928380e-01	3.291388767820929706e-01	5.955980678884030544e-02	3.223700129007209259e-02	2.660290534406126173e-02	1.075068617150233899e-02	1.458553210914065312e-02
1.644841872642796261e+02	5.401843640890841014e-01	3.278716040921000885e-01	6.112216610157118063e-02	3.321819688766128320e-02	2.704609424092127914e-02	1.095164486021621073e-02	1.497764587994826480e-02
1.693219574779349159e+02	5.379017466434791173e-01	3.265946315142322365e-01	6.267448077352508196e-02	3.419592414858898394e-02	2.748420782643401852e-02	1.115187244769083943e-02	1.536885279755207008e-02
1.741597276915902057e+02	5.356457672910841517e-01	3.253110214826444579e-01	6.421691201274555560e-02	3.517004652012324650e-02	2.791748381668367890e-02	1.135132245766420564e-02	1.575916257055716418e-02
1.789974979052454671e+02	5.334137205858524577e-01	3.240232752519023318e-01	6.574960665823421924e-02	3.614043733412424658e-02	2.834613818510430677e-02	1.154995585073678027e-02	1.614858228554805208e-02
1.838352681189008138e+02	5.312033784256431357e-01	3.227334344199023763e-01	6.727269922251088996e-02	3.710697961103450598e-02	2.877036772518594757e-02	1.174773988183881908e-02	1.653711686538669734e-02
1.886730383325560467e+02	5.290129038311033316e-01	3.214431640939934276e-01	6.878631362338155641e-02	3.806956577446634488e-02	2.919035224563789124e-02	1.194464713450792137e-02	1.692476944841182426e-02
1.935108085462113081e+02	5.268407803114298904e-01	3.201538210192457767e-01	7.029056465252382646e-02	3.902809730134298299e-02	2.960625645814753473e-02	1.214065470651045503e-02	1.731154170230178244e-02
1.983485787598666263e+02	5.246857539990160690e-01	3.188665093877489642e-01	7.178555922150871293e-02	3.998248432774190869e-02	3.001823160732359705e-02	1.233574352417651267e-02	1.769743408398643733e-02
2.031863489735219162e+02	5.225467862444829192e-01	3.175821265562523976e-01	7.327139741977771459e-02	4.093264522653898563e-02	3.042641688377611259e-02	1.252989776565708278e-02	1.808244605501697216e-02
2.080241191871772060e+02	5.204230147809701945e-01	3.163014004967645287e-01	7.474817341382210267e-02	4.187850616957349698e-02	3.083094065420954530e-02	1.272310437600033921e-02	1.846657626016199802e-02
2.128618894008324673e+02	5.183137219084709146e-01	3.150249204748393206e-01	7.621597621228717867e-02	4.282000068426167899e-02	3.123192153660194620e-02	1.291535265940146199e-02	1.884982267563975120e-02
2.176996596144877287e+02	5.162183084290834501e-01	3.137531621800338510e-01	7.767489031786491138e-02	4.375706921229558649e-02	3.162946934377906805e-02	1.310663393617321829e-02	1.923218273227222594e-02
2.225374298281430470e+02	5.141362722935078899e-01	3.124865083116332709e-01	7.912499628355904036e-02	4.468965867619861809e-02	3.202368591477720156e-02	1.329694125390767576e-02	1.961365341791864586e-02
2.273752000417983652e+02	5.120671911070764359e-01	3.112252654413813491e-01	8.056637118813113341e-02	4.561772205800146418e-02	3.241466585016791052e-02	1.348626914396440848e-02	1.999423136277965127e-02
2.322129702554535982e+02	5.100107077975910563e-01	3.099696778263831276e-01	8.199908904319179459e-02	4.654121799309183377e-02	3.280249716486514922e-02	1.367461341584786869e-02	2.037391291053157472e-02
2.370507404691088880e+02	5.079665188733819559e-01	3.087199387236378989e-01	8.342322114242660402e-02	4.746011038132780246e-02	3.318726186974760989e-02	1.386197098325086911e-02	2.075269417772977049e-02
2.418885106827641494e+02	5.059343648033387542e-01	3.074761996579548629e-01	8.483883636178383980e-02	4.837436801674330211e-02	3.356903649162269743e-02	1.404833971656799935e-02	2.113057110349104636e-02
2.467262808964194392e+02	5.039140221353186622e-01	3.062385780133266566e-01	8.624600141805507936e-02	4.928396423657881165e-02	3.394789253956431718e-02	1.423371831754682675e-02	2.150753949111223334e-02
2.515640511100747290e+02	5.019052970386842505e-01	3.050071632509230857e-01	8.764478109210598056e-02	5.018887658990960760e-02	3.432389692441899925e-02	1.441810621246929908e-02	2.188359504299138003e-02
2.564018213237300188e+02	4.999080200135361252e-01	3.037820220020561734e-01	8.903523842203059369e-02	5.108908652579222803e-02	3.469711233724737803e-02	1.460150346086120689e-02	2.225873338997894080e-02
2.612395915373852517e+02	4.979220415557439883e-01	3.025632022395612353e-01	9.041743487067580021e-02	5.198457910058572329e-02	3.506759759161397899e-02	1.478391067723239943e-02	2.263295011608950150e-02
2.660773617510405415e+02	4.959472286050072842e-01	3.013507366942562160e-01	9.179143047128902888e-02	5.287534270391072710e-02	3.543540793392602889e-02	1.496532896377064659e-02	2.300624077934270914e-02
2.709151319646958882e+02	4.939834616344087048e-01	3.001446456530051932e-01	9.315728395446015719e-02	5.376136880257140205e-02	3.580059532542743950e-02	1.514575985226099611e-02	2.337860092936882433e-02
2.757529021783511780e+02	4.920306322655108588e-01	2.989449392502276370e-01	9.451505285903986919e-02	5.464265170167174196e-02	3.616320869895568030e-02	1.532520525379235665e-02	2.375002612230461482e-02
2.805906723920064678e+02	4.900886413140085884e-01	2.977516193444705861e-01	9.586479362930569459e-02	5.551918832209849081e-02	3.652329419315118036e-02	1.550366741505323186e-02	2.412051193341498492e-02
2.854284426056617008e+02	4.881573971881177365e-01	2.965646810550963131e-01	9.720656170030224363e-02	5.639097799351116408e-02	3.688089536645603600e-02	1.568114888021773443e-02	2.449005396780138885e-02
2.902662128193169337e+02	4.862368145759526361e-01	2.953841140205649696e-01	9.854041157299077425e-02	5.725802226196790440e-02	3.723605339294138589e-02	1.585765245758813391e-02	2.485864786949679509e-02
2.951039830329722804e+02	4.843268133696637112e-01	2.942099034286754788e-01	9.986639688059986697e-02	5.812032471132050349e-02	3.758880724174975402e-02	1.603318119029685865e-02	2.522628932919639827e-02
2.999417532466276270e+02	4.824273177835521897e-01	2.930420308600208412e-01	1.011845704473615520e-01	5.897789079752791680e-02	3.793919384172413090e-02	1.620773833048435100e-02	2.559297409083167649e-02
3.047795234602828600e+02	4.805382556311087461e-01	2.918804749784517649e-01	1.024949843406443573e-01	5.983072769506213306e-02	3.828724823261168281e-02	1.638132731646311027e-02	2.595869795716089154e-02
3.096172936739380930e+02	4.786595577322609318e-01	2.907252120962338648e-01	1.037976899173472245e-01	6.067884415461098635e-02	3.863300370407263956e-02	1.655395175245624392e-02	2.632345679452082615e-02
3.144550638875934396e+02	4.767911574273046016e-01	2.895762166365727919e-01	1.050927378652941890e-01	6.152225037131729690e-02	3.897649192358931813e-02	1.672561539056365357e-02	2.668724653686090770e-02
3.192928341012487294e+02	4.749329901782458063e-01	2.884334615120843215e-01	1.063801782402645918e-01	6.236095786283077369e-02	3.931774305425297239e-02	1.689632211466274986e-02	2.705006318916156061e-02
3.241306043149040192e+02	4.730849932417631742e-01	2.872969184344250637e-01	1.076600604992042215e-01	6.319497935648785147e-02	3.965678586330462219e-02	1.706607592599539841e-02	2.741190283032236830e-02
3.289683745285592522e+02	4.712471054008562366e-01	2.861665581675463255e-01	1.089324335300871222e-01	6.402432868497351381e-02	3.999364782221700998e-02	1.723488093023013701e-02	2.777276161559237913e-02
3.338061447422145420e+02	4.694192667445797884e-01	2.850423507347807361e-01	1.101973456788333666e-01	6.484902068985790025e-02	4.032835519902743665e-02	1.740274132581982186e-02	2.813263577860361520e-02
3.386439149558698318e+02	4.676014184871834511e-01	2.839242655881239474e-01	1.114548447736332798e-01	6.566907113243845850e-02	4.066093314356285932e-02	1.756966139350088496e-02	2.849152163305975621e-02
3.434816851695251216e+02	4.657935028195412941e-01	2.828122717465599845e-01	1.127049781469814521e-01	6.648449661135499844e-02	4.099140576613848064e-02	1.773564548680233235e-02	2.884941557412411955e-02
3.483194553831804114e+02	4.639954627870442327e-01	2.817063379090405384e-01	1.139477926556845128e-01	6.729531448648051750e-02	4.131979621025749783e-02	1.790069802345070626e-02	2.920631407954465963e-02
3.531572255968357013e+02	4.622072421891795235e-01	2.806064325467132470e-01	1.151833346990716461e-01	6.810154280862440457e-02	4.164612671979258524e-02	1.806482347757289858e-02	2.956221371054832889e-02
3.579949958104909342e+02	4.604287854968853178e-01	2.795125239781618420e-01	1.164116502356079830e-01	6.890320025461652009e-02	4.197041870108686457e-02	1.822802637261151590e-02	2.991711111253262181e-02
3.628327660241463377e+02	4.586600377844743393e-01	2.784245804307401984e-01	1.176327847980855462e-01	6.970030606737119550e-02	4.229269278037459806e-02	1.839031127487865055e-02	3.027100301557819617e-02
3.676705362378016275e+02	4.569009446735004532e-01	2.773425700905249314e-01	1.188467835075446705e-01	7.049288000055865810e-02	4.261296885688747177e-02	1.855168278768313042e-02	3.062388623480345046e-02
3.725083064514568036e+02	4.551514522864158474e-01	2.762664611429533901e-01	1.200536910860602324e-01	7.128094226753814433e-02	4.293126615198179785e-02	1.871214554597439364e-02	3.097575767057903287e-02
3.773460766651120935e+02	4.534115072082555709e-01	2.751962218058393028e-01	1.212535518685107228e-01	7.206451349423219355e-02	4.324760325459411914e-02	1.887170421145284785e-02	3.132661430861807816e-02
3.821838468787673833e+02	4.516810564549043061e-01	2.741318203561534106e-01	1.224464098134341455e-01	7.284361467564515191e-02	4.356199816330758035e-02	1.903036346810241947e-02	3.167645321995594260e-02
3.870216170924226162e+02	4.499600474467607136e-01	2.730732251517029030e-01	1.236323085130626165e-01	7.361826713575052306e-02	4.387446832528863611e-02	1.918812801810603624e-02	3.202527156083150722e-02
3.918593873060780197e+02	4.482484279868306221e-01	2.720204046486398020e-01	1.248112912026171362e-01	7.438849249049266088e-02	4.418503067233278681e-02	1.934500257810908841e-02	3.237306657248083946e-02
3.966971575197332527e+02	4.465461462424513694e-01	2.709733274155586846e-01	1.259834007689343005e-01	7.515431261366692373e-02	4.449370165423939538e-02	1.950099187579966420e-02	3.271983558085253541e-02
4.015349277333884856e+02	4.448531507299979815e-01	2.699319621448069140e-01	1.271486797584893413e-01	7.591574960546018658e-02	4.480049726971771507e-02	1.965610064677759949e-02	3.306557599625316313e-02
4.063726979470438323e+02	4.431693903020353931e-01	2.688962776615165806e-01	1.283071703848722156e-01	7.667282576344987277e-02	4.510543309501127002e-02	1.981033363168731298e-02	3.341028531293033926e-02
4.112104681606991221e+02	4.414948141364793410e-01	2.678662429307765436e-01	1.294589145357678828e-01	7.742556355587502936e-02	4.540852431041245141e-02	1.996369557359176788e-02	3.375396110860000992e-02
4.160482383743544119e+02	4.398293717274075476e-01	2.668418270632850198e-01	1.306039537794859984e-01	7.817398559700697303e-02	4.570978572482638919e-02	2.011619121556721540e-02	3.409660104392388952e-02
4.208860085880095880e+02	4.381730128772259869e-01	2.658229993197629981e-01	1.317423293710807131e-01	7.891811462445992575e-02	4.600923179853073919e-02	2.026782529850023121e-02	3.443820286194249763e-02
4.257237788016648778e+02	4.365256876899498151e-01	2.648097291143561849e-01	1.328740822580972702e-01	7.965797347829407793e-02	4.630687666426686749e-02	2.041860255907033614e-02	3.477876438746854704e-02
4.305615490153201677e+02	4.348873465654006232e-01	2.638019860172139408e-01	1.339992530859778763e-01	8.039358508177525675e-02	4.660273414678749865e-02	2.056852772790297018e-02	3.511828352644497109e-02
4.353993192289755143e+02	4.332579401941581976e-01	2.627997397563964777e-01	1.351178822031564586e-01	8.112497242366482897e-02	4.689681778097651299e-02	2.071760552787900445e-02	3.545675826527164981e-02
4.402370894426308041e+02	4.316374195531336722e-01	2.618029602192367689e-01	1.362300096658690118e-01	8.185215854192370855e-02	4.718914082864765491e-02	2.086584067258812764e-02	3.579418667010424160e-02
4.450748596562860939e+02	4.300257359016545489e-01	2.608116174532585929e-01	1.373356752427032645e-01	8.257516650872276376e-02	4.747971629412101047e-02	2.101323786491461620e-02	3.613056688612840267e-02
4.499126298699413837e+02	4.284228407779727688e-01	2.598256816667348090e-01	1.384349184189093973e-01	8.329401941666049469e-02	4.776855693866854241e-02	2.115980179574494108e-02	3.646589713681230166e-02
4.547504000835967304e+02	4.268286859961216706e-01	2.588451232289535331e-01	1.395277784004916311e-01	8.400874036609576323e-02	4.805567529391301801e-02	2.130553714278752425e-02	3.680017572314010776e-02
4.595881702972519065e+02	4.252432236430619961e-01	2.578699126702488909e-01	1.406142941180981709e-01	8.471935245351107369e-02	4.834108367425857949e-02	2.145044856949584328e-02	3.713340102282877003e-02
4.644259405109071963e+02	4.236664060760670925e-01	2.569000206818405907e-01	1.416945042307257152e-01	8.542587876082773091e-02	4.862479418842504536e-02	2.159454072408673736e-02	3.746557148953043315e-02
4.692637107245624861e+02	4.220981859203071229e-01	2.559354181155207297e-01	1.427684471292534063e-01	8.612834234560048929e-02	4.890681875015276403e-02	2.173781823864645579e-02	3.779668565202241870e-02
4.741014809382177759e+02	4.205385160665984778e-01	2.549760759832170320e-01	1.438361609398192131e-01	8.682676623202473243e-02	4.918716908813988709e-02	2.188028572831761387e-02	3.812674211338649977e-02
4.789392511518730657e+02	4.189873496692906318e-01	2.540219654564583873e-01	1.448976835270510410e-01	8.752117340269424672e-02	4.946585675526909281e-02	2.202194779056071416e-02	3.845573955017937695e-02
4.837770213655284124e+02	4.174446401442691856e-01	2.530730578657612306e-01	1.459530524971637822e-01	8.821158679105244038e-02	4.974289313717675937e-02	2.216280900448450164e-02	3.878367671159561880e-02
4.886147915791837022e+02	4.159103411670548311e-01	2.521293246999546933e-01	1.470023052009319653e-01	8.889802927448410552e-02	5.001828946021347894e-02	2.230287393023973677e-02	3.911055241862467641e-02
4.934525617928388783e+02	4.143844066709841401e-01	2.511907376054569041e-01	1.480454787365478309e-01	8.958052366799895694e-02	5.029205679884111296e-02	2.244214710847147048e-02	3.943636556320306852e-02
4.982903320064942250e+02	4.128667908454590751e-01	2.502572683855133762e-01	1.490826099523726578e-01	9.025909271846160875e-02	5.056420608250836168e-02	2.258063305982534880e-02	3.976111510736306254e-02
5.031281022201495148e+02	4.113574481342553990e-01	2.493288889994062507e-01	1.501137354495893639e-01	9.093375909932646661e-02	5.083474810204358790e-02	2.271833628450367279e-02	4.008480008237877423e-02
5.079658724338048046e+02	4.098563332338804877e-01	2.484055715616417803e-01	1.511388915847635683e-01	9.160454540583889971e-02	5.110369351560065804e-02	2.285526126186743223e-02	4.040741958791070620e-02
5.128036426474600376e+02	4.083634010919745538e-01	2.474872883411212421e-01	1.521581144723192780e-01	9.227147415066697111e-02	5.137105285419114181e-02	2.299141245008065951e-02	4.072897279114966185e-02
5.176414128611153274e+02	4.068786069057486188e-01	2.465740117603006099e-01	1.531714399869351928e-01	9.293456775993093333e-02	5.163683652683338787e-02	2.312679428579393626e-02	4.104945892596079116e-02
5.224791830747705035e+02	4.054019061204547913e-01	2.456657143943420107e-01	1.541789037658673756e-01	9.359384856959980514e-02	5.190105482534707743e-02	2.326141118386389553e-02	4.136887729202847613e-02
5.273169532884259070e+02	4.039332544278849690e-01	2.447623689702603245e-01	1.551805412112028937e-01	9.424933882222716330e-02	5.216371792881934616e-02	2.339526753710598900e-02	4.168722725400283297e-02
5.321547235020811968e+02	4.024726077648940747e-01	2.438639483660672291e-01	1.561763874920491513e-01	9.490106066399989215e-02	5.242483590776697566e-02	2.352836771607791019e-02	4.200450824064830280e-02
5.369924937157364866e+02	4.010199223119459977e-01	2.429704256099147752e-01	1.571664775466634079e-01	9.554903614207597984e-02	5.268441872801704617e-02	2.366071606889127987e-02	4.232071974399505970e-02
5.418302639293917764e+02	3.995751544916791853e-01	2.420817738792395424e-01	1.581508460845259534e-01	9.619328720218901785e-02	5.294247625432687426e-02	2.379231692104937651e-02	4.263586131849358973e-02
5.466680341430470662e+02	3.981382609674900541e-01	2.411979664999092388e-01	1.591295275883607696e-01	9.683383568649898965e-02	5.319901825376266435e-02	2.392317457530889965e-02	4.294993258017296839e-02
5.515058043567023560e+02	3.967091986421328320e-01	2.403189769453719371e-01	1.601025563161069809e-01	9.747070333167018319e-02	5.345405439885448501e-02	2.405329331156382672e-02	4.326293320580329449e-02
5.563435745703576458e+02	3.952879246563348326e-01	2.394447788358093632e-01	1.610699663028440087e-01	9.810391176715886619e-02	5.370759427054424412e-02	2.418267738674968748e-02	4.357486293206256495e-02
5.611813447840129356e+02	3.938743963874249410e-01	2.385753459372941532e-01	1.620317913626733441e-01	9.873348251369426509e-02	5.395964736094186615e-02	2.431133103476658397e-02	4.388572155470844838e-02
5.660191149976681118e+02	3.924685714479756449e-01	2.377106521609521350e-01	1.629880650905594086e-01	9.935943698193797080e-02	5.421022307590377814e-02	2.443925846641950214e-02	4.419550892775520046e-02
5.708568852113234016e+02	3.910704076844569999e-01	2.368506715621293557e-01	1.639388208641320288e-01	9.998179647130793490e-02	5.445933073744686076e-02	2.456646386937452048e-02	4.450422496265592914e-02
5.756946554249786914e+02	3.896798631759020859e-01	2.359953783395644933e-01	1.648840918454528015e-01	1.006005821689540669e-01	5.470697958600990313e-02	2.469295140812965278e-02	4.481186962749068164e-02
5.805324256386339812e+02	3.882968962325831774e-01	2.351447468345665981e-01	1.658239109827469027e-01	1.012158151488738028e-01	5.495317878257377497e-02	2.481872522399915584e-02	4.511844294616030454e-02
5.853701958522892710e+02	3.869214653946987381e-01	2.342987515301983847e-01	1.667583110121028944e-01	1.018275163711564041e-01	5.519793741065063403e-02	2.494378943511020921e-02	4.542394499758651422e-02
5.902079660659445608e+02	3.855535294310697414e-01	2.334573670504650478e-01	1.676873244591418066e-01	1.024357066813461475e-01	5.544126447815191094e-02	2.506814813641094000e-02	4.572837591491819842e-02
5.950457362795999643e+02	3.841930473378463162e-01	2.326205681595085728e-01	1.686109836406572693e-01	1.030404068099147891e-01	5.568316891914371763e-02	2.519180539968890464e-02	4.603173588474421263e-02
5.998835064932552541e+02	3.828399783372229970e-01	2.317883297608077930e-01	1.695293206662282781e-01	1.036416373718347800e-01	5.592365959549808890e-02	2.531476527359913936e-02	4.633402514631272673e-02
6.047212767069104302e+02	3.814942818761634102e-01	2.309606268963836917e-01	1.704423674398055644e-01	1.042394188662452426e-01	5.616274529844753061e-02	2.543703178370099530e-02	4.663524399075731630e-02
6.095590469205657200e+02	3.801559176251335104e-01	2.301374347460106717e-01	1.713501556612735677e-01	1.048337716762031968e-01	5.640043475004998669e-02	2.555860893250302274e-02	4.693539276032983321e-02
6.143968171342210098e+02	3.788248454768432527e-01	2.293187286264327107e-01	1.722527168279883725e-01	1.054247160685132662e-01	5.663673660457066439e-02	2.567950069951525222e-02	4.723447184764024975e-02
6.192345873478761860e+02	3.775010255449968710e-01	2.285044839905853720e-01	1.731500822362935232e-01	1.060122721936296308e-01	5.687165944978680304e-02	2.579971104130817511e-02	4.753248169490344871e-02
6.240723575615315895e+02	3.761844181630508710e-01	2.276946764268228951e-01	1.740422829830139684e-01	1.065964600856241090e-01	5.710521180822089593e-02	2.591924389157795883e-02	4.782942279319313955e-02
6.289101277751868793e+02	3.748749838829804615e-01	2.268892816581507543e-01	1.749293499669296592e-01	1.071772996622153140e-01	5.733740213830758325e-02	2.603810316121724089e-02	4.812529568170278299e-02
6.337478979888421691e+02	3.735726834740537017e-01	2.260882755414631295e-01	1.758113138902295258e-01	1.077548107248536419e-01	5.756823883549896936e-02	2.615629273839107510e-02	4.842010094701378747e-02
6.385856682024975726e+02	3.722774779216130314e-01	2.252916340667857342e-01	1.766882052599463016e-01	1.083290129588575651e-01	5.779773023331273574e-02	2.627381648861758234e-02	4.871383922237084579e-02
6.434234384161527487e+02	3.709893284258648505e-01	2.244993333565235838e-01	1.775600543893738059e-01	1.088999259335969583e-01	5.802588460432721307e-02	2.639067825485285138e-02	4.900651118696451591e-02
6.482612086298080385e+02	3.697081964006765364e-01	2.237113496647137878e-01	1.784268913994661587e-01	1.094675691027194864e-01	5.825271016112713168e-02	2.650688185757970813e-02	4.929811756522104599e-02
6.530989788434633283e+02	3.684340434723802904e-01	2.229276593762830605e-01	1.792887462202208682e-01	1.100319618044165310e-01	5.847821505720362384e-02	2.662243109489998566e-02	4.958865912609945747e-02
6.579367490571185044e+02	3.671668314785852538e-01	2.221482390063105328e-01	1.801456485920454875e-01	1.105931232617250737e-01	5.870240738781160733e-02	2.673732974262999634e-02	4.987813668239589326e-02
6.627745192707737942e+02	3.659065224669958427e-01	2.213730651992946996e-01	1.809976280671088122e-01	1.111510725828626783e-01	5.892529519078770067e-02	2.685158155439888381e-02	5.016655109005518920e-02
6.676122894844290840e+02	3.646530786942377977e-01	2.206021147284256412e-01	1.818447140106772553e-01	1.117058287615924350e-01	5.914688644733130662e-02	2.696519026174951789e-02	5.045390324748978694e-02
6.724500596980843738e+02	3.634064626246913399e-01	2.198353644948615737e-01	1.826869356024363733e-01	1.122574106776154934e-01	5.936718908275151474e-02	2.707815957424176273e-02	5.074019409490576615e-02
6.772878299117396637e+02	3.621666369293305432e-01	2.190727915270099524e-01	1.835243218377986818e-01	1.128058370969884372e-01	5.958621096718219601e-02	2.719049317955780226e-02	5.102542461363622495e-02
6.821256001253949535e+02	3.609335644845706459e-01	2.183143729798132371e-01	1.843569015291977864e-01	1.133511266725635291e-01	5.980395991626744762e-02	2.730219474360935997e-02	5.130959582548177272e-02
6.869633703390502433e+02	3.597072083711214674e-01	2.175600861340392933e-01	1.851847033073692472e-01	1.138932979444494814e-01	6.002044369181949030e-02	2.741326791064653545e-02	5.159270879205824639e-02
6.918011405527055331e+02	3.584875318728479865e-01	2.168099083955755957e-01	1.860077556226187867e-01	1.144323693404909886e-01	6.023567000245085012e-02	2.752371630336813285e-02	5.187476461415153894e-02
6.966389107663608229e+02	3.572744984756369147e-01	2.160638172947284552e-01	1.868260867460778130e-01	1.149683591767651225e-01	6.044964650418262891e-02	2.763354352303326947e-02	5.215576443107960286e-02
7.014766809800161127e+02	3.560680718662713184e-01	2.153217904855262710e-01	1.876397247709471749e-01	1.155012856580930475e-01	6.066238080103039665e-02	2.774275314957413280e-02	5.243570942006146873e-02
7.063144511936714025e+02	3.548682159313101825e-01	2.145838057450270286e-01	1.884486976137288439e-01	1.160311668785654754e-01	6.087388044556934358e-02	2.785134874170968472e-02	5.271460079559334155e-02
7.111522214073266923e+02	3.536748947559755774e-01	2.138498409726298788e-01	1.892530330154461871e-01	1.165580208220804714e-01	6.108415293947988545e-02	2.795933383706026079e-02	5.299243980883169836e-02
7.159899916209819821e+02	3.524880726230461003e-01	2.131198741893912674e-01	1.900527585428530286e-01	1.170818653628921957e-01	6.129320573407522066e-02	2.806671195226281140e-02	5.326922774698333862e-02
7.208277618346371582e+02	3.513077140117565333e-01	2.123938835373448408e-01	1.908479015896318298e-01	1.176027182661697063e-01	6.150104623081186633e-02	2.817348658308682294e-02	5.354496593270235971e-02
7.256655320482924481e+02	3.501337835967041623e-01	2.116718472788254868e-01	1.916384893775810172e-01	1.181205971885642830e-01	6.170768178178435981e-02	2.827966120455068302e-02	5.381965572349400179e-02
7.305033022619478515e+02	3.489662462467609250e-01	2.109537437957976491e-01	1.924245489577918466e-01	1.186355196787847038e-01	6.191311969020510397e-02	2.838523927103843783e-02	5.409329851112528592e-02
7.353410724756030277e+02	3.478050670239926090e-01	2.102395515891873623e-01	1.932061072118151368e-01	1.191475031781791261e-01	6.211736721087035562e-02	2.849022421641688937e-02	5.436589572104246620e-02
7.401788426892584312e+02	3.466502111825835453e-01	2.095292492782183380e-01	1.939831908528178162e-01	1.196565650213229776e-01	6.232043155061316175e-02	2.859461945415286976e-02	5.463744881179517093e-02
7.450166129029136073e+02	3.455016441677680183e-01	2.088228155997521318e-01	1.947558264267297279e-01	1.201627224366120239e-01	6.252231986874412506e-02	2.869842837743066810e-02	5.490795927446722596e-02
7.498543831165690108e+02	3.443593316147673944e-01	2.081202294076318904e-01	1.955240403133806093e-01	1.206659925468597100e-01	6.272303927748065777e-02	2.880165435926956841e-02	5.517742863211410470e-02
7.546921533302243006e+02	3.432232393477336885e-01	2.074214696720303452e-01	1.962878587276277176e-01	1.211663923698983042e-01	6.292259684236561901e-02	2.890430075264132509e-02	5.544585843920691454e-02
7.595299235438793630e+02	3.420933333786990715e-01	2.067265154788013315e-01	1.970473077204741574e-01	1.216639388191831095e-01	6.312099958267569644e-02	2.900637089058763496e-02	5.571325028108293359e-02
7.643676937575347665e+02	3.409695799065313726e-01	2.060353460288350813e-01	1.978024131801778274e-01	1.221586487043992419e-01	6.331825447182037880e-02	2.910786808633747391e-02	5.597960577340253818e-02
7.692054639711900563e+02	3.398519453158955206e-01	2.053479406374177085e-01	1.985532008333515674e-01	1.226505387320702828e-01	6.351436843773193563e-02	2.920879563342430180e-02	5.624492656161259735e-02
7.740432341848452324e+02	3.387403961762211480e-01	2.046642787335938019e-01	1.992996962460543420e-01	1.231396255061685124e-01	6.370934836324700090e-02	2.930915680580302440e-02	5.650921432041617481e-02
7.788810043985006359e+02	3.376348992406755789e-01	2.039843398595331536e-01	2.000419248248736237e-01	1.236259255287262271e-01	6.390320108648013531e-02	2.940895485796674036e-02	5.677247075324849679e-02
7.837187746121558121e+02	3.365354214451434234e-01	2.033081036699010968e-01	2.007799118179993958e-01	1.241094552004476520e-01	6.409593340118997784e-02	2.950819302506317923e-02	5.703469759175920639e-02
7.885565448258112156e+02	3.354419299072113336e-01	2.026355499312323394e-01	2.015136823162894109e-01	1.245902308213210630e-01	6.428755205713822252e-02	2.960687452301083433e-02	5.729589659530071738e-02
7.933943150394665054e+02	3.343543919251588115e-01	2.019666585213085730e-01	2.022432612543262342e-01	1.250682685912309633e-01	6.447806376044186438e-02	2.970500254861473816e-02	5.755606955042275735e-02
7.982320852531219089e+02	3.332727749769547332e-01	2.013014094285396072e-01	2.029686734114659608e-01	1.255435846105697750e-01	6.466747517391913114e-02	2.980258027968184231e-02	5.781521827037289923e-02
8.030698554667769713e+02	3.321970467192596477e-01	2.006397827513480003e-01	2.036899434128789932e-01	1.260161948808487531e-01	6.485579291742937791e-02	2.989961087513598459e-02	5.807334459460315734e-02
8.079076256804323748e+02	3.311271749864336811e-01	1.999817586975573824e-01	2.044070957305824665e-01	1.264861153053082332e-01	6.504302356820722275e-02	2.999609747513246744e-02	5.833045038828246071e-02
8.127453958940876646e+02	3.300631277895501037e-01	1.993273175837841082e-01	2.051201546844650392e-01	1.269533616895262562e-01	6.522917366119122817e-02	3.009204320117209869e-02	5.858653754181509382e-02
8.175831661077428407e+02	3.290048733154142258e-01	1.986764398348326854e-01	2.058291444433037465e-01	1.274179497420261653e-01	6.541424968934747564e-02	3.018745115621482983e-02	5.884160797036486895e-02
8.224209363213982442e+02	3.279523799255883998e-01	1.980291059830942557e-01	2.065340890257730544e-01	1.278798950748822327e-01	6.559825810398808854e-02	3.028232442479285996e-02	5.909566361338515483e-02
8.272587065350534203e+02	3.269056161554220741e-01	1.973852966679489063e-01	2.072350123014464196e-01	1.283392132043237044e-01	6.578120531508514779e-02	3.037666607312324019e-02	5.934870643415454672e-02
8.320964767487085965e+02	3.258645507130877861e-01	1.967449926351711176e-01	2.079319379917901056e-01	1.287959195513367627e-01	6.596309769158009706e-02	3.047047914921992284e-02	5.960073841931828875e-02
8.369342469623640000e+02	3.248291524786220408e-01	1.961081747363388750e-01	2.086248896711496714e-01	1.292500294422642415e-01	6.614394156168876271e-02	3.056376668300534588e-02	5.985176157843518502e-02
8.417720171760191761e+02	3.237993905029719621e-01	1.954748239282458888e-01	2.093138907677290772e-01	1.297015581094032866e-01	6.632374321320237687e-02	3.065653168642135454e-02	6.010177794353013803e-02
8.466097873896745796e+02	3.227752340070475512e-01	1.948449212723173118e-01	2.099989645645624903e-01	1.301505206916004076e-01	6.650250889378454822e-02	3.074877715353967200e-02	6.035078956865215505e-02
8.514475576033297557e+02	3.217566523807788292e-01	1.942184479340287040e-01	2.106801342004786526e-01	1.305969322348438932e-01	6.668024481126452740e-02	3.084050606067170394e-02	6.059879852943777373e-02
8.562853278169851592e+02	3.207436151821786430e-01	1.935953851823284944e-01	2.113574226710584203e-01	1.310408076928539778e-01	6.685695713392682260e-02	3.093172136647783649e-02	6.084580692267985841e-02
8.611230980306403353e+02	3.197360921364106878e-01	1.929757143890634685e-01	2.120308528295849204e-01	1.314821619276698161e-01	6.703265199079727621e-02	3.102242601207608891e-02	6.109181686590176019e-02
8.659608682442956251e+02	3.187340531348628048e-01	1.923594170284076421e-01	2.127004473879869906e-01	1.319210097102339607e-01	6.720733547192578317e-02	3.111262292115021463e-02	6.133683049693668815e-02
8.707986384579510286e+02	3.177374682342252732e-01	1.917464746762944094e-01	2.133662289177754301e-01	1.323573657209737020e-01	6.738101362866578958e-02	3.120231500005717085e-02	6.158084997351234713e-02
8.756364086716062047e+02	3.167463076555748214e-01	1.911368690098518286e-01	2.140282198509724509e-01	1.327912445503796612e-01	6.755369247395064114e-02	3.129150513793399480e-02	6.182387747284071033e-02
8.804741788852616082e+02	3.157605417834632999e-01	1.905305818068413481e-01	2.146864424810345229e-01	1.332226606995811358e-01	6.772537798256690611e-02	3.138019620680407296e-02	6.206591519121287814e-02
8.853119490989170117e+02	3.147801411650117953e-01	1.899275949450992262e-01	2.153409189637681964e-01	1.336516285809185023e-01	6.789607609142468692e-02	3.146839106168279609e-02	6.230696534359900923e-02
8.901497193125721878e+02	3.138050765090097394e-01	1.893278904019815856e-01	2.159916713182393200e-01	1.340781625185124559e-01	6.806579269982525326e-02	3.155609254068259678e-02	6.254703016325326159e-02
8.949874895262273640e+02	3.128353186850191259e-01	1.887314502538125771e-01	2.166387214276758177e-01	1.345022767488299464e-01	6.823453366972571932e-02	3.164330346511737280e-02	6.278611190132367403e-02
8.998252597398827675e+02	3.118708387224837231e-01	1.881382566753352914e-01	2.172820910403636951e-01	1.349239854212470613e-01	6.840230482600122286e-02	3.173002663960628605e-02	6.302421282646690492e-02
9.046630299535379436e+02	3.109116078098435043e-01	1.875482919391661396e-01	2.179218017705367161e-01	1.353433025986085780e-01	6.856911195670441217e-02	3.181626485217693007e-02	6.326133522446784896e-02
9.095008001671932334e+02	3.099575972936537971e-01	1.869615384152522319e-01	2.185578750992595576e-01	1.357602422577841861e-01	6.873496081332239327e-02	3.190202087436790068e-02	6.349748139786405565e-02
9.143385703808486369e+02	3.090087786777095946e-01	1.863779785703316705e-01	2.191903323753044974e-01	1.361748182902215443e-01	6.889985711103126242e-02	3.198729746133072843e-02	6.373265366557487321e-02
9.191763405945038130e+02	3.080651236221744749e-01	1.857975949673971450e-01	2.198191948160221065e-01	1.365870445024958690e-01	6.906380652894823780e-02	3.207209735193118638e-02	6.396685436253521373e-02
9.240141108081592165e+02	3.071266039427150152e-01	1.852203702651623596e-01	2.204444835082052523e-01	1.369969346168561641e-01	6.922681471038134859e-02	3.215642326884997348e-02	6.420008583933410617e-02
9.288518810218145063e+02	3.061931916096396478e-01	1.846462872175315406e-01	2.210662194089472454e-01	1.374045022717683140e-01	6.938888726307702870e-02	3.224027791868279424e-02	6.443235046185770420e-02
9.336896512354697961e+02	3.052648587470423447e-01	1.840753286730719696e-01	2.216844233464935476e-01	1.378097610224545133e-01	6.955002975946526778e-02	3.232366399203979307e-02	6.466365061093688749e-02
9.385274214491247449e+02	3.043415776319512434e-01	1.835074775744893749e-01	2.222991160210875949e-01	1.382127243414296158e-01	6.971024773690273624e-02	3.240658416364440575e-02	6.489398868199934556e-02
9.433651916627801484e+02	3.034233206934822125e-01	1.829427169581065160e-01	2.229103180058104594e-01	1.386134056190337915e-01	6.986954669791368977e-02	3.248904109243152399e-02	6.512336708472615809e-02
9.482029618764355519e+02	3.025100605119967478e-01	1.823810299533444035e-01	2.235180497474145433e-01	1.390118181639620476e-01	7.002793211042877830e-02	3.257103742164513954e-02	6.535178824271264952e-02
9.530407320900908417e+02	3.016017698182651974e-01	1.818223997822067395e-01	2.241223315671512784e-01	1.394079752037903353e-01	7.018540940802187045e-02	3.265257577893526664e-02	6.557925459313367067e-02
9.578785023037459041e+02	3.006984214926340382e-01	1.812668097587670502e-01	2.247231836615928846e-01	1.398018898854981040e-01	7.034198399014476855e-02	3.273365877645435101e-02	6.580576858641322413e-02
9.627162725174014213e+02	2.997999885641982054e-01	1.807142432886587602e-01	2.253206261034484681e-01	1.401935752759876919e-01	7.049766122236002241e-02	3.281428901095299888e-02	6.603133268589825300e-02
9.675540427310568248e+02	2.989064442099783059e-01	1.801646838685682095e-01	2.259146788423740393e-01	1.405830443626001902e-01	7.065244643657174473e-02	3.289446906387511610e-02	6.625594936753669006e-02
9.723918129447120009e+02	2.980177617541019952e-01	1.796181150857304731e-01	2.265053617057771196e-01	1.409703100536280340e-01	7.080634493125460838e-02	3.297420150145246448e-02	6.647962111955964259e-02
9.772295831583674044e+02	2.971339146669899622e-01	1.790745206174279847e-01	2.270926943996151859e-01	1.413553851788240945e-01	7.095936197168081772e-02	3.305348887479857972e-02	6.670235044216768494e-02
9.820673533720223531e+02	2.962548765645469651e-01	1.785338842304920737e-01	2.276766965091888417e-01	1.417382824899076077e-01	7.111150279014537279e-02	3.313233372000211341e-02	6.692413984722131448e-02
9.869051235856777566e+02	2.953806212073569193e-01	1.779961897808072235e-01	2.282573874999292429e-01	1.421190146610666616e-01	7.126277258618948784e-02	3.321073855821954357e-02	6.714499185793525171e-02
9.917428937993331601e+02	2.945111224998827049e-01	1.774614212128181323e-01	2.288347867181797501e-01	1.424975942894573522e-01	7.141317652682213635e-02	3.328870589576735789e-02	6.736490900857693143e-02
9.965806640129884499e+02	2.936463544896704692e-01	1.769295625590395771e-01	2.294089133919724743e-01	1.428740338956995815e-01	7.156271974673995839e-02	3.336623822421355690e-02	6.758389384416879642e-02
