0.000000000000000000e+00	1.013670017103526666e+00	1.870707537791090840e-13	4.064043056263246265e-13	7.005160148587443395e-13	4.477648211082901668e-13	2.596764489692618009e-13	6.126080283210984765e-14
4.837770213655283591e+00	9.402574852710325892e-01	6.660486820598010560e-02	2.167624686170732153e-03	1.092764577652195366e-03	2.390242821614413111e-03	9.030049093653347726e-04	2.540266337739102210e-04
9.675540427310567182e+00	8.796179396733653233e-01	1.209161723492793855e-01	4.316688629521527737e-03	2.133444929123878061e-03	4.453399611689781538e-03	1.685255053537852406e-03	5.471168590716103414e-04
1.451331064096584811e+01	8.294510414805598142e-01	1.651519645260241531e-01	6.442275740002839299e-03	3.137252522236903991e-03	6.247418341409092211e-03	2.367529094721655160e-03	8.725354006349034198e-04
1.935108085462113081e+01	7.878711736542300947e-01	2.011303838095810925e-01	8.541267307497563827e-03	4.115872114771791483e-03	7.819693930648500060e-03	2.966944128986892786e-03	1.224682159873470306e-03
2.418885106827641707e+01	7.533326690288945082e-01	2.303417584482621017e-01	1.061188919589913481e-02	5.078194128472916617e-03	9.209003127589637100e-03	3.497607224914866912e-03	1.598895951556235633e-03
2.902662128193169622e+01	7.245685193978468330e-01	2.540077084349653402e-01	1.265335936460977584e-02	6.030902398105648585e-03	1.044708437084316405e-02	3.971150379627913854e-03	1.991292759590750083e-03
3.386439149558698603e+01	7.005401350394797610e-01	2.731295922123181952e-01	1.466561488757689088e-02	6.978945091778195574e-03	1.155992767651264734e-02	4.397169820465413742e-03	2.398632377458232573e-03
3.870216170924226162e+01	6.803961623404397585e-01	2.885282187080436822e-01	1.664910179979549321e-02	7.925911343503700204e-03	1.256882770167693300e-02	4.783586816472129750e-03	2.818208395657682830e-03
4.353993192289755143e+01	6.634387263830515691e-01	3.008763995137245795e-01	1.860461445143320180e-02	8.874331866896380261e-03	1.349124341426976258e-02	5.136944077666903349e-03	3.247757398546965383e-03
4.837770213655283413e+01	6.490957598112057081e-01	3.107256320895132040e-01	2.053317374490359892e-02	9.825918347008527273e-03	1.434149985195731954e-02	5.462649289422962136e-03	3.685383971578014197e-03
5.321547235020811684e+01	6.368983206480932635e-01	3.185279721380093187e-01	2.243593579599863219e-02	1.078175358697865301e-02	1.513136095624544042e-02	5.765175254139578293e-03	4.129498726124442368e-03
5.805324256386339954e+01	6.264619995822992005e-01	3.246539625129499229e-01	2.431412429848235288e-02	1.174244209617397380e-02	1.587049715832027086e-02	6.048224410676414364e-03	4.578767046687233153e-03
6.289101277751868224e+01	6.174716794115934215e-01	3.294073296470130807e-01	2.616898126491106966e-02	1.270822894807219564e-02	1.656686705375103735e-02	6.314864106498172154e-03	5.032066673750317659e-03
6.772878299117397205e+01	6.096690422675056231e-01	3.330370302964600349e-01	2.800173193174063449e-02	1.367909322871810676e-02	1.722702895722189043e-02	6.567637852998732713e-03	5.488452570944339116e-03
7.256655320482924765e+01	6.028423292101273701e-01	3.357471263251351479e-01	2.981356050812467365e-02	1.465482117460540669e-02	1.785639523117385496e-02	6.808656855836190715e-03	5.947127800586807754e-03
7.740432341848452324e+01	5.968179461027801613e-01	3.377048791196520794e-01	3.160559415896405794e-02	1.563506310883689895e-02	1.845943991524057540e-02	7.039675342252704054e-03	6.407419357863105604e-03
8.224209363213981305e+01	5.914535828923309646e-01	3.390473846258118540e-01	3.337889317911051090e-02	1.661937748289369146e-02	1.903986824982767737e-02	7.262152575892036332e-03	6.868758099722933885e-03
8.707986384579510286e+01	5.866325734365454014e-01	3.398870121236317043e-01	3.513444576572277017e-02	1.760726468287526075e-02	1.960075510793054393e-02	7.477303931652494115e-03	7.330662057231461699e-03
9.191763405945040688e+01	5.822592722149186883e-01	3.403158624198319715e-01	3.687316615267367814e-02	1.859819273483305849e-02	2.014465805955910002e-02	7.686142978200081674e-03	7.792722545573122460e-03
9.675540427310566827e+01	5.782552645848390016e-01	3.404094222509937984e-01	3.859589515319612751e-02	1.959161662036236484e-02	2.067370973999646533e-02	7.889516167170958563e-03	8.254592589030974870e-03
1.015931744867609581e+02	5.745562602998615098e-01	3.402295598158361356e-01	4.030340237960509248e-02	2.058699257187307854e-02	2.118969333327660673e-02	8.088131442084166289e-03	8.715977263053033969e-03
1.064309447004162337e+02	5.711095471021480074e-01	3.398269802271279283e-01	4.199638958398717314e-02	2.158378844143083591e-02	2.169410428033922630e-02	8.282581845307838281e-03	9.176625625248620993e-03
1.112687149140715235e+02	5.678719034112514885e-01	3.392432382565425675e-01	4.367549470089148594e-02	2.258149101515171536e-02	2.218820074838444636e-02	8.473365008844333315e-03	9.636323964523546559e-03
1.161064851277267991e+02	5.648078873371774611e-01	3.385123881899442244e-01	4.534129628005874324e-02	2.357961096661928546e-02	2.267304493036558302e-02	8.660899256653255621e-03	1.009489014477110182e-02
1.209442553413820747e+02	5.618884341689891482e-01	3.376623362199934753e-01	4.699431808032283886e-02	2.457768599936865916e-02	2.314953686200697108e-02	8.845536916509791001e-03	1.055216885839866184e-02
1.257820255550373645e+02	5.590897067229662065e-01	3.367159490068952765e-01	4.863503366000147127e-02	2.557528261341255812e-02	2.361844213242923068e-02	9.027575332909865830e-03	1.100802763697488092e-02
1.306197957686926259e+02	5.563921529615583061e-01	3.356919623688062182e-01	5.026387084834956637e-02	2.657199683860555703e-02	2.408041461050928686e-02	9.207265985109737774e-03	1.146235349265079841e-02
1.354575659823479441e+02	5.537797335137574217e-01	3.346057261374311698e-01	5.188121602016675105e-02	2.756745420392778603e-02	2.453601510196081956e-02	9.384822042603060965e-03	1.191505008574246689e-02
1.402953361960032339e+02	5.512392884649772729e-01	3.334698147173567606e-01	5.348741812396527739e-02	2.856130915293180264e-02	2.498572668318620529e-02	9.560424631386156558e-03	1.236603533178594859e-02
1.451331064096584669e+02	5.487600183072686155e-01	3.322945275620531880e-01	5.508279243523520746e-02	2.955324406873358414e-02	2.542996732019503492e-02	9.734228035939880563e-03	1.281523937616382662e-02
1.499708766233137851e+02	5.463330584677169588e-01	3.310882994140346147e-01	5.666762402189117614e-02	3.054296803469255805e-02	2.586910026856713285e-02	9.906364022075852399e-03	1.326260287661098179e-02
1.548086468369690749e+02	5.439511305436948163e-01	3.298580365782869950e-01	5.824217092021572589e-02	3.153021542741860084e-02	2.630344265887372968e-02	1.007694543310684934e-02	1.370807554399251955e-02
1.596464170506243647e+02	5.416082564154197643e-01	3.286093925648550518e-01	5.980666702752925751e-02	3.251474441543350524e-02	2.673327259733303610e-02	1.024606918493539687e-02	1.415161490008324911e-02
1.644841872642796261e+02	5.392995238996429741e-01	3.273469940320936633e-01	6.136132472320256215e-02	3.349633541846355755e-02	2.715883505064381476e-02	1.041381876356854697e-02	1.459318521797409347e-02
1.693219574779349159e+02	5.370208946521163318e-01	3.260746259912090661e-01	6.290633723310248837e-02	3.447478956795264199e-02	2.758034673436372819e-02	1.058026631040537638e-02	1.503275661643957255e-02
1.741597276915902057e+02	5.347690467018271221e-01	3.247953836171634245e-01	6.444188075460607901e-02	3.544992719815773935e-02	2.799800018379940830e-02	1.074547436570524872e-02	1.547030428433027183e-02
1.789974979052454671e+02	5.325412453732767393e-01	3.235117966867414041e-01	6.596811636030952553e-02	3.642158638847643737e-02	2.841196715345541135e-02	1.090949732835341975e-02	1.590580781497640331e-02
1.838352681189008138e+02	5.303352374787698720e-01	3.222259315790614309e-01	6.748519169878450241e-02	3.738962157093966149e-02	2.882240146426604671e-02	1.107238267992386588e-02	1.633925063384402201e-02
1.886730383325560467e+02	5.281491645854176076e-01	3.209394748840072586e-01	6.899324251041973055e-02	3.835390221166656149e-02	2.922944139597865795e-02	1.123417201270920582e-02	1.677061950539039670e-02
1.935108085462113081e+02	5.259814919179329751e-01	3.196538019346774617e-01	7.049239397570025711e-02	3.931431157118866343e-02	2.963321170424917245e-02	1.139490189452613440e-02	1.719990410731472505e-02
1.983485787598666263e+02	5.238309500783020489e-01	3.183700329820721153e-01	7.198276191234949384e-02	4.027074554564103598e-02	3.003382532750040537e-02	1.155460459745052959e-02	1.762709666227379318e-02
2.031863489735219162e+02	5.216964872716359780e-01	3.170890792401535041e-01	7.346445383668634421e-02	4.122311158867596886e-02	3.043138483676893422e-02	1.171330871297458082e-02	1.805219161869409117e-02
2.080241191871772060e+02	5.195772301441058394e-01	3.158116806276919930e-01	7.493756990340345869e-02	4.217132771241039607e-02	3.082598367212906545e-02	1.187103967223310415e-02	1.847518537361550472e-02
2.128618894008324673e+02	5.174724516803446139e-01	3.145384367040129359e-01	7.640220373680398080e-02	4.311532156463691867e-02	3.121770720142663658e-02	1.202782018677246191e-02	1.889607603159167495e-02
2.176996596144877287e+02	5.153815448876218897e-01	3.132698320258344715e-01	7.785844316538079180e-02	4.405502957880354925e-02	3.160663363064962483e-02	1.218367062271479354e-02	1.931486319458422529e-02
2.225374298281430470e+02	5.133040012235461358e-01	3.120062569311244927e-01	7.930637087050915190e-02	4.499039619281414160e-02	3.199283479003806052e-02	1.233860931900447079e-02	1.973154777855292211e-02
2.273752000417983652e+02	5.112393929121368252e-01	3.107480245745398717e-01	8.074606495896773095e-02	4.592137313245345936e-02	3.237637681577257287e-02	1.249265285863297541e-02	2.014613185308587046e-02
2.322129702554535982e+02	5.091873584472775827e-01	3.094953848903400084e-01	8.217759946801433957e-02	4.684791875514660031e-02	3.275732074360043072e-02	1.264581630025634305e-02	2.055861850095388327e-02
2.370507404691088880e+02	5.071475907089428858e-01	3.082485360368042437e-01	8.360104481082719641e-02	4.776999744977967338e-02	3.313572302791493313e-02	1.279811337639212045e-02	2.096901169492805528e-02
2.418885106827641494e+02	5.051198272211835372e-01	3.070076337762888685e-01	8.501646816928104533e-02	4.868757908840688070e-02	3.351163599747981892e-02	1.294955666336540002e-02	2.137731618958348123e-02
2.467262808964194392e+02	5.031038421657716420e-01	3.057727991631782882e-01	8.642393384026089698e-02	4.960063852582333177e-02	3.388510825708858365e-02	1.310015772732957620e-02	2.178353742613652749e-02
2.515640511100747290e+02	5.010994398350132606e-01	3.045441248448653715e-01	8.782350354102040624e-02	5.050915514317406985e-02	3.425618504289115046e-02	1.324992724998655218e-02	2.218768144863808925e-02
2.564018213237300188e+02	4.991064492642941497e-01	3.033216802258761891e-01	8.921523667846475991e-02	5.141311243198402187e-02	3.462490853784300215e-02	1.339887513704849688e-02	2.258975483007833254e-02
2.612395915373852517e+02	4.971247198316971483e-01	3.021055157001593661e-01	9.059919058667434411e-02	5.231249761521974961e-02	3.499131815268308188e-02	1.354701061199836166e-02	2.298976460715690742e-02
2.660773617510405415e+02	4.951541176503642672e-01	3.008956661195905657e-01	9.197542073648201644e-02	5.320730130222411924e-02	3.535545077698411254e-02	1.369434229730233550e-02	2.338771822264150424e-02
2.709151319646958882e+02	4.931945226107077862e-01	2.996921536364412497e-01	9.334398092046586326e-02	5.409751717459355957e-02	3.571734100410812324e-02	1.384087828489043333e-02	2.378362347438185004e-02
2.757529021783511780e+02	4.912458259553319495e-01	2.984949900327231731e-01	9.470492341632097411e-02	5.498314170029013070e-02	3.607702133331324584e-02	1.398662619743978354e-02	2.417748847016965366e-02
2.805906723920064678e+02	4.893079282906465100e-01	2.973041786289585264e-01	9.605829913121714803e-02	5.586417387349431468e-02	3.643452235177196963e-02	1.413159324175976631e-02	2.456932158774069799e-02
2.854284426056617008e+02	4.873807379564608078e-01	2.961197158482385960e-01	9.740415772943661343e-02	5.674061497790770098e-02	3.678987289885819051e-02	1.427578625538084012e-02	2.495913143930611824e-02
2.902662128193169337e+02	4.854641696890377722e-01	2.949415924977517589e-01	9.874254774530709378e-02	5.761246837140582971e-02	3.714310021472510409e-02	1.441921174728335101e-02	2.534692684007806146e-02
2.951039830329722804e+02	4.835581435247165993e-01	2.937697948187487640e-01	1.000735166832010109e-01	5.847973929012059702e-02	3.749423007491611837e-02	1.456187593356357557e-02	2.573271678032230947e-02
2.999417532466276270e+02	4.816625839007496745e-01	2.926043053467233812e-01	1.013971111061554714e-01	5.934243467019797297e-02	3.784328691251662158e-02	1.470378476871719159e-02	2.611651040052865788e-02
3.047795234602828600e+02	4.797774189178113935e-01	2.914451036160496389e-01	1.027133767144777360e-01	6.020056298563083996e-02	3.819029392915736926e-02	1.484494397312161908e-02	2.649831696934028258e-02
3.096172936739380930e+02	4.779025797350454630e-01	2.902921667371440861e-01	1.040223584155336722e-01	6.105413410070902741e-02	3.853527319601428303e-02	1.498535905721532120e-02	2.687814586392705055e-02
3.144550638875934396e+02	4.760380000737682304e-01	2.891454698691558467e-01	1.053241003857699615e-01	6.190315913575916706e-02	3.887824574580831666e-02	1.512503534280165707e-02	2.725600655252572238e-02
3.192928341012487294e+02	4.741836158102498144e-01	2.880049866070424347e-01	1.066186461258923496e-01	6.274765034496679328e-02	3.921923165668943917e-02	1.526397798184498528e-02	2.763190857890304025e-02
3.241306043149040192e+02	4.723393646415240399e-01	2.868706892984841383e-01	1.079060385100087671e-01	6.358762100518287885e-02	3.955825012878632502e-02	1.540219197307596440e-02	2.800586154852669277e-02
3.289683745285592522e+02	4.705051858110714247e-01	2.857425493033038388e-01	1.091863198294476395e-01	6.442308531471681310e-02	3.989531955411527303e-02	1.553968217667975327e-02	2.837787511625412470e-02
3.338061447422145420e+02	4.686810198835884567e-01	2.846205372057750149e-01	1.104595318318744995e-01	6.525405830120931117e-02	4.023045758046618625e-02	1.567645332730393040e-02	2.874795897537146816e-02
3.386439149558698318e+02	4.668668085600041762e-01	2.835046229883253499e-01	1.117257157562543263e-01	6.608055573776190628e-02	4.056368116981760169e-02	1.581251004559143178e-02	2.911612284783402296e-02
3.434816851695251216e+02	4.650624945254941411e-01	2.823947761736099737e-01	1.129849123641405162e-01	6.690259406657497743e-02	4.089500665177550620e-02	1.594785684841685397e-02	2.948237647557679086e-02
3.483194553831804114e+02	4.632680213245503609e-01	2.812909659406699903e-01	1.142371619677126082e-01	6.772019032941532790e-02	4.122444977248067993e-02	1.608249815798130228e-02	2.984672961277847619e-02
3.531572255968357013e+02	4.614833332582367609e-01	2.801931612198592103e-01	1.154825044549345481e-01	6.853336210429643305e-02	4.155202573938528848e-02	1.621643830990106630e-02	3.020919201897544551e-02
3.579949958104909342e+02	4.597083752996360961e-01	2.791013307703783530e-01	1.167209793121601613e-01	6.934212744781145799e-02	4.187774926226057320e-02	1.634968156040824891e-02	3.056977345293380305e-02
3.628327660241463377e+02	4.579430930242153197e-01	2.780154432435618106e-01	1.179526256444732440e-01	7.014650484261039654e-02	4.220163459076330115e-02	1.648223209276671736e-02	3.092848366719790423e-02
3.676705362378016275e+02	4.561874325524238882e-01	2.769354672344953583e-01	1.191774821940158186e-01	7.094651314955909005e-02	4.252369554885784830e-02	1.661409402299388396e-02	3.128533240324269521e-02
3.725083064514568036e+02	4.544413405023268737e-01	2.758613713240763987e-01	1.203955873565277085e-01	7.174217156416089203e-02	4.284394556636376972e-02	1.674527140496779795e-02	3.164032938716519056e-02
3.773460766651120935e+02	4.527047639504660492e-01	2.747931241132477997e-01	1.216069791962944707e-01	7.253349957685933935e-02	4.316239770787404229e-02	1.687576823498930859e-02	3.199348432585756574e-02
3.821838468787673833e+02	4.509776503994725738e-01	2.737306942508241914e-01	1.228116954596774335e-01	7.332051693687545446e-02	4.347906469926747508e-02	1.700558845586083376e-02	3.234480690361057204e-02
3.870216170924226162e+02	4.492599477512164707e-01	2.726740504560716816e-01	1.240097735873795237e-01	7.410324361926477754e-02	4.379395895201883271e-02	1.713473596053576367e-02	3.269430677910149796e-02
3.918593873060780197e+02	4.475516042844995268e-01	2.716231615369937291e-01	1.252012507255826357e-01	7.488169979490780226e-02	4.410709258549264100e-02	1.726321459538633987e-02	3.304199358272592174e-02
3.966971575197332527e+02	4.458525686364762652e-01	2.705779964051026609e-01	1.263861637360768619e-01	7.565590580317352321e-02	4.441847744739027548e-02	1.739102816313219807e-02	3.338787691423680121e-02
4.015349277333884856e+02	4.441627897871344155e-01	2.695385240873161559e-01	1.275645492054878483e-01	7.642588212701925676e-02	4.472812513250548627e-02	1.751818042546685397e-02	3.373196634065851046e-02
4.063726979470438323e+02	4.424822170462865412e-01	2.685047137355016655e-01	1.287364434536970859e-01	7.719164937031132434e-02	4.503604699993014882e-02	1.764467510541520290e-02	3.407427139444661052e-02
4.112104681606991221e+02	4.408108000426231299e-01	2.674765346340973182e-01	1.299018825415384215e-01	7.795322823717069916e-02	4.534225418884013648e-02	1.777051588945128408e-02	3.441480157186762451e-02
4.160482383743544119e+02	4.391484887144593841e-01	2.664539562061608025e-01	1.310609022778457255e-01	7.871063951316514817e-02	4.564675763297985217e-02	1.789570642940227496e-02	3.475356633157546810e-02
4.208860085880095880e+02	4.374952333018721218e-01	2.654369480181332785e-01	1.322135382259175818e-01	7.946390404818547137e-02	4.594956807395444986e-02	1.802025034416177701e-02	3.509057509336391961e-02
4.257237788016648778e+02	4.358509843399800410e-01	2.644254797835539073e-01	1.333598257094581740e-01	8.021304274085797048e-02	4.625069607342909700e-02	1.814415122123285568e-02	3.542583723707656146e-02
4.305615490153201677e+02	4.342156926531629546e-01	2.634195213659171753e-01	1.344997998180466892e-01	8.095807652435840773e-02	4.655015202432670474e-02	1.826741261811904576e-02	3.575936210165762269e-02
4.353993192289755143e+02	4.325893093500538522e-01	2.624190427808317239e-01	1.356334954121820591e-01	8.169902635350487219e-02	4.684794616110762172e-02	1.839003806357955226e-02	3.609115898432883190e-02
4.402370894426308041e+02	4.309717858191667861e-01	2.614240141976088005e-01	1.367609471279452316e-01	8.243591319301758757e-02	4.714408856920798696e-02	1.851203105876299271e-02	3.642123713987917288e-02
4.450748596562860939e+02	4.293630737250476170e-01	2.604344059403861933e-01	1.378821893813159116e-01	8.316875800684388198e-02	4.743858919370690097e-02	1.863339507823263269e-02	3.674960578005544848e-02
4.499126298699413837e+02	4.277631250048569145e-01	2.594501884888745225e-01	1.389972563721772747e-01	8.389758174845536598e-02	4.773145784728680119e-02	1.875413357089448368e-02	3.707627407304318889e-02
4.547504000835967304e+02	4.261718918653082389e-01	2.584713324787959454e-01	1.401061820880388498e-01	8.462240535203266467e-02	4.802270421754607777e-02	1.887424996083852252e-02	3.740125114302832177e-02
4.595881702972519065e+02	4.245893267798996895e-01	2.574978087020731721e-01	1.412090003075042455e-01	8.534324972446036273e-02	4.831233787371794902e-02	1.899374764810213279e-02	3.772454606983104142e-02
4.644259405109071963e+02	4.230153824863889800e-01	2.565295881068166972e-01	1.423057446035075890e-01	8.606013573806189920e-02	4.860036827284520966e-02	1.911263000936391093e-02	3.804616788860433474e-02
4.692637107245624861e+02	4.214500119844688530e-01	2.555666417971473869e-01	1.433964483463408268e-01	8.677308422400989429e-02	4.888680476545631537e-02	1.923090039857509176e-02	3.836612558959020397e-02
4.741014809382177759e+02	4.198931685336095287e-01	2.546089410328876701e-01	1.444811447064907883e-01	8.748211596635349641e-02	4.917165660078438860e-02	1.934856214753509149e-02	3.868442811792757730e-02
4.789392511518730657e+02	4.183448056510392088e-01	2.536564572291458153e-01	1.455598666573036104e-01	8.818725169660912577e-02	4.945493293156745518e-02	1.946561856641697286e-02	3.900108437350634921e-02
4.837770213655284124e+02	4.168048771098400440e-01	2.527091619558147206e-01	1.466326469774927310e-01	8.888851208886566768e-02	4.973664281846478658e-02	1.958207294424799821e-02	3.931610321086262405e-02
4.886147915791837022e+02	4.152733369371403027e-01	2.517670269370023695e-01	1.476995182535038587e-01	8.958591775535969248e-02	5.001679523412153744e-02	1.969792854934995091e-02	3.962949343911083971e-02
4.934525617928388783e+02	4.137501394123873633e-01	2.508300240504077738e-01	1.487605128817503786e-01	9.027948924247998497e-02	5.029539906691102291e-02	1.981318862974331199e-02	3.994126382190869851e-02
4.982903320064942250e+02	4.122352390656878196e-01	2.498981253266540636e-01	1.498156630707304648e-01	9.096924702716401023e-02	5.057246312438162805e-02	1.992785641351906001e-02	4.025142307745147724e-02
5.031281022201495148e+02	4.107285906762054850e-01	2.489713029485874640e-01	1.508650008430361678e-01	9.165521151365256525e-02	5.084799613643301019e-02	2.004193510918138646e-02	4.055997987849249004e-02
5.079658724338048046e+02	4.092301492706069133e-01	2.480495292505502658e-01	1.519085580372642741e-01	9.233740303057152987e-02	5.112200675824433993e-02	2.015542790596428629e-02	4.086694285238686580e-02
5.128036426474600376e+02	4.077398701215493304e-01	2.471327767176334789e-01	1.529463663098372395e-01	9.301584182831242054e-02	5.139450357297511984e-02	2.026833797412474700e-02	4.117232058115612159e-02
5.176414128611153274e+02	4.062577087462027614e-01	2.462210179849141090e-01	1.539784571367418808e-01	9.369054807668579510e-02	5.166549509425782949e-02	2.038066846521482955e-02	4.147612160157121419e-02
5.224791830747705035e+02	4.047836209048034650e-01	2.453142258366813877e-01	1.550048618151930457e-01	9.436154186282395828e-02	5.193498976849968835e-02	2.049242251233483400e-02	4.177835440525203697e-02
5.273169532884259070e+02	4.033175625992332369e-01	2.444123732056550646e-01	1.560256114652282533e-01	9.502884318931135998e-02	5.220299597700946148e-02	2.060360323036947855e-02	4.207902743878153690e-02
5.321547235020811968e+02	4.018594900716225271e-01	2.435154331721980647e-01	1.570407370312393303e-01	9.569247197252282733e-02	5.246952203796408087e-02	2.071421371620875418e-02	4.237814910383280731e-02
5.369924937157364866e+02	4.004093598029732082e-01	2.426233789635260651e-01	1.580502692834463985e-01	9.635244804115175588e-02	5.273457620822828706e-02	2.082425704895499857e-02	4.267572775730766460e-02
5.418302639293917764e+02	3.989671285117999400e-01	2.417361839529156564e-01	1.590542388193183221e-01	9.700879113491162054e-02	5.299816668503976036e-02	2.093373629011762230e-02	4.297177171148542502e-02
5.466680341430470662e+02	3.975327531527878544e-01	2.408538216589118652e-01	1.600526760649446378e-01	9.766152090339587366e-02	5.326030160757081605e-02	2.104265448379663561e-02	4.326628923418063266e-02
5.515058043567023560e+02	3.961061909154645067e-01	2.399762657445368985e-01	1.610456112763625769e-01	9.831065690508233867e-02	5.352098905837708587e-02	2.115101465685614857e-02	4.355928854890877416e-02
5.563435745703576458e+02	3.946873992228854267e-01	2.391034900165004418e-01	1.620330745408425366e-01	9.895621860646958146e-02	5.378023706474258092e-02	2.125881981908879503e-02	4.385077783505895999e-02
5.611813447840129356e+02	3.932763357303322160e-01	2.382354684244124277e-01	1.630150957781355270e-01	9.959822538133369929e-02	5.403805359992974733e-02	2.136607296337198272e-02	4.414076522807271891e-02
5.660191149976681118e+02	3.918729583240216918e-01	2.373721750599986080e-01	1.639917047416855345e-01	1.002366965100950080e-01	5.429444658434245258e-02	2.147277706581679144e-02	4.442925881962819096e-02
5.708568852113234016e+02	3.904772251198259103e-01	2.365135841563196506e-01	1.649629310198093279e-01	1.008716511792850934e-01	5.454942388660916075e-02	2.157893508591016835e-02	4.471626665782899024e-02
5.756946554249786914e+02	3.890890944620020164e-01	2.356596700869936223e-01	1.659288040368461503e-01	1.015031084811052059e-01	5.480299332459297873e-02	2.168454996665112808e-02	4.500179674739714780e-02
5.805324256386339812e+02	3.877085249219319740e-01	2.348104073654227186e-01	1.668893530542797377e-01	1.021310874130682556e-01	5.505516266633453393e-02	2.178962463468150229e-02	4.528585704986958643e-02
5.853701958522892710e+02	3.863354752968705674e-01	2.339657706440236573e-01	1.678446071718344701e-01	1.027556068777168152e-01	5.530593963093338727e-02	2.189416200041174876e-02	4.556845548379762079e-02
5.902079660659445608e+02	3.849699046087031173e-01	2.331257347134626789e-01	1.687945953285476253e-01	1.033766856824104852e-01	5.555533188937297751e-02	2.199816495814230222e-02	4.584959992494907349e-02
5.950457362795999643e+02	3.836117721027105243e-01	2.322902745018944892e-01	1.697393463038194272e-01	1.039943425391764986e-01	5.580334706529385680e-02	2.210163638618084861e-02	4.612929820651257007e-02
5.998835064932552541e+02	3.822610372463431383e-01	2.314593650742058917e-01	1.706788887184422510e-01	1.046085960646178648e-01	5.604999273571940888e-02	2.220457914695593560e-02	4.640755811930369346e-02
6.047212767069104302e+02	3.809176597280019005e-01	2.306329816312635284e-01	1.716132510356107865e-01	1.052194647798739974e-01	5.629527643173805329e-02	2.230699608712723506e-02	4.668438741197267206e-02
6.095590469205657200e+02	3.795815994558274231e-01	2.298110995091660891e-01	1.725424615619140234e-01	1.058269671106290694e-01	5.653920563914543312e-02	2.240889003769273857e-02	4.695979379121334452e-02
6.143968171342210098e+02	3.782528165564963407e-01	2.289936941785011837e-01	1.734665484483104980e-01	1.064311213871638323e-01	5.678178779904993756e-02	2.251026381409319474e-02	4.723378492197308209e-02
6.192345873478761860e+02	3.769312713740252119e-01	2.281807412436061555e-01	1.743855396910878319e-01	1.070319458444468075e-01	5.702303030844457082e-02	2.261112021631397906e-02	4.750636842766349510e-02
6.240723575615315895e+02	3.756169244685809705e-01	2.273722164418338354e-01	1.752994631328073372e-01	1.076294586222615868e-01	5.726294052074783897e-02	2.271146202898468094e-02	4.777755189037174999e-02
6.289101277751868793e+02	3.743097366152991490e-01	2.265680956428220982e-01	1.762083464632351049e-01	1.082236777653665938e-01	5.750152574631629820e-02	2.281129202147652579e-02	4.804734285107222641e-02
6.337478979888421691e+02	3.730096688031084851e-01	2.257683548477680546e-01	1.771122172202596601e-01	1.088146212236844740e-01	5.773879325293094361e-02	2.291061294799787498e-02	4.831574880983843800e-02
6.385856682024975726e+02	3.717166822335625231e-01	2.249729701887065725e-01	1.780111027907977372e-01	1.094023068525184356e-01	5.797475026625970029e-02	2.300942754768790094e-02	4.858277722605502946e-02
6.434234384161527487e+02	3.704307383196778214e-01	2.241819179277929619e-01	1.789050304116881485e-01	1.099867524127927793e-01	5.820940397029778640e-02	2.310773854470864197e-02	4.884843551862975281e-02
6.482612086298080385e+02	3.691517986847790977e-01	2.233951744565896846e-01	1.797940271705749660e-01	1.105679755713155632e-01	5.844276150778787010e-02	2.320554864833550279e-02	4.911273106620522161e-02
6.530989788434633283e+02	3.678798251613506487e-01	2.226127162953576433e-01	1.806781200067800464e-01	1.111459939010612380e-01	5.867482998062154703e-02	2.330286055304634646e-02	4.937567120737048482e-02
6.579367490571185044e+02	3.666147797898942073e-01	2.218345200923512728e-01	1.815573357121660625e-01	1.117208248814711979e-01	5.890561645022367870e-02	2.339967693860930259e-02	4.963726324087222586e-02
6.627745192707737942e+02	3.653566248177937403e-01	2.210605626231179066e-01	1.824317009319899319e-01	1.122924858987706248e-01	5.913512793792091021e-02	2.349600047016930926e-02	4.989751442582549684e-02
6.676122894844290840e+02	3.641053226981861290e-01	2.202908207898011672e-01	1.833012421657473634e-01	1.128609942463000004e-01	5.936337142529567873e-02	2.359183379833356201e-02	5.015643198192402258e-02
6.724500596980843738e+02	3.628608360888381235e-01	2.195252716204483534e-01	1.841659857680091328e-01	1.134263671248597893e-01	5.959035385452676054e-02	2.368717955925588037e-02	5.041402308964984535e-02
6.772878299117396637e+02	3.616231278510301794e-01	2.187638922683217968e-01	1.850259579492489204e-01	1.139886216430668897e-01	5.981608212871750846e-02	2.378204037472009952e-02	5.067029489048243546e-02
6.821256001253949535e+02	3.603921610484458471e-01	2.180066600112142983e-01	1.858811847766636827e-01	1.145477748177217842e-01	6.004056311221264014e-02	2.387641885222248697e-02	5.092525448710707309e-02
6.869633703390502433e+02	3.591678989460675986e-01	2.172535522507682282e-01	1.867316921749865299e-01	1.151038435741850857e-01	6.026380363090452080e-02	2.397031758505333704e-02	5.117890894362252946e-02
6.918011405527055331e+02	3.579503050090788174e-01	2.165045465117987900e-01	1.875775059272922207e-01	1.156568447467626465e-01	6.048581047252971771e-02	2.406373915237768751e-02	5.143126528574801237e-02
6.966389107663608229e+02	3.567393429017717277e-01	2.157596204416210028e-01	1.884186516757960228e-01	1.162067950790980214e-01	6.070659038695655485e-02	2.415668611931528348e-02	5.168233050102928605e-02
7.014766809800161127e+02	3.555349764864618733e-01	2.150187518093802930e-01	1.892551549226458851e-01	1.167537112245717462e-01	6.092615008646436181e-02	2.424916103701977785e-02	5.193211153904399302e-02
7.063144511936714025e+02	3.543371698224075939e-01	2.142819185053873310e-01	1.900870410307082259e-01	1.172976097467064299e-01	6.114449624601503430e-02	2.434116644275721372e-02	5.218061531160609473e-02
7.111522214073266923e+02	3.531458871647364939e-01	2.135490985404562003e-01	1.909143352243475034e-01	1.178385071195769407e-01	6.136163550351741991e-02	2.443270485998385450e-02	5.242784869296952116e-02
7.159899916209819821e+02	3.519610929633771312e-01	2.128202700452464513e-01	1.917370625901997638e-01	1.183764197282252545e-01	6.157757446008516738e-02	2.452377879842335476e-02	5.267381852003081427e-02
7.208277618346371582e+02	3.507827518619969220e-01	2.120954112696088745e-01	1.925552480779404441e-01	1.189113638690790647e-01	6.179231968028833788e-02	2.461439075414330324e-02	5.291853159253097350e-02
7.256655320482924481e+02	3.496108286969458745e-01	2.113745005819347711e-01	1.933689165010466227e-01	1.194433557503738197e-01	6.200587769239938180e-02	2.470454320963117942e-02	5.316199467325628120e-02
7.305033022619478515e+02	3.484452884962059294e-01	2.106575164685091928e-01	1.941780925375533873e-01	1.199724114925776741e-01	6.221825498863379350e-02	2.479423863386972030e-02	5.340421448823827466e-02
7.353410724756030277e+02	3.472860964783460735e-01	2.099444375328673729e-01	1.949828007308055111e-01	1.204985471288187865e-01	6.242945802538578393e-02	2.488347948241175292e-02	5.364519772695269806e-02
7.401788426892584312e+02	3.461332180514836154e-01	2.092352424951550161e-01	1.957830654902033285e-01	1.210217786053145728e-01	6.263949322345942206e-02	2.497226819745446136e-02	5.388495104251754542e-02
7.450166129029136073e+02	3.449866188122506783e-01	2.085299101914920572e-01	1.965789110919437532e-01	1.215421217818027505e-01	6.284836696829539104e-02	2.506060720791315755e-02	5.412348105189013214e-02
7.498543831165690108e+02	3.438462645447665222e-01	2.078284195733399731e-01	1.973703616797564120e-01	1.220595924319734932e-01	6.305608561019380998e-02	2.514849892949454907e-02	5.436079433606315348e-02
7.546921533302243006e+02	3.427121212196154176e-01	2.071307497068725634e-01	1.981574412656348094e-01	1.225742062439025976e-01	6.326265546453321842e-02	2.523594576476947265e-02	5.459689744025983393e-02
7.595299235438793630e+02	3.415841549928303467e-01	2.064368797723502846e-01	1.989401737305626361e-01	1.230859788204853866e-01	6.346808281198607071e-02	2.532295010324519743e-02	5.483179687412801512e-02
7.643676937575347665e+02	3.404623322048820344e-01	2.057467890634978869e-01	1.997185828252355799e-01	1.235949256798709456e-01	6.367237389873094122e-02	2.540951432143722863e-02	5.506549911193333452e-02
7.692054639711900563e+02	3.393466193796735864e-01	2.050604569868856586e-01	2.004926921707785581e-01	1.241010622558965659e-01	6.387553493666156545e-02	2.549564078294065672e-02	5.529801059275138431e-02
7.740432341848452324e+02	3.382369832235407325e-01	2.043778630613140301e-01	2.012625252594581471e-01	1.246044038985221480e-01	6.407757210359302236e-02	2.558133183850106948e-02	5.552933772065886397e-02
7.788810043985006359e+02	3.371333906242571787e-01	2.036989869172015633e-01	2.020281054553910161e-01	1.251049658742643678e-01	6.427849154346511329e-02	2.566658982608500603e-02	5.575948686492376155e-02
7.837187746121558121e+02	3.360358086500459529e-01	2.030238082959762436e-01	2.027894559952476139e-01	1.256027633666304821e-01	6.447829936654313199e-02	2.575141707095000149e-02	5.598846436019457029e-02
7.885565448258112156e+02	3.349442045485958031e-01	2.023523070494702147e-01	2.035465999889518318e-01	1.260978114765513580e-01	6.467700164961620590e-02	2.583581588571417023e-02	5.621627650668847842e-02
7.933943150394665054e+02	3.338585457460827577e-01	2.016844631393178433e-01	2.042995604203761972e-01	1.265901252228140983e-01	6.487460443619325057e-02	2.591978857042541440e-02	5.644292957037858049e-02
7.982320852531219089e+02	3.327787998461975705e-01	2.010202566363568921e-01	2.050483601480331264e-01	1.270797195424934467e-01	6.507111373669678678e-02	2.600333741263016751e-02	5.666842978318012425e-02
8.030698554667769713e+02	3.317049346291782719e-01	2.003596677200333576e-01	2.057930219057619858e-01	1.275666092913824989e-01	6.526653552865455121e-02	2.608646468744179811e-02	5.689278334313575131e-02
8.079076256804323748e+02	3.306369180508474392e-01	1.997026766778092211e-01	2.065335683034119074e-01	1.280508092444220813e-01	6.546087575688919191e-02	2.616917265760855191e-02	5.711599641459976645e-02
8.127453958940876646e+02	3.295747182416559062e-01	1.990492639045736423e-01	2.072700218275208561e-01	1.285323340961292415e-01	6.565414033370600699e-02	2.625146357358111929e-02	5.733807512842141463e-02
8.175831661077428407e+02	3.285183035057304690e-01	1.983994099020572888e-01	2.080024048419905347e-01	1.290111984610241014e-01	6.584633513907882374e-02	2.633333967357983502e-02	5.755902558212719344e-02
8.224209363213982442e+02	3.274676423199274766e-01	1.977530952782498574e-01	2.087307395887574857e-01	1.294874168740555165e-01	6.603746602083421235e-02	2.641480318366145816e-02	5.777885384010220809e-02
8.272587065350534203e+02	3.264227033328915284e-01	1.971103007468209545e-01	2.094550481884602522e-01	1.299610037910254035e-01	6.622753879483396500e-02	2.649585631778557729e-02	5.799756593377052016e-02
8.320964767487085965e+02	3.253834553641192229e-01	1.964710071265438895e-01	2.101753526411026529e-01	1.304319735890112630e-01	6.641655924515595111e-02	2.657650127788065836e-02	5.821516786177453884e-02
8.369342469623640000e+02	3.243498674030278472e-01	1.958351953407228563e-01	2.108916748267134211e-01	1.309003405667874542e-01	6.660453312427343231e-02	2.665674025390968663e-02	5.843166559015348233e-02
8.417720171760191761e+02	3.233219086080293958e-01	1.952028464166231658e-01	2.116040365060018191e-01	1.313661189452446365e-01	6.679146615323296177e-02	2.673657542393546860e-02	5.864706505252082619e-02
8.466097873896745796e+02	3.222995483056094734e-01	1.945739414849043947e-01	2.123124593210097000e-01	1.318293228678076301e-01	6.697736402183068760e-02	2.681600895418553843e-02	5.886137215024084268e-02
8.514475576033297557e+02	3.212827559894115836e-01	1.939484617790570020e-01	2.130169647957598777e-01	1.322899664008514720e-01	6.716223238878740731e-02	2.689504299911671739e-02	5.907459275260417558e-02
8.562853278169851592e+02	3.202715013193258020e-01	1.933263886348418059e-01	2.137175743369007785e-01	1.327480635341158899e-01	6.734607688192219277e-02	2.697367970147930907e-02	5.928673269700245052e-02
8.611230980306403353e+02	3.192657541205827787e-01	1.927077034897325680e-01	2.144143092343474277e-01	1.332036281811178613e-01	6.752890309832469684e-02	2.705192119238093718e-02	5.949779778910194161e-02
8.659608682442956251e+02	3.182654843828528479e-01	1.920923878823614650e-01	2.151071906619188845e-01	1.336566741795622848e-01	6.771071660452629426e-02	2.712976959135001212e-02	5.970779380301633604e-02
8.707986384579510286e+02	3.172706622593498005e-01	1.914804234519679738e-01	2.157962396779721237e-01	1.341072152917510141e-01	6.789152293666984861e-02	2.720722700639887498e-02	5.991672648147852720e-02
8.756364086716062047e+02	3.162812580659393746e-01	1.908717919378502548e-01	2.164814772260322540e-01	1.345552652049898656e-01	6.807132760067832744e-02	2.728429553408655631e-02	6.012460153601149881e-02
8.804741788852616082e+02	3.152972422802531316e-01	1.902664751788200326e-01	2.171629241354193496e-01	1.350008375319938225e-01	6.825013607242230718e-02	2.736097725958121923e-02	6.033142464709825847e-02
8.853119490989170117e+02	3.143185855408066609e-01	1.896644551126601130e-01	2.178406011218717575e-01	1.354439458112902672e-01	6.842795379788625676e-02	2.743727425672223830e-02	6.053720146435087601e-02
8.901497193125721878e+02	3.133452586461228373e-01	1.890657137755850092e-01	2.185145287881657961e-01	1.358846035076203274e-01	6.860478619333369721e-02	2.751318858808194170e-02	6.074193760667859210e-02
8.949874895262273640e+02	3.123772325538597960e-01	1.884702333017044540e-01	2.191847276247322895e-01	1.363228240123382506e-01	6.878063864547134809e-02	2.758872230502701015e-02	6.094563866245501782e-02
8.998252597398827675e+02	3.114144783799437932e-01	1.878779959224898821e-01	2.198512180102694114e-01	1.367586206438090313e-01	6.895551651161208051e-02	2.766387744777952865e-02	6.114831018968443221e-02
9.046630299535379436e+02	3.104569673977064515e-01	1.872889839662437994e-01	2.205140202123522519e-01	1.371920066478037326e-01	6.912942511983694027e-02	2.773865604547774005e-02	6.134995771616716387e-02
9.095008001671932334e+02	3.095046710370272791e-01	1.867031798575720103e-01	2.211731543880390283e-01	1.376229951978931998e-01	6.930236976915606084e-02	2.781306011623640995e-02	6.155058673966407740e-02
9.143385703808486369e+02	3.085575608834802419e-01	1.861205661168588155e-01	2.218286405844739351e-01	1.380515993958394416e-01	6.947435572966859096e-02	2.788709166720690705e-02	6.175020272806018562e-02
9.191763405945038130e+02	3.076156086774852749e-01	1.855411253597449850e-01	2.224804987394866096e-01	1.384778322719854571e-01	6.964538824272160922e-02	2.796075269463692628e-02	6.194881111952733194e-02
9.240141108081592165e+02	3.066787863134645131e-01	1.849648402966086180e-01	2.231287486821883492e-01	1.389017067856427590e-01	6.981547252106806711e-02	2.803404518392988223e-02	6.214641732268604002e-02
9.288518810218145063e+02	3.057470658390030738e-01	1.843916937320488336e-01	2.237734101335650538e-01	1.393232358254770653e-01	6.998461374902378851e-02	2.810697110970400772e-02	6.234302671676643370e-02
9.336896512354697961e+02	3.048204194540141687e-01	1.838216685643722925e-01	2.244145027070668930e-01	1.397424322098919647e-01	7.015281708262346982e-02	2.817953243585110193e-02	6.253864465176831033e-02
9.385274214491247449e+02	3.038988195099092127e-01	1.832547477850826056e-01	2.250520459091946424e-01	1.401593086874107497e-01	7.032008764977577819e-02	2.825173111559495243e-02	6.273327644862036756e-02
9.433651916627801484e+02	3.029822385087718728e-01	1.826909144783721017e-01	2.256860591400829674e-01	1.405738779370559466e-01	7.048643055041754757e-02	2.832356909154945881e-02	6.292692739933847257e-02
9.482029618764355519e+02	3.020706491025372253e-01	1.821301518206170367e-01	2.263165616940803204e-01	1.409861525687272632e-01	7.065185085666696174e-02	2.839504829577643372e-02	6.311960276718318885e-02
9.530407320900908417e+02	3.011640240921750200e-01	1.815724430798749955e-01	2.269435727603258124e-01	1.413961451235772049e-01	7.081635361297591857e-02	2.846617064984306028e-02	6.331130778681635929e-02
9.578785023037459041e+02	3.002623364268774964e-01	1.810177716153853478e-01	2.275671114233228931e-01	1.418038680743851088e-01	7.097994383628156156e-02	2.853693806487908255e-02	6.350204766445685656e-02
9.627162725174014213e+02	2.993655592032515855e-01	1.804661208770723668e-01	2.281871966635097282e-01	1.422093338259288464e-01	7.114262651615674282e-02	2.860735244163364541e-02	6.369182757803551476e-02
9.675540427310568248e+02	2.984736656645154418e-01	1.799174744050507924e-01	2.288038473578266341e-01	1.426125547153546946e-01	7.130440661495981991e-02	2.867741567053183269e-02	6.388065267734918673e-02
9.723918129447120009e+02	2.975866291996998036e-01	1.793718158291345288e-01	2.294170822802803489e-01	1.430135430125454299e-01	7.146528906798341185e-02	2.874712963173091385e-02	6.406852808421398260e-02
9.772295831583674044e+02	2.967044233428528521e-01	1.788291288683477587e-01	2.300269201025051946e-01	1.434123109204862856e-01	7.162527878360241962e-02	2.881649619517626104e-02	6.425545889261764787e-02
9.820673533720223531e+02	2.958270217722503981e-01	1.782893973304387203e-01	2.306333793943211030e-01	1.438088705756288554e-01	7.178438064342120006e-02	2.888551722065697130e-02	6.444145016887116439e-02
9.869051235856777566e+02	2.949543983096095667e-01	1.777526051113962058e-01	2.312364786242888104e-01	1.442032340482533592e-01	7.194259950241979618e-02	2.895419455786117993e-02	6.462650695175943538e-02
9.917428937993331601e+02	2.940865269193073117e-01	1.772187361949686957e-01	2.318362361602617772e-01	1.445954133428288269e-01	7.209994018909943181e-02	2.902253004643108938e-02	6.481063425269124878e-02
9.965806640129884499e+02	2.932233817076027593e-01	1.766877746521860193e-01	2.324326702699351099e-01	1.449854203983712564e-01	7.225640750562720149e-02	2.909052551601767206e-02	6.499383705584833859e-02
