0.000000000000000000e+00	1.013243292448846811e+00	4.342776952161702772e-14	3.674908709997610370e-15	1.228528762454857842e-14	5.077604662097902866e-16	2.077242471002779310e-14	4.813417491340129218e-15
4.837770213655283591e+00	9.399151227039910239e-01	6.651730985581319477e-02	2.147073681717713740e-03	1.093207300716027720e-03	2.411100986440484206e-03	9.112791519204002785e-04	2.481987683334373846e-04
9.675540427310567182e+00	8.793336753885818702e-01	1.207673788910516022e-01	4.285506681022063086e-03	2.133227903661653879e-03	4.486394976084816591e-03	1.698218125845732743e-03	5.388904826845101852e-04
1.451331064096584811e+01	8.292053118087212571e-01	1.649616049571799303e-01	6.407709810826528463e-03	3.135698112525361556e-03	6.286013075987962467e-03	2.382443628046410165e-03	8.645110556447096421e-04
1.935108085462113081e+01	7.876495536315569757e-01	2.009130155186007738e-01	8.508502058886230346e-03	4.112611223942666018e-03	7.859059428641478051e-03	2.981750789441515656e-03	1.218799797862447562e-03
2.418885106827641707e+01	7.531246561236403236e-01	2.301080300847797300e-01	1.058452833003524496e-02	5.073077337857039709e-03	9.245642735380496177e-03	3.510786616925700310e-03	1.596571220313477285e-03
2.902662128193169622e+01	7.243665887053093444e-01	2.537652953581026050e-01	1.263380380239131559e-02	6.023932572090546014e-03	1.047853372312473712e-02	3.981611050365070972e-03	1.993527237548386056e-03
3.386439149558698603e+01	7.003390076058022551e-01	2.728839218230836305e-01	1.465535887524095117e-02	6.970226713492083497e-03	1.158451726546347836e-02	4.404157596239502773e-03	2.406102569610015212e-03
3.870216170924226162e+01	6.801922404854812143e-01	2.882830310040548349e-01	1.664896385236419932e-02	7.915612835649671677e-03	1.258549528244823010e-02	4.786611559269464584e-03	2.831337429664315154e-03
4.353993192289755143e+01	6.632296595966103991e-01	3.006341786889740186e-01	1.861491666853650612e-02	8.862657941742856788e-03	1.349938625637216692e-02	5.135720654355063058e-03	3.266772642340783680e-03
4.837770213655283413e+01	6.488801125015581928e-01	3.104879374433385797e-01	2.055388032006064472e-02	9.813090059071740562e-03	1.434085879414439581e-02	5.457050124836795163e-03	3.710363205921453876e-03
5.321547235020811684e+01	6.366753191325936756e-01	3.182956905595649144e-01	2.246675935759662179e-02	1.076799426292783871e-02	1.512192979770987308e-02	5.755192314578402510e-03	4.160407023960550205e-03
5.805324256386339954e+01	6.262313405509292163e-01	3.244275000533029529e-01	2.435460696712036383e-02	1.172796771444759717e-02	1.585245219182279328e-02	6.033938854674155208e-03	4.615486116634827905e-03
6.289101277751868224e+01	6.172333859249828913e-01	3.291867559270594823e-01	2.621855590457301821e-02	1.269324185615780878e-02	1.654051257391726121e-02	6.296422160181406637e-03	5.074418102060063336e-03
6.772878299117397205e+01	6.094233563780562246e-01	3.328221865226806964e-01	2.805976794431895918e-02	1.366377833555740447e-02	1.719275540618397935e-02	6.545231730355615708e-03	5.536216131779117186e-03
7.256655320482924765e+01	6.025896326836523986e-01	3.355377053351278893e-01	2.987939761784355608e-02	1.463934395243977372e-02	1.781464731179415936e-02	6.782509760009313229e-03	6.000055788064990667e-03
7.740432341848452324e+01	5.965587026002738824e-01	3.375004840263886585e-01	3.167856691135303299e-02	1.561956889369237045e-02	1.841069254002302563e-02	7.010029760953986541e-03	6.465247716247103649e-03
8.224209363213981305e+01	5.911882964521096850e-01	3.388475711708491267e-01	3.345834830288951789e-02	1.660399168439246134e-02	1.898460862620969872e-02	7.229261229137222064e-03	6.931214983344316342e-03
8.707986384579510286e+01	5.863617592596501726e-01	3.396913187031437298e-01	3.521975408664080459e-02	1.759209360902695349e-02	1.953946960816151796e-02	7.441422848917684900e-03	7.397474333391289639e-03
9.191763405945040688e+01	5.819834366678672266e-01	3.401238308481202011e-01	3.696373038288924134e-02	1.858332481140464662e-02	2.007782280219494106e-02	7.647526279492916634e-03	7.863620656962878180e-03
9.675540427310566827e+01	5.779748920464220507e-01	3.402206116222414312e-01	3.869115458956997461e-02	1.957712384174965098e-02	2.060178403344994566e-02	7.848412202232585635e-03	8.329314113266348546e-03
1.015931744867609581e+02	5.742718050346754532e-01	3.400435552751037704e-01	4.040283531428734420e-02	2.057293206460988899e-02	2.111311531061069516e-02	8.044780007158918930e-03	8.794269442485905947e-03
1.064309447004162337e+02	5.708214287762493067e-01	3.396433980332669855e-01	4.209951404884410692e-02	2.157020405537266733e-02	2.161328819727597814e-02	8.237212250236290723e-03	9.258247087686705817e-03
1.112687149140715235e+02	5.675805052010880480e-01	3.390617281869072741e-01	4.378186802391908355e-02	2.256841488318467315e-02	2.210353553036101953e-02	8.426194810789815193e-03	9.721045812681992221e-03
1.161064851277267991e+02	5.645135558426742639e-01	3.383326340790066555e-01	4.545051381916943856e-02	2.356706499324034629e-02	2.258489364508736719e-02	8.612133512318757844e-03	1.018249655743505046e-02
1.209442553413820747e+02	5.615914805418484868e-01	3.374840552249751546e-01	4.710601141150760895e-02	2.456568325306029976e-02	2.305823686591617488e-02	8.795367833684834824e-03	1.064245731793920548e-02
1.257820255550373645e+02	5.587904085749085814e-01	3.365388900405139050e-01	4.874886842784395546e-02	2.556382860850080208e-02	2.352430569652970427e-02	8.976182225791162761e-03	1.110080887484371504e-02
1.306197957686926259e+02	5.560907567346399238e-01	3.355159040220914157e-01	5.037954443318534009e-02	2.656109070011899650e-02	2.398372987604984255e-02	9.154815457039082102e-03	1.155745122580716273e-02
1.354575659823479441e+02	5.534764570841346210e-01	3.344304743263304958e-01	5.199845513462780788e-02	2.755708971455257325e-02	2.443704725198395100e-02	9.331468335460557650e-03	1.201230060184170674e-02
1.402953361960032339e+02	5.509343238188822989e-01	3.332952002192807184e-01	5.360597641966360904e-02	2.855147568502241356e-02	2.488471924383071215e-02	9.506310093522922500e-03	1.246528696872906648e-02
1.451331064096584669e+02	5.484535341784956275e-01	3.321204035576863500e-01	5.520244817587741798e-02	2.954392740691169639e-02	2.532714352745327538e-02	9.679483670770400172e-03	1.291635193173689723e-02
1.499708766233137851e+02	5.460252028634746679e-01	3.309145391118302748e-01	5.678817786055204847e-02	3.053415109617399134e-02	2.576466445318786880e-02	9.851110087718061709e-03	1.336544697599479324e-02
1.548086468369690749e+02	5.436420331132957307e-01	3.296845309710624838e-01	5.836344380454196873e-02	3.152187888810416977e-02	2.619758161526876059e-02	1.002129207012006883e-02	1.381253198653834176e-02
1.596464170506243647e+02	5.412980306363219807e-01	3.284360483474704773e-01	5.992849824627227012e-02	3.250686725017901818e-02	2.662615691249070257e-02	1.019011705455939894e-02	1.425757400163767639e-02
1.644841872642796261e+02	5.389882690696480294e-01	3.271737316945214635e-01	6.148357009988154875e-02	3.348889536395690397e-02	2.705062037681368881e-02	1.035765968315465434e-02	1.470054616095521453e-02
1.693219574779349159e+02	5.367086976865050874e-01	3.259013780909623681e-01	6.302886746713907973e-02	3.446776351638496105e-02	2.747117499516502775e-02	1.052398387615172647e-02	1.514142681662314881e-02
1.741597276915902057e+02	5.344559837409543768e-01	3.246220932279713645e-01	6.456457990644672018e-02	3.544329152946753408e-02	2.788800070782660942e-02	1.068914455552621295e-02	1.558019878073862129e-02
1.789974979052454671e+02	5.322273832104950086e-01	3.233384160156971276e-01	6.609088047446888547e-02	3.641531724843345696e-02	2.830125773273153150e-02	1.085318907986108396e-02	1.601684868724426863e-02
1.838352681189008138e+02	5.300206348211589091e-01	3.220524207415831897e-01	6.760792755709457702e-02	3.738369510176683952e-02	2.871108933728263105e-02	1.101615844018619117e-02	1.645136644985895416e-02
1.886730383325560467e+02	5.278338731611393886e-01	3.207658008243555181e-01	6.911586650681661448e-02	3.834829474130723587e-02	2.911762415676465154e-02	1.117808825776416687e-02	1.688374480078364340e-02
1.935108085462113081e+02	5.256655574444869528e-01	3.194799374790933122e-01	7.061483110343749758e-02	3.930899976673700447e-02	2.952097814008807983e-02	1.133900961764613795e-02	1.731397889744224275e-02
1.983485787598666263e+02	5.235144131057967165e-01	3.181959560115628638e-01	7.210494485445226309e-02	4.026570653588255194e-02	2.992125618869216630e-02	1.149894976592594556e-02	1.774206598661865961e-02
2.031863489735219162e+02	5.213793839146293463e-01	3.169147719703443444e-01	7.358632215064365989e-02	4.121832306014323877e-02	3.031855354230830746e-02	1.165793269376745774e-02	1.816800511709480009e-02
2.080241191871772060e+02	5.192595927147448664e-01	3.156371289838319494e-01	7.505906929145481077e-02	4.216676798285325101e-02	3.071295695542296950e-02	1.181597962728094843e-02	1.859179689334232444e-02
2.128618894008324673e+02	5.171543092345709525e-01	3.143636297800594948e-01	7.652328539364827709e-02	4.311096963734022819e-02	3.110454570025834864e-02	1.197310943902939531e-02	1.901344326402444260e-02
2.176996596144877287e+02	5.150629236951785872e-01	3.130947616174589720e-01	7.797906319567421418e-02	4.405086518076021390e-02	3.149339242556455781e-02	1.212933899422882419e-02	1.943294734006575583e-02
2.225374298281430470e+02	5.129849251714815317e-01	3.118309171334270324e-01	7.942648976908875391e-02	4.498639979937631844e-02	3.187956389520917727e-02	1.228468344246607356e-02	1.985031323788229510e-02
2.273752000417983652e+02	5.109198838504814821e-01	3.105724114361954058e-01	8.086564714731600545e-02	4.591752598073969155e-02	3.226312162623056617e-02	1.243915646390819120e-02	2.026554594405979501e-02
2.322129702554535982e+02	5.088674364846107467e-01	3.093194961167922696e-01	8.229661288104866967e-02	4.684420284817417818e-02	3.264412244250522455e-02	1.259277047745088578e-02	2.067865119834913848e-02
2.370507404691088880e+02	5.068272744646635797e-01	3.080723707359633856e-01	8.371946052864447096e-02	4.776639555301825935e-02	3.302261895731584823e-02	1.274553681699207644e-02	2.108963539233352572e-02
2.418885106827641494e+02	5.047991340404754945e-01	3.068311922409656667e-01	8.513426008900606967e-02	4.868407472020806065e-02	3.339865999577332212e-02	1.289746588097388791e-02	2.149850548152859239e-02
2.467262808964194392e+02	5.027827883025030031e-01	3.055960826851947254e-01	8.654107838363025995e-02	4.959721594296847419e-02	3.377229096614334930e-02	1.304856725947387691e-02	2.190526890901741200e-02
2.515640511100747290e+02	5.007780406071361545e-01	3.043671355564198655e-01	8.793997939378164763e-02	5.050579932259721683e-02	3.414355418757546168e-02	1.319884984241228437e-02	2.230993353900839749e-02
2.564018213237300188e+02	4.987847191857098794e-01	3.031444209643162635e-01	8.933102455808109021e-02	5.140980904956448522e-02	3.451248918046392888e-02	1.334832191185063646e-02	2.271250759894476862e-02
2.612395915373852517e+02	4.968026727240161255e-01	3.019279898928206585e-01	9.071427303520036844e-02	5.230923302239834372e-02	3.487913292463237780e-02	1.349699122086658182e-02	2.311299962899661734e-02
2.660773617510405415e+02	4.948317667375232709e-01	3.007178776858129288e-01	9.208978193581494887e-02	5.320406250107507368e-02	3.524352008968443389e-02	1.364486506108296068e-02	2.351141843793750144e-02
2.709151319646958882e+02	4.928718805989923957e-01	2.995141069042674409e-01	9.345760652748405506e-02	5.409429179187886377e-02	3.560568324116542699e-02	1.379195032059112730e-02	2.390777306455176346e-02
2.757529021783511780e+02	4.909229051009936784e-01	2.983166896681322400e-01	9.481780041569660977e-02	5.497991796093248951e-02	3.596565302560756489e-02	1.393825353372754074e-02	2.430207274384087179e-02
2.805906723920064678e+02	4.889847404569901412e-01	2.971256295757878085e-01	9.617041570393777827e-02	5.586094057382725436e-02	3.632345833705871024e-02	1.408378092392882641e-02	2.469432687740052285e-02
2.854284426056617008e+02	4.870572946620055355e-01	2.959409232772107767e-01	9.751550313529039338e-02	5.673736145899489075e-02	3.667912646730561027e-02	1.422853844069570800e-02	2.508454500742817936e-02
2.902662128193169337e+02	4.851404821481222207e-01	2.947625617632506634e-01	9.885311221778417257e-02	5.760918449266516639e-02	3.703268324167964531e-02	1.437253179153370926e-02	2.547273679389543133e-02
2.951039830329722804e+02	4.832342226817153419e-01	2.935905314221852747e-01	1.001832913354384347e-01	5.847641540344040295e-02	3.738415314206543910e-02	1.451576646960282130e-02	2.585891199448327182e-02
2.999417532466276270e+02	4.813384404588925691e-01	2.924248149055005963e-01	1.015060878467087119e-01	5.933906159469209962e-02	3.773355941850927570e-02	1.465824777769493201e-02	2.624308044693275666e-02
3.047795234602828600e+02	4.794530633634512817e-01	2.912653918372833939e-01	1.028215481718404295e-01	6.019713198314514263e-02	3.808092419063789646e-02	1.479998084906276185e-02	2.662525205351005952e-02
3.096172936739380930e+02	4.775780223580892714e-01	2.901122393954189693e-01	1.041297178704494453e-01	6.105063685216290115e-02	3.842626853994123709e-02	1.494097066554445769e-02	2.700543676732472531e-02
3.144550638875934396e+02	4.757132509848785440e-01	2.889653327877056976e-01	1.054306417104887983e-01	6.189958771838176277e-02	3.876961259384086728e-02	1.508122207336111062e-02	2.738364458027421622e-02
3.192928341012487294e+02	4.738586849553301783e-01	2.878246456418340204e-01	1.067243637296199227e-01	6.274399721046769463e-02	3.911097560235374249e-02	1.522073979690823954e-02	2.775988551241720392e-02
3.241306043149040192e+02	4.720142618139220869e-01	2.866901503247622496e-01	1.080109272898822081e-01	6.358387895888030494e-02	3.945037600806574479e-02	1.535952845081495211e-02	2.813416960260340521e-02
3.289683745285592522e+02	4.701799206618662019e-01	2.855618182042231057e-01	1.092903751264460571e-01	6.441924749563311681e-02	3.978783151004826324e-02	1.549759255050450583e-02	2.850650690020970629e-02
3.338061447422145420e+02	4.683556019302717033e-01	2.844396198627991423e-01	1.105627493911393172e-01	6.525011816313250335e-02	4.012335912228084944e-02	1.563493652145630727e-02	2.887690745785113228e-02
3.386439149558698318e+02	4.665412471938152339e-01	2.833235252731245990e-01	1.118280916913530904e-01	6.607650703126281833e-02	4.045697522708269905e-02	1.577156470734078150e-02	2.924538132495169140e-02
3.434816851695251216e+02	4.647367990176281549e-01	2.822135039412284052e-01	1.130864431248592983e-01	6.689843082196306190e-02	4.078869562400339738e-02	1.590748137717432412e-02	2.961193854207423704e-02
3.483194553831804114e+02	4.629422008314245107e-01	2.811095250237680143e-01	1.143378443110088377e-01	6.771590684061011556e-02	4.111853557457743891e-02	1.604269073162102252e-02	2.997658913592094951e-02
3.531572255968357013e+02	4.611573968259688461e-01	2.800115574238681293e-01	1.155823354187218988e-01	6.852895291358797325e-02	4.144650984330704863e-02	1.617719690855029535e-02	3.033934311492665625e-02
3.579949958104909342e+02	4.593823318678664225e-01	2.789195698694276748e-01	1.168199561916334339e-01	6.933758733147939168e-02	4.177263273520261111e-02	1.631100398794471315e-02	3.070021046537665943e-02
3.628327660241463377e+02	4.576169514293793594e-01	2.778335309770620931e-01	1.180507459707130641e-01	7.014182879736929888e-02	4.209691813017864964e-02	1.644411599623950976e-02	3.105920114798891088e-02
3.676705362378016275e+02	4.558612015305693044e-01	2.767534093042769427e-01	1.192747437146406964e-01	7.094169637979638732e-02	4.241937951457570161e-02	1.657653691016439459e-02	3.141632509490745878e-02
3.725083064514568036e+02	4.541150286915491274e-01	2.756791733919999321e-01	1.204919880181864189e-01	7.173720946993238090e-02	4.274003001005367147e-02	1.670827066014897097e-02	3.177159220706037707e-02
3.773460766651120935e+02	4.523783798930285371e-01	2.746107917992155478e-01	1.217025171288135810e-01	7.252838774260716992e-02	4.305888240008007989e-02	1.683932113334499908e-02	3.212501235184089809e-02
3.821838468787673833e+02	4.506512025436634206e-01	2.735482331311315241e-01	1.229063689616984312e-01	7.331525112083346618e-02	4.337594915421689318e-02	1.696969217631190407e-02	3.247659536107522227e-02
3.870216170924226162e+02	4.489334444529867740e-01	2.724914660620480489e-01	1.241035811133374828e-01	7.409781974351634104e-02	4.369124245039152782e-02	1.709938759740593436e-02	3.282635102924474912e-02
3.918593873060780197e+02	4.472250538089209693e-01	2.714404593538897736e-01	1.252941908738939569e-01	7.487611393606198595e-02	4.400477419532180384e-02	1.722841116890828569e-02	3.317428911193410351e-02
3.966971575197332527e+02	4.455259791590484020e-01	2.703951818711869959e-01	1.264782352384170860e-01	7.565015418362606991e-02	4.431655604324953590e-02	1.735676662892301006e-02	3.352041932447977213e-02
4.015349277333884856e+02	4.438361693949674502e-01	2.693556025931507225e-01	1.276557509170533067e-01	7.641996110676602116e-02	4.462659941312469708e-02	1.748445768307180931e-02	3.386475134079683369e-02
4.063726979470438323e+02	4.421555737391813512e-01	2.683216906233693022e-01	1.288267743443543278e-01	7.718555543928280749e-02	4.493491550436968379e-02	1.761148800600933345e-02	3.420729479236395837e-02
4.112104681606991221e+02	4.404841417340663035e-01	2.672934151975596695e-01	1.299913416877760686e-01	7.794695800805749586e-02	4.524151531134234377e-02	1.773786124277979340e-02	3.454805926734904470e-02
4.160482383743544119e+02	4.388218232325477031e-01	2.662707456897270286e-01	1.311494888554510796e-01	7.870418971470524716e-02	4.554640963660659680e-02	1.786358101003315130e-02	3.488705430985987455e-02
4.208860085880095880e+02	4.371685683901789243e-01	2.652536516170240222e-01	1.323012515033089032e-01	7.945727151888586082e-02	4.584960910311002696e-02	1.798865089711699367e-02	3.522428941930584589e-02
4.257237788016648778e+02	4.355243276583737333e-01	2.642421026435464171e-01	1.334466650416099853e-01	8.020622442312388967e-02	4.615112416535983170e-02	1.811307446705818017e-02	3.555977404985847384e-02
4.305615490153201677e+02	4.338890517785856660e-01	2.632360685832605962e-01	1.345857646409517605e-01	8.095106945900538975e-02	4.645096511968059561e-02	1.823685525744679625e-02	3.589351760999968943e-02
4.353993192289755143e+02	4.322626917772673938e-01	2.622355194022217284e-01	1.357185852377996438e-01	8.169182767462940253e-02	4.674914211363072336e-02	1.835999678123338003e-02	3.622552946214818020e-02
4.402370894426308041e+02	4.306451989614711873e-01	2.612404252202139565e-01	1.368451615395894772e-01	8.242852012320395216e-02	4.704566515464758680e-02	1.848250252744914474e-02	3.655581892235515440e-02
4.450748596562860939e+02	4.290365249149777349e-01	2.602507563119183520e-01	1.379655280294432851e-01	8.316116785268561074e-02	4.734054411798593182e-02	1.860437596185782541e-02	3.688439526006174335e-02
4.499126298699413837e+02	4.274366214948600029e-01	2.592664831076971765e-01	1.390797189705358650e-01	8.388979189637109368e-02	4.763378875400849088e-02	1.872562052754667486e-02	3.721126769791117950e-02
4.547504000835967304e+02	4.258454408284056414e-01	2.582875761940653381e-01	1.401877684101457966e-01	8.461441326435735488e-02	4.792540869488307737e-02	1.884623964546340916e-02	3.753644541160976178e-02
4.595881702972519065e+02	4.242629353103364309e-01	2.573140063139076616e-01	1.412897101834208191e-01	8.533505293579378426e-02	4.821541346073564965e-02	1.896623671490499721e-02	3.785993752983098093e-02
4.644259405109071963e+02	4.226890576002713673e-01	2.563457443664901581e-01	1.423855779168844704e-01	8.605173185185753526e-02	4.850381246530497542e-02	1.908561511396359572e-02	3.818175313415818339e-02
4.692637107245624861e+02	4.211237606203935280e-01	2.553827614073037600e-01	1.434754050317086638e-01	8.676447090938819995e-02	4.879061502114051541e-02	1.920437819993432368e-02	3.850190125906123584e-02
4.741014809382177759e+02	4.195669975532841378e-01	2.544250286477733880e-01	1.445592247467736569e-01	8.747329095512469677e-02	4.907583034438181557e-02	1.932252930968900856e-02	3.882039089190354036e-02
4.789392511518730657e+02	4.180187218398963567e-01	2.534725174548577709e-01	1.456370700815347863e-01	8.817821278049130240e-02	4.935946755915452538e-02	1.944007176001957826e-02	3.913723097297586162e-02
4.837770213655284124e+02	4.164788871776454182e-01	2.525251993505617243e-01	1.467089738587144254e-01	8.887925711688524077e-02	4.964153570161503048e-02	1.955700884795441227e-02	3.945243039555395431e-02
4.886147915791837022e+02	4.149474475185954137e-01	2.515830460113778755e-01	1.477749687068341256e-01	8.957644463142164226e-02	4.992204372367332887e-02	1.967334385105052458e-02	3.976599800597727108e-02
4.934525617928388783e+02	4.134243570677272883e-01	2.506460292676727653e-01	1.488350870626021227e-01	9.026979592309650191e-02	5.020100049642099715e-02	1.978908002766417012e-02	4.007794260374636375e-02
4.982903320064942250e+02	4.119095702812750059e-01	2.497141211030281249e-01	1.498893611731685893e-01	9.095933151933059679e-02	5.047841481328900481e-02	1.990422061720220626e-02	4.038827294163672282e-02
5.031281022201495148e+02	4.104030418651191114e-01	2.487872936535472923e-01	1.509378230982606484e-01	9.164507187286155543e-02	5.075429539295818471e-02	2.001876884035619711e-02	4.069699772582725805e-02
5.079658724338048046e+02	4.089047267732291435e-01	2.478655192071341218e-01	1.519805047122076980e-01	9.232703735895357589e-02	5.102865088204293353e-02	2.013272789932113796e-02	4.100412561604161593e-02
5.128036426474600376e+02	4.074145802061471811e-01	2.469487702027509668e-01	1.530174377058665935e-01	9.300524827289699537e-02	5.130148985756730756e-02	2.024610097800036423e-02	4.130966522570080068e-02
5.176414128611153274e+02	4.059325576095073052e-01	2.460370192296603142e-01	1.540486535884551533e-01	9.367972482777263410e-02	5.157282082925086775e-02	2.035889124219814744e-02	4.161362512208582887e-02
5.224791830747705035e+02	4.044586146725850928e-01	2.451302390266546227e-01	1.550741836893022585e-01	9.435048715245762663e-02	5.184265224162033781e-02	2.047110183980122011e-02	4.191601382650905067e-02
5.273169532884259070e+02	4.029927073268741999e-01	2.442284024812775844e-01	1.560940591595214033e-01	9.501755528985177113e-02	5.211099247596156364e-02	2.058273590095037811e-02	4.221683981449324274e-02
5.321547235020811968e+02	4.015347917446858705e-01	2.433314826290393362e-01	1.571083109736140238e-01	9.568094919530503728e-02	5.237784985212533273e-02	2.069379653820319076e-02	4.251611151595730692e-02
5.369924937157364866e+02	4.000848243377686519e-01	2.424394526526280347e-01	1.581169699310087662e-01	9.634068873522881604e-02	5.264323263019918958e-02	2.080428684668874512e-02	4.281383731540788773e-02
5.418302639293917764e+02	3.986427617559467063e-01	2.415522858811191553e-01	1.591200666575418032e-01	9.699679368587466044e-02	5.290714901205660625e-02	2.091420990425517726e-02	4.311002555213601373e-02
5.466680341430470662e+02	3.972085608857738315e-01	2.406699557891845420e-01	1.601176316068831929e-01	9.764928373226590408e-02	5.316960714279364564e-02	2.102356877161078164e-02	4.340468452041815889e-02
5.515058043567023560e+02	3.957821788492029147e-01	2.397924359963016783e-01	1.611096950619134160e-01	9.829817846726890407e-02	5.343061511206276260e-02	2.113236649245930909e-02	4.369782246972107181e-02
5.563435745703576458e+02	3.943635730022679309e-01	2.389197002659645408e-01	1.620962871360542568e-01	9.894349739079137673e-02	5.369018095531213203e-02	2.124060609363001562e-02	4.398944760490982459e-02
5.611813447840129356e+02	3.929527009337786536e-01	2.380517225048964514e-01	1.630774377745578263e-01	9.958525990909694592e-02	5.394831265493858080e-02	2.134829058520299958e-02	4.427956808645865799e-02
5.660191149976681118e+02	3.915495204640268012e-01	2.371884767622656764e-01	1.640531767557565634e-01	1.002234853342253984e-01	5.420501814136127056e-02	2.145542296063027848e-02	4.456819203066408192e-02
5.708568852113234016e+02	3.901539896435027299e-01	2.363299372289041911e-01	1.650235336922777074e-01	1.008581928835096259e-01	5.446030529402281356e-02	2.156200619685299733e-02	4.485532750985998796e-02
5.756946554249786914e+02	3.887660667516220081e-01	2.354760782365297456e-01	1.659885380322246862e-01	1.014894016791803161e-01	5.471418194232383070e-02	2.166804325441517090e-02	4.514098255263427478e-02
5.805324256386339812e+02	3.873857102954616494e-01	2.346268742569717902e-01	1.669482190603279459e-01	1.021171307480509965e-01	5.496665586649652352e-02	2.177353707757423776e-02	4.542516514404681960e-02
5.853701958522892710e+02	3.860128790085053385e-01	2.337822999014012582e-01	1.679026058990677472e-01	1.027413990212760891e-01	5.521773479842233961e-02	2.187849059440875182e-02	4.570788322584844882e-02
5.902079660659445608e+02	3.846475318493970397e-01	2.329423299195645669e-01	1.688517275097704551e-01	1.033622253341753977e-01	5.546742642239841509e-02	2.198290671692346154e-02	4.598914469670063038e-02
5.950457362795999643e+02	3.832896280007033196e-01	2.321069391990214226e-01	1.697956126936810139e-01	1.039796284261194081e-01	5.571573837585697825e-02	2.208678834115199510e-02	4.626895741239583221e-02
5.998835064932552541e+02	3.819391268676833318e-01	2.312761027643872869e-01	1.707342900930125806e-01	1.045936269404694613e-01	5.596267825004173219e-02	2.219013834725738071e-02	4.654732918607815129e-02
6.047212767069104302e+02	3.805959880770670711e-01	2.304497957765799243e-01	1.716677881919752569e-01	1.052042394245683715e-01	5.620825359064458154e-02	2.229295959963058932e-02	4.682426778846417170e-02
6.095590469205657200e+02	3.792601714758406239e-01	2.296279935320701682e-01	1.725961353177853375e-01	1.058114843297764535e-01	5.645247189840623542e-02	2.239525494698721766e-02	4.709978094806387822e-02
6.143968171342210098e+02	3.779316371300394661e-01	2.288106714621374049e-01	1.735193596416563788e-01	1.064153800115492099e-01	5.669534062968345500e-02	2.249702722246252687e-02	4.737387635140147268e-02
6.192345873478761860e+02	3.766103453235484788e-01	2.279978051321289167e-01	1.744374891797731975e-01	1.070159447295526145e-01	5.693686719698574927e-02	2.259827924370492666e-02	4.764656164323599619e-02
6.240723575615315895e+02	3.752962565569096798e-01	2.271893702407238591e-01	1.753505517942499647e-01	1.076131966478127006e-01	5.717705896948407918e-02	2.269901381296802675e-02	4.791784442678157646e-02
6.289101277751868793e+02	3.739893315461362278e-01	2.263853426192014295e-01	1.762585751940735357e-01	1.082071538348960971e-01	5.741592327349377689e-02	2.279923371720138717e-02	4.818773226392739084e-02
6.337478979888421691e+02	3.726895312215341982e-01	2.255856982307133385e-01	1.771615869360325668e-01	1.087978342641188340e-01	5.765346739293385203e-02	2.289894172814002649e-02	4.845623267545701163e-02
6.385856682024975726e+02	3.713968167265305209e-01	2.247904131695604713e-01	1.780596144256336721e-01	1.093852558137805991e-01	5.788969856976451667e-02	2.299814060239279215e-02	4.872335314126724493e-02
6.434234384161527487e+02	3.701111494165079119e-01	2.239994636604738520e-01	1.789526849180051449e-01	1.099694362674221437e-01	5.812462400440478877e-02	2.309683308152968295e-02	4.898910110058635192e-02
6.482612086298080385e+02	3.688324908576461891e-01	2.232128260578997714e-01	1.798408255187889937e-01	1.105503933141035178e-01	5.835825085613167984e-02	2.319502189216814808e-02	4.925348395219158321e-02
6.530989788434633283e+02	3.675608028257708604e-01	2.224304768452889658e-01	1.807240631850220158e-01	1.111281445487011937e-01	5.859058624346251409e-02	2.329270974605848407e-02	4.951650905462592900e-02
6.579367490571185044e+02	3.662960473052071508e-01	2.216523926343900719e-01	1.816024247260063229e-01	1.117027074722222180e-01	5.882163724452169062e-02	2.338989934016832972e-02	4.977818372641415468e-02
6.627745192707737942e+02	3.650381864876415250e-01	2.208785501645470495e-01	1.824759368041700691e-01	1.122740994921337526e-01	5.905141089739313065e-02	2.348659335676633875e-02	5.003851524627798281e-02
6.676122894844290840e+02	3.637871827709890926e-01	2.201089263020006570e-01	1.833446259359187425e-01	1.128423379227063011e-01	5.927991420045952697e-02	2.358279446350505792e-02	5.029751085335042865e-02
6.724500596980843738e+02	3.625429987582670655e-01	2.193434980391939515e-01	1.842085184924775743e-01	1.134074399853693821e-01	5.950715411272943650e-02	2.367850531350308013e-02	5.055517774738923359e-02
6.772878299117396637e+02	3.613055972564752083e-01	2.185822424940818409e-01	1.850676407007253721e-01	1.139694228090783329e-01	5.973313755415315951e-02	2.377372854542645145e-02	5.081152308898943815e-02
6.821256001253949535e+02	3.600749412754817302e-01	2.178251369094443002e-01	1.859220186440200262e-01	1.145283034306909670e-01	5.995787140592829384e-02	2.386846678356942947e-02	5.106655399979497661e-02
6.869633703390502433e+02	3.588509940269162257e-01	2.170721586522039448e-01	1.867716782630167438e-01	1.150840987953531541e-01	6.018136251079569260e-02	2.396272263793458590e-02	5.132027756270934188e-02
6.918011405527055331e+02	3.576337189230678337e-01	2.163232852127470740e-01	1.876166453564783176e-01	1.156368257568922420e-01	6.040361767332664417e-02	2.405649870431227078e-02	5.157270082210528572e-02
6.966389107663608229e+02	3.564230795757903358e-01	2.155784942042486829e-01	1.884569455820783446e-01	1.161865010782174579e-01	6.062464366020181572e-02	2.414979756435949726e-02	5.182383078403353383e-02
7.014766809800161127e+02	3.552190397954126388e-01	2.148377633620013605e-01	1.892926044571978106e-01	1.167331414317264449e-01	6.084444720048270971e-02	2.424262178567821585e-02	5.207367441643050154e-02
7.063144511936714025e+02	3.540215635896556412e-01	2.141010705427479066e-01	1.901236473597147369e-01	1.172767633997172654e-01	6.106303498587604267e-02	2.433497392189306816e-02	5.232223864932501745e-02
7.111522214073266923e+02	3.528306151625550946e-01	2.133683937240176409e-01	1.909500995287875535e-01	1.178173834748050958e-01	6.128041367099170550e-02	2.442685651272856473e-02	5.256953037504400600e-02
7.159899916209819821e+02	3.516461589133901278e-01	2.126397110034665694e-01	1.917719860656323383e-01	1.183550180603430285e-01	6.149658987359464535e-02	2.451827208408575293e-02	5.281555644841721964e-02
7.208277618346371582e+02	3.504681594356178764e-01	2.119150005982211038e-01	1.925893319342938670e-01	1.188896834708464828e-01	6.171157017485114776e-02	2.460922314811837125e-02	5.306032368698087448e-02
7.256655320482924481e+02	3.492965815158138865e-01	2.111942408442255004e-01	1.934021619624110289e-01	1.194213959324205571e-01	6.192536111956994244e-02	2.469971220330848330e-02	5.330383887118026603e-02
7.305033022619478515e+02	3.481313901326185678e-01	2.104774101955929622e-01	1.942105008419766909e-01	1.199501715831899490e-01	6.213796921643843091e-02	2.478974173454166069e-02	5.354610874457142733e-02
7.353410724756030277e+02	3.469725504556888662e-01	2.097644872239603775e-01	1.950143731300917338e-01	1.204760264737310543e-01	6.234940093825437624e-02	2.487931421318165942e-02	5.378714001402163519e-02
7.401788426892584312e+02	3.458200278446563747e-01	2.090554506178464722e-01	1.958138032497140912e-01	1.209989765675057588e-01	6.255966272215342239e-02	2.496843209714462788e-02	5.402693934990898672e-02
7.450166129029136073e+02	3.446737878480906070e-01	2.083502791820137368e-01	1.966088154904024332e-01	1.215190377412965483e-01	6.276876096983259601e-02	2.505709783097287077e-02	5.426551338632088634e-02
7.498543831165690108e+02	3.435337962024685443e-01	2.076489518368338227e-01	1.973994340090547417e-01	1.220362257856427851e-01	6.297670204777017222e-02	2.514531384590816196e-02	5.450286872125148507e-02
7.546921533302243006e+02	3.424000188311489001e-01	2.069514476176563256e-01	1.981856828306420570e-01	1.225505564052775803e-01	6.318349228744207791e-02	2.523308255996460636e-02	5.473901191679814843e-02
7.595299235438793630e+02	3.412724218433531576e-01	2.062577456741812032e-01	1.989675858489371729e-01	1.230620452195652775e-01	6.338913798553498513e-02	2.532040637800106811e-02	5.497394949935682784e-02
7.643676937575347665e+02	3.401509715331512140e-01	2.055678252698346919e-01	1.997451668272386960e-01	1.235707077629390749e-01	6.359364540415640699e-02	2.540728769179317545e-02	5.520768795981639138e-02
7.692054639711900563e+02	3.390356343784531323e-01	2.048816657811484698e-01	2.005184493990905259e-01	1.240765594853387166e-01	6.379702077104185132e-02	2.549372888010488503e-02	5.544023375375202456e-02
7.740432341848452324e+02	3.379263770400061651e-01	2.041992466971424558e-01	2.012874570689965614e-01	1.245796157526479070e-01	6.399927027975935157e-02	2.557973230875965759e-02	5.567159330161744468e-02
7.788810043985006359e+02	3.368231663603974968e-01	2.035205476187108564e-01	2.020522132131309379e-01	1.250798918471313914e-01	6.420040008991137470e-02	2.566530033071120348e-02	5.590177298893624774e-02
7.837187746121558121e+02	3.357259693630620379e-01	2.028455482580116820e-01	2.028127410800440178e-01	1.255774029678715653e-01	6.440041632733425891e-02	2.575043528611379792e-02	5.613077916649213822e-02
7.885565448258112156e+02	3.346347532512960465e-01	2.021742284378595655e-01	2.035690637913638856e-01	1.260721642312040980e-01	6.459932508429544473e-02	2.583513950239225282e-02	5.635861815051813883e-02
7.933943150394665054e+02	3.335494854072761362e-01	2.015065680911219403e-01	2.043212043424935120e-01	1.265641906711530706e-01	6.479713241968848569e-02	2.591941529431143060e-02	5.658529622288485661e-02
7.982320852531219089e+02	3.324701333910830559e-01	2.008425472601185480e-01	2.050691856033039218e-01	1.270534972398649209e-01	6.499384435922593573e-02	2.600326496404539375e-02	5.681081963128765955e-02
8.030698554667769713e+02	3.313966649397316888e-01	2.001821460960242216e-01	2.058130303188228927e-01	1.275400988080412634e-01	6.518946689563029362e-02	2.608669080124615541e-02	5.703519458943289572e-02
8.079076256804323748e+02	3.303290479662057688e-01	1.995253448582749445e-01	2.065527611099197691e-01	1.280240101653707663e-01	6.538400598882308790e-02	2.616969508311204479e-02	5.725842727722307152e-02
8.127453958940876646e+02	3.292672505584978704e-01	1.988721239139771835e-01	2.072884004739861397e-01	1.285052460209594183e-01	6.557746756611208816e-02	2.625228007445569445e-02	5.748052384094106543e-02
8.175831661077428407e+02	3.282112409786549501e-01	1.982224637373204978e-01	2.080199707856125457e-01	1.289838210037596855e-01	6.576985752237683724e-02	2.633444802777163210e-02	5.770149039343333564e-02
8.224209363213982442e+02	3.271609876618287727e-01	1.975763449089932289e-01	2.087474942972612213e-01	1.294597496629980860e-01	6.596118172025250415e-02	2.641620118330350458e-02	5.792133301429210762e-02
8.272587065350534203e+02	3.261164592153319997e-01	1.969337481156015202e-01	2.094709931399348635e-01	1.299330464686013487e-01	6.615144599031212713e-02	2.649754176911092718e-02	5.814005775003662502e-02
8.320964767487085965e+02	3.250776244176987184e-01	1.962946541490915020e-01	2.101904893238415728e-01	1.304037258116209075e-01	6.634065613124731642e-02	2.657847200113596514e-02	5.835767061429338737e-02
8.369342469623640000e+02	3.240444522177508002e-01	1.956590439061746400e-01	2.109060047390559911e-01	1.308718020046558128e-01	6.652881791004754131e-02	2.665899408326922668e-02	5.857417758797540258e-02
8.417720171760191761e+02	3.230169117336688100e-01	1.950268983877561091e-01	2.116175611561766090e-01	1.313372892822739224e-01	6.671593706217787689e-02	2.673911020741562630e-02	5.878958461946051650e-02
8.466097873896745796e+02	3.219949722520684121e-01	1.943981986983664978e-01	2.123251802269792154e-01	1.318002018014314269e-01	6.690201929175544626e-02	2.681882255355975617e-02	5.900389762476869471e-02
8.514475576033297557e+02	3.209786032270816047e-01	1.937729260455964275e-01	2.130288834850669333e-01	1.322605536418906269e-01	6.708707027172448878e-02	2.689813328983089308e-02	5.921712248773842308e-02
8.562853278169851592e+02	3.199677742794429514e-01	1.931510617395344187e-01	2.137286923465162580e-01	1.327183588066358222e-01	6.727109564403015163e-02	2.697704457256765859e-02	5.942926506020212302e-02
8.611230980306403353e+02	3.189624551955808629e-01	1.925325871922077547e-01	2.144246281105195162e-01	1.331736312222873420e-01	6.745410101979096296e-02	2.705555854638234253e-02	5.964033116216054670e-02
8.659608682442956251e+02	3.179626159267139318e-01	1.919174839170263991e-01	2.151167119600237432e-01	1.336263847395139648e-01	6.763609197947012541e-02	2.713367734422482414e-02	5.985032658195636041e-02
8.707986384579510286e+02	3.169682265879518734e-01	1.913057335282298266e-01	2.158049649623660360e-01	1.340766331334431738e-01	6.781707407304557456e-02	2.721140308744618777e-02	6.005925707644663158e-02
8.756364086716062047e+02	3.159792574574017965e-01	1.906973177403373243e-01	2.164894080699051870e-01	1.345243901040696077e-01	6.799705282017888541e-02	2.728873788586196406e-02	6.026712837117451094e-02
8.804741788852616082e+02	3.149956789752790254e-01	1.900922183676006794e-01	2.171700621206499038e-01	1.349696692766616524e-01	6.817603371038305493e-02	2.736568383781502745e-02	6.047394616053990146e-02
8.853119490989170117e+02	3.140174617430230297e-01	1.894904173234602807e-01	2.178469478388833647e-01	1.354124842021660891e-01	6.835402220318911870e-02	2.744224303023816425e-02	6.067971610796919074e-02
8.901497193125721878e+02	3.130445765224177945e-01	1.888918966200041627e-01	2.185200858357845832e-01	1.358528483576106338e-01	6.853102372831168521e-02	2.751841753871626939e-02	6.088444384608413668e-02
8.949874895262273640e+02	3.120769942347175752e-01	1.882966383674297417e-01	2.191894966100458864e-01	1.362907751465046446e-01	6.870704368581342925e-02	2.759420942754823441e-02	6.108813497686976096e-02
8.998252597398827675e+02	3.111146859597767600e-01	1.877046247735087992e-01	2.198552005484873950e-01	1.367262778992380523e-01	6.888208744626850288e-02	2.766962074980846426e-02	6.129079507184133357e-02
9.046630299535379436e+02	3.101576229351850067e-01	1.871158381430551576e-01	2.205172179266677857e-01	1.371593698734778211e-01	6.905616035092487781e-02	2.774465354740807480e-02	6.149242967221048295e-02
9.095008001671932334e+02	3.092057765554069859e-01	1.865302608773954929e-01	2.211755689094918598e-01	1.375900642545629105e-01	6.922926771186579953e-02	2.781930985115577820e-02	6.169304428905039023e-02
9.143385703808486369e+02	3.082591183709264548e-01	1.859478754738426165e-01	2.218302735518145608e-01	1.380183741558969612e-01	6.940141481217010355e-02	2.789359168081838314e-02	6.189264440346008145e-02
9.191763405945038130e+02	3.073176200873954378e-01	1.853686645251722276e-01	2.224813517990419098e-01	1.384443126193391771e-01	6.957260690607158793e-02	2.796750104518100355e-02	6.209123546672780380e-02
9.240141108081592165e+02	3.063812535647878477e-01	1.847926107191021072e-01	2.231288234877283894e-01	1.388678926155929028e-01	6.974284921911745594e-02	2.804103994210692397e-02	6.228882290049352066e-02
9.288518810218145063e+02	3.054499908165578814e-01	1.842196968377741717e-01	2.237727083461709676e-01	1.392891270445926477e-01	6.991214694832577348e-02	2.811421035859714562e-02	6.248541209691055309e-02
9.336896512354697961e+02	3.045238040088026898e-01	1.836499057572394955e-01	2.244130259950003758e-01	1.397080287358887507e-01	7.008050526234195499e-02	2.818701427084959604e-02	6.268100841880631935e-02
9.385274214491247449e+02	3.036026654594299323e-01	1.830832204469461377e-01	2.250497959477683052e-01	1.401246104490302402e-01	7.024792930159437510e-02	2.825945364431802637e-02	6.287561719984216535e-02
9.433651916627801484e+02	3.026865476373297170e-01	1.825196239692296607e-01	2.256830376115321612e-01	1.405388848739456409e-01	7.041442417844906432e-02	2.833153043377057909e-02	6.306924374467237637e-02
9.482029618764355519e+02	3.017754231615511484e-01	1.819590994788064520e-01	2.263127702874360436e-01	1.409508646313218094e-01	7.057999497736343331e-02	2.840324658334803659e-02	6.326189332910230056e-02
9.530407320900908417e+02	3.008692648004833159e-01	1.814016302222698496e-01	2.269390131712888670e-01	1.413605622729806888e-01	7.074464675503913669e-02	2.847460402662175399e-02	6.345357120024559816e-02
9.578785023037459041e+02	2.999680454710406119e-01	1.808471995375891261e-01	2.275617853541391233e-01	1.417679902822542581e-01	7.090838454057409035e-02	2.854560468665127970e-02	6.364428257668065803e-02
9.627162725174014213e+02	2.990717382378528799e-01	1.802957908536109433e-01	2.281811058228465916e-01	1.421731610743574292e-01	7.107121333561353116e-02	2.861625047604165681e-02	6.383403264860612603e-02
9.675540427310568248e+02	2.981803163124593925e-01	1.797473876895637479e-01	2.287969934606507993e-01	1.425760869967589162e-01	7.123313811450025790e-02	2.868654329700040875e-02	6.402282657799561461e-02
9.723918129447120009e+02	2.972937530525078809e-01	1.792019736545647779e-01	2.294094670477365427e-01	1.429767803295501072e-01	7.139416382442401177e-02	2.875648504139420927e-02	6.421066949875159358e-02
9.772295831583674044e+02	2.964120219609575613e-01	1.786595324471297042e-01	2.300185452617961035e-01	1.433752532858121320e-01	7.155429538556999647e-02	2.882607759080527132e-02	6.439756651685837885e-02
9.820673533720223531e+02	2.955350966852862693e-01	1.781200478546851595e-01	2.306242466785885514e-01	1.437715180119809033e-01	7.171353769126653788e-02	2.889532281658738905e-02	6.458352271053430238e-02
9.869051235856777566e+02	2.946629510167027011e-01	1.775835037530836824e-01	2.312265897724958830e-01	1.441655865882101040e-01	7.187189560813191103e-02	2.896422257992170221e-02	6.476854313038311883e-02
9.917428937993331601e+02	2.937955588893619852e-01	1.770498841061214634e-01	2.318255929170761898e-01	1.445574710287324816e-01	7.202937397622038995e-02	2.903277873187214142e-02	6.495263279954446856e-02
9.965806640129884499e+02	2.929328943795863616e-01	1.765191729650586738e-01	2.324212743856136076e-01	1.449471832822188111e-01	7.218597760916738160e-02	2.910099311344057846e-02	6.513579671384368830e-02
