0.000000000000000000e+00	1.012535163467985777e+00	3.214771506303430204e-28	2.267674590189213433e-29	6.631626495407783885e-29	2.692164585655362061e-30	7.039986373671584439e-29	9.987975168312137819e-31
4.837770213655283591e+00	9.393806173977654606e-01	6.633457339059911639e-02	2.110317896256165646e-03	1.098501825955475230e-03	2.446282249592040322e-03	9.276031948679992756e-04	2.372675129494623825e-04
9.675540427310567182e+00	8.789160662357543563e-01	1.204588195234783943e-01	4.229612328993553536e-03	2.141845646800751707e-03	4.541256116442380503e-03	1.723430403610868439e-03	5.241332129053738638e-04
1.451331064096584811e+01	8.288625807020718606e-01	1.645695289087096280e-01	6.345314334422205542e-03	3.146515599736716354e-03	6.349043655541918019e-03	2.410939506399580653e-03	8.512407611037272042e-04
1.935108085462113081e+01	7.873509364226545237e-01	2.004685344003595826e-01	8.448455809948020659e-03	4.125094904385151126e-03	7.921851181062722694e-03	3.009377947609983683e-03	1.210912801965627122e-03
2.418885106827641707e+01	7.528479543841292143e-01	2.296337186760206428e-01	1.053282401432501653e-02	5.087091094189213902e-03	9.302186516437707317e-03	3.534539020138439697e-03	1.596849762745347363e-03
2.902662128193169622e+01	7.240960844924105855e-01	2.532772555916898982e-01	1.259429800238733368e-02	6.039595645590223674e-03	1.052466474935542448e-02	3.999382259206984112e-03	2.003882727345150487e-03
3.386439149558698603e+01	7.000638512732471064e-01	2.723933805882516879e-01	1.463032972184671182e-02	6.987810273824734270e-03	1.161747857146443012e-02	4.414542367910346751e-03	2.427770671440512232e-03
3.870216170924226162e+01	6.799052088246970715e-01	2.877975726823587821e-01	1.663953990028241639e-02	7.935465991771176522e-03	1.260359527062048825e-02	4.788746706983124796e-03	2.865034091272439937e-03
4.353993192289755143e+01	6.629262032402737370e-01	3.001586921193942770e-01	1.862140481298305006e-02	8.885156021587948399e-03	1.350173100311714142e-02	5.129157780601244741e-03	3.312818490028060590e-03
4.837770213655283413e+01	6.485576287044703125e-01	3.100253401612079740e-01	2.057601482184702110e-02	9.838599589804103082e-03	1.432714363401482206e-02	5.441654196618124321e-03	3.768782360023155420e-03
5.321547235020811684e+01	6.363325996689553898e-01	3.178474797862986811e-01	2.250388943521604637e-02	1.079685034745327468e-02	1.509227781078232092e-02	5.731061157116593141e-03	4.231005262163098878e-03
5.805324256386339954e+01	6.258681552568182704e-01	3.239941693218241214e-01	2.440583673913618301e-02	1.176046049322162189e-02	1.580728971456901721e-02	6.001339548094584975e-03	4.697912394321570456e-03
6.289101277751868224e+01	6.168501709490593621e-01	3.287681078453205674e-01	2.628284753860766695e-02	1.272960952177904122e-02	1.648047385755210120e-02	6.255741067215488810e-03	5.168212688451179898e-03
6.772878299117397205e+01	6.090209829445816236e-01	3.324175655525914985e-01	2.813601654150851492e-02	1.370420477578932622e-02	1.711861015393330299e-02	6.496935491635133335e-03	5.640848007946083417e-03
7.256655320482924765e+01	6.021692374887780419e-01	3.351461692355068855e-01	2.996648451403598548e-02	1.468395957073432428e-02	1.772724611468208186e-02	6.727115091301997737e-03	6.114951452945965871e-03
7.740432341848452324e+01	5.961215651494983225e-01	3.371209284882663026e-01	3.177539661232212098e-02	1.566845352338262429e-02	1.831092626182445615e-02	6.948080293618283040e-03	6.589813139073130537e-03
8.224209363213981305e+01	5.907357519382900879e-01	3.384788189319953289e-01	3.356387311307235111e-02	1.665717879608220181e-02	1.887337861241646444e-02	7.161309967515408319e-03	7.064852108613443697e-03
8.707986384579510286e+01	5.858951381636676725e-01	3.393321818832293335e-01	3.533298957730860584e-02	1.764957522830465711e-02	1.941766625175901650e-02	7.368019089776410221e-03	7.539593273939630344e-03
9.191763405945040688e+01	5.815040242864711884e-01	3.397731532509494223e-01	3.708376412645327663e-02	1.864505673011377165e-02	1.994631052349792044e-02	7.569206059991959515e-03	8.013648490507844363e-03
9.675540427310566827e+01	5.774839027319234042e-01	3.398772961913325008e-01	3.881715002203416087e-02	1.964303083195802907e-02	2.046139114861525443e-02	7.765691523313940706e-03	8.486701018808159164e-03
1.015931744867609581e+02	5.737703671627049085e-01	3.397065806716810243e-01	4.053403214578416708e-02	2.064291289907442192e-02	2.096462759501531437e-02	7.958150226133168387e-03	8.958492767592449862e-03
1.064309447004162337e+02	5.703105774150230012e-01	3.393118273585613576e-01	4.223522629723419630e-02	2.164413620874052965e-02	2.145744521285624859e-02	8.147137155801257788e-03	9.428813819768889354e-03
1.112687149140715235e+02	5.670611801973733934e-01	3.387347121357883184e-01	4.392148047824808582e-02	2.264615883995668016e-02	2.194102899403702761e-02	8.333108990750948825e-03	9.897493831831053954e-03
1.161064851277267991e+02	5.639866036124754345e-01	3.380094102436566050e-01	4.559347753213750798e-02	2.364846812599932097e-02	2.241636727962227627e-02	8.516441702993975127e-03	1.036439497110024088e-02
1.209442553413820747e+02	5.610576582945031587e-01	3.371639448294313501e-01	4.725183866010878447e-02	2.465058326104452996e-02	2.288428730387733270e-02	8.697445003731372679e-03	1.082940611528884767e-02
1.257820255550373645e+02	5.582503900368085414e-01	3.362212930509142494e-01	4.889712745871618860e-02	2.565205652493596222e-02	2.334548410955861186e-02	8.876374198743418667e-03	1.129243808830847698e-02
1.306197957686926259e+02	5.555451386960261750e-01	3.352002933208746982e-01	5.052985421584082343e-02	2.665247348887587325e-02	2.380054408112599121e-02	9.053439918450893395e-03	1.175341974679092703e-02
1.354575659823479441e+02	5.529257662873130474e-01	3.341163894437769177e-01	5.215048027516513973e-02	2.765145248426873273e-02	2.424996410835439029e-02	9.228816104049845925e-03	1.221229476505723659e-02
1.402953361960032339e+02	5.503790238528830647e-01	3.329822409687257512e-01	5.375942233470833859e-02	2.864864355304302251e-02	2.469416720242659583e-02	9.402646562632220942e-03	1.266901899356616228e-02
1.451331064096584669e+02	5.478940321546875714e-01	3.318082238106129234e-01	5.535705658734318968e-02	2.964372704720881838e-02	2.513351523184222114e-02	9.575050348019076979e-03	1.312355828827136556e-02
1.499708766233137851e+02	5.454618557275804358e-01	3.306028408673133412e-01	5.694372264320569227e-02	3.063641200551028149e-02	2.556831931973899477e-02	9.746126177940716770e-03	1.357588672669571978e-02
1.548086468369690749e+02	5.430751535083712112e-01	3.293730588140569293e-01	5.851972719781835253e-02	3.162643440365599246e-02	2.599884834208452192e-02	9.915956060384985282e-03	1.402598514161305411e-02
1.596464170506243647e+02	5.407278922737827065e-01	3.281245843470180779e-01	6.008534742738372292e-02	3.261355535002917472e-02	2.642533588325296501e-02	1.008460827091384182e-02	1.447383991560440529e-02
1.644841872642796261e+02	5.384151115954159961e-01	3.268620907620906624e-01	6.164083410549583281e-02	3.359755927960662164e-02	2.684798593816426285e-02	1.025213979729851059e-02	1.491944198991293491e-02
1.693219574779349159e+02	5.361327310499341969e-01	3.255894037977107858e-01	6.318641444458882039e-02	3.457825218393603683e-02	2.726697759551291803e-02	1.041859834694426092e-02	1.536278604935766359e-02
1.741597276915902057e+02	5.338773920877928347e-01	3.243096540653440663e-01	6.472229467167882333e-02	3.555545990354378599e-02	2.768246889227163332e-02	1.058402399544583830e-02	1.580386985190777166e-02
1.789974979052454671e+02	5.316463283295993492e-01	3.230254020745987886e-01	6.624866235204925069e-02	3.652902650035463883e-02	2.809459999368774108e-02	1.074845054056038085e-02	1.624269367713469456e-02
1.838352681189008138e+02	5.294372591793992111e-01	3.217387407799871535e-01	6.776568847702126031e-02	3.749881272103088026e-02	2.850349582382405780e-02	1.091190661435365548e-02	1.667925987236853341e-02
1.886730383325560467e+02	5.272483025630002595e-01	3.204513796905661960e-01	6.927352933325924000e-02	3.846469455712491631e-02	2.890926824805074499e-02	1.107441659681452500e-02	1.711357247916886828e-02
1.935108085462113081e+02	5.250779033530721396e-01	3.191647138571521158e-01	7.077232817150962141e-02	3.942656190422413887e-02	2.931201788973064604e-02	1.123600136646969901e-02	1.754563692582620030e-02
1.983485787598666263e+02	5.229247746608977065e-01	3.178798804558821689e-01	7.226221669250904034e-02	4.038431731956211579e-02	2.971183564781200090e-02	1.139667891716135417e-02	1.797545977416015878e-02
2.031863489735219162e+02	5.207878496816543690e-01	3.165978051981092056e-01	7.374331636721463690e-02	4.133787487564617724e-02	3.010880396946225349e-02	1.155646486492360563e-02	1.840304851097425767e-02
2.080241191871772060e+02	5.186662421959606917e-01	3.153192403957091883e-01	7.521573960764740829e-02	4.228715910612905471e-02	3.050299792168709861e-02	1.171537286460501079e-02	1.882841137624603756e-02
2.128618894008324673e+02	5.165592141715126262e-01	3.140447961820406753e-01	7.667959080360844948e-02	4.323210403928777479e-02	3.089448609762688799e-02	1.187341495236489408e-02	1.925155722154311966e-02
2.176996596144877287e+02	5.144661491884024995e-01	3.127749661190845631e-01	7.813496723940413502e-02	4.417265231395516023e-02	3.128333138654018630e-02	1.203060182728311195e-02	1.967249539331487884e-02
2.225374298281430470e+02	5.123865306411835574e-01	3.115101482000621202e-01	7.958195990356081717e-02	4.510875437249012299e-02	3.166959163107362085e-02	1.218694308295265732e-02	2.009123563666164944e-02
2.273752000417983652e+02	5.103199238589624098e-01	3.102506620753773814e-01	8.102065420335978485e-02	4.604036772530417654e-02	3.205332019103596108e-02	1.234244739797924276e-02	2.050778801596549530e-02
2.322129702554535982e+02	5.082659614391753511e-01	3.089967631808965276e-01	8.245113059491133989e-02	4.696745628153037311e-02	3.243456642934639672e-02	1.249712269271543649e-02	2.092216284940897481e-02
2.370507404691088880e+02	5.062243312173322352e-01	3.077486543255018026e-01	8.387346513842797169e-02	4.788998974058601005e-02	3.281337613295359085e-02	1.265097625824651573e-02	2.133437065493620083e-02
2.418885106827641494e+02	5.041947663988700645e-01	3.065064951947301108e-01	8.528772998736544597e-02	4.880794303961076552e-02	3.318979187919407492e-02	1.280401486256955122e-02	2.174442210564431210e-02
2.467262808964194392e+02	5.021770374644457524e-01	3.052704101451774732e-01	8.669399381918110881e-02	4.972129585203398372e-02	3.356385335617183274e-02	1.295624483802426327e-02	2.215232799294979821e-02
2.515640511100747290e+02	5.001709455298707363e-01	3.040404945969908401e-01	8.809232221461521517e-02	5.063003213281996179e-02	3.393559764421093250e-02	1.310767215330937638e-02	2.255809919616715356e-02
2.564018213237300188e+02	4.981763168992000557e-01	3.028168202765136319e-01	8.948277799163145696e-02	5.153413970624610985e-02	3.430505946419169783e-02	1.325830247282304593e-02	2.296174665737819170e-02
2.612395915373852517e+02	4.961929985964985690e-01	3.015994395158359542e-01	9.086542149945636693e-02	5.243360989237502018e-02	3.467227139757247945e-02	1.340814120557740248e-02	2.336328136066833164e-02
2.660773617510405415e+02	4.942208547003616448e-01	3.003883887788267315e-01	9.224031087752961044e-02	5.332843716868177625e-02	3.503726408207931409e-02	1.355719354553602818e-02	2.376271431496900649e-02
2.709151319646958882e+02	4.922597633368936965e-01	2.991836915527379404e-01	9.360750228361411351e-02	5.421861886358679550e-02	3.540006638637845787e-02	1.370546450489375408e-02	2.416005653987932100e-02
2.757529021783511780e+02	4.903096142127880697e-01	2.979853607194640763e-01	9.496705009481212767e-02	5.510415487891969638e-02	3.576070556650230714e-02	1.385295894154760753e-02	2.455531905395022876e-02
2.805906723920064678e+02	4.883703065914282160e-01	2.967934005000267828e-01	9.631900708478527418e-02	5.598504743859836902e-02	3.611920740635483212e-02	1.399968158178549471e-02	2.494851286500517767e-02
2.854284426056617008e+02	4.864417476323807388e-01	2.956078080490338600e-01	9.766342458007921945e-02	5.686130086104931175e-02	3.647559634425839858e-02	1.414563703903675730e-02	2.533964896214583803e-02
2.902662128193169337e+02	4.845238510289662792e-01	2.944285747620599691e-01	9.900035259810130439e-02	5.773292135311979684e-02	3.682989558720518170e-02	1.429082982937865919e-02	2.572873830915289872e-02
2.951039830329722804e+02	4.826165358903343749e-01	2.932556873475796189e-01	1.003298399689880882e-01	5.859991682343938801e-02	3.718212721423027473e-02	1.443526438436979094e-02	2.611579183904256737e-02
2.999417532466276270e+02	4.807197258240989979e-01	2.920891287057991725e-01	1.016519344433255284e-01	5.946229671337883993e-02	3.753231227012048671e-02	1.457894506168006150e-02	2.650082044958105773e-02
3.047795234602828600e+02	4.788333481834904926e-01	2.909288786491207590e-01	1.029666827874425872e-01	6.032007184392864513e-02	3.788047085050422202e-02	1.472187615390378040e-02	2.688383499959370176e-02
3.096172936739380930e+02	4.769573334494583428e-01	2.897749144927249665e-01	1.042741308677865852e-01	6.117325427697883206e-02	3.822662217922787042e-02	1.486406189587394233e-02	2.726484630593360714e-02
3.144550638875934396e+02	4.750916147234742759e-01	2.886272115386372961e-01	1.055743237257019823e-01	6.202185718962618943e-02	3.857078467880670214e-02	1.500550647073961748e-02	2.764386514099818198e-02
3.192928341012487294e+02	4.732361273111431732e-01	2.874857434724406025e-01	1.068673056437701996e-01	6.286589476026736845e-02	3.891297603463982069e-02	1.514621401502211362e-02	2.802090223070103150e-02
3.241306043149040192e+02	4.713908083803056703e-01	2.863504826883522814e-01	1.081531202047251866e-01	6.370538206535521220e-02	3.925321325359571595e-02	1.528618862282758034e-02	2.839596825282262801e-02
3.289683745285592522e+02	4.695555966802485992e-01	2.852214005555553933e-01	1.094318103438328832e-01	6.454033498580440120e-02	3.959151271750417644e-02	1.542543434936245565e-02	2.876907383567637796e-02
3.338061447422145420e+02	4.677304323110443862e-01	2.840984676363561556e-01	1.107034183955135087e-01	6.537077012213030058e-02	3.992789023203014570e-02	1.556395521387240501e-02	2.914022955703736775e-02
3.386439149558698318e+02	4.659152565340151098e-01	2.829816538648392554e-01	1.119679861348886474e-01	6.619670471749329599e-02	4.026236107135346826e-02	1.570175520210428596e-02	2.950944594329018775e-02
3.434816851695251216e+02	4.641100116159333488e-01	2.818709286931319058e-01	1.132255548148513868e-01	6.701815658790122310e-02	4.059494001903356242e-02	1.583883826837321693e-02	2.987673346875953026e-02
3.483194553831804114e+02	4.623146407009019465e-01	2.807662612111083700e-01	1.144761651991839380e-01	6.783514405889448651e-02	4.092564140539958067e-02	1.597520833730246836e-02	3.024210255519343624e-02
3.531572255968357013e+02	4.605290877049407205e-01	2.796676202443184045e-01	1.157198575921826733e-01	6.864768590810375881e-02	4.125447914177243769e-02	1.611086930529211439e-02	3.060556357137411351e-02
3.579949958104909342e+02	4.587532972292044930e-01	2.785749744340625389e-01	1.169566718651946086e-01	6.945580131312889538e-02	4.158146675179559548e-02	1.624582504176265083e-02	3.096712683283545445e-02
3.628327660241463377e+02	4.569872144884866705e-01	2.774882923028298420e-01	1.181866474804200290e-01	7.025950980424085224e-02	4.190661740012516234e-02	1.638007939021173323e-02	3.132680260166986058e-02
3.676705362378016275e+02	4.552307852522660681e-01	2.764075423077373972e-01	1.194098235122927343e-01	7.105883122145600916e-02	4.222994391870651260e-02	1.651363616911561208e-02	3.168460108640984429e-02
3.725083064514568036e+02	4.534839557960448908e-01	2.753326928841337007e-01	1.206262386667120989e-01	7.185378567557568208e-02	4.255145883084408137e-02	1.664649917270135532e-02	3.204053244197234418e-02
3.773460766651120935e+02	4.517466728611330695e-01	2.742637124811408422e-01	1.218359312983682691e-01	7.264439351282252211e-02	4.287117437325231595e-02	1.677867217161152849e-02	3.239460676965555397e-02
3.821838468787673833e+02	4.500188836213633858e-01	2.732005695905894704e-01	1.230389394263727565e-01	7.343067528274016542e-02	4.318910251625922986e-02	1.691015891347915495e-02	3.274683411717988629e-02
3.870216170924226162e+02	4.483005356554952137e-01	2.721432327705395338e-01	1.242353007483816690e-01	7.421265170905493036e-02	4.350525498231886529e-02	1.704096312342787134e-02	3.309722447876590340e-02
3.918593873060780197e+02	4.465915769242876365e-01	2.710916706643647367e-01	1.254250526533769450e-01	7.499034366322611389e-02	4.381964326297562579e-02	1.717108850450954974e-02	3.344578779524332024e-02
3.966971575197332527e+02	4.448919557514056655e-01	2.700458520162024034e-01	1.266082322332514054e-01	7.576377214043779340e-02	4.413227863441106236e-02	1.730053873808961099e-02	3.379253395418600758e-02
4.015349277333884856e+02	4.432016208074731622e-01	2.690057456834265559e-01	1.277848762933262716e-01	7.653295823780802143e-02	4.444317217169248269e-02	1.742931748418849805e-02	3.413747279006894980e-02
4.063726979470438323e+02	4.415205210967101945e-01	2.679713206466826647e-01	1.289550213619157226e-01	7.729792313461264497e-02	4.475233476183285153e-02	1.755742838178640450e-02	3.448061408444343806e-02
4.112104681606991221e+02	4.398486059456923614e-01	2.669425460179264409e-01	1.301187036990388568e-01	7.805868807433943846e-02	4.505977711576199252e-02	1.768487504909709365e-02	3.482196756612767480e-02
4.160482383743544119e+02	4.381858249938538341e-01	2.659193910468281574e-01	1.312759593043691941e-01	7.881527434840593371e-02	4.536550977930077500e-02	1.781166108381574201e-02	3.516154291141022903e-02
4.208860085880095880e+02	4.365321281854224189e-01	2.649018251258398737e-01	1.324268239245005863e-01	7.956770328138965120e-02	4.566954314322231590e-02	1.793779006334478635e-02	3.549934974426417755e-02
4.257237788016648778e+02	4.348874657625321216e-01	2.638898177941690348e-01	1.335713330596006443e-01	8.031599621763328700e-02	4.597188745247710040e-02	1.806326554500133422e-02	3.583539763657023897e-02
4.305615490153201677e+02	4.332517882593039937e-01	2.628833387408568423e-01	1.347095219695138568e-01	8.106017450910046884e-02	4.627255281465254139e-02	1.818809106620879884e-02	3.616969610834731147e-02
4.353993192289755143e+02	4.316250464967224532e-01	2.618823578071260427e-01	1.358414256793705199e-01	8.180025950436875526e-02	4.657154920773159956e-02	1.831227014467529460e-02	3.650225462798912385e-02
4.402370894426308041e+02	4.300071915781675802e-01	2.608868449881311391e-01	1.369670789847514392e-01	8.253627253865736257e-02	4.686888648720963224e-02	1.843580627856067355e-02	3.683308261250596571e-02
4.450748596562860939e+02	4.283981748854864269e-01	2.598967704342208251e-01	1.380865164564520631e-01	8.326823492479629163e-02	4.716457439262378148e-02	1.855870294663391346e-02	3.716218942777052558e-02
4.499126298699413837e+02	4.267979480755086930e-01	2.589121044518027936e-01	1.391997724448864604e-01	8.399616794505200545e-02	4.745862255354453552e-02	1.868096360842226231e-02	3.748958438876708738e-02
4.547504000835967304e+02	4.252064630769294418e-01	2.579328175038840820e-01	1.403068810841658354e-01	8.472009284373269167e-02	4.775104049507509357e-02	1.880259170435329835e-02	3.781527675984337061e-02
4.595881702972519065e+02	4.236236720874939077e-01	2.569588802103474623e-01	1.414078762958837499e-01	8.544003082050313780e-02	4.804183764290018838e-02	1.892359065589089423e-02	3.813927575496443151e-02
4.644259405109071963e+02	4.220495275714325478e-01	2.559902633480127254e-01	1.425027917926360854e-01	8.615600302434556212e-02	4.833102332792265504e-02	1.904396386566594920e-02	3.846159053796820854e-02
4.692637107245624861e+02	4.204839822571025398e-01	2.550269378505243822e-01	1.435916610813010030e-01	8.686803054810836311e-02	4.861860679052269069e-02	1.916371471760252437e-02	3.878223022282226151e-02
4.741014809382177759e+02	4.189269891348011421e-01	2.540688748080967563e-01	1.446745174661022426e-01	8.757613442359034328e-02	4.890459718447195264e-02	1.928284657704006783e-02	3.910120387388129476e-02
4.789392511518730657e+02	4.173785014547207184e-01	2.531160454671458893e-01	1.457513940514755801e-01	8.828033561711236266e-02	4.918900358053178434e-02	1.940136279085213911e-02	3.941852050614522152e-02
4.837770213655284124e+02	4.158384727250231117e-01	2.521684212298284100e-01	1.468223237447572049e-01	8.898065502553291484e-02	4.947183496976247097e-02	1.951926668756213956e-02	3.973418908551754059e-02
4.886147915791837022e+02	4.143068567100111621e-01	2.512259736535062404e-01	1.478873392587102820e-01	8.967711347266785205e-02	4.975310026656819956e-02	1.963656157745635733e-02	4.004821852906364360e-02
4.934525617928388783e+02	4.127836074283847134e-01	2.502886744501520155e-01	1.489464731139049092e-01	9.036973170607819072e-02	5.003280831150017094e-02	1.975325075269463576e-02	4.036061770526908760e-02
4.982903320064942250e+02	4.112686791515642315e-01	2.493564954857067362e-01	1.499997576409644595e-01	9.105853039419323225e-02	5.031096787383854130e-02	1.986933748741894976e-02	4.067139543429747900e-02
5.031281022201495148e+02	4.097620264020738201e-01	2.484294087794002015e-01	1.510472249826906588e-01	9.174353012373889782e-02	5.058758765397205343e-02	1.998482503786012943e-02	4.098056048824789271e-02
5.079658724338048046e+02	4.082636039519729754e-01	2.475073865030412434e-01	1.520889070960781686e-01	9.242475139744403545e-02	5.086267628559259374e-02	2.009971664244285944e-02	4.128812159141177079e-02
5.128036426474600376e+02	4.067733668213309173e-01	2.465904009802852570e-01	1.531248357542287497e-01	9.310221463200002434e-02	5.113624233772048888e-02	2.021401552188916914e-02	4.159408742052907171e-02
5.176414128611153274e+02	4.052912702767363373e-01	2.456784246858838838e-01	1.541550425481732767e-01	9.377594015625084767e-02	5.140829431657509274e-02	2.032772487932052452e-02	4.189846660504369102e-02
5.224791830747705035e+02	4.038172698298384544e-01	2.447714302449211232e-01	1.551795588886105415e-01	9.444594820959313630e-02	5.167884066730368819e-02	2.044084790035868848e-02	4.220126772735800780e-02
5.273169532884259070e+02	4.023513212359144386e-01	2.438693904320395622e-01	1.561984160075692851e-01	9.511225894056746233e-02	5.194788977558097154e-02	2.055338775322537379e-02	4.250249932308654971e-02
5.321547235020811968e+02	4.008933804924605382e-01	2.429722781706594448e-01	1.572116449600003962e-01	9.577489240562364614e-02	5.221544996909008307e-02	2.066534758884086206e-02	4.280216988130865208e-02
5.369924937157364866e+02	3.994434038378034679e-01	2.420800665321932166e-01	1.582192766253053273e-01	9.643386856804456175e-02	5.248152951889532847e-02	2.077673054092160285e-02	4.310028784482009684e-02
5.418302639293917764e+02	3.980013477497302277e-01	2.411927287352567673e-01	1.592213417088058913e-01	9.708920729701418784e-02	5.274613664071586827e-02	2.088753972607688622e-02	4.339686161038377316e-02
5.466680341430470662e+02	3.965671689441341852e-01	2.403102381448795066e-01	1.602178707431604066e-01	9.774092836681703977e-02	5.300927949610870216e-02	2.099777824390464814e-02	4.369189952897911677e-02
5.515058043567023560e+02	3.951408243736757586e-01	2.394325682717142467e-01	1.612088940897307698e-01	9.838905145615700620e-02	5.327096619356885832e-02	2.110744917708645002e-02	4.398540990605052936e-02
5.563435745703576458e+02	3.937222712264564217e-01	2.385596927712479165e-01	1.621944419399041493e-01	9.903359614758505680e-02	5.353120478955371991e-02	2.121655559148168460e-02	4.427740100175464599e-02
5.611813447840129356e+02	3.923114669247054209e-01	2.376915854430136366e-01	1.631745443163733489e-01	9.967458192702581543e-02	5.379000328943795567e-02	2.132510053622102553e-02	4.456788103120639527e-02
5.660191149976681118e+02	3.909083691234772062e-01	2.368282202298052086e-01	1.641492310743789540e-01	1.003120281833941307e-01	5.404736964840500812e-02	2.143308704379919688e-02	4.485685816472388676e-02
5.708568852113234016e+02	3.895129357093601308e-01	2.359695712168941029e-01	1.651185319029160881e-01	1.009459542082934841e-01	5.430331177228051726e-02	2.154051813016703495e-02	4.514434052807213271e-02
5.756946554249786914e+02	3.881251247991947539e-01	2.351156126312497763e-01	1.660824763259090564e-01	1.015763791957888101e-01	5.455783751831256440e-02	2.164739679482292206e-02	4.543033620270553463e-02
5.805324256386339812e+02	3.867448947388016367e-01	2.342663188407630437e-01	1.670410937033557364e-01	1.022033222422468884e-01	5.481095469590331615e-02	2.175372602090355767e-02	4.571485322600918333e-02
5.853701958522892710e+02	3.853722041017181854e-01	2.334216643534733626e-01	1.679944132324444339e-01	1.028268023462382552e-01	5.506267106729606509e-02	2.185950877527416750e-02	4.599789959153890301e-02
5.902079660659445608e+02	3.840070116879438777e-01	2.325816238167997263e-01	1.689424639486451496e-01	1.034468384084947651e-01	5.531299434822159466e-02	2.196474800861808463e-02	4.627948324926009493e-02
5.950457362795999643e+02	3.826492765226945925e-01	2.317461720167755257e-01	1.698852747267770025e-01	1.040634492319179177e-01	5.556193220850715042e-02	2.206944665552574777e-02	4.655961210578533210e-02
5.998835064932552541e+02	3.812989578551637115e-01	2.309152838772874361e-01	1.708228742820538104e-01	1.046766535216331617e-01	5.580949227265120244e-02	2.217360763458317563e-02	4.683829402461071878e-02
6.047212767069104302e+02	3.799560151572922151e-01	2.300889344593186059e-01	1.717552911711088537e-01	1.052864698850857206e-01	5.605568212036694808e-02	2.227723384845984103e-02	4.711553682635105655e-02
6.095590469205657200e+02	3.786204081225453821e-01	2.292670989601956477e-01	1.726825537930010146e-01	1.058929168321743747e-01	5.630050928709703917e-02	2.238032818399606633e-02	4.739134828897370588e-02
6.143968171342210098e+02	3.772920966646978735e-01	2.284497527128399597e-01	1.736046903902028482e-01	1.064960127754194102e-01	5.654398126450203843e-02	2.248289351228982547e-02	4.766573614803127495e-02
6.192345873478761860e+02	3.759710409166251432e-01	2.276368711850234594e-01	1.745217290495723328e-01	1.070957760301614603e-01	5.678610550092470788e-02	2.258493268878307772e-02	4.793870809689304568e-02
6.240723575615315895e+02	3.746572012291026210e-01	2.268284299786281766e-01	1.754336977033088552e-01	1.076922248147885314e-01	5.702688940183224531e-02	2.268644855334757057e-02	4.821027178697517845e-02
6.289101277751868793e+02	3.733505381696117231e-01	2.260244048289102581e-01	1.763406241298950405e-01	1.082853772509882184e-01	5.726634033023809967e-02	2.278744393037012220e-02	4.848043482796966785e-02
6.337478979888421691e+02	3.720510125211528574e-01	2.252247716037681091e-01	1.772425359550245660e-01	1.088752513640228459e-01	5.750446560710525956e-02	2.288792162883745290e-02	4.874920478807211188e-02
6.385856682024975726e+02	3.707585852810649230e-01	2.244295063030146142e-01	1.781394606525174562e-01	1.094618650830251616e-01	5.774127251173234721e-02	2.298788444242047535e-02	4.901658919420823213e-02
6.434234384161527487e+02	3.694732176598520268e-01	2.236385850576535494e-01	1.790314255452235270e-01	1.100452362413127799e-01	5.797676828212403044e-02	2.308733514955813720e-02	4.928259553225916578e-02
6.482612086298080385e+02	3.681948710800164171e-01	2.228519841291604631e-01	1.799184578059138950e-01	1.106253825767190696e-01	5.821096011534695330e-02	2.318627651354077807e-02	4.954723124728557804e-02
6.530989788434633283e+02	3.669235071748986332e-01	2.220696799087668871e-01	1.808005844581623278e-01	1.112023217319393076e-01	5.844385516787241330e-02	2.328471128259299375e-02	4.981050374375053241e-02
6.579367490571185044e+02	3.656590877875233736e-01	2.212916489167494616e-01	1.816778323772161863e-01	1.117760712548900998e-01	5.867546055590677767e-02	2.338264218995605298e-02	5.007242038574120230e-02
6.627745192707737942e+02	3.644015749694523021e-01	2.205178678017223337e-01	1.825502282908577356e-01	1.123466485990809449e-01	5.890578335571060309e-02	2.348007195396984575e-02	5.033298849718931267e-02
6.676122894844290840e+02	3.631509309796435159e-01	2.197483133399343036e-01	1.834177987802564636e-01	1.129140711239965400e-01	5.913483060390745116e-02	2.357700327815436328e-02	5.059221536209045078e-02
6.724500596980843738e+02	3.619071182833167311e-01	2.189829624345693559e-01	1.842805702808124058e-01	1.134783560954886056e-01	5.936260929778307965e-02	2.367343885129073386e-02	5.085010822472214170e-02
6.772878299117396637e+02	3.606700995508252960e-01	2.182217921150514661e-01	1.851385690829915054e-01	1.140395206861763155e-01	5.958912639557581437e-02	2.376938134750179385e-02	5.110667428986080674e-02
6.821256001253949535e+02	3.594398376565342557e-01	2.174647795363532643e-01	1.859918213331529235e-01	1.145975819758541514e-01	5.981438881675878172e-02	2.386483342633222496e-02	5.136192072299743810e-02
6.869633703390502433e+02	3.582162956777046325e-01	2.167119019783084743e-01	1.868403530343684393e-01	1.151525569519064734e-01	6.003840344231457793e-02	2.395979773282823355e-02	5.161585465055219812e-02
6.918011405527055331e+02	3.569994368933839257e-01	2.159631368449283495e-01	1.876841900472352442e-01	1.157044625097279344e-01	6.026117711500295071e-02	2.405427689761678936e-02	5.186848316008782489e-02
6.966389107663608229e+02	3.557892247833028820e-01	2.152184616637219383e-01	1.885233580906809647e-01	1.162533154531489171e-01	6.048271663962206945e-02	2.414827353698443743e-02	5.211981330052183059e-02
7.014766809800161127e+02	3.545856230267779297e-01	2.144778540850200976e-01	1.893578827427625511e-01	1.167991324948653986e-01	6.070302878326379326e-02	2.424179025295565559e-02	5.236985208233761041e-02
7.063144511936714025e+02	3.533885955016201064e-01	2.137412918813033080e-01	1.901877894414583658e-01	1.173419302568727146e-01	6.092212027556331844e-02	2.433482963337080945e-02	5.261860647779435102e-02
7.111522214073266923e+02	3.521981062830499831e-01	2.130087529465333473e-01	1.910131034854539722e-01	1.178817252709024599e-01	6.113999780894373987e-02	2.442739425196363556e-02	5.286608342113581493e-02
7.159899916209819821e+02	3.510141196426180832e-01	2.122802152954883503e-01	1.918338500349222597e-01	1.184185339788621366e-01	6.135666803885576198e-02	2.451948666843833252e-02	5.311228980879802164e-02
7.208277618346371582e+02	3.498366000471318515e-01	2.115556570631020039e-01	1.926500541122970200e-01	1.189523727332772174e-01	6.157213758401293424e-02	2.461110942854621494e-02	5.335723249961571435e-02
7.256655320482924481e+02	3.486655121575880090e-01	2.108350565038061841e-01	1.934617406030414155e-01	1.194832577977348875e-01	6.178641302662270934e-02	2.470226506416194762e-02	5.360091831502775822e-02
7.305033022619478515e+02	3.475008208281113453e-01	2.101183919908771736e-01	1.942689342564105914e-01	1.200112053473293694e-01	6.199950091261362262e-02	2.479295609335935638e-02	5.384335403928142832e-02
7.353410724756030277e+02	3.463424911048985644e-01	2.094056420157857923e-01	1.950716596862089314e-01	1.205362314691083431e-01	6.221140775185880073e-02	2.488318502048683656e-02	5.408454641963555271e-02
7.401788426892584312e+02	3.451904882251687900e-01	2.086967851875507485e-01	1.958699413715422333e-01	1.210583521625201303e-01	6.242214001839602872e-02	2.497295433624231731e-02	5.432450216656253827e-02
7.450166129029136073e+02	3.440447776161190685e-01	2.079918002320958748e-01	1.966638036575644177e-01	1.215775833398615308e-01	6.263170415064465979e-02	2.506226651774786165e-02	5.456322795394933506e-02
7.498543831165690108e+02	3.429053248938860876e-01	2.072906659916108341e-01	1.974532707562195455e-01	1.220939408267257692e-01	6.284010655161946513e-02	2.515112402862380511e-02	5.480073041929726246e-02
7.546921533302243006e+02	3.417720958625134475e-01	2.065933614239151839e-01	1.982383667469787003e-01	1.226074403624504983e-01	6.304735358914162480e-02	2.523952931906253694e-02	5.503701616392078083e-02
7.595299235438793630e+02	3.406450565129244268e-01	2.058998656018262430e-01	1.990191155775722642e-01	1.231180976005657318e-01	6.325345159604710277e-02	2.532748482590184078e-02	5.527209175314514583e-02
7.643676937575347665e+02	3.395241730219007992e-01	2.052101577125301779e-01	1.997955410647172803e-01	1.236259281092411816e-01	6.345840687039243366e-02	2.541499297269785018e-02	5.550596371650298039e-02
7.692054639711900563e+02	3.384094117510668132e-01	2.045242170569568085e-01	2.005676668948403185e-01	1.241309473717332468e-01	6.366222567565814339e-02	2.550205616979760170e-02	5.573863854792981964e-02
7.740432341848452324e+02	3.373007392458787224e-01	2.038420230491576057e-01	2.013355166247957628e-01	1.246331707868310601e-01	6.386491424094986602e-02	2.558867681441118550e-02	5.597012270595853184e-02
7.788810043985006359e+02	3.361981222346203668e-01	2.031635552156872415e-01	2.020991136825796286e-01	1.251326136693018676e-01	6.406647876119735130e-02	2.567485729068351430e-02	5.620042261391273997e-02
7.837187746121558121e+02	3.351015276274038057e-01	2.024887931949885811e-01	2.028584813680389953e-01	1.256292912503352288e-01	6.426692539735132104e-02	2.576059996976569344e-02	5.642954466009907771e-02
7.885565448258112156e+02	3.340109225151753902e-01	2.018177167367809222e-01	2.036136428535771925e-01	1.261232186779861764e-01	6.446626027657852143e-02	2.584590720988598836e-02	5.665749519799855027e-02
7.933943150394665054e+02	3.329262741687274985e-01	2.011503057014517037e-01	2.043646211848544336e-01	1.266144110176171678e-01	6.466448949245473532e-02	2.593078135642041746e-02	5.688428054645670862e-02
7.982320852531219089e+02	3.318475500377157106e-01	2.004865400594516289e-01	2.051114392814846199e-01	1.271028832523386776e-01	6.486161910515611528e-02	2.601522474196296675e-02	5.710990698987287312e-02
8.030698554667769713e+02	3.307747177496810354e-01	1.998263998906928962e-01	2.058541199377278696e-01	1.275886502834483738e-01	6.505765514164875418e-02	2.609923968639539169e-02	5.733438077838825392e-02
8.079076256804323748e+02	3.297077451090779654e-01	1.991698653839507616e-01	2.065926858231787733e-01	1.280717269308686845e-01	6.525260359587661818e-02	2.618282849695666853e-02	5.755770812807313452e-02
8.127453958940876646e+02	3.286466000963071954e-01	1.985169168362686254e-01	2.073271594834507625e-01	1.285521279335830880e-01	6.544647042894789768e-02	2.626599346831203982e-02	5.777989522111295212e-02
8.175831661077428407e+02	3.275912508667544465e-01	1.978675346523662282e-01	2.080575633408564828e-01	1.290298679500704593e-01	6.563926156931979006e-02	2.634873688262170943e-02	5.800094820599338563e-02
8.224209363213982442e+02	3.265416657498338981e-01	1.972216993440510102e-01	2.087839196950841691e-01	1.295049615587379466e-01	6.583098291298189464e-02	2.643106100960913862e-02	5.822087319768443764e-02
8.272587065350534203e+02	3.254978132480370601e-01	1.965793915296327465e-01	2.095062507238701355e-01	1.299774232583519873e-01	6.602164032363806723e-02	2.651296810662897435e-02	5.843967627782351709e-02
8.320964767487085965e+02	3.244596620359869732e-01	1.959405919333414292e-01	2.102245784836673514e-01	1.304472674684676314e-01	6.621123963288698400e-02	2.659446041873461675e-02	5.865736349489751589e-02
8.369342469623640000e+02	3.234271809594972957e-01	1.953052813847484803e-01	2.109389249103102437e-01	1.309145085298558664e-01	6.639978664040131762e-02	2.667554017874541189e-02	5.887394086442387237e-02
8.417720171760191761e+02	3.224003390346368847e-01	1.946734408181907683e-01	2.116493118196756396e-01	1.313791607049293875e-01	6.658728711410559498e-02	2.675620960731347336e-02	5.908941436913067724e-02
8.466097873896745796e+02	3.213791054467993180e-01	1.940450512721981213e-01	2.123557609083399633e-01	1.318412381781662868e-01	6.677374679035284755e-02	2.683647091299012563e-02	5.930378995913577339e-02
8.514475576033297557e+02	3.203634495497774681e-01	1.934200938889238108e-01	2.130582937542326583e-01	1.323007550565316326e-01	6.695917137409998499e-02	2.691632629229201781e-02	5.951707355212487727e-02
8.562853278169851592e+02	3.193533408648430161e-01	1.927985499135781433e-01	2.137569318172861388e-01	1.327577253698976056e-01	6.714356653908197525e-02	2.699577792976685930e-02	5.972927103352874273e-02
8.611230980306403353e+02	3.183487490798313502e-01	1.921804006938652998e-01	2.144516964400817460e-01	1.332121630714611649e-01	6.732693792798481736e-02	2.707482799805877374e-02	5.994038825669934650e-02
8.659608682442956251e+02	3.173496440482311831e-01	1.915656276794231172e-01	2.151426088484923171e-01	1.336640820381600203e-01	6.750929115261740387e-02	2.715347865797333726e-02	6.015043104308510219e-02
8.707986384579510286e+02	3.163559957882793872e-01	1.909542124212658953e-01	2.158296901523209244e-01	1.341134960710866353e-01	6.769063179408225939e-02	2.723173205854223511e-02	6.035940518240513059e-02
8.756364086716062047e+02	3.153677744820603812e-01	1.903461365712304232e-01	2.165129613459364222e-01	1.345604188958999525e-01	6.787096540294512703e-02	2.730959033708756437e-02	6.056731643282258631e-02
8.804741788852616082e+02	3.143849504746109025e-01	1.897413818814249475e-01	2.171924433089048867e-01	1.350048641632354274e-01	6.805029749940352812e-02	2.738705561928578974e-02	6.077417052111699219e-02
8.853119490989170117e+02	3.134074942730292190e-01	1.891399302036811392e-01	2.178681568066180851e-01	1.354468454491127294e-01	6.822863357345422541e-02	2.746413001923135935e-02	6.097997314285569237e-02
8.901497193125721878e+02	3.124353765455898380e-01	1.885417634890090011e-01	2.185401224909180040e-01	1.358863762553416676e-01	6.840597908505965941e-02	2.754081563949997008e-02	6.118472996256432705e-02
8.949874895262273640e+02	3.114685681208622103e-01	1.879468637870549408e-01	2.192083609007182687e-01	1.363234700099258956e-01	6.858233946431331607e-02	2.761711457121145824e-02	6.138844661389640522e-02
8.998252597398827675e+02	3.105070399868349873e-01	1.873552132455625907e-01	2.198728924626218162e-01	1.367581400674646175e-01	6.875772011160416475e-02	2.769302889409239535e-02	6.159112869980190585e-02
9.046630299535379436e+02	3.095507632900447725e-01	1.867667941098368201e-01	2.205337374915352366e-01	1.371903997095523797e-01	6.893212639777999973e-02	2.776856067653830917e-02	6.179278179269500487e-02
9.095008001671932334e+02	3.085997093347094822e-01	1.861815887222104116e-01	2.211909161912799238e-01	1.376202621451764752e-01	6.910556366430985198e-02	2.784371197567556480e-02	6.199341143462087228e-02
9.143385703808486369e+02	3.076538495818668117e-01	1.855995795215137911e-01	2.218444486551993944e-01	1.380477405111127376e-01	6.927803722344544335e-02	2.791848483742291609e-02	6.219302313742152560e-02
9.191763405945038130e+02	3.067131556485169774e-01	1.850207490425477830e-01	2.224943548667637216e-01	1.384728478723188938e-01	6.944955235838164154e-02	2.799288129655273100e-02	6.239162238290084372e-02
9.240141108081592165e+02	3.057775993067707310e-01	1.844450799155589460e-01	2.231406547001703877e-01	1.388955972223260837e-01	6.962011432341601302e-02	2.806690337675185956e-02	6.258921462298858152e-02
9.288518810218145063e+02	3.048471524830013157e-01	1.838725548657179909e-01	2.237833679209417226e-01	1.393160014836283267e-01	6.978972834410743231e-02	2.814055309068218616e-02	6.278580527990362814e-02
9.336896512354697961e+02	3.039217872570015300e-01	1.833031567126011674e-01	2.244225141865193451e-01	1.397340735080697949e-01	6.995839961743371971e-02	2.821383244004085217e-02	6.298139974631619675e-02
9.385274214491247449e+02	3.030014758611453418e-01	1.827368683696740936e-01	2.250581130468551072e-01	1.401498260772302829e-01	7.012613331194841870e-02	2.828674341562011779e-02	6.317600338550931338e-02
9.433651916627801484e+02	3.020861906795539453e-01	1.821736728437787778e-01	2.256901839449988179e-01	1.405632719028083455e-01	7.029293456793664352e-02	2.835928799736695330e-02	6.336962153153924415e-02
9.482029618764355519e+02	3.011759042472665349e-01	1.816135532346232484e-01	2.263187462176826925e-01	1.409744236270027151e-01	7.045880849757006625e-02	2.843146815444225206e-02	6.356225948939520087e-02
9.530407320900908417e+02	3.002705892494155759e-01	1.810564927342740438e-01	2.269438190959028323e-01	1.413832938228914982e-01	7.062376018506096031e-02	2.850328584527975911e-02	6.375392253515807517e-02
9.578785023037459041e+02	2.993702185204062949e-01	1.805024746266514768e-01	2.275654217054972062e-01	1.417898949948093457e-01	7.078779468681541120e-02	2.857474301764463195e-02	6.394461591615833995e-02
9.627162725174014213e+02	2.984747650431013311e-01	1.799514822870276198e-01	2.281835730677205520e-01	1.421942395787227365e-01	7.095091703158562524e-02	2.864584160869173765e-02	6.413434485113309047e-02
9.675540427310568248e+02	2.975842019480088863e-01	1.794034991815271485e-01	2.287982920998162528e-01	1.425963399426031508e-01	7.111313222062141948e-02	2.871658354502358568e-02	6.432311453038223881e-02
9.723918129447120009e+02	2.966985025124763142e-01	1.788585088666307110e-01	2.294095976155849093e-01	1.429962083867982459e-01	7.127444522782078185e-02	2.878697074274796930e-02	6.451093011592379245e-02
9.772295831583674044e+02	2.958176401598872629e-01	1.783164949886811568e-01	2.300175083259498043e-01	1.433938571444011434e-01	7.143486099987972349e-02	2.885700510753528431e-02	6.469779674164835570e-02
9.820673533720223531e+02	2.949415884588637571e-01	1.777774412833924844e-01	2.306220428395193978e-01	1.437892983816176362e-01	7.159438445644107640e-02	2.892668853467552509e-02	6.488371951347277067e-02
9.869051235856777566e+02	2.940703211224726665e-01	1.772413315753613716e-01	2.312232196631465730e-01	1.441825441981314238e-01	7.175302049024266660e-02	2.899602290913498581e-02	6.506870350949291171e-02
9.917428937993331601e+02	2.932038120074360044e-01	1.767081497775814247e-01	2.318210572024849980e-01	1.445736066274673493e-01	7.191077396726450188e-02	2.906501010561265280e-02	6.525275378013561944e-02
9.965806640129884499e+02	2.923420351133458883e-01	1.761778798909601484e-01	2.324155737625422380e-01	1.449624976373528884e-01	7.206764972687526583e-02	2.913365198859625346e-02	6.543587534830981600e-02
