0.000000000000000000e+00	1.011934569116641036e+00	1.579287807008569799e-22	1.932840593213741067e-23	3.222500104444097186e-23	1.353456461446105867e-23	1.024372153034385694e-22	4.350098979887853870e-23
4.837770213655283591e+00	9.389155019099211241e-01	6.619298673366977304e-02	2.081808870792111257e-03	1.108220255635196643e-03	2.469081480712320784e-03	9.344323930260548580e-04	2.325374728843874908e-04
9.675540427310567182e+00	8.785430047022866340e-01	1.202191168066631261e-01	4.187013181371330994e-03	2.158003448937999540e-03	4.575659074612375456e-03	1.732502915561514104e-03	5.192689872080759501e-04
1.451331064096584811e+01	8.285493172166980003e-01	1.642641033720938781e-01	6.299212543059687711e-03	3.166543189984992110e-03	6.386906453092309685e-03	2.418910867235046606e-03	8.495754744771196864e-04
1.935108085462113081e+01	7.870737742417276417e-01	2.001212777496263195e-01	8.406472210859364594e-03	4.146993038325818941e-03	7.957382201367248220e-03	3.013873667714620820e-03	1.214796007020093032e-03
2.418885106827641707e+01	7.525897232128186953e-01	2.292620291860672788e-01	1.050029581168241896e-02	5.109318300114238862e-03	9.331394945074478545e-03	3.533937391292912150e-03	1.607870269591047145e-03
2.902662128193169622e+01	7.238445617831765766e-01	2.528935993025616114e-01	1.257481671981250035e-02	6.060977190359931321e-03	1.054492710693839125e-02	3.992641068367219770e-03	2.023045945424738722e-03
3.386439149558698603e+01	6.998105400285242750e-01	2.720065013252093711e-01	1.462616358094806848e-02	7.007464578209370715e-03	1.162719923564617744e-02	4.401061094246831208e-03	2.455639273856825584e-03
3.870216170924226162e+01	6.796443947752788262e-01	2.874134266636387824e-01	1.665196428343582863e-02	7.952745182684458486e-03	1.260194170968439130e-02	4.768257346228856920e-03	2.901839155689743023e-03
4.353993192289755143e+01	6.626542304754158286e-01	2.997811670312211518e-01	1.865095976819077656e-02	8.899597934762666987e-03	1.348842826470773512e-02	5.101638722560130138e-03	3.358546919782617272e-03
4.837770213655283413e+01	6.482723457015170387e-01	3.096568059569685949e-01	2.062270478266321760e-02	9.849889044799530965e-03	1.430231571351646067e-02	5.407262628601384839e-03	3.823245288574515267e-03
5.321547235020811684e+01	6.360329378837629166e-01	3.174892084464037700e-01	2.256733728298935746e-02	1.080478792945678383e-02	1.505632600566673626e-02	5.690080320597688292e-03	4.293891247763407214e-03
5.805324256386339954e+01	6.255538105310648467e-01	3.236466528651316676e-01	2.448540188616601249e-02	1.176493741085289473e-02	1.576080006817736495e-02	5.954137872874690034e-03	4.768828482373250847e-03
6.289101277751868224e+01	6.165213643982768721e-01	3.284312975900836595e-01	2.637771574417183129e-02	1.273058738162581062e-02	1.642414740115203525e-02	6.202740775479645766e-03	5.246715825850822509e-03
6.772878299117397205e+01	6.086782830562864621e-01	3.320910506473839230e-01	2.824526759491724839e-02	1.370169933457820836e-02	1.705321094483220126e-02	6.438588726916369409e-03	5.726468811726239359e-03
7.256655320482924765e+01	6.018134291588556062e-01	3.348293085489889021e-01	3.008914265449005171e-02	1.467802770453041292e-02	1.765356310174366269e-02	6.663886003793718753e-03	6.207211944238183975e-03
7.740432341848452324e+01	5.957535545367866892e-01	3.368129468458674891e-01	3.191046754340585989e-02	1.565918279787208156e-02	1.822974583738677309e-02	6.880431819250651913e-03	6.688239736071023914e-03
8.224209363213981305e+01	5.903564984973629359e-01	3.381788762460224418e-01	3.371037066089153933e-02	1.664467913920682565e-02	1.878546537138085087e-02	7.089694286657186387e-03	7.168984915118848528e-03
8.707986384579510286e+01	5.855056071637517734e-01	3.390394218038005891e-01	3.548995439576010241e-02	1.763397230147252179e-02	1.932375000689864897e-02	7.292870952919562610e-03	7.648992492037513455e-03
9.191763405945040688e+01	5.811051546513907873e-01	3.394867364596140802e-01	3.725027633873783522e-02	1.862648667111747869e-02	1.984707804700071992e-02	7.490938330983437643e-03	8.127898617796339847e-03
9.675540427310566827e+01	5.770765862303194327e-01	3.395964222806227562e-01	3.899233727836111385e-02	1.962163610501123368e-02	2.035748144467454737e-02	7.684692422704934335e-03	8.605413354946645985e-03
1.015931744867609581e+02	5.733554359097446929e-01	3.394305016332998526e-01	4.071707425236356648e-02	2.061883903780276084e-02	2.085662977397885823e-02	7.874781863817476718e-03	9.081306645633443336e-03
1.064309447004162337e+02	5.698887973721203926e-01	3.390398549857665533e-01	4.242535731427427015e-02	2.161752927878662564e-02	2.134589824780078540e-02	8.061735028049981169e-03	9.555396889842065339e-03
1.112687149140715235e+02	5.666332489192499322e-01	3.384662210884276101e-01	4.411798898122718665e-02	2.261716348090526615e-02	2.182642280673748394e-02	8.245982185892047206e-03	1.002754165420124792e-02
1.161064851277267991e+02	5.635531509261749727e-01	3.377438380929000949e-01	4.579570557021220290e-02	2.361722605907867409e-02	2.229914473365380082e-02	8.427873615493431184e-03	1.049763011912765998e-02
1.209442553413820747e+02	5.606192489303861715e-01	3.369007900663562594e-01	4.745917981940754593e-02	2.461723217071278696e-02	2.276484678519700294e-02	8.607694400887232200e-03	1.096557694369382219e-02
1.257820255550373645e+02	5.578075274889245927e-01	3.359601117872608733e-01	4.910902433943734047e-02	2.561672923998813481e-02	2.322418245512162388e-02	8.785676519707999801e-03	1.143131728620023178e-02
1.306197957686926259e+02	5.550982697858009018e-01	3.349406952145763117e-01	5.074579555490236343e-02	2.661529740289557064e-02	2.367769967851735338e-02	8.962008713563536857e-03	1.189480276638468087e-02
1.354575659823479441e+02	5.524752860537498478e-01	3.338580332329275091e-01	5.236999788614477014e-02	2.761254916673566359e-02	2.412586003776151511e-02	9.136844544887612329e-03	1.235599819443387697e-02
1.402953361960032339e+02	5.499252805050985904e-01	3.327248298850075114e-01	5.398208799036957606e-02	2.860812851170848811e-02	2.456905432949942417e-02	9.310308970903432083e-03	1.281487892405376756e-02
1.451331064096584669e+02	5.474373319069275601e-01	3.315515010586270184e-01	5.558247893429828917e-02	2.960170960988427538e-02	2.500761518844807005e-02	9.482503705356304380e-03	1.327142871309922902e-02
1.499708766233137851e+02	5.450024673994264823e-01	3.303465852932977453e-01	5.717154421093260247e-02	3.059299529551614757e-02	2.544182733120289863e-02	9.653511589543644841e-03	1.372563799672129117e-02
1.548086468369690749e+02	5.426133128187426991e-01	3.291170808411012505e-01	5.874962154350880927e-02	3.158171538812235696e-02	2.587193587571035708e-02	9.823400153926031136e-03	1.417750249552922510e-02
1.596464170506243647e+02	5.402638057905363445e-01	3.278687222201735474e-01	6.031701644250863498e-02	3.256762494424775278e-02	2.629815310493592573e-02	9.992224518641144859e-03	1.462702209559722105e-02
1.644841872642796261e+02	5.379489603259252073e-01	3.266062071226669694e-01	6.187400549838915909e-02	3.355050249388286110e-02	2.672066397267369373e-02	1.016002975424877032e-02	1.507419994885384265e-02
1.693219574779349159e+02	5.356646736743717607e-01	3.253333825891989162e-01	6.342083940486745175e-02	3.453014830202588703e-02	2.713963059229054439e-02	1.032685280193184132e-02	1.551904175195409526e-02
1.741597276915902057e+02	5.334075678477888660e-01	3.240533977619695083e-01	6.495774571622091320e-02	3.550638268389836455e-02	2.755519590294044918e-02	1.049272403428264631e-02	1.596155516953982195e-02
1.789974979052454671e+02	5.311748595919075777e-01	3.227688292160983963e-01	6.648493134798617865e-02	3.647904439313202213e-02	2.796748667036196706e-02	1.065766852299032848e-02	1.640174937416409226e-02
1.838352681189008138e+02	5.289642536982579468e-01	3.214817837917346433e-01	6.800258483431949330e-02	3.744798909524366115e-02	2.837661594911114818e-02	1.082170706762240059e-02	1.683963468035139938e-02
1.886730383325560467e+02	5.267738554668389694e-01	3.201939829658325687e-01	6.951087835763419820e-02	3.841308793343715944e-02	2.878268510862323076e-02	1.098485702977247506e-02	1.727522225450210322e-02
1.935108085462113081e+02	5.246020988817139408e-01	3.189068320774579024e-01	7.100996956735815269e-02	3.937422618984152967e-02	2.918578550573667704e-02	1.114713300873023880e-02	1.770852388580224784e-02
1.983485787598666263e+02	5.224476876788972657e-01	3.176214771256067326e-01	7.250000320506207185e-02	4.033130204241460598e-02	2.958599987035671897e-02	1.130854738819097108e-02	1.813955180611228485e-02
2.031863489735219162e+02	5.203095469922445204e-01	3.163388513704341598e-01	7.398111255303840839e-02	4.128422541567663973e-02	2.998340345805645263e-02	1.146911077809299566e-02	1.856831854909753859e-02
2.080241191871772060e+02	5.181867836785045700e-01	3.150597135683151917e-01	7.545342072283892088e-02	4.223291692199999253e-02	3.037806501302303674e-02	1.162883237123295797e-02	1.899483684072591702e-02
2.128618894008324673e+02	5.160786537635625448e-01	3.137846793425801417e-01	7.691704179944403030e-02	4.317730688922314514e-02	3.077004757637723936e-02	1.178772023068099667e-02	1.941911951477259465e-02
2.176996596144877287e+02	5.139845357315732111e-01	3.125142469221678376e-01	7.837208185574173758e-02	4.411733446976259798e-02	3.115940916814020217e-02	1.194578152105352231e-02	1.984117944820164292e-02
2.225374298281430470e+02	5.119039086081608181e-01	3.112488182592408337e-01	7.981863985091219860e-02	4.505294682607513534e-02	3.154620336567872524e-02	1.210302269427988853e-02	2.026102951229317300e-02
2.273752000417983652e+02	5.098363339771316838e-01	3.099887163553109448e-01	8.125680842520252578e-02	4.598409838720281945e-02	3.193047979707652057e-02	1.225944963852178271e-02	2.067868253619451618e-02
2.322129702554535982e+02	5.077814412246274278e-01	3.087341994765111508e-01	8.268667460247247636e-02	4.691075017116057982e-02	3.231228456434872415e-02	1.241506779729017670e-02	2.109415128023019517e-02
2.370507404691088880e+02	5.057389154313924884e-01	3.074854728164687079e-01	8.410832041082333399e-02	4.783286916805710304e-02	3.269166060857509742e-02	1.256988226448746415e-02	2.150744841683658107e-02
2.418885106827641494e+02	5.037084874378230381e-01	3.062426980649835540e-01	8.552182343060700520e-02	4.875042777904246838e-02	3.306864802673990800e-02	1.272389786002824097e-02	2.191858651741651967e-02
2.467262808964194392e+02	5.016899256917911609e-01	3.050060012584659419e-01	8.692725727816097425e-02	4.966340330642485257e-02	3.344328434822545215e-02	1.287711918981631655e-02	2.232757804375598218e-02
2.515640511100747290e+02	4.996830295592460391e-01	3.037754792205957233e-01	8.832469203273299319e-02	5.057177749057539806e-02	3.381560477742445725e-02	1.302955069314191798e-02	2.273443534292423143e-02
2.564018213237300188e+02	4.976876238350351200e-01	3.025512048462953851e-01	8.971419461325005895e-02	5.147553608953069765e-02	3.418564240774365354e-02	1.318119667998178188e-02	2.313917064480405794e-02
2.612395915373852517e+02	4.957035542385196947e-01	3.013332314366746201e-01	9.109582911084869450e-02	5.237466849749611991e-02	3.455342841131038567e-02	1.333206136021180058e-02	2.354179606157947441e-02
2.660773617510405415e+02	4.937306837172263374e-01	3.001215962553262506e-01	9.246965708241496051e-02	5.326916739874312107e-02	3.491899220792000352e-02	1.348214886635700112e-02	2.394232358865317281e-02
2.709151319646958882e+02	4.917688894135059385e-01	2.989163234457688501e-01	9.383573780978080037e-02	5.415902845367408236e-02	3.528236161613805544e-02	1.363146327119089604e-02	2.434076510658218784e-02
2.757529021783511780e+02	4.898180601752045171e-01	2.977174264247347546e-01	9.519412852868282260e-02	5.504425001409661566e-02	3.564356298896729364e-02	1.378000860124209588e-02	2.473713238371270592e-02
2.805906723920064678e+02	4.878780945127074165e-01	2.965249098454123544e-01	9.654488463110755259e-02	5.592483286500229966e-02	3.600262133608243126e-02	1.392778884705991177e-02	2.513143707926884449e-02
2.854284426056617008e+02	4.859488989222469080e-01	2.953387712078572869e-01	9.788805984421639073e-02	5.680077999038193187e-02	3.635956043430629836e-02	1.407480797092347177e-02	2.552369074670853000e-02
2.902662128193169337e+02	4.840303865097406177e-01	2.941590021799251886e-01	9.922370638866225001e-02	5.767209636083027446e-02	3.671440292773314046e-02	1.422106991254338398e-02	2.591390483720599699e-02
2.951039830329722804e+02	4.821224758612270289e-01	2.929855896807053717e-01	1.005518751187713111e-01	5.853878874089724071e-02	3.706717041868769213e-02	1.436657859319544206e-02	2.630209070315673789e-02
2.999417532466276270e+02	4.802250901156455143e-01	2.918185167691040860e-01	1.018726156467636285e-01	5.940086551433036016e-02	3.741788355053079357e-02	1.451133791863724876e-02	2.668825960162931818e-02
3.047795234602828600e+02	4.783381562036495560e-01	2.906577633725672682e-01	1.031859764529232254e-01	6.025833652552590319e-02	3.776656208317732272e-02	1.465535178108715031e-02	2.707242269771057211e-02
3.096172936739380930e+02	4.764616042226613168e-01	2.895033068846539215e-01	1.044920049833944625e-01	6.111121293566357249e-02	3.811322496207246446e-02	1.479862406048724870e-02	2.745459106770798199e-02
3.144550638875934396e+02	4.745953669237204520e-01	2.883551226550137847e-01	1.057907477370775839e-01	6.195950709214344265e-02	3.845789038127361142e-02	1.494115862522591570e-02	2.783477570218616595e-02
3.192928341012487294e+02	4.727393792900689840e-01	2.872131843910954996e-01	1.070822503429160605e-01	6.280323241007478019e-02	3.880057584120340936e-02	1.508295933245792919e-02	2.821298750882432135e-02
3.241306043149040192e+02	4.708935781910142393e-01	2.860774644874413131e-01	1.083665576287100307e-01	6.364240326468503794e-02	3.914129820157059847e-02	1.522403002813057030e-02	2.858923731508917002e-02
3.289683745285592522e+02	4.690579020975646496e-01	2.849479342955777428e-01	1.096437136824519182e-01	6.447703489362531515e-02	3.948007372989803532e-02	1.536437454680010181e-02	2.896353587072321434e-02
3.338061447422145420e+02	4.672322908487572257e-01	2.838245643451746125e-01	1.109137619070583586e-01	6.530714330824612113e-02	3.981691814604832597e-02	1.550399671130397485e-02	2.933589385005236014e-02
3.386439149558698318e+02	4.654166854595845337e-01	2.827073245252300082e-01	1.121767450692661566e-01	6.613274521300571696e-02	4.015184666309603440e-02	1.564290033233902213e-02	2.970632185411954326e-02
3.434816851695251216e+02	4.636110279630600295e-01	2.815961842324644082e-01	1.134327053433667326e-01	6.695385793225328008e-02	4.048487402485976411e-02	1.578108920798382275e-02	3.007483041265299195e-02
3.483194553831804114e+02	4.618152612803000379e-01	2.804911124928186617e-01	1.146816843503715017e-01	6.777049934370149575e-02	4.081601454037651205e-02	1.591856712319397738e-02	3.044142998587886020e-02
3.531572255968357013e+02	4.600293291135985618e-01	2.793920780608910581e-01	1.159237231931291856e-01	6.858268781796822422e-02	4.114528211557385434e-02	1.605533784929149069e-02	3.080613096618863359e-02
3.579949958104909342e+02	4.582531758583728299e-01	2.782990495012807597e-01	1.171588624878535378e-01	6.939044216362627582e-02	4.147269028237203503e-02	1.619140514346373641e-02	3.116894367967186150e-02
3.628327660241463377e+02	4.564867465305976757e-01	2.772119952550909927e-01	1.183871423924646171e-01	7.019378157725306155e-02	4.179825222542710161e-02	1.632677274828280359e-02	3.152987838752479427e-02
3.676705362378016275e+02	4.547299867069521384e-01	2.761308836942636957e-01	1.196086026320991175e-01	7.099272559802063953e-02	4.212198080670771089e-02	1.646144439125261927e-02	3.188894528734514955e-02
3.725083064514568036e+02	4.529828424754014926e-01	2.750556831659337065e-01	1.208232825221030454e-01	7.178729406640947663e-02	4.244388858808199189e-02	1.659542378438847929e-02	3.224615451432286811e-02
3.773460766651120935e+02	4.512452603943448159e-01	2.739863620286011603e-01	1.220312209887828153e-01	7.257750708666883821e-02	4.276398785207562864e-02	1.672871462383162394e-02	3.260151614233613993e-02
3.821838468787673833e+02	4.495171874587955418e-01	2.729228886815938671e-01	1.232324565881588868e-01	7.336338499268212077e-02	4.308229062094922485e-02	1.686132058949994794e-02	3.295504018496146770e-02
3.870216170924226162e+02	4.477985710723343393e-01	2.718652315890304205e-01	1.244270275229375361e-01	7.414494831692727828e-02	4.339880867423070304e-02	1.699324534477481691e-02	3.330673659640590728e-02
3.918593873060780197e+02	4.460893590238035333e-01	2.708133592992746919e-01	1.256149716578914555e-01	7.492221776225155283e-02	4.371355356482762439e-02	1.712449253622316814e-02	3.365661527236897543e-02
3.966971575197332527e+02	4.443894994678938559e-01	2.697672404606948904e-01	1.267963265338177825e-01	7.569521417620569959e-02	4.402653663383408744e-02	1.725506579335347665e-02	3.400468605084118467e-02
4.015349277333884856e+02	4.426989409089284733e-01	2.687268438343951016e-01	1.279711293802234251e-01	7.646395852770684898e-02	4.433776902413771176e-02	1.738496872840387258e-02	3.435095871284548491e-02
4.063726979470438323e+02	4.410176321872730787e-01	2.676921383044657543e-01	1.291394171268705204e-01	7.722847188581988265e-02	4.464726169292389246e-02	1.751420493616032831e-02	3.469544298312744746e-02
4.112104681606991221e+02	4.393455224679035931e-01	2.666630928862018246e-01	1.303012264142992260e-01	7.798877540046740553e-02	4.495502542316662242e-02	1.764277799380287171e-02	3.503814853079938174e-02
4.160482383743544119e+02	4.376825612307465585e-01	2.656396767326569264e-01	1.314565936034334803e-01	7.874489028489502218e-02	4.526107083418812183e-02	1.777069146077762604e-02	3.537908496994314478e-02
4.208860085880095880e+02	4.360286982624774210e-01	2.646218591398347142e-01	1.326055547843622562e-01	7.949683779973501507e-02	4.556540839136304089e-02	1.789794887869255655e-02	3.571826186017594551e-02
4.257237788016648778e+02	4.343838836495158562e-01	2.636096095507651782e-01	1.337481457843796850e-01	8.024463923852556690e-02	4.586804841503685365e-02	1.802455377123481084e-02	3.605568870718299512e-02
4.305615490153201677e+02	4.327480677720074720e-01	2.626028975586687242e-01	1.348844021753579925e-01	8.098831591455603329e-02	4.616900108872255826e-02	1.815050964410771378e-02	3.639137496322047971e-02
4.353993192289755143e+02	4.311212012986156417e-01	2.616016929093736842e-01	1.360143592805193591e-01	8.172788914891992995e-02	4.646827646663480305e-02	1.827581998498548771e-02	3.672533002759197779e-02
4.402370894426308041e+02	4.295032351819810246e-01	2.606059655031248146e-01	1.371380521806657982e-01	8.246338025966862273e-02	4.676588448061560349e-02	1.840048826348396685e-02	3.705756324710108435e-02
4.450748596562860939e+02	4.278941206547306475e-01	2.596156853958925814e-01	1.382555157199195639e-01	8.319481055196800701e-02	4.706183494650162391e-02	1.852451793114565787e-02	3.738808391648280882e-02
4.499126298699413837e+02	4.262938092259401790e-01	2.586308228002767717e-01	1.393667845110219405e-01	8.392220130916935861e-02	4.735613756997904961e-02	1.864791242143764780e-02	3.771690127881589111e-02
4.547504000835967304e+02	4.247022526779700713e-01	2.576513480860779803e-01	1.404718929402322125e-01	8.464557378471339322e-02	4.764880195196812690e-02	1.877067514976098195e-02	3.804402452591807565e-02
4.595881702972519065e+02	4.231194030636096781e-01	2.566772317805989800e-01	1.415708751718652847e-01	8.536494919479420407e-02	4.793983759357631907e-02	1.889280951347020732e-02	3.836946279872616161e-02
4.644259405109071963e+02	4.215452127034771124e-01	2.557084445687263785e-01	1.426637651525017592e-01	8.608034871171570124e-02	4.822925390065568862e-02	1.901431889190199204e-02	3.869322518766226543e-02
4.692637107245624861e+02	4.199796341836296576e-01	2.547449572928331962e-01	1.437505966149013048e-01	8.679179345787968458e-02	4.851706018799732678e-02	1.913520664641175234e-02	3.901532073298787789e-02
4.741014809382177759e+02	4.184226203533497057e-01	2.537867409525370044e-01	1.448314030816470477e-01	8.749930450034996976e-02	4.880326568319291042e-02	1.925547612041732595e-02	3.933575842514688142e-02
4.789392511518730657e+02	4.168741243230750237e-01	2.528337667043402126e-01	1.459062178685454070e-01	8.820290284594169139e-02	4.908787953019104477e-02	1.937513063944889050e-02	3.965454720509858921e-02
4.837770213655284124e+02	4.153340994624509785e-01	2.518860058611758213e-01	1.469750740878043305e-01	8.890260943678973682e-02	4.937091079257383691e-02	1.949417351120435321e-02	3.997169596464186792e-02
4.886147915791837022e+02	4.138024993984828481e-01	2.509434298918767348e-01	1.480380046510095526e-01	8.959844514635417756e-02	4.965236845657691744e-02	1.961260802560948688e-02	4.028721354673124588e-02
4.934525617928388783e+02	4.122792780137727320e-01	2.500060104205839573e-01	1.490950422719177493e-01	9.029043077582421528e-02	4.993226143387438642e-02	1.973043745488229153e-02	4.060110874578564538e-02
4.982903320064942250e+02	4.107643894448274602e-01	2.490737192261057442e-01	1.501462194690822427e-01	9.097858705088572584e-02	5.021059856414827188e-02	1.984766505360095745e-02	4.091339030799059917e-02
5.031281022201495148e+02	4.092577880804257884e-01	2.481465282412380347e-01	1.511915685683269117e-01	9.166293461882042692e-02	5.048738861746049356e-02	1.996429405877498536e-02	4.122406693159440250e-02
5.079658724338048046e+02	4.077594285600363300e-01	2.472244095520541585e-01	1.522311217050812959e-01	9.234349404590756760e-02	5.076264029644385334e-02	2.008032768991904402e-02	4.153314726719888744e-02
5.128036426474600376e+02	4.062692657722782874e-01	2.463073353971707291e-01	1.532649108265890792e-01	9.302028581510154992e-02	5.103636223832722779e-02	2.019576914912914883e-02	4.184063991804516658e-02
5.176414128611153274e+02	4.047872548534188764e-01	2.453952781669950234e-01	1.542929676940014150e-01	9.369333032396126582e-02	5.130856301680883358e-02	2.031062162116084244e-02	4.214655344029488715e-02
5.224791830747705035e+02	4.033133511859026132e-01	2.444882104029584557e-01	1.553153238843645312e-01	9.436264788280898652e-02	5.157925114379025011e-02	2.042488827350910294e-02	4.245089634330725947e-02
5.273169532884259070e+02	4.018475103969073037e-01	2.435861047967394222e-01	1.563320107925109670e-01	9.502825871309870942e-02	5.184843507098288451e-02	2.053857225648964696e-02	4.275367708991228977e-02
5.321547235020811968e+02	4.003896883569245668e-01	2.426889341894790386e-01	1.573430596328626863e-01	9.569018294597539387e-02	5.211612319139763416e-02	2.065167670332146085e-02	4.305490409668046720e-02
5.369924937157364866e+02	3.989398411783610654e-01	2.417966715709914116e-01	1.583485014411533942e-01	9.634844062100847428e-02	5.238232384072744746e-02	2.076420473021033108e-02	4.335458573418913414e-02
5.418302639293917764e+02	3.974979252141580544e-01	2.409092900789711611e-01	1.593483670760770798e-01	9.700305168508414899e-02	5.264704529863178245e-02	2.087615943643317956e-02	4.365273032728585884e-02
5.466680341430470662e+02	3.960638970564279160e-01	2.400267629981991113e-01	1.603426872208686127e-01	9.765403599144246993e-02	5.291029578993125537e-02	2.098754390442304080e-02	4.394934615534892147e-02
5.515058043567023560e+02	3.946377135351057386e-01	2.391490637597475655e-01	1.613314923848220561e-01	9.830141329884638235e-02	5.317208348571987597e-02	2.109836119985457684e-02	4.424444145254515653e-02
5.563435745703576458e+02	3.932193317166141622e-01	2.382761659401864962e-01	1.623148129047523314e-01	9.894520327087126532e-02	5.343241650440185703e-02	2.120861437172995648e-02	4.453802440808530411e-02
5.611813447840129356e+02	3.918087089025410474e-01	2.374080432607910962e-01	1.632926789464038686e-01	9.958542547530407907e-02	5.369130291265932636e-02	2.131830645246502592e-02	4.483010316647697419e-02
5.660191149976681118e+02	3.904058026283284133e-01	2.365446695867514937e-01	1.642651205058114627e-01	1.002220993836423629e-01	5.394875072635661739e-02	2.142744045797566332e-02	4.512068582777540443e-02
5.708568852113234016e+02	3.890105706619726988e-01	2.356860189263850491e-01	1.652321674106164429e-01	1.008552443706844104e-01	5.420476791138652967e-02	2.153601938776422003e-02	4.540978044783208767e-02
5.756946554249786914e+02	3.876229710027344622e-01	2.348320654303517330e-01	1.661938493213421242e-01	1.014848797142023362e-01	5.445936238446338201e-02	2.164404622500601394e-02	4.569739503854138019e-02
5.805324256386339812e+02	3.862429618798582376e-01	2.339827833908730004e-01	1.671501957326313459e-01	1.021110245946906386e-01	5.471254201386724358e-02	2.175152393663577766e-02	4.598353756808517406e-02
5.853701958522892710e+02	3.848705017513013305e-01	2.331381472409538858e-01	1.681012359744494533e-01	1.027336980951835121e-01	5.496431462014346458e-02	2.185845547343399572e-02	4.626821596117576540e-02
5.902079660659445608e+02	3.835055493024712159e-01	2.322981315536095381e-01	1.690469992132548060e-01	1.033529192011347214e-01	5.521468797676117729e-02	2.196484377011311689e-02	4.655143809929686294e-02
5.950457362795999643e+02	3.821480634449714864e-01	2.314627110410949762e-01	1.699875144531398652e-01	1.039687068003544435e-01	5.546366981073418134e-02	2.207069174540359294e-02	4.683321182094295904e-02
5.998835064932552541e+02	3.807980033153559041e-01	2.306318605541393951e-01	1.709228105369444140e-01	1.045810796829977629e-01	5.571126780320734967e-02	2.217600230213969195e-02	4.711354492185699377e-02
6.047212767069104302e+02	3.794553282738905575e-01	2.298055550811844705e-01	1.718529161473434375e-01	1.051900565416002409e-01	5.595748959001135142e-02	2.228077832734504798e-02	4.739244515526640916e-02
6.095590469205657200e+02	3.781199979033231240e-01	2.289837697476268530e-01	1.727778598079112993e-01	1.057956559711563105e-01	5.620234276218834257e-02	2.238502269231794350e-02	4.766992023211768376e-02
6.143968171342210098e+02	3.767919720076603474e-01	2.281664798150645768e-01	1.736976698841636579e-01	1.063978964692363083e-01	5.644583486649094872e-02	2.248873825271631086e-02	4.794597782130929908e-02
6.192345873478761860e+02	3.754712106109523440e-01	2.273536606805484084e-01	1.746123745845793440e-01	1.069967964361388940e-01	5.668797340585684380e-02	2.259192784864236941e-02	4.822062554992324196e-02
6.240723575615315895e+02	3.741576739560844023e-01	2.265452878758364985e-01	1.755220019616025029e-01	1.075923741750752366e-01	5.692876583986074268e-02	2.269459430472695050e-02	4.849387100345506352e-02
6.289101277751868793e+02	3.728513225035757217e-01	2.257413370666541130e-01	1.764265799126275291e-01	1.081846478923823018e-01	5.716821958514579222e-02	2.279674043021347532e-02	4.876572172604247413e-02
6.337478979888421691e+02	3.715521169303851456e-01	2.249417840519570000e-01	1.773261361809669590e-01	1.087736356977622165e-01	5.740634201583594970e-02	2.289836901904153746e-02	4.903618522069258523e-02
6.385856682024975726e+02	3.702600181287240000e-01	2.241466047631991976e-01	1.782206983568039027e-01	1.093593556045454190e-01	5.764314046393088919e-02	2.299948284993015221e-02	4.930526894950777034e-02
6.434234384161527487e+02	3.689749872048755375e-01	2.233557752636051441e-01	1.791102938781299614e-01	1.099418255299751540e-01	5.787862221968484433e-02	2.310008468646056537e-02	4.957298033391017988e-02
6.482612086298080385e+02	3.676969854780209324e-01	2.225692717474457294e-01	1.799949500316690987e-01	1.105210632955113681e-01	5.811279453197065042e-02	2.320017727715872544e-02	4.983932675486490299e-02
6.530989788434633283e+02	3.664259744790724915e-01	2.217870705393184538e-01	1.808746939537890785e-01	1.110970866271520779e-01	5.834566460863020027e-02	2.329976335557729442e-02	5.010431555310185942e-02
6.579367490571185044e+02	3.651619159495128053e-01	2.210091480934319452e-01	1.817495526314004406e-01	1.116699131557702812e-01	5.857723961681231967e-02	2.339884564037732206e-02	5.036795402933639393e-02
6.627745192707737942e+02	3.639047718402410037e-01	2.202354809928943613e-01	1.826195529028439568e-01	1.122395604174651340e-01	5.880752668329910365e-02	2.349742683540944829e-02	5.063024944448853149e-02
6.676122894844290840e+02	3.626545043104250632e-01	2.194660459490057614e-01	1.834847214587675968e-01	1.128060458539257294e-01	5.903653289482153899e-02	2.359550962979473088e-02	5.089120901990110135e-02
6.724500596980843738e+02	3.614110757263607754e-01	2.187008198005549187e-01	1.843450848429928068e-01	1.133693868128061860e-01	5.926426529836531509e-02	2.369309669800506030e-02	5.115083993755646652e-02
6.772878299117396637e+02	3.601744486603368767e-01	2.179397795131195192e-01	1.852006694533714914e-01	1.139296005481109098e-01	5.949073090146753812e-02	2.379019069994313049e-02	5.140914934029214983e-02
6.821256001253949535e+02	3.589445858895066177e-01	2.171829021783706903e-01	1.860515015426332519e-01	1.144867042205888474e-01	5.971593667250500032e-02	2.388679428102201061e-02	5.166614433201516254e-02
6.869633703390502433e+02	3.577214503947657165e-01	2.164301650133814980e-01	1.868976072192243543e-01	1.150407148981358041e-01	5.993988954097468486e-02	2.398291007224431087e-02	5.192183197791513244e-02
6.918011405527055331e+02	3.565050053596364177e-01	2.156815453599391919e-01	1.877390124481378986e-01	1.155916495562037821e-01	6.016259639776704027e-02	2.407854069028089392e-02	5.217621930467627317e-02
6.966389107663608229e+02	3.552952141691576027e-01	2.149370206838611963e-01	1.885757430517361055e-01	1.161395250782166905e-01	6.038406409543258663e-02	2.417368873754920794e-02	5.242931330068811846e-02
7.014766809800161127e+02	3.540920404087812279e-01	2.141965685743152659e-01	1.894078247105649149e-01	1.166843582559914660e-01	6.060429944844235306e-02	2.426835680229116887e-02	5.268112091625510446e-02
7.063144511936714025e+02	3.528954478632748137e-01	2.134601667431433591e-01	1.902352829641612841e-01	1.172261657901639970e-01	6.082330923344247964e-02	2.436254745865063659e-02	5.293164906380497942e-02
7.111522214073266923e+02	3.517054005156299290e-01	2.127277930241889548e-01	1.910581432118532985e-01	1.177649642906192645e-01	6.104110018950352490e-02	2.445626326675049214e-02	5.318090461809604763e-02
7.159899916209819821e+02	3.505218625459768367e-01	2.119994253726286970e-01	1.918764307135536473e-01	1.183007702769250241e-01	6.125767901836475654e-02	2.454950677276926743e-02	5.342889441642329623e-02
7.208277618346371582e+02	3.493447983305051352e-01	2.112750418643072614e-01	1.926901705905462170e-01	1.188336001787685114e-01	6.147305238467377225e-02	2.464228050901738284e-02	5.367562525882330071e-02
7.256655320482924481e+02	3.481741724403899507e-01	2.105546206950762722e-01	1.934993878262666889e-01	1.193634703363957994e-01	6.168722691622186005e-02	2.473458699401295466e-02	5.392110390827806882e-02
7.305033022619478515e+02	3.470099496407245687e-01	2.098381401801366897e-01	1.943041072670770308e-01	1.198903970010532227e-01	6.190020920417519529e-02	2.482642873255721735e-02	5.416533709091773952e-02
7.353410724756030277e+02	3.458520948894586167e-01	2.091255787533849164e-01	1.951043536230336328e-01	1.204143963354305236e-01	6.211200580330232535e-02	2.491780821580949837e-02	5.440833149622216480e-02
7.401788426892584312e+02	3.447005733363422419e-01	2.084169149667626786e-01	1.959001514686501688e-01	1.209354844141053709e-01	6.232262323219805306e-02	2.500872792136182507e-02	5.465009377722134659e-02
7.450166129029136073e+02	3.435553503218761739e-01	2.077121274896101544e-01	1.966915252436545469e-01	1.214536772239889206e-01	6.253206797350399637e-02	2.509919031331309114e-02	5.489063055069480501e-02
7.498543831165690108e+02	3.424163913762670597e-01	2.070111951080232104e-01	1.974784992537406969e-01	1.219689906647721256e-01	6.274034647412599086e-02	2.518919784234283782e-02	5.512994839736982261e-02
7.546921533302243006e+02	3.412836622183890167e-01	2.063140967242136636e-01	1.982610976713148065e-01	1.224814405493724195e-01	6.294746514544857785e-02	2.527875294578462925e-02	5.536805386211865465e-02
7.595299235438793630e+02	3.401571287547510147e-01	2.056208113558733452e-01	1.990393445362365343e-01	1.229910426043806515e-01	6.315343036354661987e-02	2.536785804769902189e-02	5.560495345415455287e-02
7.643676937575347665e+02	3.390367570784694751e-01	2.049313181355417735e-01	1.998132637565551428e-01	1.234978124705080199e-01	6.335824846939440425e-02	2.545651555894612797e-02	5.584065364722681085e-02
7.692054639711900563e+02	3.379225134682466436e-01	2.042455963099771288e-01	2.005828791092406915e-01	1.240017657030327014e-01	6.356192576907208902e-02	2.554472787725780777e-02	5.607516087981469222e-02
7.740432341848452324e+02	3.368143643873547366e-01	2.035636252395307266e-01	2.013482142409105391e-01	1.245029177722460495e-01	6.376446853396995629e-02	2.563249738730944208e-02	5.630848155532028332e-02
7.788810043985006359e+02	3.357122764826256378e-01	2.028853843975250981e-01	2.021092926685507385e-01	1.250012840638982936e-01	6.396588300099030622e-02	2.571982646079132642e-02	5.654062204226031202e-02
7.837187746121558121e+02	3.346162165834459246e-01	2.022108533696352350e-01	2.028661377802332966e-01	1.254968798796433915e-01	6.416617537274725558e-02	2.580671745647964560e-02	5.677158867445691870e-02
7.885565448258112156e+02	3.335261517007576670e-01	2.015400118532735263e-01	2.036187728358285487e-01	1.259897204374830493e-01	6.436535181776448233e-02	2.589317272030711159e-02	5.700138775122733786e-02
7.933943150394665054e+02	3.324420490260643346e-01	2.008728396569778307e-01	2.043672209677131202e-01	1.264798208722096307e-01	6.456341847067104123e-02	2.597919458543317822e-02	5.723002553757258748e-02
7.982320852531219089e+02	3.313638759304426973e-01	2.002093166998031026e-01	2.051115051814735579e-01	1.269671962358480677e-01	6.476038143239531975e-02	2.606478537231386727e-02	5.745750826436511055e-02
8.030698554667769713e+02	3.302915999635597788e-01	1.995494230107163480e-01	2.058516483566054656e-01	1.274518614980963971e-01	6.495624677035720385e-02	2.614994738877122332e-02	5.768384212853535503e-02
8.079076256804323748e+02	3.292251888526949721e-01	1.988931387279946894e-01	2.065876732472086974e-01	1.279338315467650200e-01	6.515102051865853672e-02	2.623468293006241125e-02	5.790903329325738924e-02
8.127453958940876646e+02	3.281646105017683168e-01	1.982404440986270944e-01	2.073196024826779726e-01	1.284131211882146295e-01	6.534470867827191221e-02	2.631899427894838009e-02	5.813308788813343481e-02
8.175831661077428407e+02	3.271098329903731061e-01	1.975913194777190740e-01	2.080474585683895206e-01	1.288897451477924172e-01	6.553731721722796943e-02	2.640288370576220067e-02	5.835601200937748367e-02
8.224209363213982442e+02	3.260608245728145449e-01	1.969457453279007952e-01	2.087712638863837011e-01	1.293637180702669476e-01	6.572885207080102210e-02	2.648635346847701480e-02	5.857781171999776326e-02
8.272587065350534203e+02	3.250175536771533480e-01	1.963037022187384961e-01	2.094910406960434068e-01	1.298350545202612560e-01	6.591931914169332773e-02	2.656940581277359575e-02	5.879849304997835507e-02
8.320964767487085965e+02	3.239799889042547232e-01	1.956651708261489264e-01	2.102068111347686341e-01	1.303037689826843648e-01	6.610872430021787205e-02	2.665204297210755843e-02	5.901806199645973083e-02
8.369342469623640000e+02	3.229480990268421836e-01	1.950301319318173965e-01	2.109185972186470304e-01	1.307698758631609115e-01	6.629707338447979326e-02	2.673426716777618783e-02	5.923652452391829637e-02
8.417720171760191761e+02	3.219218529885571889e-01	1.943985664226184351e-01	2.116264208431204996e-01	1.312333894884592234e-01	6.648437220055644636e-02	2.681608060898492060e-02	5.945388656434501262e-02
8.466097873896745796e+02	3.209012199030234491e-01	1.937704552900401944e-01	2.123303037836480611e-01	1.316943241069173931e-01	6.667062652267619072e-02	2.689748549291343799e-02	5.967015401742298969e-02
8.514475576033297557e+02	3.198861690529163915e-01	1.931457796296117135e-01	2.130302676963646835e-01	1.321526938888675229e-01	6.685584209339581752e-02	2.697848400478140493e-02	5.988533275070410250e-02
8.562853278169851592e+02	3.188766698890380669e-01	1.925245206403333187e-01	2.137263341187366494e-01	1.326085129270582197e-01	6.704002462377686711e-02	2.705907831791386914e-02	6.009942859978467666e-02
8.611230980306403353e+02	3.178726920293966640e-01	1.919066596241102707e-01	2.144185244702127013e-01	1.330617952370749812e-01	6.722317979356064177e-02	2.713927059380627158e-02	6.031244736848018900e-02
8.659608682442956251e+02	3.168742052582912971e-01	1.912921779851894377e-01	2.151068600528720787e-01	1.335125547577587501e-01	6.740531325134208052e-02	2.721906298218911349e-02	6.052439482899901746e-02
8.707986384579510286e+02	3.158811795254017341e-01	1.906810572295991324e-01	2.157913620520683362e-01	1.339608053516226360e-01	6.758643061474245428e-02	2.729845762109228344e-02	6.073527672211522649e-02
8.756364086716062047e+02	3.148935849448834534e-01	1.900732789645918352e-01	2.164720515370697762e-01	1.344065608052663618e-01	6.776653747058093702e-02	2.737745663690900957e-02	6.094509875734044346e-02
8.804741788852616082e+02	3.139113917944670318e-01	1.894688248980902212e-01	2.171489494616962168e-01	1.348498348297890725e-01	6.794563937504503881e-02	2.745606214445946852e-02	6.115386661309474281e-02
8.853119490989170117e+02	3.129345705145630818e-01	1.888676768381360171e-01	2.178220766649522078e-01	1.352906410611997567e-01	6.812374185386002590e-02	2.753427624705406460e-02	6.136158593687664892e-02
8.901497193125721878e+02	3.119630917073715759e-01	1.882698166923420235e-01	2.184914538716564991e-01	1.357289930608260586e-01	6.830085040245721661e-02	2.761210103655631701e-02	6.156826234543215370e-02
8.949874895262273640e+02	3.109969261359963877e-01	1.876752264673470783e-01	2.191571016930682347e-01	1.361649043157207306e-01	6.847697048614119486e-02	2.768953859344546256e-02	6.177390142492285990e-02
8.998252597398827675e+02	3.100360447235643857e-01	1.870838882682739623e-01	2.198190406275095099e-01	1.365983882390662540e-01	6.865210754025605211e-02	2.776659098687866978e-02	6.197850873109316677e-02
9.046630299535379436e+02	3.090804185523498560e-01	1.864957842981903036e-01	2.204772910609844316e-01	1.370294581705773507e-01	6.882626697035054697e-02	2.784326027475293730e-02	6.218208978943656068e-02
9.095008001671932334e+02	3.081300188629031989e-01	1.859108968575725607e-01	2.211318732677947929e-01	1.374581273769015233e-01	6.899945415234236268e-02	2.791954850376663147e-02	6.238465009536098976e-02
9.143385703808486369e+02	3.071848170531845668e-01	1.853292083437727000e-01	2.217828074111521386e-01	1.378844090520173760e-01	6.917167443268122662e-02	2.799545770948071166e-02	6.258619511435334348e-02
9.191763405945038130e+02	3.062447846777023863e-01	1.847507012504880086e-01	2.224301135437867782e-01	1.383083163176311026e-01	6.934293312851121105e-02	2.807098991637960173e-02	6.278673028214298846e-02
9.240141108081592165e+02	3.053098934466563219e-01	1.841753581672336826e-01	2.230738116085529965e-01	1.387298622235708656e-01	6.951323552783193749e-02	2.814614713793173531e-02	6.298626100486448554e-02
9.288518810218145063e+02	3.043801152250853459e-01	1.836031617788183856e-01	2.237139214390312658e-01	1.391490597481789826e-01	6.968258688965892067e-02	2.822093137664977158e-02	6.318479265921936316e-02
9.336896512354697961e+02	3.034554220320199169e-01	1.830340948648226385e-01	2.243504627601267953e-01	1.395659217987023082e-01	6.985099244418289943e-02	2.829534462415047788e-02	6.338233059263699565e-02
9.385274214491247449e+02	3.025357860396392651e-01	1.824681402990800116e-01	2.249834551886651102e-01	1.399804612116803681e-01	7.001845739292832105e-02	2.836938886121429318e-02	6.357888012343464179e-02
9.433651916627801484e+02	3.016211795724331735e-01	1.819052810491612882e-01	2.256129182339839667e-01	1.403926907533316615e-01	7.018498690891079861e-02	2.844306605784454461e-02	6.377444654097656762e-02
9.482029618764355519e+02	3.007115751063681452e-01	1.813455001758614293e-01	2.262388712985223260e-01	1.408026231199376865e-01	7.035058613679373574e-02	2.851637817332635869e-02	6.396903510583236419e-02
9.530407320900908417e+02	2.998069452680584557e-01	1.807887808326890111e-01	2.268613336784059131e-01	1.412102709382250798e-01	7.051526019304407700e-02	2.858932715628525675e-02	6.416265104993429391e-02
9.578785023037459041e+02	2.989072628339413673e-01	1.802351062653592129e-01	2.274803245640294180e-01	1.416156467657457840e-01	7.067901416608704523e-02	2.866191494474540358e-02	6.435529957673387369e-02
9.627162725174014213e+02	2.980125007294573414e-01	1.796844598112886937e-01	2.280958630406358378e-01	1.420187630912551069e-01	7.084185311646010175e-02	2.873414346618755402e-02	6.454698586135754201e-02
9.675540427310568248e+02	2.971226320282341349e-01	1.791368248990939105e-01	2.287079680888922106e-01	1.424196323350876980e-01	7.100378207696600441e-02	2.880601463760668404e-02	6.473771505076152122e-02
9.723918129447120009e+02	2.962376299512760047e-01	1.785921850480917950e-01	2.293166585854626016e-01	1.428182668495316943e-01	7.116480605282496374e-02	2.887753036556930247e-02	6.492749226388579153e-02
9.772295831583674044e+02	2.953574678661568531e-01	1.780505238678033730e-01	2.299219533035775642e-01	1.432146789192007552e-01	7.132493002182598019e-02	2.894869254627044364e-02	6.511632259180721860e-02
9.820673533720223531e+02	2.944821192862181469e-01	1.775118250574599377e-01	2.305238709136005204e-01	1.436088807614041285e-01	7.148415893447732095e-02	2.901950306559035811e-02	6.530421109789190381e-02
9.869051235856777566e+02	2.936115578697707229e-01	1.769760724055120527e-01	2.311224299835913931e-01	1.440008845265146331e-01	7.164249771415605317e-02	2.908996379915088082e-02	6.549116281794661876e-02
9.917428937993331601e+02	2.927457574193015888e-01	1.764432497891413321e-01	2.317176489798666583e-01	1.443907022983348387e-01	7.179995125725693872e-02	2.916007661237151813e-02	6.567718276036946246e-02
9.965806640129884499e+02	2.918846918806848323e-01	1.759133411737745789e-01	2.323095462675565659e-01	1.447783460944611911e-01	7.195652443334027426e-02	2.922984336052518450e-02	6.586227590629971373e-02
