0.000000000000000000e+00	1.011637394210744167e+00	1.055527365306351748e-24	1.047837806261493164e-28	8.396054810123901146e-30	3.621591877991457330e-26	2.059328580297215259e-27	1.556176214018322066e-25
4.837770213655283591e+00	9.386920386459495225e-01	6.611131165031131074e-02	2.062928879606139125e-03	1.114337334745265327e-03	2.485949753969533826e-03	9.459677899185697141e-04	2.248601562438295998e-04
9.675540427310567182e+00	8.783683130705963737e-01	1.200811059405363229e-01	4.159102369234914803e-03	2.168829733847905776e-03	4.601041628087743432e-03	1.750408432925979960e-03	5.085930355149322502e-04
1.451331064096584811e+01	8.284049506901852711e-01	1.640885889630183947e-01	6.269492961414935284e-03	3.180923249159276975e-03	6.414755098222225775e-03	2.439362776108552899e-03	8.393204726354840887e-04
1.935108085462113081e+01	7.869462542004013184e-01	1.999221034433781297e-01	8.380136898932272205e-03	4.163980797699011298e-03	7.983420434962100812e-03	3.034096265587430102e-03	1.207402169783908068e-03
2.418885106827641707e+01	7.524693516684752836e-01	2.290492332931755304e-01	1.048097988637454459e-02	5.128141583724135991e-03	9.352697894553623978e-03	3.551968781250237645e-03	1.605021103190942648e-03
2.902662128193169622e+01	7.237245001332750505e-01	2.526743342232076750e-01	1.256496737604413487e-02	6.081008465713896860e-03	1.055959227959532044e-02	4.007146778261848688e-03	2.025844954646416340e-03
3.386439149558698603e+01	6.996860966095287404e-01	2.717857456976160990e-01	1.462732977341170762e-02	7.028196760314493231e-03	1.163408941668061386e-02	4.411186231001435094e-03	2.464749722191295934e-03
3.870216170924226162e+01	6.795124759563613281e-01	2.871945349952249593e-01	1.666502271087982531e-02	7.973771571047916576e-03	1.260048506564463017e-02	4.773509737377530128e-03	2.917594174208238030e-03
4.353993192289755143e+01	6.625129195510840452e-01	2.995662921861088623e-01	1.867629044423712442e-02	8.920595534844632038e-03	1.347846369837171765e-02	5.101796928647146616e-03	3.381035867451074629e-03
4.837770213655283413e+01	6.481205814012735988e-01	3.094472224143721695e-01	2.066032679598588107e-02	9.870604667876210769e-03	1.428397392150406939e-02	5.402303875598070404e-03	3.852381134134619418e-03
5.321547235020811684e+01	6.358702703145474588e-01	3.172855583228552101e-01	2.261701319754469766e-02	1.082502657946132069e-02	1.502993862343102345e-02	5.680124349817941912e-03	4.329462823086976248e-03
5.805324256386339954e+01	6.253802171210648408e-01	3.234491319978727852e-01	2.454671750642461320e-02	1.178455255900172534e-02	1.572683083940065035e-02	5.939403476858871184e-03	4.810540710121188716e-03
6.289101277751868224e+01	6.163371121723075774e-01	3.282397952600346613e-01	2.645014058796040304e-02	1.274947280392224602e-02	1.638314055362052532e-02	6.183512414614964273e-03	5.294220418284359062e-03
6.772878299117397205e+01	6.084838265460010831e-01	3.319052535786011782e-01	2.832820031048229048e-02	1.371978224715854344e-02	1.700575295219244887e-02	6.415191129865706506e-03	5.779387446443342777e-03
7.256655320482924765e+01	6.016093355974108103e-01	3.346487774982367380e-01	3.018194473459129973e-02	1.469526298012595669e-02	1.760025480837852999e-02	6.636665066940665610e-03	6.265153525060581687e-03
7.740432341848452324e+01	5.955404498364099686e-01	3.366371722637288566e-01	3.201248798393765971e-02	1.567554808568579969e-02	1.817118256097236331e-02	6.849740454175167956e-03	6.750813025834760152e-03
8.224209363213981305e+01	5.901350289625493239e-01	3.380073180484624018e-01	3.382096364947317912e-02	1.666017074207615245e-02	1.872222310599293629e-02	7.055882134706558707e-03	7.235807567484099992e-03
8.707986384579510286e+01	5.852764130345967653e-01	3.388715371594338555e-01	3.560849166853170822e-02	1.764860168977772092e-02	1.925637625425266966e-02	7.256277104133198805e-03	7.719697300018739210e-03
9.191763405945040688e+01	5.808688524661654862e-01	3.393219986087501749e-01	3.737615548837733281e-02	1.864027753367360901e-02	1.977608612504227689e-02	7.451886360679694024e-03	8.202137628056074131e-03
9.675540427310566827e+01	5.768337576957408563e-01	3.394343327062430693e-01	3.912498701469895035e-02	1.963462185409327668e-02	2.028334737781820746e-02	7.643487200866405998e-03	8.682860361283848902e-03
1.015931744867609581e+02	5.731066215127542662e-01	3.392705973607518799e-01	4.085595739412251765e-02	2.063106069925278729e-02	2.077979107113420501e-02	7.831707706477267564e-03	9.161658466251679234e-03
1.064309447004162337e+02	5.696344933910882924e-01	3.388817123648144580e-01	4.256997211451914176e-02	2.162903370944317671e-02	2.126675403363612743e-02	8.017054851448483788e-03	9.638373745794886344e-03
1.112687149140715235e+02	5.663739068213266004e-01	3.383094570827374081e-01	4.426786925053999983e-02	2.262800186486318976e-02	2.174533489702246830e-02	8.199937397527039956e-03	1.011288689672792257e-02
1.161064851277267991e+02	5.632891783915546791e-01	3.375881098477481190e-01	4.595041995276850227e-02	2.362745264192010752e-02	2.221643934390396882e-02	8.380684534813047371e-03	1.058510949803621176e-02
1.209442553413820747e+02	5.603510119397668854e-01	3.367457933292694050e-01	4.761833049189985456e-02	2.462690319715827095e-02	2.268081663875994025e-02	8.559561049110646358e-03	1.105497756477975303e-02
1.257820255550373645e+02	5.575353530602664698e-01	3.358055786057246306e-01	4.927224533627672792e-02	2.562590206565021345e-02	2.313908911673577540e-02	8.736779655405856396e-03	1.152244637068520518e-02
1.306197957686926259e+02	5.548224490607042148e-01	3.347863912198748015e-01	5.091275087141940853e-02	2.662402975517612000e-02	2.359177598579322715e-02	8.912511020058867459e-03	1.198748629771813692e-02
1.354575659823479441e+02	5.521960775203408334e-01	3.337037547317175945e-01	5.254037947148733345e-02	2.762089853355332789e-02	2.403931253881825061e-02	9.086891898764111464e-03	1.245007951606342568e-02
1.402953361960032339e+02	5.496429132094721171e-01	3.325704009141786099e-01	5.415561371097254995e-02	2.861615163980353246e-02	2.448206566240093002e-02	9.260031739159565317e-03	1.291021733475760692e-02
1.451331064096584669e+02	5.471520085538443823e-01	3.313967705094963412e-01	5.575889056520370174e-02	2.960946209702918636e-02	2.492034635892391090e-02	9.432018033014341607e-03	1.336789809323308230e-02
1.499708766233137851e+02	5.447143672789227509e-01	3.301914241744259293e-01	5.735060549429853854e-02	3.060053126314543279e-02	2.535441986084226162e-02	9.602920650615260484e-03	1.382312548849470163e-02
1.548086468369690749e+02	5.423225945215708332e-01	3.289613797220126701e-01	5.893111634011905658e-02	3.158908722275249881e-02	2.578451380451870362e-02	9.772795347198444393e-03	1.427590725257266158e-02
1.596464170506243647e+02	5.399706096942342715e-01	3.277123888787100148e-01	6.050074699199892159e-02	3.257488309764326739e-02	2.621082484074215707e-02	9.941686596301908818e-03	1.472625411111440526e-02
1.644841872642796261e+02	5.376534108466172190e-01	3.264491644047941565e-01	6.205979079646428698e-02	3.355769533328177567e-02	2.663352398608086896e-02	1.010962987633321798e-02	1.517417896717340731e-02
1.693219574779349159e+02	5.353668812885239436e-01	3.251755664804240054e-01	6.360851370038562991e-02	3.453732200290445670e-02	2.705276096023385632e-02	1.027665351329198201e-02	1.561969626498110886e-02
1.741597276915902057e+02	5.331076308941479214e-01	3.238947556630424884e-01	6.514715712718838203e-02	3.551358115876035448e-02	2.746866770689103399e-02	1.044278016351005318e-02	1.606282149720484470e-02
1.789974979052454671e+02	5.308728658675719858e-01	3.226093184115323420e-01	6.667594059286080510e-02	3.648630925067709169e-02	2.788136125713710708e-02	1.060802800469432504e-02	1.650357082627134861e-02
1.838352681189008138e+02	5.286602818648883373e-01	3.213213700972549769e-01	6.819506407327441400e-02	3.745535962502276328e-02	2.829094606338779933e-02	1.077241169084071533e-02	1.694196079607597494e-02
1.886730383325560467e+02	5.264679762838847532e-01	3.200326395396768664e-01	6.970471013735449195e-02	3.842060111175721326e-02	2.869751590680980763e-02	1.093594311621151095e-02	1.737800811505036194e-02
1.935108085462113081e+02	5.242943762835802213e-01	3.187445383801252863e-01	7.120504586235811006e-02	3.938191670325093263e-02	2.910115546099763945e-02	1.109863202510453020e-02	1.781172949532825941e-02
1.983485787598666263e+02	5.221381797124627910e-01	3.174582180129342790e-01	7.269622454828418567e-02	4.033920232559751184e-02	2.950194157842822920e-02	1.126048649724206187e-02	1.824314153579594325e-02
2.031863489735219162e+02	5.199983066302684698e-01	3.161746163055449976e-01	7.417838724852271470e-02	4.129236570101676995e-02	2.989994435313285404e-02	1.142151333298417094e-02	1.867226063927501789e-02
2.080241191871772060e+02	5.178738595233748354e-01	3.148944959388974563e-01	7.565166413345474072e-02	4.224132529845315426e-02	3.029522800250322376e-02	1.158171835799056033e-02	1.909910295607100683e-02
2.128618894008324673e+02	5.157640906546395732e-01	3.136184758710031661e-01	7.711617570299648949e-02	4.318600936846785088e-02	3.068785160269025744e-02	1.174110666322657030e-02	1.952368434772110833e-02
2.176996596144877287e+02	5.136683752681551196e-01	3.123470571570491350e-01	7.857203386315776694e-02	4.412635505788737450e-02	3.107786970525913336e-02	1.189968279317531880e-02	1.994602036606115195e-02
2.225374298281430470e+02	5.115861895988776942e-01	3.110806441381848697e-01	8.001934288064301015e-02	4.506230759931338647e-02	3.146533285730943041e-02	1.205745089265148999e-02	2.036612624376512096e-02
2.273752000417983652e+02	5.095170928254113552e-01	3.098195618296188392e-01	8.145820022842795161e-02	4.599381957044704899e-02	3.185028804289279786e-02	1.221441482060835540e-02	2.078401689333869012e-02
2.322129702554535982e+02	5.074607122587815322e-01	3.085640701896782967e-01	8.288869733413996299e-02	4.692085021818031415e-02	3.223277906005206361e-02	1.237057823770260773e-02	2.119970691221031642e-02
2.370507404691088880e+02	5.054167311868570378e-01	3.073143758292369854e-01	8.431092024199032808e-02	4.784336484251339172e-02	3.261284684499395070e-02	1.252594467306183956e-02	2.161321059209163342e-02
2.418885106827641494e+02	5.033848788981660771e-01	3.060706416205854485e-01	8.572495019797028715e-02	4.876133423553821733e-02	3.299052975265619192e-02	1.268051757462982342e-02	2.202454193119909170e-02
2.467262808964194392e+02	5.013649224942642313e-01	3.048329945824871379e-01	8.713086416704758641e-02	4.967473417095813470e-02	3.336586380112738226e-02	1.283430034659868713e-02	2.243371464826195150e-02
2.515640511100747290e+02	4.993566601699089835e-01	3.036015323505940611e-01	8.852873529019059107e-02	5.058354493987387429e-02	3.373888288593589191e-02	1.298729637673662514e-02	2.284074219750509976e-02
2.564018213237300188e+02	4.973599156978185110e-01	3.023763284869486756e-01	8.991863328820955126e-02	5.148775092884148863e-02	3.410961896907068608e-02	1.313950905585388983e-02	2.324563778400228972e-02
2.612395915373852517e+02	4.953745339020006466e-01	3.011574368367917476e-01	9.130062481863830681e-02	5.238734023648895094e-02	3.447810224667437889e-02	1.329094179119326771e-02	2.364841437895773280e-02
2.660773617510405415e+02	4.934003769423768726e-01	2.999448951035528776e-01	9.267477379118403691e-02	5.328230432525631749e-02	3.484436129861116782e-02	1.344159801516341471e-02	2.404908473460036847e-02
2.709151319646958882e+02	4.914373212652186074e-01	2.987387277822546872e-01	9.404114164664394149e-02	5.417263770509524873e-02	3.520842322252196177e-02	1.359148119053759339e-02	2.444766139847296196e-02
2.757529021783511780e+02	4.894852551000056229e-01	2.975389485664104439e-01	9.539978760362308186e-02	5.505833764622277554e-02	3.557031375450706023e-02	1.374059481300274506e-02	2.484415672697321692e-02
2.805906723920064678e+02	4.875440764047242470e-01	2.963455623228560820e-01	9.675076887688205396e-02	5.593940391826963954e-02	3.593005737819830042e-02	1.388894241175345386e-02	2.523858289806125282e-02
2.854284426056617008e+02	4.856136911791969490e-01	2.951585667120188439e-01	9.809414087069188992e-02	5.681583855339419203e-02	3.628767742367935284e-02	1.403652754867313647e-02	2.563095192309063769e-02
2.902662128193169337e+02	4.836940120804544274e-01	2.939779535172259983e-01	9.942995735017248760e-02	5.768764563114733152e-02	3.664319615746949865e-02	1.418335381652326664e-02	2.602127565775197091e-02
2.951039830329722804e+02	4.817849572859934648e-01	2.928037097352475526e-01	1.007582705932351247e-01	5.855483108307293211e-02	3.699663486459006667e-02	1.432942483646493063e-02	2.640956581214093379e-02
2.999417532466276270e+02	4.798864495604770464e-01	2.916358184709076928e-01	1.020791315254342552e-01	5.941740251521177019e-02	3.734801392357477157e-02	1.447474425516027778e-02	2.679583395997914286e-02
3.047795234602828600e+02	4.779984154894037496e-01	2.904742596709148916e-01	1.033925898397560633e-01	6.027536904684516889e-02	3.769735287515715155e-02	1.461931574164094215e-02	2.718009154702698618e-02
3.096172936739380930e+02	4.761207848498104633e-01	2.893190107257584409e-01	1.046986941031252949e-01	6.112874116396894292e-02	3.804467048526421341e-02	1.476314298408284292e-02	2.756234989873480867e-02
3.144550638875934396e+02	4.742534900934448072e-01	2.881700469633421413e-01	1.059974918511961545e-01	6.197753058612904403e-02	3.838998480286075210e-02	1.490622968658943809e-02	2.794262022718271149e-02
3.192928341012487294e+02	4.723964659222449347e-01	2.870273420537831632e-01	1.072890296728025578e-01	6.282175014537837165e-02	3.873331321311863917e-02	1.504857956605640083e-02	2.832091363736101083e-02
3.241306043149040192e+02	4.705496489395813997e-01	2.858908683413163843e-01	1.085733532852763833e-01	6.366141367623107117e-02	3.907467248632807283e-02	1.519019634916824769e-02	2.869724113284349842e-02
3.289683745285592522e+02	4.687129773636816155e-01	2.847605971163875149e-01	1.098505076016952214e-01	6.449653591559641186e-02	3.941407882291971670e-02	1.533108376956008635e-02	2.907161362090450105e-02
3.338061447422145420e+02	4.668863907920928757e-01	2.836364988386695374e-01	1.111205367909926939e-01	6.532713241177039165e-02	3.975154789492625629e-02	1.547124556516456424e-02	2.944404191712875901e-02
3.386439149558698318e+02	4.650698300080374770e-01	2.825185433198127982e-01	1.123834843317515625e-01	6.615321944165024337e-02	4.008709488417808164e-02	1.561068547575420080e-02	2.981453674956075980e-02
3.434816851695251216e+02	4.632632368211534457e-01	2.814066998731576952e-01	1.136393930604004954e-01	6.697481393541578065e-02	4.042073451749857160e-02	1.574940724068197087e-02	3.018310876243715524e-02
3.483194553831804114e+02	4.614665539364606883e-01	2.803009374363421569e-01	1.148883052144492739e-01	6.779193340799287426e-02	4.075248109913946759e-02	1.588741459681766721e-02	3.054976851954300382e-02
3.531572255968357013e+02	4.596797248464954411e-01	2.792012246716721879e-01	1.161302624713204112e-01	6.860459589667866620e-02	4.108234854067514819e-02	1.602471127667389264e-02	3.091452650722945408e-02
3.579949958104909342e+02	4.579026937424644506e-01	2.781075300482490631e-01	1.173653059832694412e-01	6.941281990436652671e-02	4.141035038855548495e-02	1.616130100671288664e-02	3.127739313712740027e-02
3.628327660241463377e+02	4.561354054410120540e-01	2.770198219091320468e-01	1.185934764088270588e-01	7.021662434786150875e-02	4.173649984950005692e-02	1.629718750582383538e-02	3.163837874858869276e-02
3.676705362378016275e+02	4.543778053238050063e-01	2.759380685262255994e-01	1.198148139411454455e-01	7.101602851082455814e-02	4.206080981390168672e-02	1.643237448395933401e-02	3.199749361088363719e-02
3.725083064514568036e+02	4.526298392876408894e-01	2.748622381450976371e-01	1.210293583335863288e-01	7.181105200092680052e-02	4.238329287739350110e-02	1.656686564091926911e-02	3.235474792518087256e-02
3.773460766651120935e+02	4.508914537031967762e-01	2.737922990215400088e-01	1.222371489228487873e-01	7.260171471083437522e-02	4.270396136072188153e-02	1.670066466527038787e-02	3.271015182633314755e-02
3.821838468787673833e+02	4.491625953808727201e-01	2.727282194513565572e-01	1.234382246499004798e-01	7.338803678267906416e-02	4.302282732805635251e-02	1.683377523338998316e-02	3.306371538449020403e-02
3.870216170924226162e+02	4.474432115424610279e-01	2.716699677945983993e-01	1.246326240789455142e-01	7.417003857570242387e-02	4.333990260385756077e-02	1.696620100862266181e-02	3.341544860655781823e-02
3.918593873060780197e+02	4.457332497976003727e-01	2.706175124952451827e-01	1.258203854146356937e-01	7.494774063678917575e-02	4.365519878841520041e-02	1.709794564053964544e-02	3.376536143752014579e-02
3.966971575197332527e+02	4.440326581241597625e-01	2.695708220971543279e-01	1.270015465177083969e-01	7.572116367363232459e-02	4.396872727215925952e-02	1.722901276429074022e-02	3.411346376164059446e-02
4.015349277333884856e+02	4.423413848518504277e-01	2.685298652569502731e-01	1.281761449192139468e-01	7.649032853029572032e-02	4.428049924884023408e-02	1.735940600003978845e-02	3.445976540355499135e-02
4.063726979470438323e+02	4.406593786484905850e-01	2.674946107544063367e-01	1.293442178334766324e-01	7.725525616496110859e-02	4.459052572766663419e-02	1.748912895247507412e-02	3.480427612926906972e-02
4.112104681606991221e+02	4.389865885084489050e-01	2.664650275007720004e-01	1.305058021699184723e-01	7.801596762966629683e-02	4.489881754448148132e-02	1.761818521038689689e-02	3.514700564707128744e-02
4.160482383743544119e+02	4.373229637428800998e-01	2.654410845454174273e-01	1.316609345438601864e-01	7.877248405185845181e-02	4.520538537205344432e-02	1.774657834630522998e-02	3.548796360837053881e-02
4.208860085880095880e+02	4.356684539714323345e-01	2.644227510810991943e-01	1.328096512864009315e-01	7.952482661760232330e-02	4.551023972955231534e-02	1.787431191619089435e-02	3.582715960846735020e-02
4.257237788016648778e+02	4.340230091151662806e-01	2.634099964480984268e-01	1.339519884534687566e-01	8.027301655629782984e-02	4.581339099127342690e-02	1.800138945917444111e-02	3.616460318726615053e-02
4.305615490153201677e+02	4.323865793904702604e-01	2.624027901374347826e-01	1.350879818341225447e-01	8.101707512677434886e-02	4.611484939467059424e-02	1.812781449733741335e-02	3.650030382993539602e-02
4.353993192289755143e+02	4.307591153037950149e-01	2.614011017933254855e-01	1.362176669581786348e-01	8.175702360464097429e-02	4.641462504775261538e-02	1.825359053553120975e-02	3.683427096752148883e-02
4.402370894426308041e+02	4.291405676470638197e-01	2.604049012150265741e-01	1.373410791032269873e-01	8.249288327078282967e-02	4.671272793589424654e-02	1.837872106122925842e-02	3.716651397752177011e-02
4.450748596562860939e+02	4.275308874936388226e-01	2.594141583581696109e-01	1.384582533010955685e-01	8.322467540090316973e-02	4.700916792810837935e-02	1.850320954440868096e-02	3.749704218442132669e-02
4.499126298699413837e+02	4.259300261947455701e-01	2.584288433356863313e-01	1.395692243438152180e-01	8.395242125602001004e-02	4.730395478282285737e-02	1.862705943745799134e-02	3.782586486019761524e-02
4.547504000835967304e+02	4.243379353762757877e-01	2.574489264183971726e-01	1.406740267891322671e-01	8.467614207383414304e-02	4.759709815320177506e-02	1.875027417510775202e-02	3.815299122479669930e-02
4.595881702972519065e+02	4.227545669359029090e-01	2.564743780353257452e-01	1.417726949656107349e-01	8.539585906089251777e-02	4.788860759204803530e-02	1.887285717438149171e-02	3.847843044658420808e-02
4.644259405109071963e+02	4.211798730404554547e-01	2.555051687737900368e-01	1.428652629773628502e-01	8.611159338547789976e-02	4.817849255632101341e-02	1.899481183456445260e-02	3.880219164277391719e-02
4.692637107245624861e+02	4.196138061235045180e-01	2.545412693793127068e-01	1.439517647084415930e-01	8.682336617116172273e-02	4.846676241130069146e-02	1.911614153718794659e-02	3.912428387983646338e-02
4.741014809382177759e+02	4.180563188831278865e-01	2.535826507553839981e-01	1.450322338269264821e-01	8.753119849096246963e-02	4.875342643442687196e-02	1.923684964602753039e-02	3.944471617389037899e-02
4.789392511518730657e+02	4.165073642798223230e-01	2.526292839631054110e-01	1.461067037887301967e-01	8.823511136205720862e-02	4.903849381884002601e-02	1.935693950711315364e-02	3.976349749107736808e-02
4.837770213655284124e+02	4.149668955345374166e-01	2.516811402207368986e-01	1.471752078411517062e-01	8.893512574099805834e-02	4.932197367664807597e-02	1.947641444874994091e-02	4.008063674792362863e-02
4.886147915791837022e+02	4.134348661268120728e-01	2.507381909031670131e-01	1.482377790261980022e-01	8.963126251939014522e-02	4.960387504194162245e-02	1.959527778154811564e-02	4.039614281168867060e-02
4.934525617928388783e+02	4.119112297929969357e-01	2.498004075413201575e-01	1.492944501836956650e-01	9.032354251999083483e-02	4.988420687357807831e-02	1.971353279846104270e-02	4.071002450070296264e-02
4.982903320064942250e+02	4.103959405245475867e-01	2.488677618215144882e-01	1.503452539542100841e-01	9.101198649319391931e-02	5.016297805775377788e-02	1.983118277483024786e-02	4.102229058469559347e-02
5.031281022201495148e+02	4.088889525663792490e-01	2.479402255847800163e-01	1.513902227817901236e-01	9.169661511386534292e-02	5.044019741038142934e-02	1.994823096843656093e-02	4.133294978511298234e-02
5.079658724338048046e+02	4.073902204152720641e-01	2.470177708261457605e-01	1.524293889165526106e-01	9.237744897850012904e-02	5.071587367928892531e-02	2.006468061955656371e-02	4.164201077542960261e-02
5.128036426474600376e+02	4.058996988183203314e-01	2.461003696939022822e-01	1.534627844171213007e-01	9.305450860267248936e-02	5.099001554625418042e-02	2.018053495102362788e-02	4.194948218145140573e-02
5.176414128611153274e+02	4.044173427714185531e-01	2.451879944888454288e-01	1.544904411529323118e-01	9.372781441875407960e-02	5.126263162888954061e-02	2.029579716829291516e-02	4.225537258161275039e-02
5.224791830747705035e+02	4.029431075177799526e-01	2.442806176635059501e-01	1.555123908064175164e-01	9.439738677387687904e-02	5.153373048238819171e-02	2.041047045950980868e-02	4.255969050726738506e-02
5.273169532884259070e+02	4.014769485464821930e-01	2.433782118213681511e-01	1.565286648750764953e-01	9.506324592811962737e-02	5.180332060114384990e-02	2.052455799558130026e-02	4.286244444297413608e-02
5.321547235020811968e+02	4.000188215910379097e-01	2.424807497160811620e-01	1.575392946734464894e-01	9.572541205289837596e-02	5.207141042025427435e-02	2.063806293024986541e-02	4.316364282677765535e-02
5.369924937157364866e+02	3.985686826279863371e-01	2.415882042506648508e-01	1.585443113349785382e-01	9.638390522954357054e-02	5.233800831691819838e-02	2.075098840016949275e-02	4.346329405048478256e-02
5.418302639293917764e+02	3.971264878755031980e-01	2.407005484767125170e-01	1.595437458138280473e-01	9.703874544804731717e-02	5.260312261173439446e-02	2.086333752498355926e-02	4.376140645993672335e-02
5.466680341430470662e+02	3.956921937920284682e-01	2.398177555935918637e-01	1.605376288865664747e-01	9.768995260596617658e-02	5.286676156991101244e-02	2.097511340740420421e-02	4.405798835527761914e-02
5.515058043567023560e+02	3.942657570749084628e-01	2.389397989476454987e-01	1.615259911538209081e-01	9.833754650746574788e-02	5.312893340239262241e-02	2.108631913329301472e-02	4.435304799121955049e-02
5.563435745703576458e+02	3.928471346590524660e-01	2.380666520313923229e-01	1.625088630418472790e-01	9.898154686249503731e-02	5.338964626691165838e-02	2.119695777174275195e-02	4.464659357730436928e-02
5.611813447840129356e+02	3.914362837156011299e-01	2.371982884827301130e-01	1.634862748040426528e-01	9.962197328607887148e-02	5.364890826897058401e-02	2.130703237515995524e-02	4.493863327816262354e-02
5.660191149976681118e+02	3.900331616506076959e-01	2.363346820841402407e-01	1.644582565224013693e-01	1.002588452977183353e-01	5.390672746276046340e-02	2.141654597934825044e-02	4.522917521376960265e-02
5.708568852113234016e+02	3.886377261037292641e-01	2.354758067618951956e-01	1.654248381089195308e-01	1.008921823208897423e-01	5.416311185202114103e-02	2.152550160359221337e-02	4.551822745969885675e-02
5.756946554249786914e+02	3.872499349469289420e-01	2.346216365852690222e-01	1.663860493069519997e-01	1.015220036826332550e-01	5.441806939084786049e-02	2.163390225074166007e-02	4.580579804737328065e-02
5.805324256386339812e+02	3.858697462831869873e-01	2.337721457657511714e-01	1.673419196925254315e-01	1.021483286132235657e-01	5.467160798444875569e-02	2.174175090729623880e-02	4.609189496431386618e-02
5.853701958522892710e+02	3.844971184452220525e-01	2.329273086562639872e-01	1.682924786756110624e-01	1.027711762459152245e-01	5.492373548985716308e-02	2.184905054349025461e-02	4.637652615438629666e-02
5.902079660659445608e+02	3.831320099942205903e-01	2.320870997503840516e-01	1.692377555013597212e-01	1.033905656167560805e-01	5.517445971660253634e-02	2.195580411337759788e-02	4.665969951804545962e-02
5.950457362795999643e+02	3.817743797185753074e-01	2.312514936815673605e-01	1.701777792513027576e-01	1.040065156644626454e-01	5.542378842734328043e-02	2.206201455491674929e-02	4.694142291257799582e-02
5.998835064932552541e+02	3.804241866326310006e-01	2.304204652223787175e-01	1.711125788445207463e-01	1.046190452303521756e-01	5.567172933846469690e-02	2.216768479005575693e-02	4.722170415234298174e-02
6.047212767069104302e+02	3.790813899754396088e-01	2.295939892837254304e-01	1.720421830387824647e-01	1.052281730583259634e-01	5.591829012064476051e-02	2.227281772481716146e-02	4.750055100901072469e-02
6.095590469205657200e+02	3.777459492095218696e-01	2.287720409140946709e-01	1.729666204316566980e-01	1.058339177948996734e-01	5.616347839939048181e-02	2.237741624938278592e-02	4.777797121179994111e-02
6.143968171342210098e+02	3.764178240196372482e-01	2.279545952987957480e-01	1.738859194615984816e-01	1.064362979892761046e-01	5.640730175554710402e-02	2.248148323817837288e-02	4.805397244771310999e-02
6.192345873478761860e+02	3.750969743115608601e-01	2.271416277592062105e-01	1.748001084090114732e-01	1.070353320934568780e-01	5.664976772578241004e-02	2.258502154995802383e-02	4.832856236177032749e-02
6.240723575615315895e+02	3.737833602108681652e-01	2.263331137520224468e-01	1.757092153972885096e-01	1.076310384623891392e-01	5.689088380304811732e-02	2.268803402788840268e-02	4.860174855724149617e-02
6.289101277751868793e+02	3.724769420617262683e-01	2.255290288685143363e-01	1.766132683938314296e-01	1.082234353541442901e-01	5.713065743702019916e-02	2.279052349963268248e-02	4.887353859587701549e-02
6.337478979888421691e+02	3.711776804256929352e-01	2.247293488337843703e-01	1.775122952110521346e-01	1.088125409301258090e-01	5.736909603451981199e-02	2.289249277743421809e-02	4.914393999813693875e-02
6.385856682024975726e+02	3.698855360805218817e-01	2.239340495060309078e-01	1.784063235073551912e-01	1.093983732553032162e-01	5.760620695991636869e-02	2.299394465819990310e-02	4.941296024341875620e-02
6.434234384161527487e+02	3.686004700189752237e-01	2.231431068758157055e-01	1.792953807881042527e-01	1.099809502984700066e-01	5.784199753551416689e-02	2.309488192358322492e-02	4.968060677028361682e-02
6.482612086298080385e+02	3.673224434476429212e-01	2.223564970653355566e-01	1.801794944065724657e-01	1.105602899325230787e-01	5.807647504192386956e-02	2.319530734006693476e-02	4.994688697668127342e-02
6.530989788434633283e+02	3.660514177857687734e-01	2.215741963276982307e-01	1.810586915648783879e-01	1.111364099347616485e-01	5.830964671842005231e-02	2.329522365904544354e-02	5.021180822017357742e-02
6.579367490571185044e+02	3.647873546640827414e-01	2.207961810462023833e-01	1.819329993149080005e-01	1.117093279872037603e-01	5.854151976328582363e-02	2.339463361690678408e-02	5.047537781815664149e-02
6.627745192707737942e+02	3.635302159236404318e-01	2.200224277336217671e-01	1.828024445592236202e-01	1.122790616769187705e-01	5.877210133414560722e-02	2.349353993511424724e-02	5.073760304808168364e-02
6.676122894844290840e+02	3.622799636146687430e-01	2.192529130314934405e-01	1.836670540519609318e-01	1.128456284963739592e-01	5.900139854828689856e-02	2.359194532028763280e-02	5.099849114767454616e-02
6.724500596980843738e+02	3.610365599954180049e-01	2.184876137094099724e-01	1.845268543997140298e-01	1.134090458437941873e-01	5.922941848297196693e-02	2.368985246428408076e-02	5.125804931515395152e-02
6.772878299117396637e+02	3.597999675310206147e-01	2.177265066643157554e-01	1.853818720624098304e-01	1.139693310235328771e-01	5.945616817574007895e-02	2.378726404427857627e-02	5.151628470944844690e-02
6.821256001253949535e+02	3.585701488923562774e-01	2.169695689198072597e-01	1.862321333541719637e-01	1.145265012464534438e-01	5.968165462470113175e-02	2.388418272284400026e-02	5.177320445041212055e-02
6.869633703390502433e+02	3.573470669549228540e-01	2.162167776254373674e-01	1.870776644441750070e-01	1.150805736303198434e-01	5.990588478882122314e-02	2.398061114803080526e-02	5.202881561903906910e-02
6.918011405527055331e+02	3.561306847977143697e-01	2.154681100560233986e-01	1.879184913574892535e-01	1.156315652001954630e-01	6.012886558820076249e-02	2.407655195344630267e-02	5.228312525767660895e-02
6.966389107663608229e+02	3.549209657021045738e-01	2.147235436109592721e-01	1.887546399759166271e-01	1.161794928888491563e-01	6.035060390434570515e-02	2.417200775833351981e-02	5.253614037023732197e-02
7.014766809800161127e+02	3.537178731507371054e-01	2.139830558135314698e-01	1.895861360388180483e-01	1.167243735371677332e-01	6.057110658043236145e-02	2.426698116764966148e-02	5.278786792240983128e-02
7.063144511936714025e+02	3.525213708264214874e-01	2.132466243102387471e-01	1.904130051439329174e-01	1.172662238945742230e-01	6.079038042156621052e-02	2.436147477214418294e-02	5.303831484186844608e-02
7.111522214073266923e+02	3.513314226110355043e-01	2.125142268701157855e-01	1.912352727481906323e-01	1.178050606194509659e-01	6.100843219503523929e-02	2.445549114843642916e-02	5.328748801848160604e-02
7.159899916209819821e+02	3.501479925844335761e-01	2.117858413840607024e-01	1.920529641685147781e-01	1.183409002795670906e-01	6.122526863055806345e-02	2.454903285909286470e-02	5.353539430451911135e-02
7.208277618346371582e+02	3.489710450233609595e-01	2.110614458641660030e-01	1.928661045826200460e-01	1.188737593525097669e-01	6.144089642052724676e-02	2.464210245270392549e-02	5.378204051485824255e-02
7.256655320482924481e+02	3.478005444003742230e-01	2.103410184430535568e-01	1.936747190298026000e-01	1.194036542261185524e-01	6.165532222024811687e-02	2.473470246396044028e-02	5.402743342718871467e-02
7.305033022619478515e+02	3.466364553827674944e-01	2.096245373732133210e-01	1.944788324117233402e-01	1.199306011989225151e-01	6.186855264817338329e-02	2.482683541372965319e-02	5.427157978221646556e-02
7.353410724756030277e+02	3.454787428315047038e-01	2.089119810263455335e-01	1.952784694931853082e-01	1.204546164805796321e-01	6.208059428613381392e-02	2.491850380913082988e-02	5.451448628386632023e-02
7.401788426892584312e+02	3.443273718001578221e-01	2.082033278927065412e-01	1.960736549029044873e-01	1.209757161923180058e-01	6.229145367956521323e-02	2.500971014361045783e-02	5.475615959948354483e-02
7.450166129029136073e+02	3.431823075338506501e-01	2.074985565804586818e-01	1.968644131342748849e-01	1.214939163673785655e-01	6.250113733773196567e-02	2.510045689701707536e-02	5.499660636003426972e-02
7.498543831165690108e+02	3.420435154682086032e-01	2.067976458150231900e-01	1.976507685461277031e-01	1.220092329514589208e-01	6.270965173394725534e-02	2.519074653567564270e-02	5.523583316030477447e-02
7.546921533302243006e+02	3.409109612283143242e-01	2.061005744384371841e-01	1.984327453634849581e-01	1.225216818031580612e-01	6.291700330579030886e-02	2.528058151246156265e-02	5.547384655909969736e-02
7.595299235438793630e+02	3.397846106276689593e-01	2.054073214087138999e-01	1.992103676783074651e-01	1.230312786944216252e-01	6.312319845532068929e-02	2.536996426687425712e-02	5.571065307943916245e-02
7.643676937575347665e+02	3.386644296671592613e-01	2.047178657992066719e-01	1.999836594502377718e-01	1.235380393109873909e-01	6.332824354928984212e-02	2.545889722511039330e-02	5.594625920875477554e-02
7.692054639711900563e+02	3.375503845340301345e-01	2.040321867979762727e-01	2.007526445073375410e-01	1.240419792528308918e-01	6.353214491935008090e-02	2.554738280013666568e-02	5.618067139908455854e-02
7.740432341848452324e+02	3.364424416008628960e-01	2.033502637071618879e-01	2.015173465468202696e-01	1.245431140346108800e-01	6.373490886226115815e-02	2.563542339176220000e-02	5.641389606726683603e-02
7.788810043985006359e+02	3.353405674245595880e-01	2.026720759423554508e-01	2.022777891357787072e-01	1.250414590861144426e-01	6.393654164009442142e-02	2.572302138671057892e-02	5.664593959513297694e-02
7.837187746121558121e+02	3.342447287453321758e-01	2.019976030319795002e-01	2.030339957119075001e-01	1.255370297527015622e-01	6.413704948043481846e-02	2.581017915869145835e-02	5.687680832969915085e-02
7.885565448258112156e+02	3.331548924856977401e-01	2.013268246166685371e-01	2.037859895842212554e-01	1.260298412957490677e-01	6.433643857658082055e-02	2.589689906847179174e-02	5.710650858335699492e-02
7.933943150394665054e+02	3.320710257494790540e-01	2.006597204486535169e-01	2.045337939337677768e-01	1.265199088930936411e-01	6.453471508774222265e-02	2.598318346394667966e-02	5.733504663406324003e-02
7.982320852531219089e+02	3.309930958208107676e-01	1.999962703911501716e-01	2.052774318143368304e-01	1.270072476394740746e-01	6.473188513923616716e-02	2.606903468020982384e-02	5.756242872552826129e-02
8.030698554667769713e+02	3.299210701631509757e-01	1.993364544177503028e-01	2.060169261531642759e-01	1.274918725469721681e-01	6.492795482268121088e-02	2.615445503962359267e-02	5.778866106740363634e-02
8.079076256804323748e+02	3.288549164182978379e-01	1.986802526118166545e-01	2.067522997516319516e-01	1.279737985454526827e-01	6.512293019618967116e-02	2.623944685188871542e-02	5.801374983546865594e-02
8.127453958940876646e+02	3.277946024054124718e-01	1.980276451658809500e-01	2.074835752859631455e-01	1.284530404830019346e-01	6.531681728455826508e-02	2.632401241411358797e-02	5.823770117181579359e-02
8.175831661077428407e+02	3.267400961200463416e-01	1.973786123810455928e-01	2.082107753079137646e-01	1.289296131263649725e-01	6.550962207945715265e-02	2.640815401088319331e-02	5.846052118503517608e-02
8.224209363213982442e+02	3.256913657331743650e-01	1.967331346663880876e-01	2.089339222454593692e-01	1.294035311613813410e-01	6.570135053961734251e-02	2.649187391432767172e-02	5.868221595039803395e-02
8.272587065350534203e+02	3.246483795902334601e-01	1.960911925383692911e-01	2.096530384034780148e-01	1.298748091934193161e-01	6.589200859101661256e-02	2.657517438419047806e-02	5.890279151003913194e-02
8.320964767487085965e+02	3.236111062101659219e-01	1.954527666202446334e-01	2.103681459644288210e-01	1.303434617478085589e-01	6.608160212706395975e-02	2.665805766789620251e-02	5.912225387313823494e-02
8.369342469623640000e+02	3.225795142844686270e-01	1.948178376414785029e-01	2.110792669890269035e-01	1.308095032702711324e-01	6.627013700878263414e-02	2.674052600061798540e-02	5.934060901610051231e-02
8.417720171760191761e+02	3.215535726762470126e-01	1.941863864371622672e-01	2.117864234169138382e-01	1.312729481273507415e-01	6.645761906499174365e-02	2.682258160534459895e-02	5.955786288273603318e-02
8.466097873896745796e+02	3.205332504192743848e-01	1.935583939474349036e-01	2.124896370673246548e-01	1.317338106068403902e-01	6.664405409248660983e-02	2.690422669294713007e-02	5.977402138443818624e-02
8.514475576033297557e+02	3.195185167170562779e-01	1.929338412169072092e-01	2.131889296397504185e-01	1.321921049182080976e-01	6.682944785621773576e-02	2.698546346224532308e-02	5.998909040036123214e-02
8.562853278169851592e+02	3.185093409419001986e-01	1.923127093940892318e-01	2.138843227145973136e-01	1.326478451930207525e-01	6.701380608946851114e-02	2.706629410007353742e-02	6.020307577759674567e-02
8.611230980306403353e+02	3.175056926339903662e-01	1.916949797308203918e-01	2.145758377538418971e-01	1.331010454853663316e-01	6.719713449403172389e-02	2.714672078134636873e-02	6.041598333134921145e-02
8.659608682442956251e+02	3.165075415004673931e-01	1.910806335817032964e-01	2.152634961016823001e-01	1.335517197722740079e-01	6.737943874038485048e-02	2.722674566912387795e-02	6.062781884511059954e-02
8.707986384579510286e+02	3.155148574145129614e-01	1.904696524035403293e-01	2.159473189851859876e-01	1.339998819541324826e-01	6.756072446786408336e-02	2.730637091467650462e-02	6.083858807083399045e-02
8.756364086716062047e+02	3.145276104144399398e-01	1.898620177547732935e-01	2.166273275149336319e-01	1.344455458551062910e-01	6.774099728483735927e-02	2.738559865754957787e-02	6.104829672910622868e-02
8.804741788852616082e+02	3.135457707027871632e-01	1.892577112949263840e-01	2.173035426856593788e-01	1.348887252235501932e-01	6.792026276887606906e-02	2.746443102562752189e-02	6.125695050931966035e-02
8.853119490989170117e+02	3.125693086454190972e-01	1.886567147840519931e-01	2.179759853768872824e-01	1.353294337324216223e-01	6.809852646692579614e-02	2.754287013519766611e-02	6.146455506984294104e-02
8.901497193125721878e+02	3.115981947706306099e-01	1.880590100821795951e-01	2.186446763535646043e-01	1.357676849796910779e-01	6.827579389547593081e-02	2.762091809101373946e-02	6.167111603819085131e-02
8.949874895262273640e+02	3.106323997682566285e-01	1.874645791487678792e-01	2.193096362666909771e-01	1.362034924887505216e-01	6.845207054072814656e-02	2.769857698635899354e-02	6.187663901119322407e-02
8.998252597398827675e+02	3.096718944887867364e-01	1.868734040421595188e-01	2.199708856539443202e-01	1.366368697088199413e-01	6.862736185876391892e-02	2.777584890310899959e-02	6.208112955516293524e-02
9.046630299535379436e+02	3.087166499424844890e-01	1.862854669190391610e-01	2.206284449403031755e-01	1.370678300153515550e-01	6.880167327571090619e-02	2.785273591179408467e-02	6.228459320606299920e-02
9.095008001671932334e+02	3.077666372985116139e-01	1.857007500338944128e-01	2.212823344386654900e-01	1.374963867104323501e-01	6.897501018790840044e-02	2.792924007166143474e-02	6.248703546967266514e-02
9.143385703808486369e+02	3.068218278840569302e-01	1.851192357384796872e-01	2.219325743504640958e-01	1.379225530231843466e-01	6.914737796207175158e-02	2.800536343073684389e-02	6.268846182175270842e-02
9.191763405945038130e+02	3.058821931834703745e-01	1.845409064812829902e-01	2.225791847662785261e-01	1.383463421101628621e-01	6.931878193545573663e-02	2.808110802588616867e-02	6.288887770820976442e-02
9.240141108081592165e+02	3.049477048374011900e-01	1.839657448069957069e-01	2.232221856664434734e-01	1.387677670557529164e-01	6.948922741601697151e-02	2.815647588287637296e-02	6.308828854525973251e-02
9.288518810218145063e+02	3.040183346419416122e-01	1.833937333559853000e-01	2.238615969216540269e-01	1.391868408725633610e-01	6.965871968257547620e-02	2.823146901643630927e-02	6.328669971959036133e-02
9.336896512354697961e+02	3.030940545477743830e-01	1.828248548637706750e-01	2.244974382935672474e-01	1.396035765018190933e-01	6.982726398497507425e-02	2.830608943031712177e-02	6.348411658852284867e-02
9.385274214491247449e+02	3.021748366593257074e-01	1.822590921605008740e-01	2.251297294354006051e-01	1.400179868137512995e-01	6.999486554424304285e-02	2.838033911735234061e-02	6.368054448017264335e-02
9.433651916627801484e+02	3.012606532339222598e-01	1.816964281704361306e-01	2.257584898925270311e-01	1.404300846079854781e-01	7.016152955274869429e-02	2.845422005951763270e-02	6.387598869360930354e-02
9.482029618764355519e+02	3.003514766809532999e-01	1.811368459114321150e-01	2.263837391030666946e-01	1.408398826139276028e-01	7.032726117436111091e-02	2.852773422799024378e-02	6.407045449901550838e-02
9.530407320900908417e+02	2.994472795610370608e-01	1.805803284944267617e-01	2.270054963984754481e-01	1.412473934911481210e-01	7.049206554460592244e-02	2.860088358320809002e-02	6.426394713784522317e-02
9.578785023037459041e+02	2.985480345851917461e-01	1.800268591229302328e-01	2.276237810041299714e-01	1.416526298297640096e-01	7.065594777082123690e-02	2.867367007492854780e-02	6.445647182298090694e-02
9.627162725174014213e+02	2.976537146140111889e-01	1.794764210925173520e-01	2.282386120399097773e-01	1.420556041508188871e-01	7.081891293231255824e-02	2.874609564228691044e-02	6.464803373888998450e-02
9.675540427310568248e+02	2.967642926568450079e-01	1.789289977903230078e-01	2.288500085207759716e-01	1.424563289066608507e-01	7.098096608050696865e-02	2.881816221385452223e-02	6.483863804178033319e-02
9.723918129447120009e+02	2.958797418709830929e-01	1.783845726945402221e-01	2.294579893573467921e-01	1.428548164813186194e-01	7.114211223910635318e-02	2.888987170769661064e-02	6.502828985975503406e-02
9.772295831583674044e+02	2.950000355608448088e-01	1.778431293739209940e-01	2.300625733564698738e-01	1.432510791908753744e-01	7.130235640423970844e-02	2.896122603142977162e-02	6.521699429296615169e-02
9.820673533720223531e+02	2.941251471771724746e-01	1.773046514872800294e-01	2.306637792217915983e-01	1.436451292838408500e-01	7.146170354461467422e-02	2.903222708227917032e-02	6.540475641376783389e-02
9.869051235856777566e+02	2.932550503162292821e-01	1.767691227830009981e-01	2.312616255543231136e-01	1.440369789415212320e-01	7.162015860166816295e-02	2.910287674713541925e-02	6.559158126686838453e-02
9.917428937993331601e+02	2.923897187190017122e-01	1.762365270985455368e-01	2.318561308530031617e-01	1.444266402783872250e-01	7.177772648971611491e-02	2.917317690261113025e-02	6.577747386948167019e-02
9.965806640129884499e+02	2.915291262704062247e-01	1.757068483599649733e-01	2.324473135152580194e-01	1.448141253424400920e-01	7.193441209610250409e-02	2.924312941509717156e-02	6.596243921147756928e-02
