0.000000000000000000e+00	1.011548554944342593e+00	3.474265613732814718e-22	3.031333859682294712e-23	6.822824284829072473e-23	3.992796896499415316e-23	7.407521559581061209e-26	4.326028026265017790e-24
4.837770213655283591e+00	9.386229756531702106e-01	6.608965955445848806e-02	2.058642722013810569e-03	1.119415865740658322e-03	2.488611747237555634e-03	9.452996177483900158e-04	2.239497839734832249e-04
9.675540427310567182e+00	8.783124841790346249e-01	1.200444104231951914e-01	4.152774068322566056e-03	2.177455925571356553e-03	4.605239666754131628e-03	1.748045150223478126e-03	5.081455312413342288e-04
1.451331064096584811e+01	8.283575031225964835e-01	1.640417732786631499e-01	6.262777755333778784e-03	3.191886474407089683e-03	6.419693502029967698e-03	2.434628843397761231e-03	8.402919679145351515e-04
1.935108085462113081e+01	7.869036295574055595e-01	1.998687972370151444e-01	8.374234032011727835e-03	4.176329528063208937e-03	7.988553058254769731e-03	3.026581263312635994e-03	1.210430268279795701e-03
2.418885106827641707e+01	7.524289782243115399e-01	2.289920781370927416e-01	1.047673731292469816e-02	5.141133663941513735e-03	9.357665308891096115e-03	3.541459791549960399e-03	1.610502505631320868e-03
2.902662128193169622e+01	7.236845538368383846e-01	2.526152212145879039e-01	1.256296411005293143e-02	6.094070682252913061e-03	1.056417311769709474e-02	3.993575649226860716e-03	2.033996333686850441e-03
3.386439149558698603e+01	6.996453160482136724e-01	2.717259996513882170e-01	1.462794046972012117e-02	7.040891974918187489e-03	1.163816288154148788e-02	4.394588680523118379e-03	2.475655238038086854e-03
3.870216170924226162e+01	6.794700196177116958e-01	2.871350567395261066e-01	1.666846814711474972e-02	7.985772011633409870e-03	1.260400221758079843e-02	4.753993849543070201e-03	2.931242361233070068e-03
4.353993192289755143e+01	6.624682561651423773e-01	2.995076680588271700e-01	1.868267683611489829e-02	8.931661098040799898e-03	1.348142562126762069e-02	5.079519077988804004e-03	3.397348086961381360e-03
4.837770213655283413e+01	6.480734060916655270e-01	3.093898081441154857e-01	2.066967628686745134e-02	9.880565300657418240e-03	1.428641526098129756e-02	5.377450504576161867e-03	3.871233355479687752e-03
5.321547235020811684e+01	6.358204408303073096e-01	3.172295429567340008e-01	2.262928738824970115e-02	1.083376798084988157e-02	1.503191530293267533e-02	5.652898340015660543e-03	4.350702145253793063e-03
5.805324256386339954e+01	6.253277056453292460e-01	3.233945863319310221e-01	2.456183551059179168e-02	1.179200458403356633e-02	1.572841101054452823e-02	5.910014108595938558e-03	4.833997753317070649e-03
6.289101277751868224e+01	6.162819691733332217e-01	3.281867082721712237e-01	2.646799279332604643e-02	1.275560006700234179e-02	1.638439803695734831e-02	6.152168114536076329e-03	5.319718487017018049e-03
6.772878299117397205e+01	6.084261539025105359e-01	3.318535596073451943e-01	2.834865878251559626e-02	1.372457651546471480e-02	1.700676258366941307e-02	6.382094370884046179e-03	5.806749181954015161e-03
7.256655320482924765e+01	6.015492668355845174e-01	3.345983763129682376e-01	3.020487100401079289e-02	1.469873702383406311e-02	1.760108923338861084e-02	6.602008917328832174e-03	6.294205617228555358e-03
7.740432341848452324e+01	5.954781357931027141e-01	3.365879437002893826e-01	3.203773880408506552e-02	1.567773071372894136e-02	1.817191011834168660e-02	6.813706378786549105e-03	6.781389436009126019e-03
8.224209363213981305e+01	5.900706275649634236e-01	3.379591325125678170e-01	3.384839518555889798e-02	1.666110280255537687e-02	1.872290652383871296e-02	7.018638736310540104e-03	7.267751618548728108e-03
8.707986384579510286e+01	5.852100821817886045e-01	3.388242630081575446e-01	3.563796248212183770e-02	1.764833285516111128e-02	1.925707194252946133e-02	7.217979560743508285e-03	7.752862913841422794e-03
9.191763405945040688e+01	5.808007452291894523e-01	3.392755071910645848e-01	3.740752860211977310e-02	1.863886372430368157e-02	1.977684389915883301e-02	7.412676368862216800e-03	8.236389929644942834e-03
9.675540427310566827e+01	5.767640192342992078e-01	3.393885016640448282e-01	3.915813128012782252e-02	1.963212318069313539e-02	2.028421048666015011e-02	7.603493278019227662e-03	8.718075820499045919e-03
1.015931744867609581e+02	5.730353872475463239e-01	3.392253126514971906e-01	4.089074833617360738e-02	2.062753982723750795e-02	2.078079643334253962e-02	7.791045739159377717e-03	9.197724709386892114e-03
1.064309447004162337e+02	5.695618880810602302e-01	3.388368693575538604e-01	4.260629238751650893e-02	2.162455456584717883e-02	2.126793260980943887e-02	7.975828803756841376e-03	9.675189138799559357e-03
1.112687149140715235e+02	5.663000442804086987e-01	3.382649609943664815e-01	4.430560880977347377e-02	2.262262862335346833e-02	2.174671214402452285e-02	8.158240114709570598e-03	1.015035997770749772e-02
1.161064851277267991e+02	5.632141616455184074e-01	3.375438757204730633e-01	4.598947602169115023e-02	2.362124893330281444e-02	2.221803571178187012e-02	8.338598593908152709e-03	1.062315831766820311e-02
1.209442553413820747e+02	5.602749336747359088e-01	3.367017456994769731e-01	4.765860738608494740e-02	2.461993150250955942e-02	2.268264808179863007e-02	8.517159621350104889e-03	1.109352897838756895e-02
1.257820255550373645e+02	5.574582962534758712e-01	3.357616509753907907e-01	4.931365419050880855e-02	2.561822325712409879e-02	2.314116759860048583e-02	8.694127355155019388e-03	1.156143531408863542e-02
1.306197957686926259e+02	5.547444877139358077e-01	3.347425254117561977e-01	5.095520930479202626e-02	2.661570275599784569e-02	2.359410996510444627e-02	8.869664722796965703e-03	1.202685506996038420e-02
1.354575659823479441e+02	5.521172774391126525e-01	3.336599001868226222e-01	5.258381121645582662e-02	2.761198007396930762e-02	2.404190742631060265e-02	9.043901516511146377e-03	1.248977708516152939e-02
1.402953361960032339e+02	5.495633327881563890e-01	3.325265139728040276e-01	5.419994822541582963e-02	2.860669609005021471e-02	2.448492424439126930e-02	9.216940946221458680e-03	1.295019867730447943e-02
1.451331064096584669e+02	5.470716995396779359e-01	3.313528137041935051e-01	5.580406264125102600e-02	2.959952136188368638e-02	2.492346918443435339e-02	9.388864938254424045e-03	1.340812357464880172e-02
1.499708766233137851e+02	5.446333754973669006e-01	3.301473655536387164e-01	5.739655487362960162e-02	3.059015472547734621e-02	2.535780559161068815e-02	9.559738414914772595e-03	1.386356028770571909e-02
1.548086468369690749e+02	5.422409605524326492e-01	3.289171922160450956e-01	5.897778734237515974e-02	3.157832172582811930e-02	2.578815952845541631e-02	9.729612746538350565e-03	1.431652083266895387e-02
1.596464170506243647e+02	5.398883694929905719e-01	3.276680497145298410e-01	6.054808816063354110e-02	3.256377295783786235e-02	2.621472635029225423e-02	9.898528532139242581e-03	1.476701973592057897e-02
1.644841872642796261e+02	5.375705963089476569e-01	3.264046545724987314e-01	6.210775456464145278e-02	3.354628237641141958e-02	2.663767602353313627e-02	1.006651783578098661e-02	1.521507326253057797e-02
1.693219574779349159e+02	5.352835207585292521e-01	3.251308702516215177e-01	6.365705607827044921e-02	3.452564561866065806e-02	2.705715743236063522e-02	1.023360598214014330e-02	1.566069882276134584e-02
1.741597276915902057e+02	5.330237496183755086e-01	3.238498601596606630e-01	6.519623741105978754e-02	3.550167836877036326e-02	2.747330187147307631e-02	1.039981299542288087e-02	1.610391451958178774e-02
1.789974979052454671e+02	5.307884863980146806e-01	3.225642132224375569e-01	6.672552109582932656e-02	3.647421478656328458e-02	2.788622588397185811e-02	1.056515475004658582e-02	1.654473880748070710e-02
1.838352681189008138e+02	5.285754244147217173e-01	3.212760469393902696e-01	6.824510987694328012e-02	3.744310601353044443e-02	2.829603357233587482e-02	1.072964388865835228e-02	1.698319023876406625e-02
1.886730383325560467e+02	5.263826590399957039e-01	3.199870919600739660e-01	6.975518886346980529e-02	3.840821876458945516e-02	2.870281848533121419e-02	1.089329055259793781e-02	1.741928727828600740e-02
1.935108085462113081e+02	5.242086156799985464e-01	3.186987614950278491e-01	7.125592746331493865e-02	3.936943400971527895e-02	2.910666516348765082e-02	1.105610296138918175e-02	1.785304817141063899e-02
1.983485787598666263e+02	5.220519906687196565e-01	3.174122082803073619e-01	7.274748111525941585e-02	4.032664574655098200e-02	2.950765040949865359e-02	1.121808787090442655e-02	1.828449085310359865e-02
2.031863489735219162e+02	5.199117027585151707e-01	3.161283713273916884e-01	7.422999283597010722e-02	4.127975986290779997e-02	2.990584433680906068e-02	1.137925093420022633e-02	1.871363288855000528e-02
2.080241191871772060e+02	5.177868533078452407e-01	3.148480142900160761e-01	7.570359459870444618e-02	4.222869308651462650e-02	3.030131123912951918e-02	1.153959698443121976e-02	1.914049143770304648e-02
2.128618894008324673e+02	5.156766936067552765e-01	3.135717569510691471e-01	7.716840855973761126e-02	4.317337201832446847e-02	3.069411031516130345e-02	1.169913025551794390e-02	1.956508323777845018e-02
2.176996596144877287e+02	5.135805980602773380e-01	3.123001010631750729e-01	7.862454814763830679e-02	4.411373224501121543e-02	3.108429627602738235e-02	1.185785455321461401e-02	1.998742459900035642e-02
2.225374298281430470e+02	5.114980421794110832e-01	3.110334515553836443e-01	8.007211902948861704e-02	4.504971752590104794e-02	3.147191985746052023e-02	1.201577338676448024e-02	2.040753140993501261e-02
2.273752000417983652e+02	5.094285845176821370e-01	3.097721339368602056e-01	8.151121996705515405e-02	4.598127904940523675e-02	3.185702825443388619e-02	1.217289006933730024e-02	2.082541914957069043e-02
2.322129702554535982e+02	5.073718518458378846e-01	3.085164085794844246e-01	8.294194357481560198e-02	4.690837475399921991e-02	3.223966549242291563e-02	1.232920779382918816e-02	2.124110290395552630e-02
2.370507404691088880e+02	5.053275269840926676e-01	3.072664824389959581e-01	8.436437699066495766e-02	4.783096870888198932e-02	3.261987274668770587e-02	1.248472968929881764e-02	2.165459738572271184e-02
2.418885106827641494e+02	5.032953388154347563e-01	3.060225186739817804e-01	8.577860246908729225e-02	4.874903054961629567e-02	3.299768861872522108e-02	1.263945886225820159e-02	2.206591695524135269e-02
2.467262808964194392e+02	5.012750540889460149e-01	3.047846445396439896e-01	8.718469790559972565e-02	4.966253496426848574e-02	3.337314937724987496e-02	1.279339842618394153e-02	2.247507564245278255e-02
2.515640511100747290e+02	4.992664706922019802e-01	3.035529578657027439e-01	8.858273730036218818e-02	5.057146122581695352e-02	3.374628916962950365e-02	1.294655152192767875e-02	2.288208716870381021e-02
2.564018213237300188e+02	4.972694121293622094e-01	3.023275323723174091e-01	8.997279116800380172e-02	5.147579276686586880e-02	3.411714020856014551e-02	1.309892133115124133e-02	2.328696496808422070e-02
2.612395915373852517e+02	4.952837229887893100e-01	3.011084220323901328e-01	9.135492689994581528e-02	5.237551679297501595e-02	3.448573293784990695e-02	1.325051108446739269e-02	2.368972220792737310e-02
2.660773617510405415e+02	4.933092652227913932e-01	2.998956646512516144e-01	9.272920908480068725e-02	5.327062393118963540e-02	3.485209618045246455e-02	1.340132406561027507e-02	2.409037180824888033e-02
2.709151319646958882e+02	4.913459150938910280e-01	2.986892848040710313e-01	9.409569979179352450e-02	5.416110791062015567e-02	3.521625727130840711e-02	1.355136361267402813e-02	2.448892645998678591e-02
2.757529021783511780e+02	4.893935606681292794e-01	2.974892962461654911e-01	9.545445882158297424e-02	5.504696527217752683e-02	3.557824217708707715e-02	1.370063311722976088e-02	2.488539864197290147e-02
2.805906723920064678e+02	4.874520997573375536e-01	2.962957038907338414e-01	9.680554392834905819e-02	5.592819510481199241e-02	3.593807560454925776e-02	1.384913602194920261e-02	2.527980063661408594e-02
2.854284426056617008e+02	4.855214382298923548e-01	2.951085054315908951e-01	9.814901101656034466e-02	5.680479880583137048e-02	3.629578109895351123e-02	1.399687581721871348e-02	2.567214454429790627e-02
2.902662128193169337e+02	4.836014886238978461e-01	2.939276926745664209e-01	9.948491431542831609e-02	5.767677986308755028e-02	3.665138113368998640e-02	1.414385603711281261e-02	2.606244229656215494e-02
2.951039830329722804e+02	4.816921690085854135e-01	2.927532526298203819e-01	1.008133065336976886e-01	5.854414365701700318e-02	3.700489719213385237e-02	1.429008025500595053e-02	2.645070566808490828e-02
2.999417532466276270e+02	4.797934020494363794e-01	2.915851684079526773e-01	1.021342389971035824e-01	5.940689728070350228e-02	3.735634984255627178e-02	1.443555207903012005e-02	2.683694628756263384e-02
3.047795234602828600e+02	4.779051142405134622e-01	2.904234199551014028e-01	1.034477617705455432e-01	6.026504937629827141e-02	3.770575880680596820e-02	1.458027514753029719e-02	2.722117564755022548e-02
3.096172936739380930e+02	4.760272352740302360e-01	2.892679846559086387e-01	1.047539237667806655e-01	6.111860998628648040e-02	3.805314302337335641e-02	1.472425312462638872e-02	2.760340511333950198e-02
3.144550638875934396e+02	4.741596975225629840e-01	2.881188378280568618e-01	1.060527728432198169e-01	6.196759041822888503e-02	3.839852070536677736e-02	1.486748969595690952e-02	2.798364593095311464e-02
3.192928341012487294e+02	4.723024356137178192e-01	2.869759531278275877e-01	1.073443558882190285e-01	6.281200312173526590e-02	3.874190939386274596e-02	1.500998856465393660e-02	2.836190923432901911e-02
3.241306043149040192e+02	4.704553860806845456e-01	2.858393028826453630e-01	1.086287188980891993e-01	6.365186157654244281e-02	3.908332600703650489e-02	1.515175344757940801e-02	2.873820605176797410e-02
3.289683745285592522e+02	4.686184870750789155e-01	2.847088583637083503e-01	1.099059070458991150e-01	6.448718019067548046e-02	3.942278688543267989e-02	1.529278807183817417e-02	2.911254731171271024e-02
3.338061447422145420e+02	4.667916781309134899e-01	2.835845900094559613e-01	1.111759647430169834e-01	6.531797420776631891e-02	3.976030783369706445e-02	1.543309617157242325e-02	2.948494384792318609e-02
3.386439149558698318e+02	4.649748999705358710e-01	2.824664676086975357e-01	1.124389356942212814e-01	6.614425962269090964e-02	4.009590415905775473e-02	1.557268148503421559e-02	2.985540640410790092e-02
3.434816851695251216e+02	4.631680943450177113e-01	2.813544604506414415e-01	1.136948629471116468e-01	6.696605310476495820e-02	4.042959070681585027e-02	1.571154775192739120e-02	3.022394563806656692e-02
3.483194553831804114e+02	4.613712039028224909e-01	2.802485374477676205e-01	1.149437889364633564e-01	6.778337192780919951e-02	4.076138189308170512e-02	1.584969871100627703e-02	3.059057212539489923e-02
3.531572255968357013e+02	4.595841720816883913e-01	2.791486672364194566e-01	1.161857555240915080e-01	6.859623390646003849e-02	4.109129173497196030e-02	1.598713809791632925e-02	3.095529636279788221e-02
3.579949958104909342e+02	4.578069430195689793e-01	2.780548182591152662e-01	1.174208040347240883e-01	6.940465733815935623e-02	4.141933387846390147e-02	1.612386964326037453e-02	3.131812877105358967e-02
3.628327660241463377e+02	4.560394614812197100e-01	2.769669588318647846e-01	1.186489752883238269e-01	7.020866095031016996e-02	4.174552162408775441e-02	1.625989707087362526e-02	3.167907969766568799e-02
3.676705362378016275e+02	4.542816727976299318e-01	2.758850571991836587e-01	1.198703096292471626e-01	7.100826385213283853e-02	4.206986795062261919e-02	1.639522409629046509e-02	3.203815941923894572e-02
3.725083064514568036e+02	4.525335228160017320e-01	2.748090815790174557e-01	1.210848469525831056e-01	7.180348549079915155e-02	4.239238553694897604e-02	1.652985442538654204e-02	3.239537814360873846e-02
3.773460766651120935e+02	4.507949578583885786e-01	2.737390001993899036e-01	1.222926267279750429e-01	7.259434561146101139e-02	4.271308678219882388e-02	1.666379175318017519e-02	3.275074601175221450e-02
3.821838468787673833e+02	4.490659246874456612e-01	2.726747813282629496e-01	1.234936880211936761e-01	7.338086422082594484e-02	4.303198382433359032e-02	1.679703976277802102e-02	3.310427309950592784e-02
3.870216170924226162e+02	4.473463704780197281e-01	2.716163932978312157e-01	1.246880695136983602e-01	7.416306155396304445e-02	4.334908855727039739e-02	1.692960212445087514e-02	3.345596941911218453e-02
3.918593873060780197e+02	4.456362427935355863e-01	2.705638045242524381e-01	1.258758095203973137e-01	7.494095804405236094e-02	4.366441264666800354e-02	1.706148249482641530e-02	3.380584492061370488e-02
3.966971575197332527e+02	4.439354895663225054e-01	2.695169835236360667e-01	1.270569460057935085e-01	7.571457429481702472e-02	4.397796754447565876e-02	1.719268451618681179e-02	3.415390949311433028e-02
4.015349277333884856e+02	4.422440590811771433e-01	2.684758989249647065e-01	1.282315165986819550e-01	7.648393105540050863e-02	4.428976450234026890e-02	1.732321181586005468e-02	3.450017296592125526e-02
4.063726979470438323e+02	4.405618999615860121e-01	2.674405194805025143e-01	1.293995586055460001e-01	7.724904919747369036e-02	4.459981458396016646e-02	1.745306800569487379e-02	3.484464510958273226e-02
4.112104681606991221e+02	4.388889611581329731e-01	2.664108140741430208e-01	1.305611090227837279e-01	7.800994969437533011e-02	4.490812867646745699e-02	1.758225668161007837e-02	3.518733563683345417e-02
4.160482383743544119e+02	4.372251919387034613e-01	2.653867517280705801e-01	1.317162045478816879e-01	7.876665360210741151e-02	4.521471750091450581e-02	1.771078142320994808e-02	3.552825420345852997e-02
4.208860085880095880e+02	4.355705418801655293e-01	2.643683016080393133e-01	1.328648815896400215e-01	7.951918204202286511e-02	4.551959162193465469e-02	1.783864579345820559e-02	3.586741040908560801e-02
4.257237788016648778e+02	4.339249608612655851e-01	2.633554330275209576e-01	1.340071762775424669e-01	8.026755618505765355e-02	4.582276145664198469e-02	1.796585333840387821e-02	3.620481379791370968e-02
4.305615490153201677e+02	4.322883990565232759e-01	2.623481154509271773e-01	1.351431244703542867e-01	8.101179723737249316e-02	4.612423728282993157e-02	1.809240758695292856e-02	3.654047385938616332e-02
4.353993192289755143e+02	4.306608069309490472e-01	2.613463184960740926e-01	1.362727617640229760e-01	8.175192642728115744e-02	4.642402924652435509e-02	1.821831205068035614e-02	3.687440002881434142e-02
4.402370894426308041e+02	4.290421352354386042e-01	2.603500119360278586e-01	1.373961234989482527e-01	8.248796499335388221e-02	4.672214736894196585e-02	1.834357022367789913e-02	3.720660168795791173e-02
4.450748596562860939e+02	4.274323350027258717e-01	2.593591657004441497e-01	1.385132447666815869e-01	8.321993417359330181e-02	4.701860155290155108e-02	1.846818558243307554e-02	3.753708816556688976e-02
4.499126298699413837e+02	4.258313575437954746e-01	2.583737498764946405e-01	1.396241604161087835e-01	8.394785519559035125e-02	4.731340158873164475e-02	1.859216158573579608e-02	3.786586873788981567e-02
4.547504000835967304e+02	4.242391544446753593e-01	2.573937347094561456e-01	1.407289050591640223e-01	8.467174926757499442e-02	4.760655715971476298e-02	1.871550167460913489e-02	3.819295262915215622e-02
4.595881702972519065e+02	4.226556775635424978e-01	2.564190906030254791e-01	1.418275130761190161e-01	8.539163757028442325e-02	4.789807784710554267e-02	1.883820927226126374e-02	3.851834901200839462e-02
4.644259405109071963e+02	4.210808790280879399e-01	2.554497881194103259e-01	1.429200186204864220e-01	8.610754124957822886e-02	4.818797313475693678e-02	1.896028778405597220e-02	3.884206700797083328e-02
4.692637107245624861e+02	4.195147112330966377e-01	2.544857979792385927e-01	1.440064556235723936e-01	8.681948140973580474e-02	4.847625241338609364e-02	1.908174059749938659e-02	3.916411568781787145e-02
4.741014809382177759e+02	4.179571268382049065e-01	2.535270910613198758e-01	1.450868577987107499e-01	8.752747910737743164e-02	4.876292498450895269e-02	1.920257108224083034e-02	3.948450407198406120e-02
4.789392511518730657e+02	4.164080787658060445e-01	2.525736384022879699e-01	1.461612586452071538e-01	8.823155534595503169e-02	4.904800006407052104e-02	1.932278259008604962e-02	3.980324113093405836e-02
4.837770213655284124e+02	4.148675201990788541e-01	2.516254111961462869e-01	1.472296914520191680e-01	8.893173107076374206e-02	4.933148678579536706e-02	1.944237845502115591e-02	4.012033578552230001e-02
4.886147915791837022e+02	4.133354045801185817e-01	2.506823807937360038e-01	1.482921893011960590e-01	8.962802716442934414e-02	4.961339420428115266e-02	1.956136199324593275e-02	4.043579690733991455e-02
4.934525617928388783e+02	4.118116856081541211e-01	2.497445187021414825e-01	1.493487850710991383e-01	9.032046444283063635e-02	4.989373129785602129e-02	1.967973650321523313e-02	4.074963331905043923e-02
4.982903320064942250e+02	4.102963172378372714e-01	2.488117965840459800e-01	1.503995114394223731e-01	9.100906365141939180e-02	5.017250697121925646e-02	1.979750526568738525e-02	4.106185379471544855e-02
5.031281022201495148e+02	4.087892536775928343e-01	2.478841862570478061e-01	1.514444008860303392e-01	9.169384546190365026e-02	5.044973005788271764e-02	1.991467154377868365e-02	4.137246706011116909e-02
5.079658724338048046e+02	4.072904493880197818e-01	2.469616596929452013e-01	1.524834856956296114e-01	9.237483046926307784e-02	5.072540932242940864e-02	2.003123858302311225e-02	4.168148179303707984e-02
5.128036426474600376e+02	4.057998590803368333e-01	2.460441890169966783e-01	1.535167979602877486e-01	9.305203918906791716e-02	5.099955346260420103e-02	2.014720961143654995e-02	4.198890662361735859e-02
5.176414128611153274e+02	4.043174377148650023e-01	2.451317465071628510e-01	1.545443695818130569e-01	9.372549205507546555e-02	5.127217111125032672e-02	2.026258783958486201e-02	4.229475013459577104e-02
5.224791830747705035e+02	4.028431404995424514e-01	2.442243045933335799e-01	1.555662322740068992e-01	9.439520941707997548e-02	5.154327083810440052e-02	2.037737646065525959e-02	4.259902086162479368e-02
5.273169532884259070e+02	4.013769228884672691e-01	2.433218358565448769e-01	1.565824175647994587e-01	9.506121153899436960e-02	5.181286115146146315e-02	2.049157865053050781e-02	4.290172729354946313e-02
5.321547235020811968e+02	3.999187405804645601e-01	2.424243130281877601e-01	1.575929567982784496e-01	9.572351859714389732e-02	5.208095049972077950e-02	2.060519756786549986e-02	4.320287787268636132e-02
5.369924937157364866e+02	3.984685495176752412e-01	2.415317089892123903e-01	1.585978811366201835e-01	9.638215067875312292e-02	5.234754727282218967e-02	2.071823635416582959e-02	4.350248099509835403e-02
5.418302639293917764e+02	3.970263058841630999e-01	2.406439967693285442e-01	1.595972215619305135e-01	9.703712778060991084e-02	5.261265980358187377e-02	2.083069813386807106e-02	4.380054501086528412e-02
5.466680341430470662e+02	3.955919661045395053e-01	2.397611495462046716e-01	1.605910088780037048e-01	9.768846980789100409e-02	5.287629636893594748e-02	2.094258601442143541e-02	4.409707822435100788e-02
5.515058043567023560e+02	3.941654868426032188e-01	2.388831406446665917e-01	1.615792737120051448e-01	9.833619657313523443e-02	5.313846519109935440e-02	2.105390308637059699e-02	4.439208889446715628e-02
5.563435745703576458e+02	3.927468249999937489e-01	2.380099435358968285e-01	1.625620465160851069e-01	9.898032779535151371e-02	5.339917443864698049e-02	2.116465242343944578e-02	4.468558523493369738e-02
5.611813447840129356e+02	3.913359377148579732e-01	2.371415318366354164e-01	1.635393575689281231e-01	9.962088309925010154e-02	5.365843222752347125e-02	2.127483708261558235e-02	4.497757541453669544e-02
5.660191149976681118e+02	3.899327823605283072e-01	2.362778793083828432e-01	1.645112369772436522e-01	1.002578820145863525e-01	5.391624662198749030e-02	2.138446010423541294e-02	4.526806755738338461e-02
5.708568852113234016e+02	3.885373165442118082e-01	2.354189598566057140e-01	1.654777146772027085e-01	1.008913439756071034e-01	5.417262563549585935e-02	2.149352451206966788e-02	4.555706974315467533e-02
5.756946554249786914e+02	3.871494981056896600e-01	2.345647475299456053e-01	1.664388204358243917e-01	1.015212883205908745e-01	5.442757723153243687e-02	2.160203331340925653e-02	4.584459000735537776e-02
5.805324256386339812e+02	3.857692851160265946e-01	2.337152165194311126e-01	1.673945838523164809e-01	1.021477342914735992e-01	5.468110932438630806e-02	2.170998949915132689e-02	4.613063634156218396e-02
5.853701958522892710e+02	3.843966358762893609e-01	2.328703411576937554e-01	1.683450343593736742e-01	1.027707010335524862e-01	5.493322977988338712e-02	2.181739604388544321e-02	4.641521669366956149e-02
5.902079660659445608e+02	3.830315089162739661e-01	2.320300959181876288e-01	1.692902012244363319e-01	1.033902075952610744e-01	5.518394641607523438e-02	2.192425590597980173e-02	4.669833896813357227e-02
5.950457362795999643e+02	3.816738629932421301e-01	2.311944554144131914e-01	1.702301135509132202e-01	1.040062729280092080e-01	5.543326700388857831e-02	2.203057202766742217e-02	4.698001102621391506e-02
5.998835064932552541e+02	3.803236570906649017e-01	2.303633943991449939e-01	1.711648002793704770e-01	1.046189158860822976e-01	5.568119926773873463e-02	2.213634733513225594e-02	4.726024068621404589e-02
6.047212767069104302e+02	3.789808504169755454e-01	2.295368877636636828e-01	1.720942901886896581e-01	1.052281552265943998e-01	5.592775088610982270e-02	2.224158473859512083e-02	4.753903572371958458e-02
6.095590469205657200e+02	3.776454024043291446e-01	2.287149105369922220e-01	1.730186118971968057e-01	1.058340096094906868e-01	5.617292949210445779e-02	2.234628713239949008e-02	4.781640387183504204e-02
6.143968171342210098e+02	3.763172727073704760e-01	2.278974378851366389e-01	1.739377938637650667e-01	1.064364975975943400e-01	5.641674267396545178e-02	2.245045739509704194e-02	4.809235282141888224e-02
6.192345873478761860e+02	3.749964212020091003e-01	2.270844451103305461e-01	1.748518643888921920e-01	1.070356376566945072e-01	5.665919797557168042e-02	2.255409838953293528e-02	4.836689022131704374e-02
6.240723575615315895e+02	3.736828079842017258e-01	2.262759076502844080e-01	1.757608516157549150e-01	1.076314481556710223e-01	5.690030289691022647e-02	2.265721296293082485e-02	4.864002367859488613e-02
6.289101277751868793e+02	3.723763933687421201e-01	2.254718010774389991e-01	1.766647835312420145e-01	1.082239473666529728e-01	5.714006489452669313e-02	2.275980394697755746e-02	4.891176075876768614e-02
6.337478979888421691e+02	3.710771378880574067e-01	2.246721010982229427e-01	1.775636879669672819e-01	1.088131534652077848e-01	5.737849138195545012e-02	2.286187415790752811e-02	4.918210898602964204e-02
6.385856682024975726e+02	3.697850022910121326e-01	2.238767835523148841e-01	1.784575926002635038e-01	1.093990845305581189e-01	5.761558973013131135e-02	2.296342639658669957e-02	4.945107584348144153e-02
6.434234384161527487e+02	3.684999475417185533e-01	2.230858244119094114e-01	1.793465249551592922e-01	1.099817585458238572e-01	5.785136726778421917e-02	2.306446344859628197e-02	4.971866877335648360e-02
6.482612086298080385e+02	3.672219348183541898e-01	2.222991997809878328e-01	1.802305124033392048e-01	1.105611933982870304e-01	5.808583128181817046e-02	2.316498808431598916e-02	4.998489517724565706e-02
6.530989788434633283e+02	3.659509255119860471e-01	2.215168858945925079e-01	1.811095821650887672e-01	1.111374068796772696e-01	5.831898901767568894e-02	2.326500305900694107e-02	5.024976241632083535e-02
6.579367490571185044e+02	3.646868812254012715e-01	2.207388591181057291e-01	1.819837613102249230e-01	1.117104166864760634e-01	5.855084767968891934e-02	2.336451111289418459e-02	5.051327781155702523e-02
6.627745192707737942e+02	3.634297637719444141e-01	2.199650959465326017e-01	1.828530767590129114e-01	1.122802404202378201e-01	5.878141443141839118e-02	2.346351497124879101e-02	5.077544864395316243e-02
6.676122894844290840e+02	3.621795351743618552e-01	2.191955730037881411e-01	1.837175552830704328e-01	1.128468955879261271e-01	5.901069639598036098e-02	2.356201734446956159e-02	5.103628215475169982e-02
6.724500596980843738e+02	3.609361576636517244e-01	2.184302670419882297e-01	1.845772235062597133e-01	1.134103996022637201e-01	5.923870065636367699e-02	2.366002092816430966e-02	5.129578554565686344e-02
6.772878299117396637e+02	3.596995936779209813e-01	2.176691549407449022e-01	1.854321079055683275e-01	1.139707697820947774e-01	5.946543425573683206e-02	2.375752840323075779e-02	5.155396597905167327e-02
6.821256001253949535e+02	3.584698058612488802e-01	2.169122137064652678e-01	1.862822348119790306e-01	1.145280233527583152e-01	5.969090419774611411e-02	2.385454243593697343e-02	5.181083057821370824e-02
6.869633703390502433e+02	3.572467570625563194e-01	2.161594204716547618e-01	1.871276304113295708e-01	1.150821774464712982e-01	5.991511744680529106e-02	2.395106567800143332e-02	5.206638642752968449e-02
6.918011405527055331e+02	3.560304103344817395e-01	2.154107524942241725e-01	1.879683207451626481e-01	1.156332491027207560e-01	6.013808092837765601e-02	2.404710076667263691e-02	5.232064057270875007e-02
6.966389107663608229e+02	3.548207289322634628e-01	2.146661871568006363e-01	1.888043317115668529e-01	1.161812552686636718e-01	6.035980152925084219e-02	2.414265032480831380e-02	5.257360002099462776e-02
7.014766809800161127e+02	3.536176763126278599e-01	2.139257019660424086e-01	1.896356890660086392e-01	1.167262127995338378e-01	6.058028609780499729e-02	2.423771696095420453e-02	5.282527174137656434e-02
7.063144511936714025e+02	3.524212161326837900e-01	2.131892745519576582e-01	1.904624184221560268e-01	1.172681384590548576e-01	6.079954144427478918e-02	2.433230326942241450e-02	5.307566266479903788e-02
7.111522214073266923e+02	3.512313122488234796e-01	2.124568826672269262e-01	1.912845452526942547e-01	1.178070489198586174e-01	6.101757434100558292e-02	2.442641183036937599e-02	5.332477968437036170e-02
7.159899916209819821e+02	3.500479287156291197e-01	2.117285041865296091e-01	1.921020948901336900e-01	1.183429607639084336e-01	6.123439152270434421e-02	2.452004520987334166e-02	5.357262965557008788e-02
7.208277618346371582e+02	3.488710297847856245e-01	2.110041171058738840e-01	1.929150925276105488e-01	1.188758904829263774e-01	6.144999968668547058e-02	2.461320596001151037e-02	5.381921939645525205e-02
7.256655320482924481e+02	3.477005799039992739e-01	2.102836995419307686e-01	1.937235632196803725e-01	1.194058544788241250e-01	6.166440549311198033e-02	2.470589661893669506e-02	5.406455568786548704e-02
7.305033022619478515e+02	3.465365437159225737e-01	2.095672297313716237e-01	1.945275318831048150e-01	1.199328690641368322e-01	6.187761556523233009e-02	2.479811971095359502e-02	5.430864527362697786e-02
7.353410724756030277e+02	3.453788860570849995e-01	2.088546860302093189e-01	1.953270232976316856e-01	1.204569504624596193e-01	6.208963648961319387e-02	2.488987774659466232e-02	5.455149486075532017e-02
7.401788426892584312e+02	3.442275719568292924e-01	2.081460469131434232e-01	1.961220621067689129e-01	1.209781148088861225e-01	6.230047481636831475e-02	2.498117322269551716e-02	5.479311111965722708e-02
7.450166129029136073e+02	3.430825666362541937e-01	2.074412909729085874e-01	1.969126728185522091e-01	1.214963781504488777e-01	6.251013705938386622e-02	2.507200862246998854e-02	5.503350068433109782e-02
7.498543831165690108e+02	3.419438355071624525e-01	2.067403969196269231e-01	1.976988798063067931e-01	1.220117564465609677e-01	6.271862969654040665e-02	2.516238641558473516e-02	5.527267015256654564e-02
7.546921533302243006e+02	3.408113441710149960e-01	2.060433435801636848e-01	1.984807073094033980e-01	1.225242655694588623e-01	6.292595916993162786e-02	2.525230905823344293e-02	5.551062608614276694e-02
7.595299235438793630e+02	3.396850584178907062e-01	2.053501098974866990e-01	1.992581794340088641e-01	1.230339213046459518e-01	6.313213188608012005e-02	2.534177899321063757e-02	5.574737501102584175e-02
7.643676937575347665e+02	3.385649442254518027e-01	2.046606749300294015e-01	2.000313201538307661e-01	1.235407393513364843e-01	6.333715421615039587e-02	2.543079864998508410e-02	5.598292341756491708e-02
7.692054639711900563e+02	3.374509677579152211e-01	2.039750178510571776e-01	2.008001533108573766e-01	1.240447353228998767e-01	6.354103249615908333e-02	2.551937044477277025e-02	5.621727776068737026e-02
7.740432341848452324e+02	3.363430953650293764e-01	2.032931179480373940e-01	2.015647026160921063e-01	1.245459247473049841e-01	6.374377302718273186e-02	2.560749678060951148e-02	5.645044446009283429e-02
7.788810043985006359e+02	3.352412935810568095e-01	2.026149546220127884e-01	2.023249916502828094e-01	1.250443230675640782e-01	6.394538207556313414e-02	2.569518004742315370e-02	5.668242990044618235e-02
7.837187746121558121e+02	3.341455291237620528e-01	2.019405073869785239e-01	2.030810438646465654e-01	1.255399456421766036e-01	6.414586587311039978e-02	2.578242262210535957e-02	5.691324043156944373e-02
7.885565448258112156e+02	3.330557688934054350e-01	2.012697558692625177e-01	2.038328825815891865e-01	1.260328077455722395e-01	6.434523061730387794e-02	2.586922686858303053e-02	5.714288236863269976e-02
7.933943150394665054e+02	3.319719799717422148e-01	2.006026798069090455e-01	2.045805309954202289e-01	1.265229245685533244e-01	6.454348247149094275e-02	2.595559513788930558e-02	5.737136199234385558e-02
7.982320852531219089e+02	3.308941296210273775e-01	1.999392590490661481e-01	2.053240121730634249e-01	1.270103112187364880e-01	6.474062756508386363e-02	2.604152976823420965e-02	5.759868554913744748e-02
8.030698554667769713e+02	3.298221852830255374e-01	1.992794735553761465e-01	2.060633490547622848e-01	1.274949827209930775e-01	6.493667199375473265e-02	2.612703308507487165e-02	5.782485925136237465e-02
8.079076256804323748e+02	3.287561145780265592e-01	1.986233033953694604e-01	2.067985644547816193e-01	1.279769540178887499e-01	6.513162181962867114e-02	2.621210740118538191e-02	5.804988927746859012e-02
8.127453958940876646e+02	3.276958853038668407e-01	1.979707287478619793e-01	2.075296810621042598e-01	1.284562399701217328e-01	6.532548307147516276e-02	2.629675501672626425e-02	5.827378177219279948e-02
8.175831661077428407e+02	3.266414654349553137e-01	1.973217299003555414e-01	2.082567214411238932e-01	1.289328553569598079e-01	6.551826174489783217e-02	2.638097821931355627e-02	5.849654284674308397e-02
8.224209363213982442e+02	3.255928231213053303e-01	1.966762872484419666e-01	2.089797080323330947e-01	1.294068148766758797e-01	6.570996380252254465e-02	2.646477928408753205e-02	5.871817857898259385e-02
8.272587065350534203e+02	3.245499266875717104e-01	1.960343812952100861e-01	2.096986631530078360e-01	1.298781331469821554e-01	6.590059517418393742e-02	2.654816047378100868e-02	5.893869501361218011e-02
8.320964767487085965e+02	3.235127446320931188e-01	1.953959926506561862e-01	2.104136089978871360e-01	1.303468247054626883e-01	6.609016175711053542e-02	2.663112403878731965e-02	5.915809816235199914e-02
8.369342469623640000e+02	3.224812456259392168e-01	1.947611020310977270e-01	2.111245676398492144e-01	1.308129040100044771e-01	6.627866941610832674e-02	2.671367221722789273e-02	5.937639400412217383e-02
8.417720171760191761e+02	3.214553985119639190e-01	1.941296902585902262e-01	2.118315610305832042e-01	1.312763854392268170e-01	6.646612398374295017e-02	2.679580723501946010e-02	5.959358848522244151e-02
8.466097873896745796e+02	3.204351723038633137e-01	1.935017382603473057e-01	2.125346110012572287e-01	1.317372832929089299e-01	6.665253126052056443e-02	2.687753130594090073e-02	5.980968751951083739e-02
8.514475576033297557e+02	3.194205361852384684e-01	1.928772270681640977e-01	2.132337392631823425e-01	1.321956117924158458e-01	6.683789701506731573e-02	2.695884663169970455e-02	6.002469698858132335e-02
8.562853278169851592e+02	3.184114595086642852e-01	1.922561378178435365e-01	2.139289674084724757e-01	1.326513850811226192e-01	6.702222698430755632e-02	2.703975540199811053e-02	6.023862274194054928e-02
8.611230980306403353e+02	3.174079117947625206e-01	1.916384517486260375e-01	2.146203169107008257e-01	1.331046172248366022e-01	6.720552687364080013e-02	2.712025979459882497e-02	6.045147059718357363e-02
8.659608682442956251e+02	3.164098627312803003e-01	1.910241502026223392e-01	2.153078091255522242e-01	1.335553222122178585e-01	6.738780235711744337e-02	2.720036197539043091e-02	6.066324634016862644e-02
8.707986384579510286e+02	3.154172821721738518e-01	1.904132146242492885e-01	2.159914652914717847e-01	1.340035139551977450e-01	6.756905907761327768e-02	2.728006409845239871e-02	6.087395572519094245e-02
8.756364086716062047e+02	3.144301401366969562e-01	1.898056265596686776e-01	2.166713065303099151e-01	1.344492062893955786e-01	6.774930264700283755e-02	2.735936830611976345e-02	6.108360447515561592e-02
8.804741788852616082e+02	3.134484068084946173e-01	1.892013676562294966e-01	2.173473538479634148e-01	1.348924129745332767e-01	6.792853864633160987e-02	2.743827672904744497e-02	6.129219828174952561e-02
8.853119490989170117e+02	3.124720525347015054e-01	1.886004196619129047e-01	2.180196281350131327e-01	1.353331476948482215e-01	6.810677262598709147e-02	2.751679148627421412e-02	6.149974280561229523e-02
8.901497193125721878e+02	3.115010478250456183e-01	1.880027644247804219e-01	2.186881501673579309e-01	1.357714240595040700e-01	6.828401010586875042e-02	2.759491468528628769e-02	6.170624367650635184e-02
8.949874895262273640e+02	3.105353633509564948e-01	1.874083838924250622e-01	2.193529406068449594e-01	1.362072556029994830e-01	6.846025657555691868e-02	2.767264842208060419e-02	6.191170649348598509e-02
8.998252597398827675e+02	3.095749699446786463e-01	1.868172601114255205e-01	2.200140200018964320e-01	1.366406557855749659e-01	6.863551749448060235e-02	2.774999478122774921e-02	6.211613682506557377e-02
9.046630299535379436e+02	3.086198385983898174e-01	1.862293752268035507e-01	2.206714087881328779e-01	1.370716379936177121e-01	6.880979829208425103e-02	2.782695583593450955e-02	6.231954020938679922e-02
9.095008001671932334e+02	3.076699404633237434e-01	1.856447114814838706e-01	2.213251272889928678e-01	1.375002155400644466e-01	6.898310436799348633e-02	2.790353364810611164e-02	6.252192215438501233e-02
9.143385703808486369e+02	3.067252468488981809e-01	1.850632512157574516e-01	2.219751957163492440e-01	1.379264016648021340e-01	6.915544109217984514e-02	2.797973026840810257e-02	6.272328813795463587e-02
9.191763405945038130e+02	3.057857292218474354e-01	1.844849768667474188e-01	2.226216341711218794e-01	1.383502095350668815e-01	6.932681380512445424e-02	2.805554773632790502e-02	6.292364360811368573e-02
9.240141108081592165e+02	3.048513592053596621e-01	1.839098709678783916e-01	2.232644626438869961e-01	1.387716522458403989e-01	6.949722781798080284e-02	2.813098808023600794e-02	6.312299398316739696e-02
9.288518810218145063e+02	3.039221085782191634e-01	1.833379161483480457e-01	2.239037010154831253e-01	1.391907428202450447e-01	6.966668841273646051e-02	2.820605331744687264e-02	6.332134465187093386e-02
9.336896512354697961e+02	3.029979492739529046e-01	1.827690951326021995e-01	2.245393690576136803e-01	1.396074942099363170e-01	6.983520084237392067e-02	2.828074545427943995e-02	6.351870097359123279e-02
9.385274214491247449e+02	3.020788533799821929e-01	1.822033907398122599e-01	2.251714864334461719e-01	1.400219192954934300e-01	7.000277033103038948e-02	2.835506648611735986e-02	6.371506827846791510e-02
9.433651916627801484e+02	3.011647931367786857e-01	1.816407858833560263e-01	2.258000726982078987e-01	1.404340308868081144e-01	7.016940207415671427e-02	2.842901839746886372e-02	6.391045186757335350e-02
9.482029618764355519e+02	3.002557409370252284e-01	1.810812635703009932e-01	2.264251472997787507e-01	1.408438417234711415e-01	7.033510123867535435e-02	2.850260316202631039e-02	6.410485701307186424e-02
9.530407320900908417e+02	2.993516693247812444e-01	1.805248069008905665e-01	2.270467295792802098e-01	1.412513644751568209e-01	7.049987296313742213e-02	2.857582274272540968e-02	6.429828895837799707e-02
9.578785023037459041e+02	2.984525509946525101e-01	1.799713990680331943e-01	2.276648387716614652e-01	1.416566117420055559e-01	7.066372235787884981e-02	2.864867909180413355e-02	6.449075291831400658e-02
9.627162725174014213e+02	2.975583587909657046e-01	1.794210233567942181e-01	2.282794940062820577e-01	1.420595960550045112e-01	7.082665450517564021e-02	2.872117415086126307e-02	6.468225407926636583e-02
9.675540427310568248e+02	2.966690657069476211e-01	1.788736631438904989e-01	2.288907143074914441e-01	1.424603298763658654e-01	7.098867445939814613e-02	2.879330985091466816e-02	6.487279759934154455e-02
9.723918129447120009e+02	2.957846448839083764e-01	1.783293018971879029e-01	2.294985185952053142e-01	1.428588255999034828e-01	7.114978724716460035e-02	2.886508811245924386e-02	6.506238860852084360e-02
9.772295831583674044e+02	2.949050696104297264e-01	1.777879231752013955e-01	2.301029256854786320e-01	1.432550955514074187e-01	7.130999786749372960e-02	2.893651084552450320e-02	6.525103220881442456e-02
9.820673533720223531e+02	2.940303133215571574e-01	1.772495106265980780e-01	2.307039542910754859e-01	1.436491519890163160e-01	7.146931129195639720e-02	2.900757994973189591e-02	6.543873347441449273e-02
9.869051235856777566e+02	2.931603495979970830e-01	1.767140479897028049e-01	2.313016230220361069e-01	1.440410071035879702e-01	7.162773246482655176e-02	2.907829731435180101e-02	6.562549745184756422e-02
9.917428937993331601e+02	2.922951521653178730e-01	1.761815190920064389e-01	2.318959503862403349e-01	1.444306730190678401e-01	7.178526630323114888e-02	2.914866481836018638e-02	6.581132916012602529e-02
9.965806640129884499e+02	2.914346948931558767e-01	1.756519078496771302e-01	2.324869547899682254e-01	1.448181617928555043e-01	7.194191769729943453e-02	2.921868433049498379e-02	6.599623359089878960e-02
