0.000000000000000000e+00	1.011055363624407510e+00	2.736520511233265994e-19	2.609126784921402797e-21	5.937702243275956929e-20	5.174177687217950149e-20	5.887457009802437047e-20	1.761087460089017896e-19
4.837770213655283591e+00	9.382408365213558143e-01	6.597105046879242485e-02	2.019607615321698628e-03	1.156168936013403240e-03	2.510134807078561337e-03	9.143192225936885159e-04	2.432460532518676999e-04
9.675540427310567182e+00	8.780051769739534162e-01	1.198434782576107832e-01	4.090069216315580895e-03	2.243337199479608808e-03	4.638961335853765411e-03	1.688943330956623476e-03	5.453973102377013965e-04
1.451331064096584811e+01	8.280981306449956003e-01	1.637855581340637579e-01	6.188245073485077602e-03	3.280449568578927815e-03	6.458872685772372967e-03	2.350148159097243013e-03	8.939593584144894366e-04
1.935108085462113081e+01	7.866724417877373199e-01	1.995772410270210406e-01	8.296910864841067906e-03	4.282146504913253264e-03	8.028435095019942000e-03	2.919311255934033903e-03	1.278877088940773244e-03
2.418885106827641707e+01	7.522116767370004009e-01	2.286796997202422688e-01	1.040343518658806525e-02	5.259654535094858939e-03	9.395011155523396232e-03	3.413815227257246607e-03	1.692071062701187411e-03
2.902662128193169622e+01	7.234709742655552889e-01	2.522924193090777534e-01	1.249873400914591239e-02	6.221500428248931576e-03	1.059688932378253894e-02	3.847785776941716526e-03	2.127060511655254251e-03
3.386439149558698603e+01	6.994284075749728213e-01	2.714000631099032779e-01	1.457644629842931930e-02	7.174083184836052215e-03	1.166501195634085317e-02	4.232694525950371316e-03	2.578656973974588398e-03
3.870216170924226162e+01	6.792450573561724658e-01	2.868109451987366776e-01	1.663228597065327663e-02	8.122131389090798959e-03	1.262437698008422871e-02	4.577851236825017031e-03	3.042715492844799783e-03
4.353993192289755143e+01	6.622322357523192649e-01	2.991886127951927099e-01	1.866353418740029912e-02	9.069068228678719631e-03	1.349517434911463691e-02	4.890805605368664724e-03	3.515932706332975874e-03
4.837770213655283413e+01	6.478245804874680491e-01	3.090777724853061015e-01	2.066864312737271350e-02	1.001730222460137619e-02	1.429370706094484043e-02	5.177675122532538442e-03	3.995683116181669194e-03
5.321547235020811684e+01	6.355579678078687733e-01	3.169255732717917162e-01	2.264692811779950993e-02	1.096845825752829767e-02	1.503313723077677640e-02	5.443412512538180204e-03	4.479886426103997336e-03
5.805324256386339954e+01	6.250513811828650734e-01	3.230990780171674737e-01	2.459832963613545198e-02	1.192356067338453014e-02	1.572409016615250801e-02	5.692023798609467666e-03	4.966900150092733168e-03
6.289101277751868224e+01	6.159920272870870184e-01	3.278996059147069042e-01	2.652323041583419874e-02	1.288317797883004913e-02	1.637514322883885931e-02	5.926746037478555079e-03	5.455432761631610721e-03
6.772878299117397205e+01	6.081231176755219625e-01	3.315745063649521707e-01	2.842231588238398540e-02	1.384753679662351598e-02	1.699322125802560715e-02	6.150192117813675120e-03	5.944473529086204133e-03
7.256655320482924765e+01	6.012338387265305784e-01	3.343268242743235863e-01	3.029646854828818917e-02	1.481661126069239338e-02	1.758391624783078866e-02	6.364468670105952360e-03	6.433235896635589382e-03
7.740432341848452324e+01	5.951511179353594638e-01	3.363232344056305556e-01	3.214668892230630043e-02	1.579019282506613150e-02	1.815174565053153527e-02	6.571272032416471814e-03	6.921111853096445672e-03
8.224209363213981305e+01	5.897328648335560253e-01	3.377005547788012874e-01	3.397403703135985775e-02	1.676794448601064136e-02	1.870036097436112224e-02	6.771966313517722123e-03	7.407635206800218530e-03
8.707986384579510286e+01	5.848624224308219821e-01	3.385710936012509276e-01	3.577958988773086157e-02	1.774944262910063686e-02	1.923271614648679184e-02	6.967646856133553890e-03	7.892452072882156361e-03
9.191763405945040688e+01	5.804440123769026849e-01	3.390270386316505680e-01	3.756441121990811843e-02	1.873420907711911484e-02	1.975120332438819182e-02	7.159191798495173273e-03	8.375297195943041603e-03
9.675540427310566827e+01	5.763989958704476280e-01	3.391440604676220216e-01	3.932953057144079889e-02	1.972173540176731799e-02	2.025776238602141482e-02	7.347303937954519082e-03	8.855974989153104007e-03
1.015931744867609581e+02	5.726628042167182242e-01	3.389842705351916452e-01	4.107592949781071340e-02	2.071150114880360854e-02	2.075396914868940859e-02	7.532544695992324062e-03	9.334344381200860435e-03
1.064309447004162337e+02	5.691824191021108703e-01	3.385986493456378810e-01	4.280453308839476945e-02	2.170298729340940092e-02	2.124110640774990941e-02	7.715361653290696287e-03	9.810306733813212859e-03
1.112687149140715235e+02	5.659143041331791135e-01	3.380290398885392178e-01	4.451620543465550917e-02	2.269568597489026590e-02	2.172022110786110335e-02	7.896110853226799564e-03	1.028379623205456610e-02
1.161064851277267991e+02	5.628227068205174932e-01	3.373097840396819813e-01	4.621174797738401147e-02	2.368910734475918392e-02	2.219217032772951431e-02	8.075074851223260075e-03	1.075477226311116231e-02
1.209442553413820747e+02	5.598782646625269921e-01	3.364690659151672869e-01	4.789189991171072247e-02	2.468278418968277571e-02	2.265765824686325272e-02	8.252477306884314218e-03	1.122321339157122955e-02
1.257820255550373645e+02	5.570568608663315491e-01	3.355300146536054906e-01	4.955734002202587946e-02	2.567627485248966460e-02	2.311726584731744333e-02	8.428494768402046769e-03	1.168911261423446687e-02
1.306197957686926259e+02	5.543386849972444796e-01	3.345116097093484009e-01	5.120868947061349430e-02	2.666916486379510356e-02	2.357147476666847374e-02	8.603266178314333823e-03	1.215247363842221831e-02
1.354575659823479441e+02	5.517074618553647891e-01	3.334294240240452400e-01	5.284651518228413586e-02	2.766106760840777654e-02	2.402068644567535369e-02	8.776900531406622505e-03	1.261330797722248244e-02
1.402953361960032339e+02	5.491498184509790992e-01	3.322962341099546246e-01	5.447133355946556094e-02	2.865162428020269145e-02	2.446523749324298197e-02	8.949483035339005424e-03	1.307163269522242620e-02
1.451331064096584669e+02	5.466547643463076644e-01	3.311225208789270180e-01	5.608361433357474807e-02	2.964050332305262145e-02	2.490541201260351722e-02	9.121080059146444846e-03	1.352746867079441563e-02
1.499708766233137851e+02	5.442132650606102962e-01	3.299168807826361460e-01	5.768378441344147040e-02	3.062739951087014093e-02	2.534145148811866449e-02	9.291743101401366348e-03	1.398083926732825860e-02
1.548086468369690749e+02	5.418178918718300485e-01	3.286863633257184891e-01	5.927223163358373570e-02	3.161203278453221521e-02	2.577356271530833673e-02	9.461511966333855522e-03	1.443176932709958060e-02
1.596464170506243647e+02	5.394625343328872669e-01	3.274367481370742961e-01	6.084930833703669495e-02	3.259414693559262860e-02	2.620192416237346333e-02	9.630417300766996869e-03	1.488028441867488699e-02
1.644841872642796261e+02	5.371421642710834110e-01	3.261727724233070558e-01	6.241533475142369697e-02	3.357350820474598596e-02	2.662669107533460755e-02	9.798482615864769624e-03	1.532641028264672238e-02
1.693219574779349159e+02	5.348526420505660406e-01	3.248983176898797565e-01	6.397060213478704405e-02	3.454990384579419843e-02	2.704799957748764763e-02	9.965725894198373264e-03	1.577017243169307609e-02
1.741597276915902057e+02	5.325905575290511562e-01	3.236165630243096336e-01	6.551537568075548046e-02	3.552314069241909594e-02	2.746596996437185995e-02	1.013216086352541553e-02	1.621159586997354338e-02
1.789974979052454671e+02	5.303530994955106825e-01	3.223301109294366973e-01	6.704989718201208315e-02	3.649304375461111943e-02	2.788070935557301205e-02	1.029779800313734318e-02	1.665070490412532203e-02
1.838352681189008138e+02	5.281379484882835484e-01	3.210410906224557825e-01	6.857438745760127685e-02	3.745945486352357523e-02	2.829231383259612001e-02	1.046264533600396902e-02	1.708752302394192166e-02
1.886730383325560467e+02	5.259431888065255745e-01	3.197512428350946512e-01	7.008904855405460876e-02	3.842223137731905908e-02	2.870087016624073978e-02	1.062670904969082418e-02	1.752207283548066000e-02
1.935108085462113081e+02	5.237672362777792134e-01	3.184619894276632945e-01	7.159406573314935907e-02	3.938124495585194895e-02	2.910645721618298348e-02	1.078999398070525084e-02	1.795437603307397517e-02
1.983485787598666263e+02	5.216087789600147850e-01	3.171744905364587974e-01	7.308960926075329378e-02	4.033638040847207368e-02	2.950914706883053101e-02	1.095250399018128130e-02	1.838445339969509845e-02
2.031863489735219162e+02	5.194667284618176284e-01	3.158896914870087946e-01	7.457583601197201317e-02	4.128753461658657420e-02	2.990900596617553434e-02	1.111424225334830922e-02	1.881232482749697552e-02
2.080241191871772060e+02	5.173401799792212152e-01	3.146083613058463513e-01	7.605289090794743745e-02	4.223461553067961449e-02	3.030609506768271524e-02	1.127521148080519280e-02	1.923800935222339664e-02
2.128618894008324673e+02	5.152283794882203116e-01	3.133311243353174014e-01	7.752090819934445709e-02	4.317754124010252104e-02	3.070047107869773931e-02	1.143541408604456175e-02	1.966152519667892576e-02
2.176996596144877287e+02	5.131306968115451062e-01	3.120584861864991177e-01	7.898001261095151382e-02	4.411623911298517831e-02	3.109218677202444867e-02	1.159485231078306346e-02	2.008288981961743602e-02
2.225374298281430470e+02	5.110466035077578795e-01	3.107908550441360052e-01	8.043032036101596671e-02	4.505064500298195523e-02	3.148129142386119766e-02	1.175352831732229958e-02	2.050211996733042330e-02
2.273752000417983652e+02	5.089756547191218727e-01	3.095285591559340244e-01	8.187194006801747082e-02	4.598070251917524276e-02	3.186783118093354517e-02	1.191144425528701742e-02	2.091923172593648100e-02
2.322129702554535982e+02	5.069174742693361990e-01	3.082718611895021721e-01	8.330497355661090064e-02	4.690636235525394437e-02	3.225184937219315734e-02	1.206860230857575988e-02	2.133424057293349663e-02
2.370507404691088880e+02	5.048717424291844225e-01	3.070209700178717638e-01	8.472951657348613830e-02	4.782758167401580940e-02	3.263338677569475182e-02	1.222500472714499985e-02	2.174716142700771834e-02
2.418885106827641494e+02	5.028381858723598441e-01	3.057760503940754604e-01	8.614565942292595757e-02	4.874432354327350170e-02	3.301248184907137201e-02	1.238065384727378426e-02	2.215800869542567178e-02
2.467262808964194392e+02	5.008165694292818770e-01	3.045372308928090410e-01	8.755348753091546365e-02	4.965655641934618031e-02	3.338917093028979932e-02	1.253555210317623334e-02	2.256679631858704571e-02
2.515640511100747290e+02	4.988066893169522675e-01	3.033046104295030743e-01	8.895308194577937477e-02	5.056425367446859553e-02	3.376348841399016976e-02	1.268970203220624871e-02	2.297353781150592023e-02
2.564018213237300188e+02	4.968083675805509691e-01	3.020782636115638131e-01	9.034451978250532256e-02	5.146739316463153774e-02	3.413546690762373631e-02	1.284310627540217846e-02	2.337824630212807786e-02
2.612395915373852517e+02	4.948214475298025605e-01	3.008582451309187999e-01	9.172787461715622981e-02	5.236595683456829464e-02	3.450513737074129700e-02	1.299576757472434112e-02	2.378093456649408438e-02
2.660773617510405415e+02	4.928457899919953533e-01	2.996445933695560115e-01	9.310321683708269735e-02	5.325993035681145932e-02	3.487252924010481037e-02	1.314768876802525563e-02	2.418161506083001469e-02
2.709151319646958882e+02	4.908812702354338198e-01	2.984373333589969701e-01	9.447061395201698797e-02	5.414930280195671963e-02	3.523767054275874638e-02	1.329887278254499212e-02	2.458029995069733672e-02
2.757529021783511780e+02	4.889277754432855838e-01	2.972364792094087105e-01	9.583013087056144186e-02	5.503406633747957161e-02	3.560058799877561381e-02	1.344932262752930943e-02	2.497700113736535388e-02
2.805906723920064678e+02	4.869852026392806899e-01	2.960420361033377912e-01	9.718183014607140180e-02	5.591421595265366751e-02	3.596130711505797495e-02	1.359904138641544573e-02	2.537173028158861213e-02
2.854284426056617008e+02	4.850534569843654165e-01	2.948540019320424754e-01	9.852577219547382914e-02	5.678974920731373610e-02	3.631985227131814820e-02	1.374803220891129656e-02	2.576449882498071248e-02
2.902662128193169337e+02	4.831324503778995361e-01	2.936723686384331566e-01	9.986201549415242573e-02	5.766066600238987233e-02	3.667624679915153924e-02	1.389629830320122071e-02	2.615531800917786365e-02
2.951039830329722804e+02	4.812221003088760773e-01	2.924971233191716591e-01	1.011906167496646747e-01	5.852696837031252236e-02	3.703051305495790035e-02	1.404384292844045035e-02	2.654419889298232846e-02
2.999417532466276270e+02	4.793223289124057818e-01	2.913282491290667409e-01	1.025116310567317501e-01	5.938866028354859022e-02	3.738267248733817549e-02	1.419066938764559742e-02	2.693115236766892642e-02
3.047795234602828600e+02	4.774330621947231457e-01	2.901657260231789159e-01	1.038251120356542406e-01	6.024574747967893079e-02	3.773274569949400942e-02	1.433678102104750211e-02	2.731618917062866858e-02
3.096172936739380930e+02	4.755542293965475675e-01	2.890095313657075615e-01	1.051311119560523616e-01	6.109823730156518917e-02	3.808075250707821519e-02	1.448218119994178731e-02	2.769931989751272042e-02
3.144550638875934396e+02	4.736857624700362424e-01	2.878596404295235556e-01	1.064296818476041240e-01	6.194613855128167090e-02	3.842671199188146813e-02	1.462687332104973918e-02	2.808055501302854709e-02
3.192928341012487294e+02	4.718275956489991207e-01	2.867160268059406047e-01	1.077208715992565013e-01	6.278946135660466721e-02	3.877064255169068024e-02	1.477086080138569762e-02	2.845990486052809437e-02
3.241306043149040192e+02	4.699796650956838406e-01	2.855786627408067879e-01	1.090047300482100273e-01	6.362821704895872676e-02	3.911256194661403424e-02	1.491414707361565263e-02	2.883737967051629505e-02
3.289683745285592522e+02	4.681419086104299243e-01	2.844475194101192539e-01	1.102813050598229067e-01	6.446241805181736340e-02	3.945248734213537695e-02	1.505673558188384137e-02	2.921298956819665810e-02
3.338061447422145420e+02	4.663142653929419068e-01	2.833225671459997375e-01	1.115506435994455814e-01	6.529207777864494411e-02	3.979043534913392216e-02	1.519862977807927631e-02	2.958674458015992520e-02
3.386439149558698318e+02	4.644966758459460054e-01	2.822037756219276106e-01	1.128127917970773025e-01	6.611721053954838778e-02	4.012642206108325837e-02	1.533983311851127782e-02	2.995865464031135378e-02
3.434816851695251216e+02	4.626890814136490615e-01	2.810911140045337375e-01	1.140677950056316059e-01	6.693783145588097505e-02	4.046046308862509544e-02	1.548034906096184930e-02	3.032872959512283514e-02
3.483194553831804114e+02	4.608914244487734568e-01	2.799845510779498392e-01	1.153156978535058441e-01	6.775395638210891802e-02	4.079257359169750907e-02	1.562018106208266401e-02	3.069697920828690085e-02
3.531572255968357013e+02	4.591036481030581484e-01	2.788840553456355398e-01	1.165565442920683953e-01	6.856560183431215094e-02	4.112276830938395994e-02	1.575933257510518659e-02	3.106341316484180146e-02
3.579949958104909342e+02	4.573256962370296774e-01	2.777895951137211994e-01	1.177903776386070439e-01	6.937278492474699410e-02	4.145106158763721405e-02	1.589780704783376811e-02	3.142804107482923687e-02
3.628327660241463377e+02	4.555575133455986303e-01	2.767011385591837125e-01	1.190172406152185669e-01	7.017552330194946897e-02	4.177746740502197298e-02	1.603560792089316761e-02	3.179087247653962500e-02
3.676705362378016275e+02	4.537990444966517600e-01	2.756186537855760954e-01	1.202371753840656421e-01	7.097383509590358963e-02	4.210199939661030122e-02	1.617273862620394534e-02	3.215191683939368217e-02
3.725083064514568036e+02	4.520502352803196788e-01	2.745421088685457423e-01	1.214502235793779861e-01	7.176773886784167111e-02	4.242467087615529875e-02	1.630920258566109782e-02	3.251118356650356533e-02
3.773460766651120935e+02	4.503110317670105944e-01	2.734714718929743826e-01	1.226564263365329255e-01	7.255725356428127659e-02	4.274549485666059856e-02	1.644500320999335921e-02	3.286868199695192061e-02
3.821838468787673833e+02	4.485813804726474507e-01	2.724067109832450928e-01	1.238558243185129276e-01	7.334239847493857767e-02	4.306448406945563578e-02	1.658014389778261072e-02	3.322442140782272402e-02
3.870216170924226162e+02	4.468612283298207810e-01	2.713477943278721494e-01	1.250484577400044484e-01	7.412319319418909924e-02	4.338165098187990454e-02	1.671462803462474972e-02	3.357841101601383854e-02
3.918593873060780197e+02	4.451505226638028390e-01	2.702946901995065820e-01	1.262343663893738255e-01	7.489965758577574184e-02	4.369700781367295145e-02	1.684845899241520922e-02	3.393065997985777321e-02
3.966971575197332527e+02	4.434492111725558128e-01	2.692473669711504258e-01	1.274135896487301467e-01	7.567181175049007835e-02	4.401056655216053354e-02	1.698164012874405632e-02	3.428117740057379931e-02
4.015349277333884856e+02	4.417572419100231906e-01	2.682057931292617381e-01	1.285861665122623454e-01	7.643967599657640333e-02	4.432233896632194192e-02	1.711417478638713879e-02	3.462997232357211547e-02
4.063726979470438323e+02	4.400745632721181355e-01	2.671699372843115983e-01	1.297521356030180983e-01	7.720327081263002322e-02	4.463233661981785838e-02	1.724606629288127219e-02	3.497705373962795711e-02
4.112104681606991221e+02	4.384011239849311958e-01	2.661397681792516678e-01	1.309115351882739198e-01	7.796261684278067705e-02	4.494057088305298403e-02	1.737731796017280561e-02	3.532243058594157492e-02
4.160482383743544119e+02	4.367368730947617239e-01	2.651152546962711742e-01	1.320644031936308582e-01	7.871773486396996256e-02	4.524705294434302333e-02	1.750793308433004625e-02	3.566611174709802268e-02
4.208860085880095880e+02	4.350817599596487062e-01	2.640963658621515719e-01	1.332107772159555337e-01	7.946864576514803269e-02	4.555179382025077717e-02	1.763791494531121232e-02	3.600810605593895986e-02
4.257237788016648778e+02	4.334357342421372161e-01	2.630830708524730666e-01	1.343506945352747894e-01	8.021537052822984293e-02	4.585480436515197711e-02	1.776726680678053158e-02	3.634842229435727295e-02
4.305615490153201677e+02	4.317987459030603326e-01	2.620753389948821122e-01	1.354841921257206594e-01	8.095793021066441386e-02	4.615609528008728785e-02	1.789599191596599054e-02	3.668706919402390382e-02
4.353993192289755143e+02	4.301707451961572226e-01	2.610731397715898572e-01	1.366113066656127750e-01	8.169634592948341045e-02	4.645567712095325513e-02	1.802409350355306181e-02	3.702405543705507285e-02
4.402370894426308041e+02	4.285516826633816168e-01	2.600764428212419821e-01	1.377320745467569552e-01	8.243063884670639996e-02	4.675356030608101426e-02	1.815157478360938242e-02	3.735938965662728706e-02
4.450748596562860939e+02	4.269415091307774412e-01	2.590852179402750588e-01	1.388465318830305328e-01	8.316083015599062822e-02	4.704975512324853504e-02	1.827843895353607057e-02	3.769308043754634324e-02
4.499126298699413837e+02	4.253401757048236309e-01	2.580994350838536344e-01	1.399547145183183683e-01	8.388694107042223014e-02	4.734427173616882756e-02	1.840468919404184348e-02	3.802513631677595374e-02
4.547504000835967304e+02	4.237476337691661321e-01	2.571190643664647557e-01	1.410566580338576126e-01	8.460899281135511596e-02	4.763712019049341773e-02	1.853032866913663021e-02	3.835556578393080340e-02
4.595881702972519065e+02	4.221638349816690949e-01	2.561440760622339385e-01	1.421523977550426532e-01	8.532700659821067235e-02	4.792831041936784775e-02	1.865536052614179957e-02	3.868437728173838158e-02
4.644259405109071963e+02	4.205887312717314641e-01	2.551744406050142078e-01	1.432419687577382861e-01	8.604100363915963279e-02	4.821785224857307733e-02	1.877978789571449827e-02	3.901157920647321115e-02
4.692637107245624861e+02	4.190222748378221174e-01	2.542101285882904516e-01	1.443254058741434698e-01	8.675100512261321728e-02	4.850575540128435753e-02	1.890361389188394137e-02	3.933717990836682610e-02
4.741014809382177759e+02	4.174644181451972469e-01	2.532511107649343951e-01	1.454027436982446575e-01	8.745703220945723333e-02	4.879202950247677611e-02	1.902684161209776403e-02	3.966118769199628719e-02
4.789392511518730657e+02	4.159151139237690087e-01	2.522973580468382271e-01	1.464740165908938740e-01	8.815910602596802037e-02	4.907668408300454310e-02	1.914947413727683886e-02	3.998361081665380984e-02
4.837770213655284124e+02	4.143743151660999602e-01	2.513488415044505819e-01	1.475392586845435117e-01	8.885724765735433794e-02	4.935972858337915603e-02	1.927151453187711874e-02	4.030445749669957917e-02
4.886147915791837022e+02	4.128419751255029690e-01	2.504055323662335852e-01	1.485985038876670994e-01	8.955147814187383593e-02	4.964117235726950988e-02	1.939296584395737433e-02	4.062373590189979899e-02
4.934525617928388783e+02	4.113180473142289406e-01	2.494674020180570329e-01	1.496517858888924135e-01	9.024181846547697783e-02	4.992102467474553162e-02	1.951383110525170550e-02	4.094145415775155700e-02
4.982903320064942250e+02	4.098024855017287638e-01	2.485344220025419160e-01	1.506991381608709657e-01	9.092828955693521564e-02	5.019929472528523312e-02	1.963411333124604613e-02	4.125762034579596310e-02
5.031281022201495148e+02	4.082952437129779288e-01	2.476065640183643390e-01	1.517405939639059065e-01	9.161091228341376735e-02	5.047599162056336936e-02	1.975381552125781218e-02	4.157224250392094894e-02
5.079658724338048046e+02	4.067962762268537147e-01	2.466837999195276854e-01	1.527761863493585781e-01	9.228970744645242918e-02	5.075112439703881317e-02	1.987294065851811370e-02	4.188532862665472062e-02
5.128036426474600376e+02	4.053055375745577837e-01	2.457661017146104132e-01	1.538059481628513137e-01	9.296469577832129627e-02	5.102470201835630076e-02	1.999149171025594793e-02	4.219688666545096112e-02
5.176414128611153274e+02	4.038229825380771354e-01	2.448534415659950614e-01	1.548299120472840240e-01	9.363589793872029166e-02	5.129673337757695295e-02	2.010947162778392236e-02	4.250692452896656648e-02
5.224791830747705035e+02	4.023485661486783105e-01	2.439457917890829053e-01	1.558481104456792554e-01	9.430333451179467863e-02	5.156722729925095755e-02	2.022688334658510889e-02	4.281545008333270674e-02
5.273169532884259070e+02	4.008822436854305171e-01	2.430431248514980103e-01	1.568605756038694843e-01	9.496702600344043843e-02	5.183619254134479160e-02	2.034372978640070981e-02	4.312247115241987783e-02
5.321547235020811968e+02	3.994239706737539031e-01	2.421454133722841517e-01	1.578673395730397777e-01	9.562699283887594881e-02	5.210363779703426623e-02	2.046001385131822337e-02	4.342799551809751329e-02
5.369924937157364866e+02	3.979737028839896995e-01	2.412526301210963231e-01	1.588684342121373383e-01	9.628325536045778676e-02	5.236957169637403847e-02	2.057573842985993204e-02	4.373203092048864871e-02
5.418302639293917764e+02	3.965313963299902933e-01	2.403647480173893847e-01	1.598638911901582582e-01	9.693583382572111551e-02	5.263400280785305446e-02	2.069090639507144280e-02	4.403458505822017977e-02
5.466680341430470662e+02	3.950970072677267853e-01	2.394817401296053250e-01	1.608537419883216413e-01	9.758474840562572639e-02	5.289693963984507669e-02	2.080552060461019620e-02	4.433566558866892243e-02
5.515058043567023560e+02	3.936704921939123136e-01	2.386035796743603832e-01	1.618380179021396137e-01	9.823001918299113788e-02	5.315839064196234420e-02	2.091958390083375335e-02	4.463528012820401625e-02
5.563435745703576458e+02	3.922518078446398659e-01	2.377302400156330320e-01	1.628167500433918002e-01	9.887166615110511148e-02	5.341836420632010279e-02	2.103309911088780543e-02	4.493343625242587902e-02
5.611813447840129356e+02	3.908409111940328584e-01	2.368616946639536813e-01	1.637899693420112046e-01	9.950970921249124856e-02	5.367686866871881207e-02	2.114606904679372859e-02	4.523014149640199738e-02
5.660191149976681118e+02	3.894377594529088715e-01	2.359979172755968524e-01	1.647577065478889879e-01	1.001441681778227066e-01	5.393391230975066314e-02	2.125849650553574000e-02	4.552540335489971973e-02
5.708568852113234016e+02	3.880423100674535997e-01	2.351388816517762659e-01	1.657199922326037245e-01	1.007750627649697667e-01	5.418950335583622158e-02	2.137038426914748476e-02	4.581922928261644712e-02
5.756946554249786914e+02	3.866545207179065136e-01	2.342845617378431777e-01	1.666768567910816012e-01	1.014024125981703300e-01	5.444364998019664975e-02	2.148173510479808174e-02	4.611162669440714568e-02
5.805324256386339812e+02	3.852743493172556821e-01	2.334349316224885174e-01	1.676283304431923360e-01	1.020262372073130891e-01	5.469636030376664321e-02	2.159255176487755862e-02	4.640260296550963171e-02
5.853701958522892710e+02	3.839017540099430859e-01	2.325899655369486618e-01	1.685744432352857258e-01	1.026465560273241706e-01	5.494764239605264694e-02	2.170283698708166606e-02	4.669216543176746281e-02
5.902079660659445608e+02	3.825366931705783680e-01	2.317496378542155400e-01	1.695152250416735729e-01	1.032633883976483702e-01	5.519750427594057041e-02	2.181259349449606727e-02	4.698032138985085149e-02
5.950457362795999643e+02	3.811791254026618003e-01	2.309139230882509275e-01	1.704507055660608728e-01	1.038767535618172894e-01	5.544595391245708133e-02	2.192182399567984760e-02	4.726707809747549699e-02
5.998835064932552541e+02	3.798290095373155761e-01	2.300827958932048223e-01	1.713809143429296800e-01	1.044866706670972006e-01	5.569299922548796161e-02	2.203053118474841005e-02	4.755244277361957844e-02
6.047212767069104302e+02	3.784863046320235402e-01	2.292562310626385103e-01	1.723058807388799518e-01	1.050931587642097292e-01	5.593864808645689773e-02	2.213871774145566990e-02	4.783642259873891606e-02
6.095590469205657200e+02	3.771509699693785245e-01	2.284342035287519057e-01	1.732256339539295087e-01	1.056962368071193564e-01	5.618290831896782800e-02	2.224638633127562493e-02	4.811902471498040457e-02
6.143968171342210098e+02	3.758229650558382318e-01	2.276166883616153602e-01	1.741402030227768849e-01	1.062959236528820683e-01	5.642578769941353906e-02	2.235353960548325594e-02	4.840025622639378133e-02
6.192345873478761860e+02	3.745022496204878371e-01	2.268036607684059403e-01	1.750496168160292076e-01	1.068922380615501128e-01	5.666729395755332188e-02	2.246018020123478898e-02	4.868012419914184707e-02
6.240723575615315895e+02	3.731887836138110814e-01	2.259950960926482566e-01	1.759539040413976019e-01	1.074851986961278955e-01	5.690743477706182440e-02	2.256631074164731909e-02	4.895863566170906289e-02
6.289101277751868793e+02	3.718825272064676946e-01	2.251909698134596238e-01	1.768530932448628690e-01	1.080748241225747558e-01	5.714621779605152940e-02	2.267193383587779928e-02	4.923579760510874564e-02
6.337478979888421691e+02	3.705834407880790327e-01	2.243912575447996882e-01	1.777472128118126327e-01	1.086611328098506524e-01	5.738365060757073116e-02	2.277705207920141181e-02	4.951161698308879922e-02
6.385856682024975726e+02	3.692914849660203225e-01	2.235959350347246355e-01	1.786362909681527555e-01	1.092441431300009702e-01	5.761974076007895379e-02	2.288166805308933932e-02	4.978610071233601636e-02
6.434234384161527487e+02	3.680066205642198440e-01	2.228049781646453953e-01	1.795203557813942474e-01	1.098238733582770355e-01	5.785449575790152510e-02	2.298578432528592536e-02	5.005925567267902748e-02
6.482612086298080385e+02	3.667288086219655519e-01	2.220183629485907029e-01	1.803994351617173308e-01	1.104003416732894510e-01	5.808792306166477709e-02	2.308940344988525892e-02	5.033108870728994488e-02
6.530989788434633283e+02	3.654580103927181356e-01	2.212360655324740466e-01	1.812735568630143290e-01	1.109735661571909920e-01	5.832003008871355920e-02	2.319252796740716230e-02	5.060160662288470251e-02
6.579367490571185044e+02	3.641941873429312970e-01	2.204580621933651952e-01	1.821427484839126809e-01	1.115435647958868959e-01	5.855082421351213984e-02	2.329516040487264808e-02	5.087081618992209120e-02
6.627745192707737942e+02	3.629373011508779667e-01	2.196843293387658325e-01	1.830070374687791657e-01	1.121103554792696605e-01	5.878031276802988397e-02	2.339730327587880368e-02	5.113872414280158651e-02
6.676122894844290840e+02	3.616873137054844034e-01	2.189148435058893283e-01	1.838664511087067799e-01	1.126739560014765329e-01	5.900850304211281011e-02	2.349895908067312425e-02	5.140533718005992070e-02
6.724500596980843738e+02	3.604441871051697888e-01	2.181495813609449497e-01	1.847210165424848505e-01	1.132343840611673563e-01	5.923540228384206047e-02	2.360013030622733557e-02	5.167066196456650273e-02
6.772878299117396637e+02	3.592078836566930389e-01	2.173885196984259305e-01	1.855707607575542428e-01	1.137916572618210831e-01	5.946101769988023505e-02	2.370081942631068611e-02	5.193470512371757553e-02
6.821256001253949535e+02	3.579783658740057772e-01	2.166316354404018985e-01	1.864157105909474421e-01	1.143457931120490934e-01	5.968535645580646393e-02	2.380102890156272563e-02	5.219747324962929758e-02
6.869633703390502433e+02	3.567555964771120247e-01	2.158789056358151881e-01	1.872558927302152842e-01	1.148968090259238906e-01	5.990842567644110578e-02	2.390076117956558069e-02	5.245897289932962421e-02
6.918011405527055331e+02	3.555395383909338847e-01	2.151303074597811504e-01	1.880913337143405584e-01	1.154447223233215220e-01	6.013023244616069740e-02	2.400001869491575485e-02	5.271921059494905776e-02
6.966389107663608229e+02	3.543301547441840005e-01	2.143858182128928480e-01	1.889220599346393969e-01	1.159895502302765863e-01	6.035078380920393115e-02	2.409880386929543275e-02	5.297819282391032225e-02
7.014766809800161127e+02	3.531274088682442858e-01	2.136454153205291917e-01	1.897480976356510918e-01	1.165313098793484270e-01	6.057008676996927798e-02	2.419711911154330541e-02	5.323592603911685844e-02
7.063144511936714025e+02	3.519312642960505388e-01	2.129090763321674074e-01	1.905694729160167800e-01	1.170700183099975811e-01	6.078814829330484587e-02	2.429496681772494102e-02	5.349241665914031968e-02
7.111522214073266923e+02	3.507416847609834409e-01	2.121767789206991939e-01	1.913862117293478882e-01	1.176056924689712208e-01	6.100497530479095237e-02	2.439234937120270813e-02	5.374767106840691588e-02
7.159899916209819821e+02	3.495586341957661602e-01	2.114485008817509615e-01	1.921983398850844460e-01	1.181383492106968247e-01	6.122057469101596650e-02	2.448926914270521324e-02	5.400169561738270285e-02
7.208277618346371582e+02	3.483820767313675071e-01	2.107242201330076226e-01	1.930058830493439903e-01	1.186680052976830796e-01	6.143495329984587777e-02	2.458572849039633232e-02	5.425449662275787927e-02
7.256655320482924481e+02	3.472119766959111398e-01	2.100039147135406015e-01	1.938088667457615044e-01	1.191946774009273596e-01	6.164811794068798811e-02	2.468172975994379487e-02	5.450608036762993186e-02
7.305033022619478515e+02	3.460482986135914318e-01	2.092875627831391749e-01	1.946073163563205866e-01	1.197183821003288129e-01	6.186007538474908030e-02	2.477727528458733425e-02	5.475645310168580915e-02
7.353410724756030277e+02	3.448910072035951679e-01	2.085751426216460036e-01	1.954012571221764860e-01	1.202391358851066239e-01	6.207083236528847248e-02	2.487236738520641130e-02	5.500562104138307512e-02
7.401788426892584312e+02	3.437400673790284578e-01	2.078666326282961052e-01	1.961907141444711178e-01	1.207569551542227032e-01	6.228039557786629182e-02	2.496700837038754242e-02	5.525359037013000130e-02
7.450166129029136073e+02	3.425954442458506999e-01	2.071620113210595748e-01	1.969757123851406111e-01	1.212718562168082492e-01	6.248877168058718928e-02	2.506120053649118704e-02	5.550036723846466652e-02
7.498543831165690108e+02	3.414571031018136527e-01	2.064612573359881909e-01	1.977562766677153361e-01	1.217838552925936957e-01	6.269596729433987714e-02	2.515494616771826036e-02	5.574595776423306448e-02
7.546921533302243006e+02	3.403250094354069444e-01	2.057643494265654904e-01	1.985324316781130749e-01	1.222929685123415183e-01	6.290198900303264895e-02	2.524824753617621251e-02	5.599036803276620511e-02
7.595299235438793630e+02	3.391991289248088015e-01	2.050712664630603699e-01	1.993042019654253094e-01	1.227992119182814562e-01	6.310684335382520105e-02	2.534110690194475712e-02	5.623360409705623758e-02
7.643676937575347665e+02	3.380794274368429941e-01	2.043819874318845986e-01	2.000716119426969586e-01	1.233026014645479257e-01	6.331053685735692216e-02	2.543352651314115254e-02	5.647567197793156024e-02
7.692054639711900563e+02	3.369658710259415546e-01	2.036964914349537470e-01	2.008346858876998431e-01	1.238031530176188638e-01	6.351307598797185927e-02	2.552550860598514632e-02	5.671657766423101460e-02
7.740432341848452324e+02	3.358584259331131583e-01	2.030147576890516115e-01	2.015934479436999605e-01	1.243008823567561261e-01	6.371446718394049857e-02	2.561705540486352434e-02	5.695632711297705930e-02
7.788810043985006359e+02	3.347570585849171110e-01	2.023367655251982755e-01	2.023479221202187650e-01	1.247958051744468000e-01	6.391471684767868755e-02	2.570816912239426086e-02	5.719492624954802817e-02
7.837187746121558121e+02	3.336617355924427764e-01	2.016624943880216680e-01	2.030981322937887856e-01	1.252879370768452960e-01	6.411383134596362887e-02	2.579885195949032511e-02	5.743238096784938213e-02
7.885565448258112156e+02	3.325724237502953318e-01	2.009919238351325355e-01	2.038441022087034427e-01	1.257772935842159656e-01	6.431181701014734853e-02	2.588910610542309934e-02	5.766869713048407287e-02
7.933943150394665054e+02	3.314890900355865200e-01	2.003250335365030776e-01	2.045858554777615079e-01	1.262638901313757611e-01	6.450868013636748555e-02	2.597893373788543944e-02	5.790388056892192131e-02
7.982320852531219089e+02	3.304117016069311186e-01	1.996618032738487758e-01	2.053234155830062913e-01	1.267477420681372979e-01	6.470442698575573637e-02	2.606833702305438177e-02	5.813793708366810087e-02
8.030698554667769713e+02	3.293402258034487939e-01	1.990022129400138007e-01	2.060568058764594701e-01	1.272288646597514172e-01	6.489906378464406489e-02	2.615731811565345788e-02	5.837087244443065620e-02
8.079076256804323748e+02	3.282746301437720615e-01	1.983462425383598349e-01	2.067860495808498955e-01	1.277072730873493878e-01	6.509259672476859493e-02	2.624587915901469698e-02	5.860269239028710608e-02
8.127453958940876646e+02	3.272148823250589644e-01	1.976938721821581424e-01	2.075111697903374852e-01	1.281829824483849412e-01	6.528503196347155979e-02	2.633402228514024682e-02	5.883340262985017194e-02
8.175831661077428407e+02	3.261609502220115808e-01	1.970450820939852465e-01	2.082321894712321486e-01	1.286560077570752525e-01	6.547637562390108690e-02	2.642174961476365797e-02	5.906300884143251412e-02
8.224209363213982442e+02	3.251128018858997493e-01	1.963998526051216886e-01	2.089491314627079377e-01	1.291263639448413381e-01	6.566663379520923383e-02	2.650906325741081426e-02	5.929151667321065633e-02
8.272587065350534203e+02	3.240704055435906228e-01	1.957581641549542284e-01	2.096620184775126738e-01	1.295940658607473983e-01	6.585581253274801206e-02	2.659596531146053017e-02	5.951893174338793169e-02
8.320964767487085965e+02	3.230337295965828859e-01	1.951199972903813751e-01	2.103708731026728285e-01	1.300591282719391895e-01	6.604391785826375927e-02	2.668245786420478730e-02	5.974525964035658915e-02
8.369342469623640000e+02	3.220027426200466891e-01	1.944853326652221936e-01	2.110757178001938794e-01	1.305215658640812293e-01	6.623095576008977692e-02	2.676854299190865524e-02	5.997050592285897708e-02
8.417720171760191761e+02	3.209774133618690795e-01	1.938541510396282752e-01	2.117765749077563653e-01	1.309813932417926707e-01	6.641693219333727471e-02	2.685422275986987933e-02	6.019467612014785945e-02
8.466097873896745796e+02	3.199577107417040378e-01	1.932264332794991213e-01	2.124734666394074434e-01	1.314386249290820929e-01	6.660185308008476079e-02	2.693949922247810408e-02	6.041777573214583696e-02
8.514475576033297557e+02	3.189436038500284565e-01	1.926021603559006090e-01	2.131664150862482010e-01	1.318932753697804050e-01	6.678572430956591921e-02	2.702437442327379133e-02	6.063981022960393541e-02
8.562853278169851592e+02	3.179350619472028905e-01	1.919813133444867592e-01	2.138554422171167479e-01	1.323453589279728615e-01	6.696855173835594699e-02	2.710885039500682270e-02	6.086078505425925739e-02
8.611230980306403353e+02	3.169320544625374714e-01	1.913638734249245021e-01	2.145405698792671456e-01	1.327948898884290241e-01	6.715034119055647566e-02	2.719292915969473770e-02	6.108070561899186374e-02
8.659608682442956251e+02	3.159345509933632057e-01	1.907498218803220513e-01	2.152218197990440340e-01	1.332418824570314464e-01	6.733109845797904947e-02	2.727661272868068393e-02	6.129957730798068355e-02
8.707986384579510286e+02	3.149425213041081584e-01	1.901391400966598866e-01	2.158992135825535397e-01	1.336863507612024160e-01	6.751082930032734075e-02	2.735990310269102721e-02	6.151740547685866783e-02
8.756364086716062047e+02	3.139559353253788543e-01	1.895318095622252896e-01	2.165727727163298533e-01	1.341283088503293364e-01	6.768953944537792200e-02	2.744280227189264953e-02	6.173419545286705501e-02
8.804741788852616082e+02	3.129747631530466756e-01	1.889278118670497664e-01	2.172425185679980053e-01	1.345677706961879716e-01	6.786723458915976115e-02	2.752531221594992430e-02	6.194995253500880372e-02
8.853119490989170117e+02	3.119989750473392554e-01	1.883271287023495777e-01	2.179084723869326723e-01	1.350047501933643312e-01	6.804392039613253729e-02	2.760743490408138281e-02	6.216468199420114443e-02
8.901497193125721878e+02	3.110285414319369224e-01	1.877297418599696011e-01	2.185706553049129863e-01	1.354392611596743068e-01	6.821960249936362408e-02	2.768917229511608236e-02	6.237838907342736772e-02
8.949874895262273640e+02	3.100634328930741979e-01	1.871356332318299120e-01	2.192290883367737919e-01	1.358713173365817262e-01	6.839428650070393523e-02	2.777052633754962044e-02	6.259107898788773827e-02
8.998252597398827675e+02	3.091036201786458992e-01	1.865447848093755578e-01	2.198837923810528228e-01	1.363009323896144931e-01	6.856797797096253477e-02	2.785149896959989574e-02	6.280275692514958319e-02
9.046630299535379436e+02	3.081490741973188507e-01	1.859571786830295226e-01	2.205347882206344090e-01	1.367281199087787835e-01	6.874068245008010947e-02	2.793209211926250823e-02	6.301342804529658226e-02
9.095008001671932334e+02	3.071997660176475908e-01	1.853727970416483850e-01	2.211820965233890213e-01	1.371528934089712437e-01	6.891240544730135864e-02	2.801230770436590606e-02	6.322309748107721172e-02
9.143385703808486369e+02	3.062556668671955196e-01	1.847916221719813346e-01	2.218257378428096227e-01	1.375752663303894119e-01	6.908315244134616284e-02	2.809214763262618889e-02	6.343177033805244558e-02
9.191763405945038130e+02	3.053167481316609311e-01	1.842136364581317964e-01	2.224657326186439688e-01	1.379952520389401138e-01	6.925292888057969776e-02	2.817161380170162682e-02	6.363945169474252705e-02
9.240141108081592165e+02	3.043829813540073759e-01	1.836388223810222486e-01	2.231021011775236595e-01	1.384128638266458600e-01	6.942174018318154893e-02	2.825070809924689480e-02	6.384614660277307396e-02
9.288518810218145063e+02	3.034543382335992412e-01	1.830671625178620088e-01	2.237348637335891399e-01	1.388281149120492164e-01	6.958959173731367465e-02	2.832943240296697390e-02	6.405186008702033751e-02
9.336896512354697961e+02	3.025307906253421053e-01	1.824986395416177687e-01	2.243640403891117019e-01	1.392410184406152884e-01	6.975648890128731405e-02	2.840778858067078902e-02	6.425659714575557291e-02
9.385274214491247449e+02	3.016123105388273107e-01	1.819332362204872655e-01	2.249896511351113237e-01	1.396515874851322336e-01	6.992243700372897941e-02	2.848577849032454118e-02	6.446036275078881328e-02
9.433651916627801484e+02	3.006988701374819217e-01	1.813709354173756449e-01	2.256117158519715948e-01	1.400598350461095820e-01	7.008744134374529644e-02	2.856340398010474499e-02	6.466316184761167207e-02
9.482029618764355519e+02	2.997904417377227904e-01	1.808117200893747945e-01	2.262302543100507546e-01	1.404657740521746967e-01	7.025150719108692876e-02	2.864066688845097811e-02	6.486499935553947938e-02
9.530407320900908417e+02	2.988869978081155621e-01	1.802555732872456462e-01	2.268452861702894841e-01	1.408694173604672917e-01	7.041463978631150311e-02	2.871756904411835315e-02	6.506588016785259942e-02
9.578785023037459041e+02	2.979885109685383449e-01	1.797024781549030059e-01	2.274568309848152281e-01	1.412707777570315903e-01	7.057684434094552151e-02	2.879411226622967737e-02	6.526580915193701260e-02
9.627162725174014213e+02	2.970949539893498748e-01	1.791524179289036567e-01	2.280649081975430204e-01	1.416698679572069575e-01	7.073812603764537132e-02	2.887029836432735558e-02	6.546479114942406474e-02
9.675540427310568248e+02	2.962062997905621220e-01	1.786053759379370165e-01	2.286695371447731717e-01	1.420667006060160886e-01	7.089849003035733621e-02	2.894612913842498081e-02	6.566283097632953647e-02
9.723918129447120009e+02	2.953225214410177824e-01	1.780613356023185156e-01	2.292707370557853230e-01	1.424612882785513956e-01	7.105794144447669103e-02	2.902160637905867868e-02	6.585993342319186594e-02
9.772295831583674044e+02	2.944435921575718762e-01	1.775202804334859719e-01	2.298685270534294167e-01	1.428536434803593658e-01	7.121648537700578374e-02	2.909673186733813255e-02	6.605610325520971937e-02
9.820673533720223531e+02	2.935694853042781216e-01	1.769821940334986299e-01	2.304629261547132268e-01	1.432437786478227837e-01	7.137412689671136790e-02	2.917150737499736232e-02	6.625134521237872887e-02
9.869051235856777566e+02	2.927001743915799703e-01	1.764470600945389489e-01	2.310539532713865030e-01	1.436317061485411495e-01	7.153087104428085263e-02	2.924593466444520493e-02	6.644566400962750863e-02
9.917428937993331601e+02	2.918356330755056960e-01	1.759148623984171933e-01	2.316416272105222274e-01	1.440174382817088483e-01	7.168672283247770616e-02	2.932001548881552760e-02	6.663906433695293563e-02
9.965806640129884499e+02	2.909758351568679235e-01	1.753855848160786601e-01	2.322259666750940976e-01	1.444009872784914883e-01	7.184168724629601266e-02	2.939375159201717061e-02	6.683155085955466701e-02
