0.000000000000000000e+00	2.210146289652242801e-01	1.391184867612417497e-01	2.712990951898872627e-01	1.672887944414679917e-01	8.066998749263026847e-02	3.326254867049747987e-02	8.734645847843497402e-02
1.451331064096584811e+01	2.194244505173623128e-01	1.380636042689055987e-01	2.722936133203618936e-01	1.686200267507940442e-01	8.006511175942516989e-02	3.350237402008658660e-02	8.803081936244845640e-02
2.902662128193169622e+01	2.178646231075207496e-01	1.370240165903652552e-01	2.732286027323190813e-01	1.697145272277377492e-01	7.987110222550393435e-02	3.373799408758273305e-02	8.855913402835459414e-02
4.353993192289755143e+01	2.163339064302542969e-01	1.360010028087589029e-01	2.741248091760294936e-01	1.706653950722921143e-01	7.990276897925785438e-02	3.396947579318392030e-02	8.900264173960753533e-02
5.805324256386339954e+01	2.148313758065379109e-01	1.349951217663636904e-01	2.749938363977079137e-01	1.715251862269435434e-01	8.005734116878002182e-02	3.419688829187473439e-02	8.940025034117636549e-02
7.256655320482924765e+01	2.133562882718532394e-01	1.340065360778452119e-01	2.758422108037614784e-01	1.723238604525684781e-01	8.027778959900229439e-02	3.442030139014214812e-02	8.977301340421134368e-02
8.707986384579510286e+01	2.119080078455548855e-01	1.330351917797296668e-01	2.766736375171356954e-01	1.730787522618049690e-01	8.053247334490803988e-02	3.463978468002144179e-02	9.013215257022950955e-02
1.015931744867609581e+02	2.104859636863181949e-01	1.320809178850604615e-01	2.774902527580496714e-01	1.738001143700686757e-01	8.080384472102974946e-02	3.485540707072398714e-02	9.048349950813348863e-02
1.161064851277267991e+02	2.090896265367135354e-01	1.311434815046836622e-01	2.782933192171585524e-01	1.744942030106323705e-01	8.108218086406000780e-02	3.506723654045560551e-02	9.082995232568055743e-02
1.306197957686926259e+02	2.077184953520407606e-01	1.302226183224356737e-01	2.790836122865268387e-01	1.751649980726899258e-01	8.136210469306487392e-02	3.527534001002365083e-02	9.117283126260256054e-02
1.451331064096584669e+02	2.063720896116550685e-01	1.293180494030659322e-01	2.798616346967988666e-01	1.758151646917220645e-01	8.164065378883200719e-02	3.547978328365910400e-02	9.151262452365122035e-02
1.596464170506243647e+02	2.050499448109248668e-01	1.284294904240544655e-01	2.806277358929207821e-01	1.764465930382395908e-01	8.191620829379153701e-02	3.568063102679644438e-02	9.184939651265656979e-02
1.741597276915902057e+02	2.037516097421959438e-01	1.275566567104294002e-01	2.813821785110681151e-01	1.770607032764524025e-01	8.218789555174529915e-02	3.587794676404493233e-02	9.218300944344813563e-02
1.886730383325560467e+02	2.024766447896231558e-01	1.266992659468765825e-01	2.821251754688642310e-01	1.776586195404012136e-01	8.245525935058875544e-02	3.607179288806806883e-02	9.251324201496223532e-02
2.031863489735219162e+02	2.012246208051866325e-01	1.258570396065055996e-01	2.828569107201305277e-01	1.782412706372980549e-01	8.271807604544327563e-02	3.626223067423860191e-02	9.283985151058153640e-02
2.176996596144877287e+02	1.999951183235595953e-01	1.250297036724177802e-01	2.835775509201162725e-01	1.788094495752693136e-01	8.297625223117410798e-02	3.644932029823732406e-02	9.316260497860982814e-02
2.322129702554535982e+02	1.987877269793982549e-01	1.242169889712533004e-01	2.842872520253061919e-01	1.793638497909654239e-01	8.322976770625613308e-02	3.663312085503920429e-02	9.348129367116572719e-02
2.467262808964194392e+02	1.976020450496362157e-01	1.234186312953675368e-01	2.849861630636704168e-01	1.799050880527213181e-01	8.347864360332114819e-02	3.681369037843634090e-02	9.379573855623118961e-02
2.612395915373852517e+02	1.964376790763250891e-01	1.226343714112536898e-01	2.856744283185592703e-01	1.804337196242532526e-01	8.372292451478632880e-02	3.699108586063790810e-02	9.410579119356861366e-02
2.757529021783511780e+02	1.952942435440388202e-01	1.218639550080223288e-01	2.863521886182907039e-01	1.809502488312641488e-01	8.396266841058831754e-02	3.716536327170261167e-02	9.441133231547718663e-02
2.902662128193169337e+02	1.941713605962752665e-01	1.211071326154834205e-01	2.870195821173636697e-01	1.814551368124913133e-01	8.419794090262830433e-02	3.733657757867782367e-02	9.471226937646434751e-02
3.047795234602828600e+02	1.930686597812115157e-01	1.203636595079493332e-01	2.876767447851149018e-01	1.819488074768541019e-01	8.442881194114273957e-02	3.750478276438442421e-02	9.500853374272712204e-02
3.192928341012487294e+02	1.919857778205809606e-01	1.196332956024591110e-01	2.883238107230304270e-01	1.824316522625503145e-01	8.465535387792172406e-02	3.767003184582156522e-02	9.530007786702006378e-02
3.338061447422145420e+02	1.909223583974426763e-01	1.189158053560374628e-01	2.889609123792321044e-01	1.829040340540404874e-01	8.487764030312401620e-02	3.783237689218454242e-02	9.558687261732289053e-02
3.483194553831804114e+02	1.898780519598201877e-01	1.182109576643586846e-01	2.895881806992616214e-01	1.833662904765590573e-01	8.509574532453807738e-02	3.799186904249860636e-02	9.586890483234797311e-02
3.628327660241463377e+02	1.888525155379402742e-01	1.175185257629636076e-01	2.902057452358253742e-01	1.838187367093827851e-01	8.530974310382534453e-02	3.814855852287654669e-02	9.614617512657025467e-02
3.773460766651120935e+02	1.878454125732936519e-01	1.168382871315187810e-01	2.908137342309062845e-01	1.842616679131519608e-01	8.551970754533977370e-02	3.830249466341013181e-02	9.641869594176358249e-02
3.918593873060780197e+02	1.868564127580754630e-01	1.161700234012580935e-01	2.914122746784030271e-01	1.846953613389275550e-01	8.572571207828569295e-02	3.845372591470627710e-02	9.668648982972803674e-02
4.063726979470438323e+02	1.858851918838065609e-01	1.155135202655689364e-01	2.920014923724500444e-01	1.851200781694908593e-01	8.592782949820497451e-02	3.860229986407882202e-02	9.694958794578398265e-02
4.208860085880095880e+02	1.849314316981200690e-01	1.148685673935986168e-01	2.925815119448206270e-01	1.855360651322373600e-01	8.612613184792780596e-02	3.874826325140663663e-02	9.720802873127300237e-02
4.353993192289755143e+02	1.839948197688422438e-01	1.142349583467208163e-01	2.931524568937710629e-01	1.859435559154086204e-01	8.632069032609651638e-02	3.889166198466809804e-02	9.746185676387669750e-02
4.499126298699413837e+02	1.830750493546143276e-01	1.136124904976912459e-01	2.937144496060404286e-01	1.863427724139424257e-01	8.651157521590686905e-02	3.903254115516169298e-02	9.771112175602707228e-02
4.644259405109071963e+02	1.821718192814005544e-01	1.130009649523255055e-01	2.942676113733096455e-01	1.867339258271054625e-01	8.669885582932410073e-02	3.917094505242166291e-02	9.795587768349714453e-02
4.789392511518730657e+02	1.812848338243099322e-01	1.124001864735414691e-01	2.948120624041464244e-01	1.871172176268396936e-01	8.688260046356560684e-02	3.930691717883743469e-02	9.819618202814354990e-02
4.934525617928388783e+02	1.804138025942312318e-01	1.118099634076201720e-01	2.953479218322667132e-01	1.874928404131298576e-01	8.706287636756651627e-02	3.944050026398480957e-02	9.843209512058484489e-02
5.079658724338048046e+02	1.795584404288413094e-01	1.112301076125527532e-01	2.958753077217996519e-01	1.878609786705170703e-01	8.723974971672254775e-02	3.957173627867656418e-02	9.866367957027423474e-02
5.224791830747705035e+02	1.787184672876007130e-01	1.106604343883524633e-01	2.963943370701299651e-01	1.882218094380392892e-01	8.741328559458076686e-02	3.970066644873974232e-02	9.889099977194114321e-02
5.369924937157364866e+02	1.778936081503968702e-01	1.101007624092226328e-01	2.969051258088019618e-01	1.885755029032993024e-01	8.758354798040721145e-02	3.982733126852646549e-02	9.911412147872962486e-02
5.515058043567023560e+02	1.770835929195347935e-01	1.095509136574820547e-01	2.974077888028954231e-01	1.889222229300006606e-01	8.775059974174649613e-02	3.995177051416482633e-02	9.933311143355981476e-02
5.660191149976681118e+02	1.762881563248117900e-01	1.090107133591581012e-01	2.979024398492222114e-01	1.892621275271103298e-01	8.791450263122943531e-02	4.007402325655606140e-02	9.954803705129605662e-02
5.805324256386339812e+02	1.755070378314423640e-01	1.084799899211669472e-01	2.983891916736397532e-01	1.895953692667821100e-01	8.807531728699519169e-02	4.019412787412398463e-02	9.975896614523366290e-02
5.950457362795999643e+02	1.747399815506269494e-01	1.079585748700069708e-01	2.988681559277313049e-01	1.899220956572799657e-01	8.823310323618502315e-02	4.031212206532239911e-02	9.996596669223134501e-02
6.095590469205657200e+02	1.739867361525819223e-01	1.074463027918987762e-01	2.993394431850673887e-01	1.902424494763604312e-01	8.838791890103972482e-02	4.042804286090588561e-02	1.001691066315297807e-01
6.240723575615315895e+02	1.732470547818685258e-01	1.069430112743103983e-01	2.998031629372259754e-01	1.905565690698920456e-01	8.853982160719583994e-02	4.054192663596929008e-02	1.003684536929218690e-01
6.385856682024975726e+02	1.725206949748766816e-01	1.064485408488120982e-01	3.002594235897228514e-01	1.908645886198939712e-01	8.868886759383055873e-02	4.065380912176093375e-02	1.005640752504868007e-01
6.530989788434633283e+02	1.718074185793355690e-01	1.059627349352091907e-01	3.007083324579782890e-01	1.911666383856563123e-01	8.883511202535154805e-02	4.076372541727447951e-02	1.007560381985785208e-01
6.676122894844290840e+02	1.711069916757365916e-01	1.054854397869057769e-01	3.011499957634232727e-01	1.914628449211483452e-01	8.897860900436870002e-02	4.087171000062410353e-02	1.009444088471770640e-01
6.821256001253949535e+02	1.704191845005665062e-01	1.050165044374557488e-01	3.015845186298325431e-01	1.917533312715244409e-01	8.911941158571970445e-02	4.097779674020754492e-02	1.011292528340773100e-01
6.966389107663608229e+02	1.697437713712593443e-01	1.045557806482606683e-01	3.020120050799533495e-01	1.920382171511878511e-01	8.925757179135215824e-02	4.108201890566152287e-02	1.013106350517089804e-01
7.111522214073266923e+02	1.690805306127848295e-01	1.041031228573768980e-01	3.024325580324865315e-01	1.923176191055689932e-01	8.939314062589118204e-02	4.118440917861369149e-02	1.014886195866617491e-01
7.256655320482924481e+02	1.684292444857993232e-01	1.036583881293970805e-01	3.028462792994652819e-01	1.925916506585083898e-01	8.952616809274518972e-02	4.128499966323538606e-02	1.016632696702331751e-01
7.401788426892584312e+02	1.677896991162929896e-01	1.032214361063731461e-01	3.032532695840641779e-01	1.928604224469011585e-01	8.965670321062196857e-02	4.138382189659912253e-02	1.018346476385312144e-01
7.546921533302243006e+02	1.671616844266719804e-01	1.027921289597503035e-01	3.036536284788655671e-01	1.931240423440561127e-01	8.978479403034568540e-02	4.148090685884484735e-02	1.020028149008493368e-01
7.692054639711900563e+02	1.665449940682215413e-01	1.023703313432830497e-01	3.040474544646009081e-01	1.933826155730438978e-01	8.991048765187992231e-02	4.157628498315869142e-02	1.021678319151958503e-01
7.837187746121558121e+02	1.659394253548997222e-01	1.019559103469060701e-01	3.044348449093791653e-01	1.936362448111536017e-01	9.003383024147591784e-02	4.166998616556798207e-02	1.023297581700014225e-01
7.982320852531219089e+02	1.653447791984159754e-01	1.015487354515341722e-01	3.048158960684090868e-01	1.938850302864385533e-01	9.015486704887636094e-02	4.176203977455617000e-02	1.024886521711535214e-01
8.127453958940876646e+02	1.647608600445529536e-01	1.011486784847670933e-01	3.051907030842169744e-01	1.941290698672148707e-01	9.027364242451543785e-02	4.185247466050113357e-02	1.026445714336154252e-01
8.272587065350534203e+02	1.641874758106929288e-01	1.007556135774757833e-01	3.055593599873580035e-01	1.943684591452693733e-01	9.039019983666471414e-02	4.194131916494036466e-02	1.027975724769826932e-01
8.417720171760191761e+02	1.636244378245132469e-01	1.003694171212482084e-01	3.059219596976175404e-01	1.946032915134436603e-01	9.050458188848177488e-02	4.202860112966639444e-02	1.029477108244130773e-01
8.562853278169851592e+02	1.630715607638176523e-01	9.998996772667356758e-02	3.062785940256925743e-01	1.948336582381798299e-01	9.061683033492580475e-02	4.211434790565573433e-02	1.030950410044386562e-01
8.707986384579510286e+02	1.625286625974732557e-01	9.961714618244478514e-02	3.066293536753461058e-01	1.950596485275434000e-01	9.072698609950942406e-02	4.219858636183457939e-02	1.032396165552322553e-01
8.853119490989170117e+02	1.619955645274240852e-01	9.925083541525976660e-02	3.069743282460206113e-01	1.952813495951773448e-01	9.083508929086159256e-02	4.228134289368434134e-02	1.033814900309560636e-01
8.998252597398827675e+02	1.614720909317543807e-01	9.889092045050325297e-02	3.073136062358993725e-01	1.954988467205876213e-01	9.094117921908070890e-02	4.236264343169015428e-02	1.035207130098683287e-01
9.143385703808486369e+02	1.609580693087769021e-01	9.853728837369098159e-02	3.076472750454002925e-01	1.957122233061128758e-01	9.104529441186053063e-02	4.244251344963533706e-02	1.036573361039068580e-01
9.288518810218145063e+02	1.604533302221219926e-01	9.818982829265919532e-02	3.079754209810884880e-01	1.959215609308898598e-01	9.114747263037512037e-02	4.252097797274469876e-02	1.037914089695044090e-01
9.433651916627801484e+02	1.599577072468050254e-01	9.784843130048290205e-02	3.082981292599906720e-01	1.961269394020897228e-01	9.124775088491182684e-02	4.259806158567965712e-02	1.039229803194239438e-01
9.578785023037459041e+02	1.594710369162509189e-01	9.751299043910667541e-02	3.086154840142965039e-01	1.963284368036687932e-01	9.134616545024357159e-02	4.267378844038785535e-02	1.040520979354294523e-01
9.723918129447120009e+02	1.589931586702552913e-01	9.718340066367271712e-02	3.089275682964294778e-01	1.965261295428493149e-01	9.144275188073391902e-02	4.274818226381017772e-02	1.041788086816328313e-01
9.869051235856777566e+02	1.585239148038631307e-01	9.685955880753102654e-02	3.092344640844718606e-01	1.967200923945209845e-01	9.153754502517041924e-02	4.282126636544769660e-02	1.043031585183786109e-01
1.001418434226643626e+03	1.580631504171456925e-01	9.654136354791707786e-02	3.095362522879259171e-01	1.969103985437333781e-01	9.163057904132286546e-02	4.289306364479135436e-02	1.044251925165473882e-01
1.015931744867609382e+03	1.576107133658586623e-01	9.622871537228291916e-02	3.098330127537962664e-01	1.970971196264296177e-01	9.172188741022480052e-02	4.296359659861681557e-02	1.045449548721746197e-01
1.030445055508575479e+03	1.571664542129636855e-01	9.592151654526806515e-02	3.101248242729751636e-01	1.972803257685557532e-01	9.181150295017764806e-02	4.303288732814711942e-02	1.046624889212962733e-01
1.044958366149541234e+03	1.567302261809971342e-01	9.561967107629668061e-02	3.104117645869166053e-01	1.974600856236653490e-01	9.189945783047767658e-02	4.310095754608556790e-02	1.047778371549447501e-01
1.059471676790506763e+03	1.563018851052697944e-01	9.532308468778817601e-02	3.106939103945813851e-01	1.976364664091262713e-01	9.198578358486717010e-02	4.316782858352132685e-02	1.048910412342296539e-01
1.073984987431472746e+03	1.558812893878823991e-01	9.503166478396855854e-02	3.109713373596388331e-01	1.978095339410254894e-01	9.207051112471130450e-02	4.323352139671001598e-02	1.050021420054471216e-01
1.088498298072438729e+03	1.554682999525415776e-01	9.474532042027025702e-02	3.112441201179093619e-01	1.979793526678572113e-01	9.215367075190356028e-02	4.329805657373176492e-02	1.051111795151700307e-01
1.103011608713404712e+03	1.550627802001618705e-01	9.446396227330844386e-02	3.115123322850324450e-01	1.981459857030719030e-01	9.223529217150225334e-02	4.336145434102887941e-02	1.052181930252780312e-01
1.117524919354370468e+03	1.546645959652396263e-01	9.418750261142204427e-02	3.117760464643463680e-01	1.983094948565552462e-01	9.231540450410187504e-02	4.342373456982548396e-02	1.053232210278931547e-01
1.132038229995336451e+03	1.542736154729849041e-01	9.391585526576824716e-02	3.120353342549654352e-01	1.984699406650997922e-01	9.239403629794254447e-02	4.348491678243122244e-02	1.054263012601915767e-01
1.146551540636302207e+03	1.538897092971980296e-01	9.364893560195933220e-02	3.122902662600401391e-01	1.986273824219258188e-01	9.247121554076181971e-02	4.354502015843128571e-02	1.055274707190672900e-01
1.161064851277267962e+03	1.535127503188773168e-01	9.338666049223076637e-02	3.125409120951880837e-01	1.987818782053027977e-01	9.254696967139286468e-02	4.360406354076473701e-02	1.056267656756271489e-01
1.175578161918233945e+03	1.531426136855459641e-01	9.312894828813024495e-02	3.127873403970817812e-01	1.989334849063181809e-01	9.262132559111335706e-02	4.366206544169338316e-02	1.057242216895007136e-01
1.190091472559199701e+03	1.527791767712845805e-01	9.287571879371715744e-02	3.130296188321824991e-01	1.990822582558360032e-01	9.269430967474970307e-02	4.371904404866303051e-02	1.058198736229506859e-01
1.204604783200165684e+03	1.524223191374576847e-01	9.262689323926243112e-02	3.132678141056060017e-01	1.992282528506841288e-01	9.276594778154083343e-02	4.377501723005924883e-02	1.059137556547733588e-01
1.219118093841131440e+03	1.520719224941221026e-01	9.238239425543880168e-02	3.135019919701107494e-01	1.993715221791059755e-01	9.283626526576660432e-02	4.383000254085955144e-02	1.060059012939798817e-01
1.233631404482097196e+03	1.517278706621054962e-01	9.214214584799197694e-02	3.137322172351962868e-01	1.995121186455091900e-01	9.290528698714513312e-02	4.388401722818389278e-02	1.060963433932516770e-01
1.248144715123063179e+03	1.513900495357431986e-01	9.190607337288313194e-02	3.139585537763016632e-01	1.996500935945415278e-01	9.297303732100400953e-02	4.393707823674537077e-02	1.061851141621648204e-01
1.262658025764028707e+03	1.510583470462625311e-01	9.167410351189343720e-02	3.141810645440931693e-01	1.997854973345220275e-01	9.303954016822987838e-02	4.398920221420297288e-02	1.062722451801797613e-01
1.277171336404994690e+03	1.507326531258031954e-01	9.144616424868179383e-02	3.143998115738323995e-01	1.999183791602529014e-01	9.310481896500114041e-02	4.404040551641818374e-02	1.063577674093941217e-01
1.291684647045960673e+03	1.504128596720629707e-01	9.122218484528679672e-02	3.146148559948146461e-01	2.000487873752365697e-01	9.316889669230862814e-02	4.409070421261715444e-02	1.064417112070569771e-01
1.306197957686926657e+03	1.500988605135580023e-01	9.100209581906425205e-02	3.148262580398684674e-01	2.001767693133198189e-01	9.323179588526830930e-02	4.414011409046031398e-02	1.065241063378445791e-01
1.320711268327892412e+03	1.497905513754873852e-01	9.078582892005186700e-02	3.150340770549082126e-01	2.003023713597862909e-01	9.329353864223130510e-02	4.418865066102094924e-02	1.066049819858977121e-01
1.335224578968857941e+03	1.494878298461912447e-01	9.057331710875278497e-02	3.152383715085316229e-01	2.004256389719166476e-01	9.335414663369509536e-02	4.423632916367455092e-02	1.066843667666218798e-01
1.349737889609823924e+03	1.491905953441928778e-01	9.036449453432986167e-02	3.154391990016531810e-01	2.005466166990347576e-01	9.341364111102065659e-02	4.428316457090052116e-02	1.067622887382519425e-01
1.364251200250789907e+03	1.488987490858145191e-01	9.015929651320277183e-02	3.156366162771680473e-01	2.006653482020574475e-01	9.347204291495996020e-02	4.432917159299783888e-02	1.068387754131832762e-01
1.378764510891755890e+03	1.486121940533572383e-01	8.995765950804013311e-02	3.158306792296365351e-01	2.007818762725638029e-01	9.352937248399778580e-02	4.437436468271624412e-02	1.069138537690721286e-01
1.393277821532721646e+03	1.483308349638350898e-01	8.975952110713912580e-02	3.160214429149850179e-01	2.008962428513997034e-01	9.358564986251249884e-02	4.441875803980456505e-02	1.069875502597078809e-01
1.407791132173687402e+03	1.480545782382544640e-01	8.956482000418498901e-02	3.162089615602148851e-01	2.010084890468319119e-01	9.364089470875962273e-02	4.446236561547761007e-02	1.070598908256603782e-01
1.422304442814653157e+03	1.477833319714290383e-01	8.937349597838331605e-02	3.163932885731142730e-01	2.011186551522660126e-01	9.369512630268228559e-02	4.450520111680315860e-02	1.071309009047057836e-01
1.436817753455619140e+03	1.475170059023213354e-01	8.918548987495786284e-02	3.165744765519662995e-01	2.012267806635407996e-01	9.374836355355273265e-02	4.454727801101051460e-02	1.072006054420343163e-01
1.451331064096585123e+03	1.472555113849019215e-01	8.900074358600691682e-02	3.167525772952484164e-01	2.013329042958123816e-01	9.380062500744852649e-02	4.458860952972202446e-02	1.072690289002437014e-01
1.465844374737550879e+03	1.469987613595175602e-01	8.881920003171134281e-02	3.169276418113172733e-01	2.014370640000392731e-01	9.385192885456747347e-02	4.462920867310901651e-02	1.073361952691219562e-01
1.480357685378516862e+03	1.467466703247592708e-01	8.864080314188765852e-02	3.170997203280744303e-01	2.015392969790807398e-01	9.390229293638485686e-02	4.466908821397349433e-02	1.074021280752234797e-01
1.494870996019482618e+03	1.464991543098222160e-01	8.846549783787947818e-02	3.172688623026080346e-01	2.016396397034184995e-01	9.395173475265652940e-02	4.470826070175691613e-02	1.074668503912422635e-01
1.509384306660448374e+03	1.462561308473488420e-01	8.829323001478095456e-02	3.174351164308053530e-01	2.017381279265132166e-01	9.400027146827180657e-02	4.474673846647748282e-02	1.075303848451862609e-01
1.523897617301414357e+03	1.460175189467469437e-01	8.812394652398594652e-02	3.175985306569328315e-01	2.018347966998051690e-01	9.404791991995919975e-02	4.478453362259712106e-02	1.075927536293566772e-01
1.538410927942380113e+03	1.457832390679746071e-01	8.795759515605648671e-02	3.177591521831790722e-01	2.019296803873692203e-01	9.409469662284859759e-02	4.482165807281952852e-02	1.076539785091363693e-01
1.552924238583346096e+03	1.455532130957841175e-01	8.779412462390488725e-02	3.179170274791566775e-01	2.020228126802332547e-01	9.414061777689330945e-02	4.485812351182046770e-02	1.077140808315911191e-01
1.567437549224311852e+03	1.453273643144170346e-01	8.763348454628319684e-02	3.180722022913599067e-01	2.021142266103694296e-01	9.418569927315489920e-02	4.489394142991159908e-02	1.077730815338877324e-01
1.581950859865277607e+03	1.451056173827423856e-01	8.747562543157427761e-02	3.182247216525746492e-01	2.022039545643662950e-01	9.422995669995434809e-02	4.492912311663902619e-02	1.078310011515328931e-01
1.596464170506243590e+03	1.448878983098309259e-01	8.732049866187902021e-02	3.183746298912366601e-01	2.022920282967907990e-01	9.427340534889230850e-02	4.496367966431771834e-02	1.078878598264364636e-01
1.610977481147209119e+03	1.446741344309575572e-01	8.716805647739377105e-02	3.185219706407366180e-01	2.023784789432480080e-01	9.431606022074168205e-02	4.499762197150302540e-02	1.079436773148033102e-01
1.625490791788175102e+03	1.444642543840247428e-01	8.701825196107267069e-02	3.186667868486675603e-01	2.024633370331462567e-01	9.435793603121536699e-02	4.503096074640036695e-02	1.079984729948570282e-01
1.640004102429141085e+03	1.442581880863996746e-01	8.687103902356969887e-02	3.188091207860132004e-01	2.025466325021755276e-01	9.439904721661197817e-02	4.506370651021428947e-02	1.080522658743995612e-01
1.654517413070107068e+03	1.440558667121581704e-01	8.672637238845477825e-02	3.189490140562741827e-01	2.026283947045062761e-01	9.443940793934249567e-02	4.509586960043789755e-02	1.081050745982101158e-01
1.669030723711072824e+03	1.438572226697280854e-01	8.658420757769912102e-02	3.190865076045295567e-01	2.027086524247157517e-01	9.447903209334047869e-02	4.512746017408383187e-02	1.081569174552870494e-01
1.683544034352038352e+03	1.436621895799258530e-01	8.644450089742462817e-02	3.192216417264323591e-01	2.027874338894487261e-01	9.451793330935844006e-02	4.515848821085773762e-02	1.082078123859361724e-01
1.698057344993004335e+03	1.434707022543785515e-01	8.630720942391234551e-02	3.193544560771362506e-01	2.028647667788192610e-01	9.455612496015314283e-02	4.518896351627540997e-02	1.082577769887089342e-01
1.712570655633970318e+03	1.432826966743260821e-01	8.617229098986520230e-02	3.194849896801518763e-01	2.029406782375603180e-01	9.459362016556212283e-02	4.521889572472451158e-02	1.083068285271937825e-01
1.727083966274936301e+03	1.430981099697956338e-01	8.603970417092031420e-02	3.196132809361311722e-01	2.030151948859265087e-01	9.463043179747424039e-02	4.524829430247190309e-02	1.083549839366640954e-01
1.741597276915902057e+03	1.429168803991428538e-01	8.590940827240603483e-02	3.197393676315778421e-01	2.030883428303574822e-01	9.466657248469625974e-02	4.527716855061756501e-02	1.084022598305858093e-01
1.756110587556867813e+03	1.427389473289533417e-01	8.578136331633927358e-02	3.198632869474825613e-01	2.031601476739064993e-01	9.470205461771820377e-02	4.530552760799611695e-02	1.084486725069878366e-01
1.770623898197833569e+03	1.425642512142976381e-01	8.565553002865856913e-02	3.199850754678820186e-01	2.032306345264407454e-01	9.473689035337942710e-02	4.533338045402680871e-02	1.084942379546986191e-01
1.785137208838799552e+03	1.423927335793344073e-01	8.553186982668861682e-02	3.201047691883396329e-01	2.032998280146188219e-01	9.477109161943789162e-02	4.536073591151295464e-02	1.085389718594515218e-01
1.799650519479765535e+03	1.422243369982553463e-01	8.541034480683172558e-02	3.202224035243475542e-01	2.033677522916505498e-01	9.480467011904478158e-02	4.538760264939172701e-02	1.085828896098622320e-01
1.814163830120731291e+03	1.420590050765658807e-01	8.529091773248223540e-02	3.203380133196487844e-01	2.034344310468444994e-01	9.483763733512642902e-02	4.541398918543514823e-02	1.086260063032809253e-01
1.828677140761696819e+03	1.418966824326961529e-01	8.517355202215953769e-02	3.204516328544784742e-01	2.034998875149485742e-01	9.487000453467581140e-02	4.543990388890326027e-02	1.086683367515220711e-01
1.843190451402663257e+03	1.417373146799362493e-01	8.505821173785574341e-02	3.205632958537231736e-01	2.035641444852881732e-01	9.490178277295559239e-02	4.546535498315022739e-02	1.087098954864747086e-01
1.857703762043628785e+03	1.415808484086901464e-01	8.494486157359398826e-02	3.206730354949979822e-01	2.036272243107072333e-01	9.493298289761459285e-02	4.549035054818426765e-02	1.087506967655955947e-01
1.872217072684594768e+03	1.414272311690431827e-01	8.483346684419346140e-02	3.207808844166404882e-01	2.036891489163164815e-01	9.496361555271973232e-02	4.551489852318224560e-02	1.087907545772882068e-01
1.886730383325560297e+03	1.412764114536370907e-01	8.472399347423734128e-02	3.208868747256207188e-01	2.037499398080536428e-01	9.499369118270528656e-02	4.553900670895975195e-02	1.088300826461699733e-01
1.901243693966526507e+03	1.411283386808474816e-01	8.461640798723982226e-02	3.209910380053675460e-01	2.038096180810601288e-01	9.502322003624119606e-02	4.556268277039740577e-02	1.088686944382302041e-01
1.915757004607492036e+03	1.409829631782588411e-01	8.451067749500872084e-02	3.210934053235100505e-01	2.038682044278782302e-01	9.505221217002240985e-02	4.558593423882426748e-02	1.089066031658812717e-01
1.930270315248458019e+03	1.408402361664313207e-01	8.440676968719965090e-02	3.211940072395340628e-01	2.039257191464735330e-01	9.508067745248090230e-02	4.560876851435903545e-02	1.089438217929053487e-01
1.944783625889424002e+03	1.407001097429546044e-01	8.430465282105883973e-02	3.212928738123534411e-01	2.039821821480861663e-01	9.510862556742190332e-02	4.563119286820980364e-02	1.089803630392990885e-01
1.959296936530389530e+03	1.405625368667837716e-01	8.420429571135049085e-02	3.213900346077964154e-01	2.040376129649151271e-01	9.513606601758639592e-02	4.565321444493323361e-02	1.090162393860184542e-01
1.973810247171355968e+03	1.404274713428523835e-01	8.410566772046561279e-02	3.214855187060055575e-01	2.040920307576395420e-01	9.516300812814108834e-02	4.567484026465366137e-02	1.090514630796260154e-01
1.988323557812321269e+03	1.402948678069575739e-01	8.400873874870899705e-02	3.215793547087530402e-01	2.041454543227807228e-01	9.518946105009773451e-02	4.569607722524306193e-02	1.090860461368427237e-01
2.002836868453287707e+03	1.401646817109129528e-01	8.391347922476086185e-02	3.216715707466695218e-01	2.041979020999084571e-01	9.521543376366320421e-02	4.571693210446244049e-02	1.091200003490064713e-01
2.017350179094252780e+03	1.400368693079642179e-01	8.381986009631013645e-02	3.217621944863875427e-01	2.042493921786954214e-01	9.524093508152187137e-02	4.573741156206540676e-02	1.091533372864393059e-01
2.031863489735218764e+03	1.399113876384631139e-01	8.372785282085602743e-02	3.218512531375998242e-01	2.042999423058231567e-01	9.526597365205173584e-02	4.575752214186456363e-02	1.091860683027254808e-01
2.046376800376184747e+03	1.397881945157951333e-01	8.363742935667504985e-02	3.219387734600315243e-01	2.043495698917428549e-01	9.529055796247579146e-02	4.577727027376141122e-02	1.092182045389021999e-01
2.060890111017150957e+03	1.396672485125565188e-01	8.354856215395023433e-02	3.220247817703274507e-01	2.043982920172943696e-01	9.531469634194995877e-02	4.579666227574041154e-02	1.092497569275650143e-01
2.075403421658116713e+03	1.395485089469765683e-01	8.346122414605963713e-02	3.221093039488542309e-01	2.044461254401868655e-01	9.533839696458906721e-02	4.581570435582784512e-02	1.092807361968897162e-01
2.089916732299082469e+03	1.394319358695801925e-01	8.337538874102121134e-02	3.221923654464177167e-01	2.044930866013439652e-01	9.536166785243208044e-02	4.583440261401609123e-02	1.093111528745726035e-01
2.104430042940048224e+03	1.393174900500874780e-01	8.329102981309116638e-02	3.222739912908955673e-01	2.045391916311167235e-01	9.538451687834798021e-02	4.585276304415394910e-02	1.093410172916908785e-01
2.118943353581013525e+03	1.392051329645452307e-01	8.320812169451310969e-02	3.223542060937860110e-01	2.045844563553672613e-01	9.540695176888353002e-02	4.587079153580361779e-02	1.093703395864848993e-01
2.133456664221980191e+03	1.390948267826870033e-01	8.312663916741497294e-02	3.224330340566725628e-01	2.046288963014260276e-01	9.542898010705422318e-02	4.588849387606488972e-02	1.093991297080640218e-01
2.147969974862945492e+03	1.389865343555174992e-01	8.304655745585125259e-02	3.225104989776048647e-01	2.046725267039256890e-01	9.545060933507948375e-02	4.590587575136723109e-02	1.094273974200376254e-01
2.162483285503912157e+03	1.388802192031173555e-01	8.296785221798780308e-02	3.225866242573974807e-01	2.047153625105141150e-01	9.547184675706357759e-02	4.592294274923020697e-02	1.094551523040731139e-01
2.176996596144877003e+03	1.387758455026642801e-01	8.289049953842654583e-02	3.226614329058450359e-01	2.047574183874495690e-01	9.549269954162305230e-02	4.593970035999291740e-02	1.094824037633821967e-01
2.191509906785843214e+03	1.386733780766671587e-01	8.281447592066766561e-02	3.227349475478560326e-01	2.047987087250804084e-01	9.551317472446213541e-02	4.595615397851291611e-02	1.095091610261372944e-01
2.206023217426809424e+03	1.385727823814091320e-01	8.273975827970661556e-02	3.228071904295043981e-01	2.048392476432119580e-01	9.553327921089703467e-02	4.597230890583521579e-02	1.095354331488193056e-01
2.220536528067775180e+03	1.384740244955957877e-01	8.266632393476359975e-02	3.228781834240005422e-01	2.048790489963632222e-01	9.555301977833022264e-02	4.598817035083188620e-02	1.095612290194984406e-01
2.235049838708740936e+03	1.383770711092054406e-01	8.259415060214309046e-02	3.229479480375813116e-01	2.049181263789157936e-01	9.557240307867588547e-02	4.600374343181277276e-02	1.095865573610493582e-01
2.249563149349706237e+03	1.382818895125374203e-01	8.252321638822093797e-02	3.230165054153205650e-01	2.049564931301571524e-01	9.559143564073740995e-02	4.601903317810784183e-02	1.096114267343023113e-01
2.264076459990672902e+03	1.381884475854549821e-01	8.245349978255687995e-02	3.230838763468596997e-01	2.049941623392212142e-01	9.561012387253800537e-02	4.603404453162168730e-02	1.096358455411311633e-01
2.278589770631638203e+03	1.380967137868197858e-01	8.238497965113003585e-02	3.231500812720599081e-01	2.050311468499276535e-01	9.562847406360547309e-02	4.604878234836064232e-02	1.096598220274801749e-01
2.293103081272604413e+03	1.380066571441140866e-01	8.231763522969523517e-02	3.232151402865759415e-01	2.050674592655229445e-01	9.564649238721197044e-02	4.606325139993302370e-02	1.096833642863305064e-01
2.307616391913570169e+03	1.379182472432477491e-01	8.225144611725795918e-02	3.232790731473524359e-01	2.051031119533248404e-01	9.566418490256980989e-02	4.607745637502299457e-02	1.097064802606078360e-01
2.322129702554535925e+03	1.378314542185463953e-01	8.218639226966573119e-02	3.233418992780436874e-01	2.051381170492726780e-01	9.568155755698419529e-02	4.609140188083846873e-02	1.097291777460324413e-01
2.336643013195502135e+03	1.377462487429180482e-01	8.212245399331383200e-02	3.234036377743566004e-01	2.051724864623851730e-01	9.569861618796376979e-02	4.610509244453357691e-02	1.097514643939126178e-01
2.351156323836467891e+03	1.376626020181945520e-01	8.205961193896331440e-02	3.234643074093184745e-01	2.052062318791282869e-01	9.571536652528983558e-02	4.611853251460609066e-02	1.097733477138830988e-01
2.365669634477433647e+03	1.375804857656452440e-01	8.199784709566922125e-02	3.235239266384698498e-01	2.052393647676946098e-01	9.573181419304518935e-02	4.613172646227026857e-02	1.097948350765892978e-01
2.380182945118399402e+03	1.374998722166593246e-01	8.193714078481702245e-02	3.235825136049832462e-01	2.052718963821965614e-01	9.574796471160326727e-02	4.614467858280558998e-02	1.098159337163186339e-01
2.394696255759364703e+03	1.374207341035944552e-01	8.187747465426536975e-02	3.236400861447084609e-01	2.053038377667749659e-01	9.576382349957859863e-02	4.615739309688179220e-02	1.098366507335800102e-01
2.409209566400331823e+03	1.373430446507881153e-01	8.181883067259314302e-02	3.236966617911448685e-01	2.053351997596251088e-01	9.577939587573916502e-02	4.616987415186055155e-02	1.098569930976326381e-01
2.423722877041296670e+03	1.372667775657294420e-01	8.176119112344894246e-02	3.237522577803421120e-01	2.053659929969418874e-01	9.579468706088167806e-02	4.618212582307437697e-02	1.098769676489650959e-01
2.438236187682262880e+03	1.371919070303881383e-01	8.170453860000127799e-02	3.238068910557292401e-01	2.053962279167858007e-01	9.580970217967033076e-02	4.619415211508299396e-02	1.098965811017257738e-01
2.452749498323228636e+03	1.371184076926981465e-01	8.164885599948741579e-02	3.238605782728731786e-01	2.054259147628715310e-01	9.582444626243985519e-02	4.620595696290765581e-02	1.099158400461057311e-01
2.467262808964194392e+03	1.370462546581932006e-01	8.159412651785924453e-02	3.239133358041677013e-01	2.054550635882808618e-01	9.583892424696369150e-02	4.621754423324377775e-02	1.099347509506749532e-01
2.481776119605160602e+03	1.369754234817912308e-01	8.154033364452452359e-02	3.239651797434532909e-01	2.054836842591014900e-01	9.585314098018782314e-02	4.622891772565229651e-02	1.099533201646727826e-01
2.496289430246126358e+03	1.369058901597256794e-01	8.148746115718141780e-02	3.240161259105682201e-01	2.055117864579929510e-01	9.586710121993122224e-02	4.624008117373010207e-02	1.099715539202538311e-01
2.510802740887092114e+03	1.368376311216206176e-01	8.143549311674509739e-02	3.240661898558324649e-01	2.055393796876820445e-01	9.588080963655325195e-02	4.625103824625991650e-02	1.099894583346899962e-01
2.525316051528057415e+03	1.367706232227071661e-01	8.138441386236429376e-02	3.241153868644650049e-01	2.055664732743884004e-01	9.589427081458898328e-02	4.626179254834000137e-02	1.100070394125295670e-01
2.539829362169024080e+03	1.367048437361789437e-01	8.133420800652663152e-02	3.241637319609342871e-01	2.055930763711822096e-01	9.590748925435292616e-02	4.627234762249404082e-02	1.100243030477143641e-01
2.554342672809989381e+03	1.366402703456838785e-01	8.128486043025072438e-02	3.242112399132442979e-01	2.056191979612752574e-01	9.592046937351197955e-02	4.628270694976153316e-02	1.100412550256557737e-01
2.568855983450955591e+03	1.365768811379501346e-01	8.123635627836378603e-02	3.242579252371551313e-01	2.056448468612468716e-01	9.593321550862798919e-02	4.629287395076910061e-02	1.100579010252703965e-01
2.583369294091921347e+03	1.365146545955437662e-01	8.118868095486300729e-02	3.243038022003405518e-01	2.056700317242061704e-01	9.594573191667066236e-02	4.630285198678294606e-02	1.100742466209763404e-01
2.597882604732887103e+03	1.364535695897552692e-01	8.114182011835932573e-02	3.243488848264821089e-01	2.056947610428916662e-01	9.595802277650150591e-02	4.631264436074290780e-02	1.100902972846507233e-01
2.612395915373853313e+03	1.363936053736139187e-01	8.109575967760197790e-02	3.243931868993008005e-01	2.057190431527098906e-01	9.597009219032917593e-02	4.632225431827835527e-02	1.101060583875494298e-01
2.626909226014819069e+03	1.363347415750261471e-01	8.105048578708257123e-02	3.244367219665278412e-01	2.057428862347140397e-01	9.598194418513708581e-02	4.633168504870625176e-02	1.101215352021896882e-01
2.641422536655784825e+03	1.362769581900371008e-01	8.100598484271702426e-02	3.244795033438137577e-01	2.057662983185241656e-01	9.599358271408350851e-02	4.634093968601180058e-02	1.101367329041963022e-01
2.655935847296750580e+03	1.362202355762121841e-01	8.096224347760413997e-02	3.245215441185783090e-01	2.057892872851899424e-01	9.600501165787500568e-02	4.635002130981179941e-02	1.101516565741123277e-01
2.670449157937716336e+03	1.361645544461370649e-01	8.091924855785935511e-02	3.245628571538003992e-01	2.058118608699972540e-01	9.601623482611357230e-02	4.635893294630123035e-02	1.101663111991748739e-01
2.684962468578682547e+03	1.361098958610340026e-01	8.087698717852229158e-02	3.246034550917499262e-01	2.058340266652197714e-01	9.602725595861803798e-02	4.636767756918313416e-02	1.101807016750566137e-01
2.699475779219648302e+03	1.360562412244920028e-01	8.083544665953690256e-02	3.246433503576616753e-01	2.058557921228165999e-01	9.603807872672028012e-02	4.637625810058228909e-02	1.101948328075740141e-01
2.713989089860614058e+03	1.360035722763093258e-01	8.079461454180282554e-02	3.246825551633520934e-01	2.058771645570773856e-01	9.604870673453672070e-02	4.638467741194288868e-02	1.102087093143625240e-01
2.728502400501579814e+03	1.359518710864459079e-01	8.075447858329663775e-02	3.247210815107797743e-01	2.058981511472155745e-01	9.605914352021557856e-02	4.639293832491044045e-02	1.102223358265198155e-01
2.743015711142545115e+03	1.359011200490841398e-01	8.071502675526177895e-02	3.247589411955503769e-01	2.059187589399111840e-01	9.606939255716048787e-02	4.640104361219825335e-02	1.102357168902174112e-01
2.757529021783511780e+03	1.358513018767957270e-01	8.067624723846603119e-02	3.247961458103669208e-01	2.059389948518040303e-01	9.607945725523070468e-02	4.640899599843873596e-02	1.102488569682815167e-01
2.772042332424477081e+03	1.358023995948129392e-01	8.063812841952508470e-02	3.248327067484252928e-01	2.059588656719383293e-01	9.608934096191862340e-02	4.641679816101984546e-02	1.102617604417435032e-01
2.786555643065443292e+03	1.357543965354024718e-01	8.060065888729138484e-02	3.248686352067570726e-01	2.059783780641600281e-01	9.609904696350488051e-02	4.642445273090684693e-02	1.102744316113609124e-01
2.801068953706408593e+03	1.357072763323397824e-01	8.056382742930662255e-02	3.249039421895192903e-01	2.059975385694673700e-01	9.610857848619164256e-02	4.643196229344967452e-02	1.102868746991092636e-01
2.815582264347374803e+03	1.356610229154825709e-01	8.052762302831716068e-02	3.249386385112319475e-01	2.060163536083159386e-01	9.611793869721427241e-02	4.643932938917622738e-02	1.102990938496454659e-01
2.830095574988341014e+03	1.356156205054412089e-01	8.049203485885096654e-02	3.249727347999651905e-01	2.060348294828790172e-01	9.612713070593209563e-02	4.644655651457174628e-02	1.103110931317433652e-01
2.844608885629306769e+03	1.355710536083446494e-01	8.045705228385520436e-02	3.250062415004746352e-01	2.060529723792643153e-01	9.613615756489846120e-02	4.645364612284454131e-02	1.103228765397018252e-01
2.859122196270272525e+03	1.355273070106999822e-01	8.042266485139311361e-02	3.250391688772877874e-01	2.060707883696876186e-01	9.614502227091051290e-02	4.646060062467838314e-02	1.103344479947262202e-01
2.873635506911238281e+03	1.354843657743441399e-01	8.038886229139935446e-02	3.250715270177408911e-01	2.060882834146047782e-01	9.615372776603928195e-02	4.646742238897168253e-02	1.103458113462834345e-01
2.888148817552204036e+03	1.354422152314860850e-01	8.035563451249273792e-02	3.251033258349672606e-01	2.061054633648022882e-01	9.616227693864018433e-02	4.647411374356374275e-02	1.103569703734312429e-01
2.902662128193170247e+03	1.354008409798375112e-01	8.032297159884509152e-02	3.251345750708377613e-01	2.061223339634476737e-01	9.617067262434453312e-02	4.648067697594836928e-02	1.103679287861225183e-01
2.917175438834136003e+03	1.353602288778311125e-01	8.029086380710565019e-02	3.251652842988543846e-01	2.061389008481004648e-01	9.617891760703238535e-02	4.648711433397496873e-02	1.103786902264845132e-01
2.931688749475101758e+03	1.353203650399242564e-01	8.025930156337955645e-02	3.251954629269969144e-01	2.061551695526843697e-01	9.618701461978695910e-02	4.649342802653734508e-02	1.103892582700740643e-01
2.946202060116067514e+03	1.352812358319869512e-01	8.022827546025991519e-02	3.252251202005240205e-01	2.061711455094217549e-01	9.619496634583124539e-02	4.649962022425057490e-02	1.103996364271089964e-01
2.960715370757033725e+03	1.352428278667724693e-01	8.019777625391202869e-02	3.252542652047294425e-01	2.061868340507305997e-01	9.620277541944685651e-02	4.650569306011593379e-02	1.104098281436761836e-01
2.975228681397999480e+03	1.352051279994690158e-01	8.016779486120928500e-02	3.252829068676528768e-01	2.062022404110855633e-01	9.621044442687567977e-02	4.651164863017428347e-02	1.104198368029167682e-01
2.989741992038964781e+03	1.351681233233313628e-01	8.013832235691947803e-02	3.253110539627479536e-01	2.062173697288430807e-01	9.621797590720460036e-02	4.651748899414800270e-02	1.104296657261890496e-01
3.004255302679930992e+03	1.351318011653906415e-01	8.010934997094075471e-02	3.253387151115059162e-01	2.062322270480314856e-01	9.622537235323358473e-02	4.652321617607173276e-02	1.104393181742094054e-01
3.018768613320896748e+03	1.350961490822409350e-01	8.008086908558642580e-02	3.253658987860377216e-01	2.062468173201071897e-01	9.623263621232749920e-02	4.652883216491209700e-02	1.104487973481715901e-01
3.033281923961862958e+03	1.350611548559017827e-01	8.005287123291754403e-02	3.253926133116135100e-01	2.062611454056769711e-01	9.623976988725194137e-02	4.653433891517658183e-02	1.104581063908451621e-01
3.047795234602828714e+03	1.350268064897545695e-01	8.002534809212263900e-02	3.254188668691605502e-01	2.062752160761876508e-01	9.624677573699348676e-02	4.653973834751179428e-02	1.104672483876528999e-01
3.062308545243794470e+03	1.349930922045517734e-01	7.999829148694352632e-02	3.254446674977209408e-01	2.062890340155833224e-01	9.625365607756447561e-02	4.654503234929131122e-02	1.104762263677282752e-01
3.076821855884760225e+03	1.349600004344982396e-01	7.997169338314656650e-02	3.254700230968688990e-01	2.063026038219311631e-01	9.626041318279279779e-02	4.655022277519318963e-02	1.104850433049527902e-01
3.091335166525725526e+03	1.349275198234021478e-01	7.994554588603849932e-02	3.254949414290884135e-01	2.063159300090162129e-01	9.626704928509696724e-02	4.655531144776748481e-02	1.104937021189739410e-01
3.105848477166692192e+03	1.348956392208955080e-01	7.991984123802597928e-02	3.255194301221119857e-01	2.063290170079058461e-01	9.627356657624651370e-02	4.656030015799379057e-02	1.105022056762040156e-01
3.120361787807657493e+03	1.348643476787222129e-01	7.989457181621817394e-02	3.255434966712211220e-01	2.063418691684844042e-01	9.627996720810846898e-02	4.656519066582909261e-02	1.105105567908001712e-01
3.134875098448624158e+03	1.348336344470928427e-01	7.986973013007160616e-02	3.255671484415085248e-01	2.063544907609589085e-01	9.628625329337966998e-02	4.656998470074604629e-02	1.105187582256260681e-01
3.149388409089589004e+03	1.348034889711048345e-01	7.984530881907642152e-02	3.255903926701035900e-01	2.063668859773358788e-01	9.629242690630553103e-02	4.657468396226187302e-02	1.105268126931955724e-01
3.163901719730555214e+03	1.347739008872269051e-01	7.982130065048340106e-02	3.256132364683608227e-01	2.063790589328704239e-01	9.629849008338536853e-02	4.657929012045802786e-02	1.105347228565987244e-01
3.178415030371521425e+03	1.347448600198466184e-01	7.979769851707103900e-02	3.256356868240125046e-01	2.063910136674877993e-01	9.630444482406458340e-02	4.658380481649078420e-02	1.105424913304103446e-01
3.192928341012487181e+03	1.347163563778798756e-01	7.977449543495188089e-02	3.256577506032853897e-01	2.064027541471779026e-01	9.631029309141399264e-02	4.658822966309293656e-02	1.105501206815816956e-01
3.207441651653452936e+03	1.346883801514414669e-01	7.975168454141749741e-02	3.256794345529824275e-01	2.064142842653635401e-01	9.631603681279649054e-02	4.659256624506677436e-02	1.105576134303154073e-01
3.221954962294418237e+03	1.346609217085750487e-01	7.972925909282138623e-02	3.257007453025305144e-01	2.064256078442429088e-01	9.632167788052128921e-02	4.659681611976838889e-02	1.105649720509241651e-01
3.236468272935384903e+03	1.346339715920421842e-01	7.970721246249906633e-02	3.257216893659931056e-01	2.064367286361064036e-01	9.632721815248607156e-02	4.660098081758361210e-02	1.105721989726732440e-01
3.250981583576350204e+03	1.346075205161689770e-01	7.968553813872486513e-02	3.257422731440508534e-01	2.064476503246289452e-01	9.633265945280704290e-02	4.660506184239562866e-02	1.105792965806073613e-01
3.265494894217316414e+03	1.345815593637492702e-01	7.966422972270459368e-02	3.257625029259481053e-01	2.064583765261376047e-01	9.633800357243751944e-02	4.660906067204443476e-02	1.105862672163620830e-01
3.280008204858282170e+03	1.345560791830035796e-01	7.964328092660342973e-02	3.257823848914077058e-01	2.064689107908555810e-01	9.634325226977485945e-02	4.661297875877827568e-02	1.105931131789601868e-01
3.294521515499247926e+03	1.345310711845924545e-01	7.962268557160867566e-02	3.258019251125134352e-01	2.064792566041225574e-01	9.634840727125613957e-02	4.661681752969726311e-02	1.105998367255930925e-01
3.309034826140214136e+03	1.345065267386837959e-01	7.960243758602633668e-02	3.258211295555613063e-01	2.064894173875922445e-01	9.635347027194292313e-02	4.662057838718920016e-02	1.106064400723877489e-01
3.323548136781179892e+03	1.344824373720727162e-01	7.958253100341142194e-02	3.258400040828798860e-01	2.064993965004072729e-01	9.635844293609502342e-02	4.662426270935789152e-02	1.106129253951593366e-01
3.338061447422145648e+03	1.344587947653532178e-01	7.956295996073088628e-02	3.258585544546199753e-01	2.065091972403520770e-01	9.636332689773369209e-02	4.662787185044391103e-02	1.106192948301498308e-01
3.352574758063111403e+03	1.344355907501404435e-01	7.954371869655894878e-02	3.258767863305145340e-01	2.065188228449840735e-01	9.636812376119449630e-02	4.663140714123810426e-02	1.106255504747529622e-01
3.367088068704076704e+03	1.344128173063434684e-01	7.952480154930412215e-02	3.258947052716091308e-01	2.065282764927436343e-01	9.637283510166974598e-02	4.663486988948782608e-02	1.106316943882256210e-01
3.381601379345043824e+03	1.343904665594863879e-01	7.950620295546736993e-02	3.259123167419632483e-01	2.065375613040432434e-01	9.637746246574105391e-02	4.663826138029619067e-02	1.106377285923860754e-01
3.396114689986008671e+03	1.343685307780781435e-01	7.948791744793089198e-02	3.259296261103228898e-01	2.065466803423361142e-01	9.638200737190197320e-02	4.664158287651429258e-02	1.106436550722992573e-01
3.410628000626974881e+03	1.343470023710292838e-01	7.946993965427691375e-02	3.259466386517653747e-01	2.065556366151650725e-01	9.638647131107104526e-02	4.664483561912661364e-02	1.106494757769492798e-01
3.425141311267940637e+03	1.343258738851153544e-01	7.945226429513599364e-02	3.259633595493162672e-01	2.065644330751914004e-01	9.639085574709521653e-02	4.664802082762976865e-02	1.106551926198995062e-01
3.439654621908906392e+03	1.343051380024858632e-01	7.943488618256447364e-02	3.259797938955391605e-01	2.065730726212048340e-01	9.639516211724416528e-02	4.665113970040461050e-02	1.106608074799404345e-01
3.454167932549872603e+03	1.342847875382181255e-01	7.941780021845014359e-02	3.259959466940984263e-01	2.065815580991142153e-01	9.639939183269533030e-02	4.665419341508185436e-02	1.106663222017254533e-01
3.468681243190838359e+03	1.342648154379148528e-01	7.940100139294618831e-02	3.260118228612960412e-01	2.065898923029201306e-01	9.640354627901003004e-02	4.665718312890138053e-02	1.106717385963949668e-01
3.483194553831804114e+03	1.342452147753453173e-01	7.938448478293237687e-02	3.260274272275819341e-01	2.065980779756689811e-01	9.640762681660089428e-02	4.666010997906526458e-02	1.106770584421888498e-01
3.497707864472769415e+03	1.342259787501286772e-01	7.936824555050343843e-02	3.260427645390392981e-01	2.066061178103894003e-01	9.641163478119053887e-02	4.666297508308464570e-02	1.106822834850476334e-01
3.512221175113736081e+03	1.342071006854591297e-01	7.935227894148379202e-02	3.260578394588443674e-01	2.066140144510112409e-01	9.641557148426189994e-02	4.666577953912059290e-02	1.106874154392026022e-01
3.526734485754701382e+03	1.341885740258718929e-01	7.933658028396851913e-02	3.260726565687017686e-01	2.066217704932672705e-01	9.641943821350018595e-02	4.666852442631902464e-02	1.106924559877549147e-01
3.541247796395667592e+03	1.341703923350495153e-01	7.932114498688974669e-02	3.260872203702555039e-01	2.066293884855782692e-01	9.642323623322671122e-02	4.667121080513979281e-02	1.106974067832440234e-01
3.555761107036633348e+03	1.341525492936675723e-01	7.930596853860828743e-02	3.261015352864758965e-01	2.066368709299213346e-01	9.642696678482483297e-02	4.667383971768008372e-02	1.107022694482056591e-01
3.570274417677599104e+03	1.341350386972790520e-01	7.929104650552994127e-02	3.261156056630228339e-01	2.066442202826823671e-01	9.643063108715789478e-02	4.667641218799215702e-02	1.107070455757194621e-01
3.584787728318565314e+03	1.341178544542372120e-01	7.927637453074608265e-02	3.261294357695863066e-01	2.066514389554924835e-01	9.643423033697956503e-02	4.667892922239556125e-02	1.107117367299465110e-01
3.599301038959531070e+03	1.341009905836551830e-01	7.926194833269804840e-02	3.261430298012040763e-01	2.066585293160488612e-01	9.643776570933668135e-02	4.668139180978393005e-02	1.107163444466569557e-01
3.613814349600496826e+03	1.340844412134030161e-01	7.924776370386492352e-02	3.261563918795564732e-01	2.066654936889203986e-01	9.644123835796455935e-02	4.668380092192647712e-02	1.107208702337479367e-01
3.628327660241463036e+03	1.340682005781402286e-01	7.923381650947436405e-02	3.261695260542396002e-01	2.066723343563383331e-01	9.644464941567515437e-02	4.668615751376419681e-02	1.107253155717519144e-01
3.642840970882427882e+03	1.340522630173840712e-01	7.922010268623602691e-02	3.261824363040166652e-01	2.066790535589723699e-01	9.644799999473802066e-02	4.668846252370094374e-02	1.107296819143356315e-01
3.657354281523394548e+03	1.340366229736125736e-01	7.920661824109714866e-02	3.261951265380482745e-01	2.066856534966919900e-01	9.645129118725431772e-02	4.669071687388944014e-02	1.107339706887899289e-01
3.671867592164359849e+03	1.340212749904015621e-01	7.919335925001996790e-02	3.262076005971012993e-01	2.066921363293141023e-01	9.645452406552387781e-02	4.669292147051237046e-02	1.107381832965105006e-01
3.686380902805326514e+03	1.340062137105954843e-01	7.918032185678045010e-02	3.262198622547372584e-01	2.066985041773365395e-01	9.645769968240566761e-02	4.669507720405848689e-02	1.107423211134698215e-01
3.700894213446291815e+03	1.339914338745110123e-01	7.916750227178825927e-02	3.262319152184804394e-01	2.067047591226580106e-01	9.646081907167150526e-02	4.669718494959401028e-02	1.107463854906804157e-01
3.715407524087257570e+03	1.339769303181730653e-01	7.915489677092722720e-02	3.262437631309664243e-01	2.067109032092847298e-01	9.646388324835333816e-02	4.669924556702929885e-02	1.107503777546495621e-01
3.729920834728223781e+03	1.339626979715825839e-01	7.914250169441616745e-02	3.262554095710702984e-01	2.067169384440240010e-01	9.646689320908413690e-02	4.670125990138081912e-02	1.107542992078256461e-01
3.744434145369189537e+03	1.339487318570154462e-01	7.913031344568970116e-02	3.262668580550160402e-01	2.067228667971648670e-01	9.646984993243264139e-02	4.670322878302866909e-02	1.107581511290363085e-01
3.758947456010155292e+03	1.339350270873523874e-01	7.911832849029853953e-02	3.262781120374664834e-01	2.067286902031462703e-01	9.647275437923179264e-02	4.670515302796956342e-02	1.107619347739186022e-01
3.773460766651120593e+03	1.339215788644384231e-01	7.910654335482920907e-02	3.262891749125955143e-01	2.067344105612126948e-01	9.647560749290129412e-02	4.670703343806541924e-02	1.107656513753411537e-01
3.787974077292087259e+03	1.339083824774723874e-01	7.909495462584247016e-02	3.263000500151404526e-01	2.067400297360578176e-01	9.647841019976419186e-02	4.670887080128769547e-02	1.107693021438186098e-01
3.802487387933053014e+03	1.338954333014252540e-01	7.908355894883049853e-02	3.263107406214378892e-01	2.067455495584563097e-01	9.648116340935769530e-02	4.671066589195740221e-02	1.107728882679185484e-01
3.817000698574018315e+03	1.338827267954868505e-01	7.907235302719221870e-02	3.263212499504405950e-01	2.067509718258838392e-01	9.648386801473829433e-02	4.671241947098098146e-02	1.107764109146608111e-01
3.831514009214984981e+03	1.338702585015408564e-01	7.906133362122656771e-02	3.263315811647176101e-01	2.067562983031255575e-01	9.648652489278126965e-02	4.671413228608212870e-02	1.107798712299095795e-01
3.846027319855950282e+03	1.338580240426671120e-01	7.905049754714335575e-02	3.263417373714369574e-01	2.067615307228735932e-01	9.648913490447477703e-02	4.671580507202955507e-02	1.107832703387582468e-01
3.860540630496916037e+03	1.338460191216708783e-01	7.903984167609154343e-02	3.263517216233314255e-01	2.067666707863132780e-01	9.649169889520849142e-02	4.671743855086077368e-02	1.107866093459071999e-01
3.875053941137881793e+03	1.338342395196388535e-01	7.902936293320438066e-02	3.263615369196477545e-01	2.067717201636988245e-01	9.649421769505700519e-02	4.671903343210206255e-02	1.107898893360347303e-01
3.889567251778848004e+03	1.338226810945209455e-01	7.901905829666126813e-02	3.263711862070795555e-01	2.067766804949180692e-01	9.649669211905806399e-02	4.672059041298456949e-02	1.107931113741611462e-01
3.904080562419813759e+03	1.338113397797377757e-01	7.900892479676609181e-02	3.263806723806843002e-01	2.067815533900469738e-01	9.649912296748565377e-02	4.672211017865666310e-02	1.107962765060061944e-01
3.918593873060779970e+03	1.338002115828133554e-01	7.899895951504165570e-02	3.263899982847839887e-01	2.067863404298939667e-01	9.650151102611818910e-02	4.672359340239264774e-02	1.107993857583398772e-01
3.933107183701745726e+03	1.337892925840322156e-01	7.898915958333979637e-02	3.263991667138509412e-01	2.067910431665341831e-01	9.650385706650171924e-02	4.672504074579779398e-02	1.108024401393269964e-01
3.947620494342711936e+03	1.337785789351209620e-01	7.897952218296734606e-02	3.264081804133779907e-01	2.067956631238337672e-01	9.650616184620837423e-02	4.672645285900988571e-02	1.108054406388652713e-01
3.962133804983676782e+03	1.337680668579536158e-01	7.897004454382708372e-02	3.264170420807336881e-01	2.068002017979647666e-01	9.650842610909005082e-02	4.672783038089717289e-02	1.108083882289172400e-01
3.976647115624642538e+03	1.337577526432800201e-01	7.896072394357382673e-02	3.264257543660025740e-01	2.068046606579103108e-01	9.651065058552751874e-02	4.672917393925302143e-02	1.108112838638362768e-01
3.991160426265608749e+03	1.337476326494776435e-01	7.895155770678531637e-02	3.264343198728115181e-01	2.068090411459606315e-01	9.651283599267496127e-02	4.673048415098707276e-02	1.108141284806864052e-01
4.005673736906575414e+03	1.337377033013254501e-01	7.894254320414748061e-02	3.264427411591410699e-01	2.068133446781998674e-01	9.651498303470001927e-02	4.673176162231315600e-02	1.108169229995564914e-01
4.020187047547540715e+03	1.337279610888002512e-01	7.893367785165400496e-02	3.264510207381232654e-01	2.068175726449840712e-01	9.651709240301950543e-02	4.673300694893391810e-02	1.108196683238684838e-01
4.034700358188505561e+03	1.337184025658945674e-01	7.892495910981985052e-02	3.264591610788256104e-01	2.068217264114102505e-01	9.651916477653077475e-02	4.673422071622223423e-02	1.108223653406802123e-01
4.049213668829472226e+03	1.337090243494558628e-01	7.891638448290853869e-02	3.264671646070211875e-01	2.068258073177769163e-01	9.652120082183895944e-02	4.673540349939955124e-02	1.108250149209825119e-01
4.063726979470437527e+03	1.336998231180468732e-01	7.890795151817286968e-02	3.264750337059457719e-01	2.068298166800360827e-01	9.652320119347990168e-02	4.673655586371103926e-02	1.108276179199909617e-01
4.078240290111404192e+03	1.336907956108263351e-01	7.889965780510900528e-02	3.264827707170417370e-01	2.068337557902371060e-01	9.652516653413917291e-02	4.673767836459777336e-02	1.108301751774323635e-01
4.092753600752369493e+03	1.336819386264499476e-01	7.889150097472348577e-02	3.264903779406889694e-01	2.068376259169621423e-01	9.652709747486706848e-02	4.673877154786593852e-02	1.108326875178259202e-01
4.107266911393336159e+03	1.336732490219912917e-01	7.888347869881304208e-02	3.264978576369232943e-01	2.068414283057538883e-01	9.652899463528964719e-02	4.673983594985304385e-02	1.108351557507592511e-01
4.121780222034301914e+03	1.336647237118820108e-01	7.887558868925705069e-02	3.265052120261424107e-01	2.068451641795353013e-01	9.653085862381594051e-02	4.674087209759132666e-02	1.108375806711594802e-01
4.136293532675267670e+03	1.336563596668713660e-01	7.886782869732229806e-02	3.265124432897994478e-01	2.068488347390215476e-01	9.653269003784137325e-02	4.674188050896826985e-02	1.108399630595592739e-01
4.150806843316233426e+03	1.336481539130045249e-01	7.886019651297980493e-02	3.265195535710846420e-01	2.068524411631246507e-01	9.653448946394752039e-02	4.674286169288437848e-02	1.108423036823580760e-01
4.165320153957199182e+03	1.336401035306191143e-01	7.885268996423375198e-02	3.265265449755951899e-01	2.068559846093505350e-01	9.653625747809820024e-02	4.674381614940819468e-02	1.108446032920785695e-01
4.179833464598164937e+03	1.336322056533602309e-01	7.884530691646193801e-02	3.265334195719934440e-01	2.068594662141887974e-01	9.653799464583200096e-02	4.674474436992867576e-02	1.108468626276185032e-01
4.194346775239130693e+03	1.336244574672127705e-01	7.883804527176777044e-02	3.265401793926536178e-01	2.068628870934954289e-01	9.653970152245128222e-02	4.674564683730486614e-02	1.108490824144977849e-01
4.208860085880096449e+03	1.336168562095518264e-01	7.883090296834376065e-02	3.265468264342973881e-01	2.068662483428683752e-01	9.654137865320780443e-02	4.674652402601303658e-02	1.108512633651013296e-01
4.223373396521062205e+03	1.336093991682096860e-01	7.882387797984580224e-02	3.265533626586183402e-01	2.068695510380164637e-01	9.654302657348487471e-02	4.674737640229123525e-02	1.108534061789171604e-01
4.237886707162027960e+03	1.336020836805600631e-01	7.881696831477860710e-02	3.265597899928954773e-01	2.068727962351213090e-01	9.654464580897624548e-02	4.674820442428138934e-02	1.108555115427704574e-01
4.252400017802994626e+03	1.335949071326187065e-01	7.881017201589178567e-02	3.265661103305964041e-01	2.068759849711926946e-01	9.654623687586180725e-02	4.674900854216886698e-02	1.108575801310531517e-01
4.266913328443960381e+03	1.335878669581602729e-01	7.880348715958640504e-02	3.265723255319699092e-01	2.068791182644176274e-01	9.654780028097999234e-02	4.674978919831970781e-02	1.108596126059494535e-01
4.281426639084926137e+03	1.335809606378512149e-01	7.879691185533199693e-02	3.265784374246278321e-01	2.068821971145026473e-01	9.654933652199704230e-02	4.675054682741542483e-02	1.108616096176572030e-01
4.295939949725891893e+03	1.335741856983982401e-01	7.879044424509357158e-02	3.265844478041172172e-01	2.068852225030102243e-01	9.655084608757330544e-02	4.675128185658548874e-02	1.108635718046052376e-01
4.310453260366857648e+03	1.335675397117123131e-01	7.878408250276887348e-02	3.265903584344826416e-01	2.068881953936887452e-01	9.655232945752637019e-02	4.675199470553754316e-02	1.108654997936667913e-01
4.324966571007824314e+03	1.335610202940876179e-01	7.877782483363515720e-02	3.265961710488183289e-01	2.068911167327965872e-01	9.655378710299139522e-02	4.675268578668533015e-02	1.108673942003689239e-01
4.339479881648789160e+03	1.335546251053954248e-01	7.877166947380577489e-02	3.266018873498107156e-01	2.068939874494203912e-01	9.655521948657831699e-02	4.675335550527440209e-02	1.108692556290983150e-01
4.353993192289754006e+03	1.335483518482925291e-01	7.876561468969627000e-02	3.266075090102720790e-01	2.068968084557871734e-01	9.655662706252640670e-02	4.675400425950572425e-02	1.108710846733031996e-01
4.368506502930720671e+03	1.335421982674440122e-01	7.875965877749960264e-02	3.266130376736641194e-01	2.068995806475710797e-01	9.655801027685595450e-02	4.675463244065704294e-02	1.108728819156915568e-01
4.383019813571686427e+03	1.335361621487600181e-01	7.875380006267070077e-02	3.266184749546131028e-01	2.069023049041943674e-01	9.655936956751703937e-02	4.675524043320224143e-02	1.108746479284258984e-01
4.397533124212653092e+03	1.335302413186463810e-01	7.874803689941983764e-02	3.266238224394155121e-01	2.069049820891228908e-01	9.656070536453587039e-02	4.675582861492855874e-02	1.108763832733143523e-01
4.412046434853618848e+03	1.335244336432687140e-01	7.874236767021497441e-02	3.266290816865349833e-01	2.069076130501562305e-01	9.656201809015825532e-02	4.675639735705187233e-02	1.108780885019982898e-01
4.426559745494584604e+03	1.335187370278299590e-01	7.873679078529266517e-02	3.266342542270909699e-01	2.069101986197125487e-01	9.656330815899058506e-02	4.675694702432987848e-02	1.108797641561366232e-01
4.441073056135550360e+03	1.335131494158608156e-01	7.873130468217752476e-02	3.266393415653384147e-01	2.069127396151081710e-01	9.656457597813816740e-02	4.675747797517340598e-02	1.108814107675866883e-01
4.455586366776516115e+03	1.335076687885232150e-01	7.872590782521005082e-02	3.266443451791392616e-01	2.069152368388320340e-01	9.656582194734113223e-02	4.675799056175575230e-02	1.108830288585817836e-01
4.470099677417481871e+03	1.335022931639261445e-01	7.872059870508267554e-02	3.266492665204255297e-01	2.069176910788153301e-01	9.656704645910779705e-02	4.675848513012016705e-02	1.108846189419056688e-01
4.484612988058447627e+03	1.334970205964539913e-01	7.871537583838386642e-02	3.266541070156546156e-01	2.069201031086960463e-01	9.656824989884565946e-02	4.675896202028545501e-02	1.108861815210637064e-01
4.499126298699412473e+03	1.334918491761071246e-01	7.871023776715029008e-02	3.266588680662565469e-01	2.069224736880786453e-01	9.656943264499001645e-02	4.675942156634975422e-02	1.108877170904509490e-01
4.513639609340379138e+03	1.334867770278542198e-01	7.870518305842652551e-02	3.266635510490734084e-01	2.069248035627892224e-01	9.657059506913021063e-02	4.675986409659252385e-02	1.108892261355172298e-01
4.528152919981345804e+03	1.334818023109964891e-01	7.870021030383268779e-02	3.266681573167907748e-01	2.069270934651257499e-01	9.657173753613362832e-02	4.676028993357480429e-02	1.108907091329291994e-01
4.542666230622311559e+03	1.334769232185431531e-01	7.869531811913943464e-02	3.266726881983622599e-01	2.069293441141039636e-01	9.657286040426737994e-02	4.676069939423766614e-02	1.108921665507294207e-01
4.557179541263276406e+03	1.334721379765985705e-01	7.869050514385041162e-02	3.266771449994260168e-01	2.069315562156987531e-01	9.657396402531789881e-02	4.676109278999904945e-02	1.108935988484926194e-01
4.571692851904243071e+03	1.334674448437601357e-01	7.868577004079201076e-02	3.266815290027142993e-01	2.069337304630808616e-01	9.657504874470819456e-02	4.676147042684886124e-02	1.108950064774790051e-01
4.586206162545208826e+03	1.334628421105272245e-01	7.868111149571009599e-02	3.266858414684556955e-01	2.069358675368497269e-01	9.657611490161314982e-02	4.676183260544247711e-02	1.108963898807849152e-01
4.600719473186175492e+03	1.334583280987208243e-01	7.867652821687401432e-02	3.266900836347707004e-01	2.069379681052617437e-01	9.657716282907262417e-02	4.676217962119260524e-02	1.108977494934906827e-01
4.615232783827140338e+03	1.334539011609137404e-01	7.867201893468721285e-02	3.266942567180598500e-01	2.069400328244545006e-01	9.657819285410251808e-02	4.676251176435954754e-02	1.108990857428058113e-01
4.629746094468105184e+03	1.334495596798709605e-01	7.866758240130480861e-02	3.266983619133851380e-01	2.069420623386669100e-01	9.657920529780392171e-02	4.676282932013995502e-02	1.109003990482114871e-01
4.644259405109071849e+03	1.334453020680002322e-01	7.866321739025777804e-02	3.267024003948452160e-01	2.069440572804553125e-01	9.658020047547005715e-02	4.676313256875400115e-02	1.109016898216005770e-01
4.658772715750037605e+03	1.334411267668125789e-01	7.865892269608366905e-02	3.267063733159437100e-01	2.069460182709056684e-01	9.658117869669155531e-02	4.676342178553106327e-02	1.109029584674150193e-01
4.673286026391004270e+03	1.334370322463926950e-01	7.865469713396364138e-02	3.267102818099507089e-01	2.069479459198418358e-01	9.658214026545963726e-02	4.676369724099394692e-02	1.109042053827807434e-01
4.687799337031970026e+03	1.334330170048787512e-01	7.865053953936604336e-02	3.267141269902589795e-01	2.069498408260301292e-01	9.658308548026753315e-02	4.676395920094163217e-02	1.109054309576402164e-01
4.702312647672935782e+03	1.334290795679516362e-01	7.864644876769587289e-02	3.267179099507327433e-01	2.069517035773800750e-01	9.658401463420990263e-02	4.676420792653059738e-02	1.109066355748824367e-01
4.716825958313901538e+03	1.334252184883336634e-01	7.864242369395067767e-02	3.267216317660511793e-01	2.069535347511416712e-01	9.658492801508067327e-02	4.676444367435474841e-02	1.109078196104706926e-01
4.731339268954867293e+03	1.334214323452961037e-01	7.863846321238211756e-02	3.267252934920453211e-01	2.069553349140988152e-01	9.658582590546899160e-02	4.676466669652394603e-02	1.109089834335679342e-01
4.745852579595833049e+03	1.334177197441757667e-01	7.863456623616366103e-02	3.267288961660298474e-01	2.069571046227594580e-01	9.658670858285339778e-02	4.676487724074123581e-02	1.109101274066599530e-01
4.760365890236798805e+03	1.334140793159003247e-01	7.863073169706386034e-02	3.267324408071279884e-01	2.069588444235419822e-01	9.658757631969433488e-02	4.676507555037866248e-02	1.109112518856761598e-01
4.774879200877764561e+03	1.334105097165222131e-01	7.862695854512545546e-02	3.267359284165917699e-01	2.069605548529585837e-01	9.658842938352499297e-02	4.676526186455184225e-02	1.109123572201084623e-01
4.789392511518729407e+03	1.334070096267609973e-01	7.862324574834990421e-02	3.267393599781158731e-01	2.069622364377950996e-01	9.658926803704051545e-02	4.676543641819322361e-02	1.109134437531276579e-01
4.803905822159696982e+03	1.334035777515540366e-01	7.861959229238761615e-02	3.267427364581465543e-01	2.069638896952874785e-01	9.659009253818556795e-02	4.676559944212407838e-02	1.109145118216979253e-01
4.818419132800663647e+03	1.334002128196152548e-01	7.861599718023325190e-02	3.267460588061847360e-01	2.069655151332951692e-01	9.659090314024029733e-02	4.676575116312527841e-02	1.109155617566891933e-01
4.832932443441628493e+03	1.333969135830019859e-01	7.861245943192661512e-02	3.267493279550839902e-01	2.069671132504714572e-01	9.659170009190480577e-02	4.676589180400681639e-02	1.109165938829874964e-01
4.837770213655283442e+03	1.333936788166895371e-01	7.860897808425858224e-02	3.267525448213432493e-01	2.069686845364304417e-01	9.659248363738200116e-02	4.676602158367615392e-02	1.109176085196032363e-01
