0.000000000000000000e+00	1.666653303026472410e-01	1.070580378213511208e-01	3.013158617465035438e-01	1.940061290678840034e-01	9.018143985893613268e-02	3.994386052824393935e-02	1.008293406734895176e-01
1.451331064096584811e+01	1.664667194534825423e-01	1.061362140555838912e-01	3.022872344855669358e-01	1.936180560846266219e-01	9.017135738531946443e-02	4.024587434874483255e-02	1.010745441857312382e-01
2.902662128193169622e+01	1.661970470791645227e-01	1.052935120564122695e-01	3.030544923149234293e-01	1.934470011996670680e-01	9.018160708105235623e-02	4.052235213468164537e-02	1.013039881331542769e-01
4.353993192289755143e+01	1.658704000425729463e-01	1.045181546041200893e-01	3.036865628810129225e-01	1.934166898009446467e-01	9.021040437728616856e-02	4.077625016537850949e-02	1.015215381277403267e-01
5.805324256386339954e+01	1.654983853616986411e-01	1.038003139663981195e-01	3.042284474127035510e-01	1.934772902091177471e-01	9.025563422752334863e-02	4.101019321862181544e-02	1.017297356029923799e-01
7.256655320482924765e+01	1.650905788762410120e-01	1.031317816366759121e-01	3.047095341659580292e-01	1.935962398529604278e-01	9.031510766455409789e-02	4.122649513463018389e-02	1.019302626680359536e-01
8.707986384579510286e+01	1.646548866699084346e-01	1.025056953534207865e-01	3.051490234989350792e-01	1.937522559544365419e-01	9.038670856286108723e-02	4.142718558259532446e-02	1.021242443768984320e-01
1.015931744867609581e+02	1.641978381930114528e-01	1.019163130293654768e-01	3.055594679762129728e-01	1.939314249824163339e-01	9.046847176891557873e-02	4.161403896699889665e-02	1.023124450821349812e-01
1.161064851277267991e+02	1.637248253291149480e-01	1.013588252431251863e-01	3.059490823602850629e-01	1.941246491245406935e-01	9.055861901829155569e-02	4.178860309750821039e-02	1.024953958261900916e-01
1.306197957686926259e+02	1.632402982706288586e-01	1.008291995278269154e-01	3.063232508694745948e-01	1.943259786606564288e-01	9.065556950228330357e-02	4.195222630693531962e-02	1.026734768612503207e-01
1.451331064096584669e+02	1.627479266035134486e-01	1.003240509422050758e-01	3.066855106161505695e-01	1.945315227135351599e-01	9.075793576610201308e-02	4.210608235980010244e-02	1.028469709977494068e-01
1.596464170506243647e+02	1.622507321761225696e-01	9.984053440807164059e-02	3.070381932437900585e-01	1.947387376327332775e-01	9.086451163484222937e-02	4.225119289433110908e-02	1.030160980091648915e-01
1.741597276915902057e+02	1.617511989552754825e-01	9.937625510165995490e-02	3.073828435440373874e-01	1.949459619660636189e-01	9.097425630277887476e-02	4.238844737707322258e-02	1.031810367521672628e-01
1.886730383325560467e+02	1.612513640263995018e-01	9.892919383759178620e-02	3.077204925646980782e-01	1.951521124683348041e-01	9.108627708504599130e-02	4.251862068224115943e-02	1.033419393347444898e-01
2.031863489735219162e+02	1.607528930858455607e-01	9.849764491504675590e-02	3.080518357863447076e-01	1.953564852942766272e-01	9.119981229220455732e-02	4.264238847657139675e-02	1.034989401487662330e-01
2.176996596144877287e+02	1.602571431405701019e-01	9.808016433042754390e-02	3.083773493688698464e-01	1.955586259081981415e-01	9.131421503553087404e-02	4.276034061968433247e-02	1.036521615957750053e-01
2.322129702554535982e+02	1.597652146296043574e-01	9.767552661817840987e-02	3.086973659996120611e-01	1.957582438978378858e-01	9.142893836628607218e-02	4.287299279580265854e-02	1.038017176917344353e-01
2.467262808964194392e+02	1.592779947817069275e-01	9.728268887609528570e-02	3.090121243902734793e-01	1.959551571413596094e-01	9.154352190640371867e-02	4.298079658514441376e-02	1.039477163180724251e-01
2.612395915373852517e+02	1.587961937014273628e-01	9.690076077505498098e-02	3.093218015862551074e-01	1.961492551701135012e-01	9.165757998311523103e-02	4.308414816870618363e-02	1.040902606143834785e-01
2.757529021783511780e+02	1.583203744145603442e-01	9.652897955484086856e-02	3.096265340656854659e-01	1.963404750913980701e-01	9.177079119867516399e-02	4.318339584233535366e-02	1.042294498315606555e-01
2.902662128193169337e+02	1.578509778909170380e-01	9.616668917509746395e-02	3.099264315266068159e-01	1.965287857350060396e-01	9.188288932451654789e-02	4.327884649727514049e-02	1.043653798496368967e-01
3.047795234602828600e+02	1.573883438877780871e-01	9.581332292943871287e-02	3.102215859046718593e-01	1.967141771890805191e-01	9.199365539147004445e-02	4.337077120608795466e-02	1.044981434905287859e-01
3.192928341012487294e+02	1.569327283138302886e-01	9.546838894628220662e-02	3.105120772791333250e-01	1.968966538716917514e-01	9.210291084431874997e-02	4.345941003574502193e-02	1.046278307080546061e-01
3.338061447422145420e+02	1.564843176949593240e-01	9.513145809610935866e-02	3.107979777479973893e-01	1.970762299253498995e-01	9.221051163375058868e-02	4.354497619405688080e-02	1.047545287068325226e-01
3.483194553831804114e+02	1.560432412253390244e-01	9.480215390487085891e-02	3.110793539770020932e-01	1.972529261404097067e-01	9.231634312785361174e-02	4.362765960162684475e-02	1.048783220219538515e-01
3.628327660241463377e+02	1.556095808061174479e-01	9.448014413989609672e-02	3.113562688817964053e-01	1.974267678870420262e-01	9.242031573631143138e-02	4.370762996912096882e-02	1.049992925787716219e-01
3.773460766651120935e+02	1.551833794066708738e-01	9.416513379018122409e-02	3.116287827427988155e-01	1.975977837144427818e-01	9.252236115198192445e-02	4.378503944877329412e-02	1.051175197442071191e-01
3.918593873060780197e+02	1.547646480274593728e-01	9.385685920919230318e-02	3.118969539480024311e-01	1.977660043930637435e-01	9.262242912576908183e-02	4.386002491955793420e-02	1.052330803760111178e-01
4.063726979470438323e+02	1.543533714970018178e-01	9.355508322687712541e-02	3.121608394910883044e-01	1.979314622523270228e-01	9.272048470118882113e-02	4.393270995721974825e-02	1.053460488733531514e-01
4.208860085880095880e+02	1.539495132967767244e-01	9.325959106972073198e-02	3.124204953079679492e-01	1.980941907165283677e-01	9.281650584457866449e-02	4.400320653322201125e-02	1.054564972302615977e-01
4.353993192289755143e+02	1.535530195756218963e-01	9.297018695447482883e-02	3.126759765060630469e-01	1.982542239745923307e-01	9.291048141544258621e-02	4.407161648050889752e-02	1.055644950923525088e-01
4.499126298699413837e+02	1.531638224883527799e-01	9.268669124353168254e-02	3.129273375218595277e-01	1.984115967409929571e-01	9.300240942897057550e-02	4.413803275866921838e-02	1.056701098166794167e-01
4.644259405109071963e+02	1.527818429709422721e-01	9.240893806854018344e-02	3.131746322300524299e-01	1.985663440793957180e-01	9.309229556938518335e-02	4.420254054651411718e-02	1.057734065342263302e-01
4.789392511518730657e+02	1.524069930459508448e-01	9.213677334439322741e-02	3.134179140196342583e-01	1.987185012699700104e-01	9.318015191852718759e-02	4.426521818614671810e-02	1.058744482144340360e-01
4.934525617928388783e+02	1.520391777363439834e-01	9.187005310866573626e-02	3.136572358470908206e-01	1.988681037075310520e-01	9.326599586908398964e-02	4.432613799921867465e-02	1.059732957311220330e-01
5.079658724338048046e+02	1.516782966528657794e-01	9.160864213238129050e-02	3.138926502734821766e-01	1.990151868217880926e-01	9.334984919617919652e-02	4.438536699316105588e-02	1.060700079291987674e-01
5.224791830747705035e+02	1.513242453093218698e-01	9.135241275698866015e-02	3.141242094899743820e-01	1.991597860137197529e-01	9.343173726476036722e-02	4.444296747267888203e-02	1.061646416916125074e-01
5.369924937157364866e+02	1.509769162111047336e-01	9.110124391993749959e-02	3.143519653349378107e-01	1.993019366039340823e-01	9.351168835342253682e-02	4.449899756965267766e-02	1.062572520060671155e-01
5.515058043567023560e+02	1.506361997547701892e-01	9.085502033750104955e-02	3.145759693047742167e-01	1.994416737901070769e-01	9.358973307805608377e-02	4.455351170274688549e-02	1.063478920311009962e-01
5.660191149976681118e+02	1.503019849701993926e-01	9.061363181871344430e-02	3.147962725600014222e-01	1.995790326114328661e-01	9.366590390106954711e-02	4.460656097644165319e-02	1.064366131611982069e-01
5.805324256386339812e+02	1.499741601316437745e-01	9.037697268863945088e-02	3.150129259277051896e-01	1.997140479185934847e-01	9.374023471396550344e-02	4.465819352784417690e-02	1.065234650906650427e-01
5.950457362795999643e+02	1.496526132595855374e-01	9.014494130282245388e-02	3.152259799011798425e-01	1.998467543481522724e-01	9.381276048278679169e-02	4.470845482846706048e-02	1.066084958760626783e-01
6.095590469205657200e+02	1.493372325317028904e-01	8.991743963778021931e-02	3.154354846373853549e-01	1.999771863005536943e-01	9.388351694744193066e-02	4.475738794715739682e-02	1.066917519970352196e-01
6.240723575615315895e+02	1.490279066181907919e-01	8.969437294493876056e-02	3.156414899527091311e-01	2.001053779211078298e-01	9.395254036719759283e-02	4.480503377949736354e-02	1.067732784154152154e-01
6.385856682024975726e+02	1.487245249541537806e-01	8.947564945749625354e-02	3.158440453174237161e-01	2.002313630834807179e-01	9.401986730572287065e-02	4.485143124825556604e-02	1.068531186325237387e-01
6.530989788434633283e+02	1.484269779596734673e-01	8.926118014145992263e-02	3.160431998491569083e-01	2.003551753753131104e-01	9.408553445001020810e-02	4.489661747883134241e-02	1.069313147446116496e-01
6.676122894844290840e+02	1.481351572163896457e-01	8.905087848355927593e-02	3.162390023056362853e-01	2.004768480856678470e-01	9.414957845830441985e-02	4.494062795308605834e-02	1.070079074964130350e-01
6.821256001253949535e+02	1.478489556079634615e-01	8.884466030995505359e-02	3.164315010769260805e-01	2.005964141940628775e-01	9.421203583286276440e-02	4.498349664448456076e-02	1.070829363328017897e-01
6.966389107663608229e+02	1.475682674305643649e-01	8.864244363067796950e-02	3.166207441773386533e-01	2.007139063608910923e-01	9.427294281396179920e-02	4.502525613706478275e-02	1.071564394485579885e-01
7.111522214073266923e+02	1.472929884784992538e-01	8.844414850557547059e-02	3.168067792371748181e-01	2.008293569190623129e-01	9.433233529207585288e-02	4.506593773040500767e-02	1.072284538362639622e-01
7.256655320482924481e+02	1.470230161092495047e-01	8.824969692824942424e-02	3.169896534944226518e-01	2.009427978667287229e-01	9.439024873558789219e-02	4.510557153245873391e-02	1.072990153323598456e-01
7.401788426892584312e+02	1.467582492914695225e-01	8.805901272505410604e-02	3.171694137865216367e-01	2.010542608609778292e-01	9.444671813176833131e-02	4.514418654186892060e-02	1.073681586613964012e-01
7.546921533302243006e+02	1.464985886389071623e-01	8.787202146671266312e-02	3.173461065422855110e-01	2.011637772123923695e-01	9.450177793907835189e-02	4.518181072115182162e-02	1.074359174785289028e-01
7.692054639711900563e+02	1.462439364327118574e-01	8.768865039051722265e-02	3.175197777740561556e-01	2.012713778803920939e-01	9.455546204913008179e-02	4.521847106194920585e-02	1.075023244103001790e-01
7.837187746121558121e+02	1.459941966341835595e-01	8.750882833141750139e-02	3.176904730701522461e-01	2.013770934692826753e-01	9.460780375687269372e-02	4.525419364338366390e-02	1.075674110937645256e-01
7.982320852531219089e+02	1.457492748896713763e-01	8.733248566058499085e-02	3.178582375876607413e-01	2.014809542249473839e-01	9.465883573777658655e-02	4.528900368440990504e-02	1.076312082140058607e-01
8.127453958940876646e+02	1.455090785290446831e-01	8.715955423027518800e-02	3.180231160456124528e-01	2.015829900321241819e-01	9.470859003096218642e-02	4.532292559093307333e-02	1.076937455401051069e-01
8.272587065350534203e+02	1.452735165589195687e-01	8.698996732400662846e-02	3.181851527185706185e-01	2.016832304122179176e-01	9.475709802736960452e-02	4.535598299836014757e-02	1.077550519596123940e-01
8.417720171760191761e+02	1.450424996516248288e-01	8.682365961123834908e-02	3.183443914306568479e-01	2.017817045216032112e-01	9.480439046219424348e-02	4.538819881015992291e-02	1.078151555115795246e-01
8.562853278169851592e+02	1.448159401307254068e-01	8.666056710586378387e-02	3.185008755500290389e-01	2.018784411503778686e-01	9.485049741092366204e-02	4.541959523292912748e-02	1.078740834182080333e-01
8.707986384579510286e+02	1.445937519537829063e-01	8.650062712795197895e-02	3.186546479838229251e-01	2.019734687215307689e-01	9.489544828840583424e-02	4.545019380839513540e-02	1.079318621151673652e-01
8.853119490989170117e+02	1.443758506929168350e-01	8.634377826826156177e-02	3.188057511735617466e-01	2.020668152904920301e-01	9.493927185046058259e-02	4.548001544272768648e-02	1.079885172806364646e-01
8.998252597398827675e+02	1.441621535136351495e-01	8.618996035513099008e-02	3.189542270910356581e-01	2.021585085450358643e-01	9.498199619761599211e-02	4.550908043348204229e-02	1.080440738631211900e-01
9.143385703808486369e+02	1.439525791523215970e-01	8.603911442341451166e-02	3.191001172346481507e-01	2.022485758055094507e-01	9.502364878061150821e-02	4.553740849445322980e-02	1.080985561080985285e-01
9.288518810218145063e+02	1.437470478927012907e-01	8.589118268518713961e-02	3.192434626262241615e-01	2.023370440253630387e-01	9.506425640736117233e-02	4.556501877868340822e-02	1.081519875835367794e-01
9.433651916627801484e+02	1.435454815415502794e-01	8.574610850198752243e-02	3.193843038082720964e-01	2.024239397919593286e-01	9.510384525111514886e-02	4.559192989983281569e-02	1.082043912043398476e-01
9.578785023037459041e+02	1.433478034038682125e-01	8.560383635840529415e-02	3.195226808416892217e-01	2.025092893276406458e-01	9.514244085959516761e-02	4.561815995209670543e-02	1.082557892557617779e-01
9.723918129447120009e+02	1.431539382576954011e-01	8.546431183685078425e-02	3.196586333038995975e-01	2.025931184910352845e-01	9.518006816491293709e-02	4.564372652882701942e-02	1.083062034158360359e-01
9.869051235856777566e+02	1.429638123287226281e-01	8.532748159337096017e-02	3.197922002874105107e-01	2.026754527785852855e-01	9.521675149410828431e-02	4.566864673999680019e-02	1.083556547768626810e-01
1.001418434226643626e+03	1.427773532648166366e-01	8.519329333439765173e-02	3.199234203987741942e-01	2.027563173262784957e-01	9.525251458016799344e-02	4.569293722862760587e-02	1.084041638659946072e-01
1.015931744867609382e+03	1.425944901105604123e-01	8.506169579433188466e-02	3.200523317579397897e-01	2.028357369115703912e-01	9.528738057340738199e-02	4.571661418628474027e-02	1.084517506649625568e-01
1.030445055508575479e+03	1.424151532818905552e-01	8.493263871388308239e-02	3.201789719979797333e-01	2.029137359554808173e-01	9.532137205311398687e-02	4.573969336773182209e-02	1.084984346289770696e-01
1.044958366149541234e+03	1.422392745408976311e-01	8.480607281909501027e-02	3.203033782651753536e-01	2.029903385248524039e-01	9.535451103936844197e-02	4.576219010482464322e-02	1.085442347048437006e-01
1.059471676790506763e+03	1.420667869708428510e-01	8.468194980100005043e-02	3.204255872194448074e-01	2.030655683347578622e-01	9.538681900497056332e-02	4.578411931971446830e-02	1.085891693483265752e-01
1.073984987431472746e+03	1.418976249514344867e-01	8.456022229585299921e-02	3.205456350350990857e-01	2.031394487510447822e-01	9.541831688740988471e-02	4.580549553742208763e-02	1.086332565407939210e-01
1.088498298072438729e+03	1.417317241343976353e-01	8.444084386590178237e-02	3.206635574019073287e-01	2.032120027930067463e-01	9.544902510082992064e-02	4.582633289783666353e-02	1.086765138051772189e-01
1.103011608713404712e+03	1.415690214193644769e-01	8.432376898065960247e-02	3.207793895264582917e-01	2.032832531361700723e-01	9.547896354794296880e-02	4.584664516718676974e-02	1.087189582212750721e-01
1.117524919354370468e+03	1.414094549301059267e-01	8.420895299864721018e-02	3.208931661338003671e-01	2.033532221151870822e-01	9.550815163186031354e-02	4.586644574902563887e-02	1.087606064404307155e-01
1.132038229995336451e+03	1.412529639911201951e-01	8.409635214957870974e-02	3.210049214693456165e-01	2.034219317268260441e-01	9.553660826780797921e-02	4.588574769476744947e-02	1.088014746996113918e-01
1.146551540636302207e+03	1.410994891045904698e-01	8.398592351696763936e-02	3.211146893010219938e-01	2.034894036330495704e-01	9.556435189470387226e-02	4.590456371380760570e-02	1.088415788349162416e-01
1.161064851277267962e+03	1.409489719277197128e-01	8.387762502113314811e-02	3.212225029216604910e-01	2.035556591641732860e-01	9.559140048657642497e-02	4.592290618325604173e-02	1.088809342945382813e-01
1.175578161918233945e+03	1.408013552504480403e-01	8.377141540258827013e-02	3.213283951516013870e-01	2.036207193220969103e-01	9.561777156380851794e-02	4.594078715730944007e-02	1.089195561512048688e-01
1.190091472559199701e+03	1.406565829735563489e-01	8.366725420579453065e-02	3.214323983415060537e-01	2.036846047836008422e-01	9.564348220419417734e-02	4.595821837628560891e-02	1.089574591141198728e-01
1.204604783200165684e+03	1.405146000871569101e-01	8.356510176326908956e-02	3.215345443753618304e-01	2.037473359037011988e-01	9.566854905379779117e-02	4.597521127534066887e-02	1.089946575404299040e-01
1.219118093841131440e+03	1.403753526495712944e-01	8.346491918003147437e-02	3.216348646736661432e-01	2.038089327190569511e-01	9.569298833760811474e-02	4.599177699288767990e-02	1.090311654462357699e-01
1.233631404482097196e+03	1.402387877665938476e-01	8.336666831837885594e-02	3.217333901967772691e-01	2.038694149514232723e-01	9.571681586998155578e-02	4.600792637873341723e-02	1.090669965171692374e-01
1.248144715123063179e+03	1.401048535711381937e-01	8.327031178297919500e-02	3.218301514484208647e-01	2.039288020111451605e-01	9.574004706487072858e-02	4.602367000194861058e-02	1.091021641185547231e-01
1.262658025764028707e+03	1.399734992032636571e-01	8.317581290627309998e-02	3.219251784793395466e-01	2.039871130006861988e-01	9.576269694583570968e-02	4.603901815848514961e-02	1.091366813051741491e-01
1.277171336404994690e+03	1.398446747905775500e-01	8.308313573417547282e-02	3.220185008910750324e-01	2.040443667181874032e-01	9.578478015583664906e-02	4.605398087855297473e-02	1.091705608306524911e-01
1.291684647045960673e+03	1.397183314290085521e-01	8.299224501206890758e-02	3.221101478398726292e-01	2.041005816610511059e-01	9.580631096680750081e-02	4.606856793376787329e-02	1.092038151564810322e-01
1.306197957686926657e+03	1.395944211639468524e-01	8.290310617108123670e-02	3.222001480406972429e-01	2.041557760295458768e-01	9.582730328901151173e-02	4.608278884408083254e-02	1.092364564606940341e-01
1.320711268327892412e+03	1.394728969717452804e-01	8.281568531464020277e-02	3.222885297713519170e-01	2.042099677304279048e-01	9.584777068017957813e-02	4.609665288449837223e-02	1.092684966462143387e-01
1.335224578968857941e+03	1.393537127415761523e-01	8.272994920529838647e-02	3.223753208766893530e-01	2.042631743805750355e-01	9.586772635443355228e-02	4.611016909160281507e-02	1.092999473488823065e-01
1.349737889609823924e+03	1.392368232576383924e-01	8.264586525182227028e-02	3.224605487729079734e-01	2.043154133106296899e-01	9.588718319099669152e-02	4.612334626988063430e-02	1.093308199451819701e-01
1.364251200250789907e+03	1.391221841817085469e-01	8.256340149653923488e-02	3.225442404519238138e-01	2.043667015686473631e-01	9.590615374269424731e-02	4.613619299786660133e-02	1.093611255596778215e-01
1.378764510891755890e+03	1.390097520360308037e-01	8.248252660293657612e-02	3.226264224858108043e-01	2.044170559237470652e-01	9.592465024424709497e-02	4.614871763411063088e-02	1.093908750721746814e-01
1.393277821532721646e+03	1.388994841865389407e-01	8.240320984350742173e-02	3.227071210313015026e-01	2.044664928697610962e-01	9.594268462036184553e-02	4.616092832297413046e-02	1.094200791246127263e-01
1.407791132173687402e+03	1.387913388264052916e-01	8.232542108783766355e-02	3.227863618343415064e-01	2.045150286288807684e-01	9.596026849362118694e-02	4.617283300026195358e-02	1.094487481277093416e-01
1.422304442814653157e+03	1.386852749599102874e-01	8.224913079092911750e-02	3.228641702346904951e-01	2.045626791552958013e-01	9.597741319217785450e-02	4.618443939869575077e-02	1.094768922673584471e-01
1.436817753455619140e+03	1.385812523866266632e-01	8.217430998175381807e-02	3.229405711705636284e-01	2.046094601388246670e-01	9.599412975725646335e-02	4.619575505323435249e-02	1.095045215107981473e-01
1.451331064096585123e+03	1.384792316859126682e-01	8.210093025203461792e-02	3.230155891833073611e-01	2.046553870085336957e-01	9.601042895046688064e-02	4.620678730624618730e-02	1.095316456125563498e-01
1.465844374737550879e+03	1.383791742017085047e-01	8.202896374524736023e-02	3.230892484221036254e-01	2.047004749363423026e-01	9.602632126093328668e-02	4.621754331253876552e-02	1.095582741201839988e-01
1.480357685378516862e+03	1.382810420276298358e-01	8.195838314584016904e-02	3.231615726486973816e-01	2.047447388406128110e-01	9.604181691224279727e-02	4.622803004424985013e-02	1.095844163797850546e-01
1.494870996019482618e+03	1.381847979923533365e-01	8.188916166866520852e-02	3.232325852421420453e-01	2.047881933897227613e-01	9.605692586921799059e-02	4.623825429560473460e-02	1.096100815413518365e-01
1.509384306660448374e+03	1.380904056452881001e-01	8.182127304861891437e-02	3.233023092035583468e-01	2.048308530056177357e-01	9.607165784451705826e-02	4.624822268754383292e-02	1.096352785639138905e-01
1.523897617301414357e+03	1.379978292425277919e-01	8.175469153048624260e-02	3.233707671609015732e-01	2.048727318673434217e-01	9.608602230506577135e-02	4.625794167222466863e-02	1.096600162205084300e-01
1.538410927942380113e+03	1.379070337330777496e-01	8.168939185898481392e-02	3.234379813737335296e-01	2.049138439145548329e-01	9.610002847832525841e-02	4.626741753740198915e-02	1.096843031029797882e-01
1.552924238583346096e+03	1.378179847453521178e-01	8.162534926900508192e-02	3.235039737379944436e-01	2.049542028510019376e-01	9.611368535839949490e-02	4.627665641068986341e-02	1.097081476266150574e-01
1.567437549224311852e+03	1.377306485739353825e-01	8.156253947604234777e-02	3.235687657907720394e-01	2.049938221479899458e-01	9.612700171198640398e-02	4.628566426370911424e-02	1.097315580346227698e-01
1.581950859865277607e+03	1.376449921666033638e-01	8.150093866681723531e-02	3.236323787150632292e-01	2.050327150478129246e-01	9.613998608417645420e-02	4.629444691612361745e-02	1.097545424024611721e-01
1.596464170506243590e+03	1.375609831115985060e-01	8.144052349008028269e-02	3.236948333445256454e-01	2.050708945671601280e-01	9.615264680410247344e-02	4.630301003956869416e-02	1.097771086420222947e-01
1.610977481147209119e+03	1.374785896251544681e-01	8.138127104759740327e-02	3.237561501682157394e-01	2.051083735004935182e-01	9.616499199044446777e-02	4.631135916147462867e-02	1.097992645056777988e-01
1.625490791788175102e+03	1.373977805392652407e-01	8.132315888531251036e-02	3.238163493353105604e-01	2.051451644233958926e-01	9.617702955679298393e-02	4.631949966878848995e-02	1.098210175901923047e-01
1.640004102429141085e+03	1.373185252896937936e-01	8.126616498468369754e-02	3.238754506598105487e-01	2.051812796958884522e-01	9.618876721687480424e-02	4.632743681159710858e-02	1.098423753405095571e-01
1.654517413070107068e+03	1.372407939042157854e-01	8.121026775418957455e-02	3.239334736252205693e-01	2.052167314657173391e-01	9.620021248964412408e-02	4.633517570665396379e-02	1.098633450534165917e-01
1.669030723711072824e+03	1.371645569910933948e-01	8.115544602100246974e-02	3.239904373892071865e-01	2.052515316716082283e-01	9.621137270424294508e-02	4.634272134081280498e-02	1.098839338810909810e-01
1.683544034352038352e+03	1.370897857277752208e-01	8.110167902282500174e-02	3.240463607882292374e-01	2.052856920464883883e-01	9.622225500483397309e-02	4.635007857437049156e-02	1.099041488345356976e-01
1.698057344993004335e+03	1.370164518498171724e-01	8.104894639988703686e-02	3.241012623421409833e-01	2.053192241206756030e-01	9.623286635530908795e-02	4.635725214432179220e-02	1.099239967869063139e-01
1.712570655633970318e+03	1.369445276400207134e-01	8.099722818709952088e-02	3.241551602587642300e-01	2.053521392250337030e-01	9.624321354387695149e-02	4.636424666752832907e-02	1.099434844767345210e-01
1.727083966274936301e+03	1.368739859177834639e-01	8.094650480636246537e-02	3.242080724384290846e-01	2.053844484940937909e-01	9.625330318753247405e-02	4.637106664380432480e-02	1.099626185110524068e-01
1.741597276915902057e+03	1.368048000286585797e-01	8.089675705902368841e-02	3.242600164784807948e-01	2.054161628691411057e-01	9.626314173641142835e-02	4.637771645892119210e-02	1.099814053684212700e-01
1.756110587556867813e+03	1.367369438341182741e-01	8.084796611848560355e-02	3.243110096777517271e-01	2.054472931012671366e-01	9.627273547803322229e-02	4.638420038753341551e-02	1.099998514018686452e-01
1.770623898197833569e+03	1.366703917015181236e-01	8.080011352295692062e-02	3.243610690409968744e-01	2.054778497543866544e-01	9.628209054143450907e-02	4.639052259602773065e-02	1.100179628417371908e-01
1.785137208838799552e+03	1.366051184942573271e-01	8.075318116834648285e-02	3.244102112832913942e-01	2.055078432082193540e-01	9.629121290119668775e-02	4.639668714529779359e-02	1.100357457984489501e-01
1.799650519479765535e+03	1.365410995621317847e-01	8.070715130129650638e-02	3.244584528343896213e-01	2.055372836612359422e-01	9.630010838136984774e-02	4.640269799344625551e-02	1.100532062651880943e-01
1.814163830120731291e+03	1.364783107318760236e-01	8.066200651235223840e-02	3.245058098430435023e-01	2.055661811335685596e-01	9.630878265929604387e-02	4.640855899841638682e-02	1.100703501205053253e-01
1.828677140761696819e+03	1.364167282978899776e-01	8.061772972926564695e-02	3.245522981812807850e-01	2.055945454698853980e-01	9.631724126933441377e-02	4.641427392055496454e-02	1.100871831308469495e-01
1.843190451402663257e+03	1.363563290131471761e-01	8.057430421043025592e-02	3.245979334486408519e-01	2.056223863422293463e-01	9.632548960649055247e-02	4.641984642510842834e-02	1.101037109530114549e-01
1.857703762043628785e+03	1.362970900802809582e-01	8.053171353844465474e-02	3.246427309763684210e-01	2.056497132528206095e-01	9.633353292995298911e-02	4.642528008465404005e-02	1.101199391365363378e-01
1.872217072684594768e+03	1.362389891428447963e-01	8.048994161380203238e-02	3.246867058315633381e-01	2.056765355368234960e-01	9.634137636653880565e-02	4.643057838146779498e-02	1.101358731260177054e-01
1.886730383325560297e+03	1.361820042767435956e-01	8.044897264870336240e-02	3.247298728212870134e-01	2.057028623650770660e-01	9.634902491405096525e-02	4.643574470983081320e-02	1.101515182633652223e-01
1.901243693966526507e+03	1.361261139818324140e-01	8.040879116099182433e-02	3.247722464966238398e-01	2.057287027467897267e-01	9.635648344454958436e-02	4.644078237827580641e-02	1.101668797899948010e-01
1.915757004607492036e+03	1.360712971736797172e-01	8.036938196820583857e-02	3.248138411566982020e-01	2.057540655321983269e-01	9.636375670753945244e-02	4.644569461177528585e-02	1.101819628489612291e-01
1.930270315248458019e+03	1.360175331754912287e-01	8.033073018174867463e-02	3.248546708526453553e-01	2.057789594151910040e-01	9.637084933307582535e-02	4.645048455387303793e-02	1.101967724870329540e-01
1.944783625889424002e+03	1.359648017101917905e-01	8.029282120117214872e-02	3.248947493915373963e-01	2.058033929358944747e-01	9.637776583479075454e-02	4.645515526876035917e-02	1.102113136567111767e-01
1.959296936530389530e+03	1.359130828926620738e-01	8.025564070857224563e-02	3.249340903402622716e-01	2.058273744832259666e-01	9.638451061284200594e-02	4.645970974329855646e-02	1.102255912181950709e-01
1.973810247171355968e+03	1.358623572221265841e-01	8.021917466309429201e-02	3.249727070293572107e-01	2.058509122974093164e-01	9.639108795678646979e-02	4.646415088898911416e-02	1.102396099412952107e-01
1.988323557812321269e+03	1.358126055746908256e-01	8.018340929554580720e-02	3.250106125567952531e-01	2.058740144724562071e-01	9.639750204838012926e-02	4.646848154389293661e-02	1.102533745072970112e-01
2.002836868453287707e+03	1.357638091960238769e-01	8.014833110311464504e-02	3.250478197917252010e-01	2.058966889586122673e-01	9.640375696430641961e-02	4.647270447450002617e-02	1.102668895107758035e-01
2.017350179094252780e+03	1.357159496941838794e-01	8.011392684419052501e-02	3.250843413781646651e-01	2.059189435647680311e-01	9.640985667883490706e-02	4.647682237755083878e-02	1.102801594613653929e-01
2.031863489735218764e+03	1.356690090325838594e-01	8.008018353328776040e-02	3.251201897386468143e-01	2.059407859608355651e-01	9.641580506641206361e-02	4.648083788181071180e-02	1.102931887854814580e-01
2.046376800376184747e+03	1.356229695230946330e-01	8.004708843606733737e-02	3.251553770778196628e-01	2.059622236800906780e-01	9.642160590418581700e-02	4.648475354979846041e-02	1.103059818280017063e-01
2.060890111017150957e+03	1.355778138192824944e-01	8.001462906445636070e-02	3.251899153859986735e-01	2.059832641214808524e-01	9.642726287446570788e-02	4.648857187947050967e-02	1.103185428539037866e-01
2.075403421658116713e+03	1.355335249097786576e-01	7.998279317186279824e-02	3.252238164426731193e-01	2.060039145518991199e-01	9.643277956712026366e-02	4.649229530586158898e-02	1.103308760498628027e-01
2.089916732299082469e+03	1.354900861117784572e-01	7.995156874848391437e-02	3.252570918199653160e-01	2.060241821084247971e-01	9.643815948191326870e-02	4.649592620268322429e-02	1.103429855258094838e-01
2.104430042940048224e+03	1.354474810646670302e-01	7.992094401670624126e-02	3.252897528860430598e-01	2.060440738005303030e-01	9.644340603078035978e-02	4.649946688388109650e-02	1.103548753164504126e-01
2.118943353581013525e+03	1.354056937237696490e-01	7.989090742659556155e-02	3.253218108084864335e-01	2.060635965122553370e-01	9.644852254004759873e-02	4.650291960515238326e-02	1.103665493827515887e-01
2.133456664221980191e+03	1.353647083542236784e-01	7.986144765147493163e-02	3.253532765576077068e-01	2.060827570043481660e-01	9.645351225259367334e-02	4.650628656542406258e-02	1.103780116133863815e-01
2.147969974862945492e+03	1.353245095249702157e-01	7.983255358358916365e-02	3.253841609097257170e-01	2.061015619163741874e-01	9.645837832995682315e-02	4.650956990829326759e-02	1.103892658261492188e-01
2.162483285503912157e+03	1.352850821028629691e-01	7.980421432985390640e-02	3.254144744503940645e-01	2.061200177687928237e-01	9.646312385438821080e-02	4.651277172343072641e-02	1.104003157693358855e-01
2.176996596144877003e+03	1.352464112468918511e-01	7.977641920768786810e-02	3.254442275775840110e-01	2.061381309650021365e-01	9.646775183085301575e-02	4.651589404794805732e-02	1.104111651230916397e-01
2.191509906785843214e+03	1.352084824025192311e-01	7.974915774092627974e-02	3.254734305048220255e-01	2.061559077933522721e-01	9.647226518898056880e-02	4.651893886773015435e-02	1.104218175007280756e-01
2.206023217426809424e+03	1.351712812961266552e-01	7.972241965581423895e-02	3.255020932642823106e-01	2.061733544291274589e-01	9.647666678496495674e-02	4.652190811873328086e-02	1.104322764500097059e-01
2.220536528067775180e+03	1.351347939295697020e-01	7.969619487707828298e-02	3.255302257098348639e-01	2.061904769364972800e-01	9.648095940341717969e-02	4.652480368825001600e-02	1.104425454544112617e-01
2.235049838708740936e+03	1.350990065748390867e-01	7.967047352407460870e-02	3.255578375200488539e-01	2.062072812704375258e-01	9.648514575917029046e-02	4.652762741614173414e-02	1.104526279343464729e-01
2.249563149349706237e+03	1.350639057688255706e-01	7.964524590701241302e-02	3.255849382011523074e-01	2.062237732786206534e-01	9.648922849903866783e-02	4.653038109603957473e-02	1.104625272483692883e-01
2.264076459990672902e+03	1.350294783081871508e-01	7.962050252325109101e-02	3.256115370899480554e-01	2.062399587032766601e-01	9.649321020353250622e-02	4.653306647651465205e-02	1.104722466943483805e-01
2.278589770631638203e+03	1.349957112443160301e-01	7.959623405366943183e-02	3.256376433566860462e-01	2.062558431830242567e-01	9.649709338852886786e-02	4.653568526221835144e-02	1.104817895106155468e-01
2.293103081272604413e+03	1.349625918784035927e-01	7.957243135910595233e-02	3.256632660078931929e-01	2.062714322546731482e-01	9.650088050690021346e-02	4.653823911499351679e-02	1.104911588770889769e-01
2.307616391913570169e+03	1.349301077566016915e-01	7.954908547686834197e-02	3.256884138891605329e-01	2.062867313549971993e-01	9.650457395010161865e-02	4.654072965495716779e-02	1.105003579163720551e-01
2.322129702554535925e+03	1.348982466652780265e-01	7.952618761731126973e-02	3.257130956878881434e-01	2.063017458224795930e-01	9.650817604971771713e-02	4.654315846155561431e-02	1.105093896948282778e-01
2.336643013195502135e+03	1.348669966263638387e-01	7.950372916048073502e-02	3.257373199359884786e-01	2.063164808990294863e-01	9.651168907897036964e-02	4.654552707459259919e-02	1.105182572236331207e-01
2.351156323836467891e+03	1.348363458927923086e-01	7.948170165282390787e-02	3.257610950125481852e-01	2.063309417316712968e-01	9.651511525418818294e-02	4.654783699523123985e-02	1.105269634598034928e-01
2.365669634477433647e+03	1.348062829440256905e-01	7.946009680396314001e-02	3.257844291464493391e-01	2.063451333742063187e-01	9.651845673623860034e-02	4.655008968697036537e-02	1.105355113072051948e-01
2.380182945118399402e+03	1.347767964816694031e-01	7.943890648353281458e-02	3.258073304189496588e-01	2.063590607888476369e-01	9.652171563192381287e-02	4.655228657659597064e-02	1.105439036175393380e-01
2.394696255759364703e+03	1.347478754251716093e-01	7.941812271807789647e-02	3.258298067662234732e-01	2.063727288478280075e-01	9.652489399534125436e-02	4.655442905510845386e-02	1.105521431913079472e-01
2.409209566400331823e+03	1.347195089076063945e-01	7.939773768801279552e-02	3.258518659818623875e-01	2.063861423349817592e-01	9.652799382920965177e-02	4.655651847862613685e-02	1.105602327787595651e-01
2.423722877041296670e+03	1.346916862715390462e-01	7.937774372463964057e-02	3.258735157193369814e-01	2.063993059473004654e-01	9.653101708616144971e-02	4.655855616926585228e-02	1.105681750808152203e-01
2.438236187682262880e+03	1.346643970649716859e-01	7.935813330722463199e-02	3.258947634944201477e-01	2.064122242964632203e-01	9.653396567000245565e-02	4.656054341600106977e-02	1.105759727499754791e-01
2.452749498323228636e+03	1.346376310373677554e-01	7.933889906013118221e-02	3.259156166875715743e-01	2.064249019103415184e-01	9.653684143693970487e-02	4.656248147549817140e-02	1.105836283912088047e-01
2.467262808964194392e+03	1.346113781357539951e-01	7.932003375000908074e-02	3.259360825462847555e-01	2.064373432344792925e-01	9.653964619677821157e-02	4.656437157293146639e-02	1.105911445628219997e-01
2.481776119605160602e+03	1.345856285008978637e-01	7.930153028303829621e-02	3.259561681873967554e-01	2.064495526335481945e-01	9.654238171408735525e-02	4.656621490277744468e-02	1.105985237773129404e-01
2.496289430246126358e+03	1.345603724635596743e-01	7.928338170222645753e-02	3.259758805993608344e-01	2.064615343927790059e-01	9.654504970933783237e-02	4.656801262958887300e-02	1.106057685022062559e-01
2.510802740887092114e+03	1.345356005408173128e-01	7.926558118475895975e-02	3.259952266444826052e-01	2.064732927193688172e-01	9.654765186000985322e-02	4.656976588874914974e-02	1.106128811608722701e-01
2.525316051528057415e+03	1.345113034324625367e-01	7.924812203940072297e-02	3.260142130611202727e-01	2.064848317438649494e-01	9.655018980167327791e-02	4.657147578720757103e-02	1.106198641333296512e-01
2.539829362169024080e+03	1.344874720174672467e-01	7.923099770394839703e-02	3.260328464658495684e-01	2.064961555215253652e-01	9.655266512904042697e-02	4.657314340419584087e-02	1.106267197570321575e-01
2.554342672809989381e+03	1.344640973505184800e-01	7.921420174273223480e-02	3.260511333555931590e-01	2.065072680336564881e-01	9.655507939699232989e-02	4.657476979192641531e-02	1.106334503276399650e-01
2.568855983450955591e+03	1.344411706586206567e-01	7.919772784416656553e-02	3.260690801097156366e-01	2.065181731889283723e-01	9.655743412157900829e-02	4.657635597627310386e-02	1.106400580997757566e-01
2.583369294091921347e+03	1.344186833377639667e-01	7.918156981834791053e-02	3.260866929920845925e-01	2.065288748246676409e-01	9.655973078099450158e-02	4.657790295743442083e-02	1.106465452877661848e-01
2.597882604732887103e+03	1.343966269496572608e-01	7.916572159469983938e-02	3.261039781530973847e-01	2.065393767081286081e-01	9.656197081652721781e-02	4.657941171058008201e-02	1.106529140663688737e-01
2.612395915373853313e+03	1.343749932185247242e-01	7.915017721966363662e-02	3.261209416316753207e-01	2.065496825377428347e-01	9.656415563348637321e-02	4.658088318648107712e-02	1.106591665714853207e-01
2.626909226014819069e+03	1.343537740279644177e-01	7.913493085443389086e-02	3.261375893572245888e-01	2.065597959443473963e-01	9.656628660210493653e-02	4.658231831212382434e-02	1.106653049008602258e-01
2.641422536655784825e+03	1.343329614178681020e-01	7.911997677273810425e-02	3.261539271515650484e-01	2.065697204923923336e-01	9.656836505841981388e-02	4.658371799130869156e-02	1.106713311147672213e-01
2.655935847296750580e+03	1.343125475814006542e-01	7.910530935865947577e-02	3.261699607308267690e-01	2.065794596811275086e-01	9.657039230512988459e-02	4.658508310523339080e-02	1.106772472366816529e-01
2.670449157937716336e+03	1.342925248620382983e-01	7.909092310450202556e-02	3.261856957073156482e-01	2.065890169457690884e-01	9.657236961243224893e-02	4.658641451306155118e-02	1.106830552539404960e-01
2.684962468578682547e+03	1.342728857506642060e-01	7.907681260869724171e-02	3.262011375913476674e-01	2.065983956586461556e-01	9.657429821883749266e-02	4.658771305247690758e-02	1.106887571183897689e-01
2.699475779219648302e+03	1.342536228827206357e-01	7.906297257375134724e-02	3.262162917930523376e-01	2.066075991303275572e-01	9.657617933196435689e-02	4.658897954022348659e-02	1.106943547470198019e-01
2.713989089860614058e+03	1.342347290354160838e-01	7.904939780423254903e-02	3.262311636241466140e-01	2.066166306107295458e-01	9.657801412931429907e-02	4.659021477263203259e-02	1.106998500225883919e-01
2.728502400501579814e+03	1.342161971249868635e-01	7.903608320479738047e-02	3.262457582996787786e-01	2.066254932902042152e-01	9.657980375902663894e-02	4.659141952613318760e-02	1.107052447942324797e-01
2.743015711142545115e+03	1.341980202040117531e-01	7.902302377825527746e-02	3.262600809397427359e-01	2.066341903006093106e-01	9.658154934061458086e-02	4.659259455775763975e-02	1.107105408780682532e-01
2.757529021783511780e+03	1.341801914587787137e-01	7.901021462367095738e-02	3.262741365711641639e-01	2.066427247163594161e-01	9.658325196568268156e-02	4.659374060562361530e-02	1.107157400577800654e-01
2.772042332424477081e+03	1.341627042067026765e-01	7.899765093450350495e-02	3.262879301291574663e-01	2.066510995554590169e-01	9.658491269862627682e-02	4.659485838941207492e-02	1.107208440851985554e-01
2.786555643065443292e+03	1.341455518937935132e-01	7.898532799678165128e-02	3.263014664589553582e-01	2.066593177805179926e-01	9.658653257731329711e-02	4.659594861082985012e-02	1.107258546808679162e-01
2.801068953706408593e+03	1.341287280921730218e-01	7.897324118731451070e-02	3.263147503174105846e-01	2.066673822997488197e-01	9.658811261374881940e-02	4.659701195406111551e-02	1.107307735346027694e-01
2.815582264347374803e+03	1.341122264976400968e-01	7.896138597193699815e-02	3.263277863745701057e-01	2.066752959679472312e-01	9.658965379472295165e-02	4.659804908620738401e-02	1.107356023060347971e-01
2.830095574988341014e+03	1.340960409272831111e-01	7.894975790378951086e-02	3.263405792152236917e-01	2.066830615874551413e-01	9.659115708244242482e-02	4.659906065771643457e-02	1.107403426251492989e-01
2.844608885629306769e+03	1.340801653171385110e-01	7.893835262163063915e-02	3.263531333404247059e-01	2.066906819091072767e-01	9.659262341514619765e-02	4.660004730280040142e-02	1.107449960928119231e-01
2.859122196270272525e+03	1.340645937198950421e-01	7.892716584818301739e-02	3.263654531689856864e-01	2.066981596331611826e-01	9.659405370770558774e-02	4.660100963984326744e-02	1.107495642812858505e-01
2.873635506911238281e+03	1.340493203026421887e-01	7.891619338851108001e-02	3.263775430389486698e-01	2.067054974102108256e-01	9.659544885220940069e-02	4.660194827179808819e-02	1.107540487347394575e-01
2.888148817552204036e+03	1.340343393446624953e-01	7.890543112843030615e-02	3.263894072090293696e-01	2.067126978420844308e-01	9.659680971853412679e-02	4.660286378657422374e-02	1.107584509697447789e-01
2.902662128193170247e+03	1.340196452352663825e-01	7.889487503294741189e-02	3.264010498600377619e-01	2.067197634827264985e-01	9.659813715490001007e-02	4.660375675741468965e-02	1.107627724757669907e-01
2.917175438834136003e+03	1.340052324716692889e-01	7.888452114473071264e-02	3.264124750962733579e-01	2.067266968390643611e-01	9.659943198841294820e-02	4.660462774326409180e-02	1.107670147156449847e-01
2.931688749475101758e+03	1.339910956569096978e-01	7.887436558261028130e-02	3.264236869468969404e-01	2.067335003718595576e-01	9.660069502559288923e-02	4.660547728912722842e-02	1.107711791260631989e-01
2.946202060116067514e+03	1.339772294978074096e-01	7.886440454010709700e-02	3.264346893672784300e-01	2.067401764965443589e-01	9.660192705288883630e-02	4.660630592641863690e-02	1.107752671180150944e-01
2.960715370757033725e+03	1.339636288029617817e-01	7.885463428399072661e-02	3.264454862403215474e-01	2.067467275840433882e-01	9.660312883718100152e-02	4.660711417330334894e-02	1.107792800772581521e-01
2.975228681397999480e+03	1.339502884807883265e-01	7.884505115286505328e-02	3.264560813777657722e-01	2.067531559615808090e-01	9.660430112627024779e-02	4.660790253502903463e-02	1.107832193647607655e-01
2.989741992038964781e+03	1.339372035375933634e-01	7.883565155578142747e-02	3.264664785214655418e-01	2.067594639134735512e-01	9.660544464935524878e-02	4.660867150424976429e-02	1.107870863171411258e-01
3.004255302679930992e+03	1.339243690756863614e-01	7.882643197087860210e-02	3.264766813446474680e-01	2.067656536819101054e-01	9.660656011749770011e-02	4.660942156134163794e-02	1.107908822470981686e-01
3.018768613320896748e+03	1.339117802915283373e-01	7.881738894404913265e-02	3.264866934531454046e-01	2.067717274677159933e-01	9.660764822407580388e-02	4.661015317471043501e-02	1.107946084438349299e-01
3.033281923961862958e+03	1.338994324739163910e-01	7.880851908763165936e-02	3.264965183866144760e-01	2.067776874311054447e-01	9.660870964522629001e-02	4.661086680109152031e-02	1.107982661734743107e-01
3.047795234602828714e+03	1.338873210022033522e-01	7.879981907912839145e-02	3.265061596197235128e-01	2.067835356924197787e-01	9.660974504027548815e-02	4.661156288584218654e-02	1.108018566794674031e-01
3.062308545243794470e+03	1.338754413445517877e-01	7.879128565994764077e-02	3.265156205633272246e-01	2.067892743328528515e-01	9.661075505215940828e-02	4.661224186322664859e-02	1.108053811829945307e-01
3.076821855884760225e+03	1.338637890562219268e-01	7.878291563417053056e-02	3.265249045656177240e-01	2.067949053951634586e-01	9.661174030783339917e-02	4.661290415669382819e-02	1.108088408833592109e-01
3.091335166525725526e+03	1.338523597778926433e-01	7.877470586734183766e-02	3.265340149132555658e-01	2.068004308843753580e-01	9.661270141867141226e-02	4.661355017914817211e-02	1.108122369583751515e-01
3.105848477166692192e+03	1.338411492340149667e-01	7.876665328528395515e-02	3.265429548324814135e-01	2.068058527684645542e-01	9.661363898085530144e-02	4.661418033321364229e-02	1.108155705647462796e-01
3.120361787807657493e+03	1.338301532311974573e-01	7.875875487293416966e-02	3.265517274902083322e-01	2.068111729790345910e-01	9.661455357575438052e-02	4.661479501149107946e-02	1.108188428384401375e-01
3.134875098448624158e+03	1.338193676566228063e-01	7.875100767320414308e-02	3.265603359950945417e-01	2.068163934119796599e-01	9.661544577029532177e-02	4.661539459680903025e-02	1.108220548950546308e-01
3.149388409089589004e+03	1.338087884764950219e-01	7.874340878586177928e-02	3.265687833985977950e-01	2.068215159281360238e-01	9.661631611732292291e-02	4.661597946246835017e-02	1.108252078301782823e-01
3.163901719730555214e+03	1.337984117345168145e-01	7.873595536643451798e-02	3.265770726960105508e-01	2.068265423539218384e-01	9.661716515595172861e-02	4.661654997248056154e-02	1.108283027197441706e-01
3.178415030371521425e+03	1.337882335503962072e-01	7.872864462513400052e-02	3.265852068274778253e-01	2.068314744819654549e-01	9.661799341190883961e-02	4.661710648180029948e-02	1.108313406203775692e-01
3.192928341012487181e+03	1.337782501183822359e-01	7.872147382580148289e-02	3.265931886789963934e-01	2.068363140717225934e-01	9.661880139786815924e-02	4.661764933655181825e-02	1.108343225697375062e-01
3.207441651653452936e+03	1.337684577058287638e-01	7.871444028487374622e-02	3.266010210833969474e-01	2.068410628500824133e-01	9.661958961377618837e-02	4.661817887424991175e-02	1.108372495868522462e-01
3.221954962294418237e+03	1.337588526517863585e-01	7.870754137036890807e-02	3.266087068213082145e-01	2.068457225119628984e-01	9.662035854716972960e-02	4.661869542401518574e-02	1.108401226724489708e-01
3.236468272935384903e+03	1.337494313656210632e-01	7.870077450089199567e-02	3.266162486221048655e-01	2.068502947208953890e-01	9.662110867348554233e-02	4.661919930678394552e-02	1.108429428092775060e-01
3.250981583576350204e+03	1.337401903256601188e-01	7.869413714465968435e-02	3.266236491648381035e-01	2.068547811095987621e-01	9.662184045636230956e-02	4.661969083551284476e-02	1.108457109624285258e-01
3.265494894217316414e+03	1.337311260778637489e-01	7.868762681854397922e-02	3.266309110791499326e-01	2.068591832805433406e-01	9.662255434793494413e-02	4.662017031537834394e-02	1.108484280796460664e-01
3.280008204858282170e+03	1.337222352345226184e-01	7.868124108713432652e-02	3.266380369461714395e-01	2.068635028065046733e-01	9.662325078912162302e-02	4.662063804397117289e-02	1.108510950916345300e-01
3.294521515499247926e+03	1.337135144729805769e-01	7.867497756181787705e-02	3.266450292994048654e-01	2.068677412311072383e-01	9.662393020990350800e-02	4.662109431148591526e-02	1.108537129123604165e-01
3.309034826140214136e+03	1.337049605343819392e-01	7.866883389987761044e-02	3.266518906255902466e-01	2.068719000693586274e-01	9.662459302959758300e-02	4.662153940090583287e-02	1.108562824393486135e-01
3.323548136781179892e+03	1.336965702224430230e-01	7.866280780360793146e-02	3.266586233655563443e-01	2.068759808081740148e-01	9.662523965712255247e-02	4.662197358818300635e-02	1.108588045539736500e-01
3.338061447422145648e+03	1.336883404022475574e-01	7.865689701944721113e-02	3.266652299150568095e-01	2.068799849068911345e-01	9.662587049125809235e-02	4.662239714241401406e-02	1.108612801217457172e-01
3.352574758063111403e+03	1.336802679990651554e-01	7.865109933712725876e-02	3.266717126255915815e-01	2.068839137977760145e-01	9.662648592089766175e-02	4.662281032601117703e-02	1.108637099925917358e-01
3.367088068704076704e+03	1.336723499971927409e-01	7.864541258883919750e-02	3.266780738052130206e-01	2.068877688865198017e-01	9.662708632529495856e-02	4.662321339486946714e-02	1.108660950011314816e-01
3.381601379345043824e+03	1.336645834388183185e-01	7.863983464841549365e-02	3.266843157193183855e-01	2.068915515527262605e-01	9.662767207430411620e-02	4.662360659852927969e-02	1.108684359669488834e-01
3.396114689986008671e+03	1.336569654229066706e-01	7.863436343052772337e-02	3.266904405914277110e-01	2.068952631503908624e-01	9.662824352861401622e-02	4.662399018033508424e-02	1.108707336948586281e-01
3.410628000626974881e+03	1.336494931041067313e-01	7.862899688990000746e-02	3.266964506039481964e-01	2.068989050083710202e-01	9.662880103997667502e-02	4.662436437759010649e-02	1.108729889751679659e-01
3.425141311267940637e+03	1.336421636916798050e-01	7.862373302053743407e-02	3.267023478989245500e-01	2.069024784308478582e-01	9.662934495142988522e-02	4.662472942170715201e-02	1.108752025839340599e-01
3.439654621908906392e+03	1.336349744484485735e-01	7.861856985496960826e-02	3.267081345787760105e-01	2.069059846977797656e-01	9.662987559751429201e-02	4.662508553835560676e-02	1.108773752832168114e-01
3.454167932549872603e+03	1.336279226897666428e-01	7.861350546350867607e-02	3.267138127070207676e-01	2.069094250653476241e-01	9.663039330448509878e-02	4.662543294760475993e-02	1.108795078213271890e-01
3.468681243190838359e+03	1.336210057825076292e-01	7.860853795352175377e-02	3.267193843089862826e-01	2.069128007663919022e-01	9.663089839051837437e-02	4.662577186406353935e-02	1.108816009330713115e-01
3.483194553831804114e+03	1.336142211440738414e-01	7.860366546871747073e-02	3.267248513725081183e-01	2.069161130108421176e-01	9.663139116591230871e-02	4.662610249701674980e-02	1.108836553399901864e-01
3.497707864472769415e+03	1.336075662414243914e-01	7.859888618844614039e-02	3.267302158486153352e-01	2.069193629861384165e-01	9.663187193328329205e-02	4.662642505055789727e-02	1.108856717505953132e-01
3.512221175113736081e+03	1.336010385901216235e-01	7.859419832701365627e-02	3.267354796522041749e-01	2.069225518576452982e-01	9.663234098775727587e-02	4.662673972371864789e-02	1.108876508606001093e-01
3.526734485754701382e+03	1.335946357533963347e-01	7.858960013300846092e-02	3.267406446626991423e-01	2.069256807690582622e-01	9.663279861715612373e-02	4.662704671059509504e-02	1.108895933531473810e-01
3.541247796395667592e+03	1.335883553412307578e-01	7.858508988864167100e-02	3.267457127247028192e-01	2.069287508428026556e-01	9.663324510217949359e-02	4.662734620047080669e-02	1.108914998990326861e-01
3.555761107036633348e+03	1.335821950094594479e-01	7.858066590909977556e-02	3.267506856486332989e-01	2.069317631804255542e-01	9.663368071658202940e-02	4.662763837793684751e-02	1.108933711569239366e-01
3.570274417677599104e+03	1.335761524588872928e-01	7.857632654191003263e-02	3.267555652113510178e-01	2.069347188629805379e-01	9.663410572734625059e-02	4.662792342300873388e-02	1.108952077735770314e-01
3.584787728318565314e+03	1.335702254344248441e-01	7.857207016631798102e-02	3.267603531567735420e-01	2.069376189514052500e-01	9.663452039485102840e-02	4.662820151124049545e-02	1.108970103840477978e-01
3.599301038959531070e+03	1.335644117242400231e-01	7.856789519267706745e-02	3.267650511964795279e-01	2.069404644868924614e-01	9.663492497303581563e-02	4.662847281383587783e-02	1.108987796119002139e-01
3.613814349600496826e+03	1.335587091589263975e-01	7.856380006184994491e-02	3.267696610103020260e-01	2.069432564912540018e-01	9.663531970956092121e-02	4.662873749775674898e-02	1.109005160694109676e-01
3.628327660241463036e+03	1.335531156106873896e-01	7.855978324462144224e-02	3.267741842469110702e-01	2.069459959672783622e-01	9.663570484596360755e-02	4.662899572582879237e-02	1.109022203577704202e-01
3.642840970882427882e+03	1.335476289925363047e-01	7.855584324112281636e-02	3.267786225243851650e-01	2.069486838990816646e-01	9.663608061781041314e-02	4.662924765684455658e-02	1.109038930672801709e-01
3.657354281523394548e+03	1.335422472575117092e-01	7.855197858026714830e-02	3.267829774307733914e-01	2.069513212524523582e-01	9.663644725484558939e-02	4.662949344566391652e-02	1.109055347775469852e-01
3.671867592164359849e+03	1.335369683979080180e-01	7.854818781919561954e-02	3.267872505246466885e-01	2.069539089751893657e-01	9.663680498113587369e-02	4.662973324331205066e-02	1.109071460576734613e-01
3.686380902805326514e+03	1.335317904445208204e-01	7.854446954273443249e-02	3.267914433356394754e-01	2.069564479974345117e-01	9.663715401521159876e-02	4.662996719707492022e-02	1.109087274664453393e-01
3.700894213446291815e+03	1.335267114659069165e-01	7.854082236286234753e-02	3.267955573649811152e-01	2.069589392319985122e-01	9.663749457020437417e-02	4.663019545059236132e-02	1.109102795525154922e-01
3.715407524087257570e+03	1.335217295676583704e-01	7.853724491818826758e-02	3.267995940860185522e-01	2.069613835746811070e-01	9.663782685398118744e-02	4.663041814394892209e-02	1.109118028545846985e-01
3.729920834728223781e+03	1.335168428916908290e-01	7.853373587343918938e-02	3.268035549447286248e-01	2.069637819045856419e-01	9.663815106927524379e-02	4.663063541376231275e-02	1.109132979015792914e-01
3.744434145369189537e+03	1.335120496155453862e-01	7.853029391895778588e-02	3.268074413602216066e-01	2.069661350844273495e-01	9.663846741381355854e-02	4.663084739326974620e-02	1.109147652128256722e-01
3.758947456010155292e+03	1.335073479517040473e-01	7.852691777020988362e-02	3.268112547252354783e-01	2.069684439608366622e-01	9.663877608044127432e-02	4.663105421241205140e-02	1.109162052982217567e-01
3.773460766651120593e+03	1.335027361469181550e-01	7.852360616730121035e-02	3.268149964066213164e-01	2.069707093646564189e-01	9.663907725724302233e-02	4.663125599791569098e-02	1.109176186584054091e-01
3.787974077292087259e+03	1.334982124815500271e-01	7.852035787450374615e-02	3.268186677458196909e-01	2.069729321112340481e-01	9.663937112766102233e-02	4.663145287337277373e-02	1.109190057849199634e-01
3.802487387933053014e+03	1.334937752689270285e-01	7.851717167979091472e-02	3.268222700593289010e-01	2.069751130007081164e-01	9.663965787061049029e-02	4.663164495931899911e-02	1.109203671603768288e-01
3.817000698574018315e+03	1.334894228547084116e-01	7.851404639438203104e-02	3.268258046391640526e-01	2.069772528182899085e-01	9.663993766059197910e-02	4.663183237330972841e-02	1.109217032586151813e-01
3.831514009214984981e+03	1.334851536162639796e-01	7.851098085229531176e-02	3.268292727533083086e-01	2.069793523345396791e-01	9.664021066780102698e-02	4.663201522999407822e-02	1.109230145448589777e-01
3.846027319855950282e+03	1.334809659620649902e-01	7.850797390990960078e-02	3.268326756461557570e-01	2.069814123056378241e-01	9.664047705823500256e-02	4.663219364118720289e-02	1.109243014758710677e-01
3.860540630496916037e+03	1.334768583310867451e-01	7.850502444553451864e-02	3.268360145389461735e-01	2.069834334736512793e-01	9.664073699379728544e-02	4.663236771594077984e-02	1.109255645001047119e-01
3.875053941137881793e+03	1.334728291922225585e-01	7.850213135898896633e-02	3.268392906301921252e-01	2.069854165667948664e-01	9.664099063239890708e-02	4.663253756061171151e-02	1.109268040578524211e-01
3.889567251778848004e+03	1.334688770437091887e-01	7.849929357118767825e-02	3.268425050960979683e-01	2.069873622996879492e-01	9.664123812805759661e-02	4.663270327892909961e-02	1.109280205813921311e-01
3.904080562419813759e+03	1.334650004125632339e-01	7.849651002373574105e-02	3.268456590909715187e-01	2.069892713736063150e-01	9.664147963099438410e-02	4.663286497205957476e-02	1.109292144951308373e-01
3.918593873060779970e+03	1.334611978540284349e-01	7.849377967853099491e-02	3.268487537476281735e-01	2.069911444767295328e-01	9.664171528772780295e-02	4.663302273867099557e-02	1.109303862157457049e-01
3.933107183701745726e+03	1.334574679510335260e-01	7.849110151737408170e-02	3.268517901777873158e-01	2.069929822843838141e-01	9.664194524116570539e-02	4.663317667499451702e-02	1.109315361523227073e-01
3.947620494342711936e+03	1.334538093136606873e-01	7.848847454158591752e-02	3.268547694724622255e-01	2.069947854592800729e-01	9.664216963069480193e-02	4.663332687488514622e-02	1.109326647064928645e-01
3.962133804983676782e+03	1.334502205786240459e-01	7.848589777163271497e-02	3.268576927023421619e-01	2.069965546517481270e-01	9.664238859226802203e-02	4.663347342988079236e-02	1.109337722725659420e-01
3.976647115624642538e+03	1.334467004087584174e-01	7.848337024675802742e-02	3.268605609181677862e-01	2.069982904999662365e-01	9.664260225848959884e-02	4.663361642925978323e-02	1.109348592376619563e-01
3.991160426265608749e+03	1.334432474925177359e-01	7.848089102462206534e-02	3.268633751510999219e-01	2.069999936301866461e-01	9.664281075869815552e-02	4.663375596009702861e-02	1.109359259818402943e-01
4.005673736906575414e+03	1.334398605434831686e-01	7.847845918094784046e-02	3.268661364130811542e-01	2.070016646569568797e-01	9.664301421904758493e-02	4.663389210731870571e-02	1.109369728782265418e-01
4.020187047547540715e+03	1.334365382998807248e-01	7.847607380917420716e-02	3.268688456971913237e-01	2.070033041833368448e-01	9.664321276258600046e-02	4.663402495375563311e-02	1.109380002931371345e-01
4.034700358188505561e+03	1.334332795241081893e-01	7.847373402011549592e-02	3.268715039779961917e-01	2.070049128011122730e-01	9.664340650933271604e-02	4.663415458019528476e-02	1.109390085862017317e-01
4.049213668829472226e+03	1.334300830022711604e-01	7.847143894162779409e-02	3.268741122118896114e-01	2.070064910910039691e-01	9.664359557635332498e-02	4.663428106543252016e-02	1.109399981104835092e-01
4.063726979470437527e+03	1.334269475437278585e-01	7.846918771828162442e-02	3.268766713374300914e-01	2.070080396228732855e-01	9.664378007783275271e-02	4.663440448631903795e-02	1.109409692125972874e-01
4.078240290111404192e+03	1.334238719806428719e-01	7.846697951104093793e-02	3.268791822756703658e-01	2.070095589559237947e-01	9.664396012514678280e-02	4.663452491781158032e-02	1.109419222328255905e-01
4.092753600752369493e+03	1.334208551675495069e-01	7.846481349694822693e-02	3.268816459304815791e-01	2.070110496388994914e-01	9.664413582693151539e-02	4.663464243301899959e-02	1.109428575052326255e-01
4.107266911393336159e+03	1.334178959809203813e-01	7.846268886881578586e-02	3.268840631888713100e-01	2.070125122102789428e-01	9.664430728915124336e-02	4.663475710324805484e-02	1.109437753577763308e-01
4.121780222034301914e+03	1.334149933187464554e-01	7.846060483492288407e-02	3.268864349212956544e-01	2.070139471984661084e-01	9.664447461516459392e-02	4.663486899804815400e-02	1.109446761124183167e-01
4.136293532675267670e+03	1.334121461001240017e-01	7.845856061871873954e-02	3.268887619819658696e-01	2.070153551219776622e-01	9.664463790578906033e-02	4.663497818525491612e-02	1.109455600852319451e-01
4.150806843316233426e+03	1.334093532648497893e-01	7.845655545853129353e-02	3.268910452091491337e-01	2.070167364896268181e-01	9.664479725936390986e-02	4.663508473103269991e-02	1.109464275865085642e-01
4.165320153957199182e+03	1.334066137730236523e-01	7.845458860728150852e-02	3.268932854254641418e-01	2.070180918007036852e-01	9.664495277181150978e-02	4.663518869991602894e-02	1.109472789208616889e-01
4.179833464598164937e+03	1.334039266046591621e-01	7.845265933220317567e-02	3.268954834381707641e-01	2.070194215451524877e-01	9.664510453669711287e-02	4.663529015484999679e-02	1.109481143873294884e-01
4.194346775239130693e+03	1.334012907593013220e-01	7.845076691456820406e-02	3.268976400394550397e-01	2.070207262037453977e-01	9.664525264528724124e-02	4.663538915722968692e-02	1.109489342794753586e-01
4.208860085880096449e+03	1.333987052556520891e-01	7.844891064941707237e-02	3.268997560067081753e-01	2.070220062482530932e-01	9.664539718660647427e-02	4.663548576693857944e-02	1.109497388854868150e-01
4.223373396521062205e+03	1.333961691312026965e-01	7.844708984529454032e-02	3.269018321028012708e-01	2.070232621416122909e-01	9.664553824749294586e-02	4.663558004238602811e-02	1.109505284882725679e-01
4.237886707162027960e+03	1.333936814418732186e-01	7.844530382399045321e-02	3.269038690763544364e-01	2.070244943380901981e-01	9.664567591265246782e-02	4.663567204054377274e-02	1.109513033655578490e-01
4.252400017802994626e+03	1.333912412616591603e-01	7.844355192028552859e-02	3.269058676620010262e-01	2.070257032834458832e-01	9.664581026471116831e-02	4.663576181698157047e-02	1.109520637899781004e-01
4.266913328443960381e+03	1.333888476822846503e-01	7.844183348170197245e-02	3.269078285806472639e-01	2.070268894150886774e-01	9.664594138426700620e-02	4.663584942590191101e-02	1.109528100291710118e-01
4.281426639084926137e+03	1.333864998128624357e-01	7.844014786825899421e-02	3.269097525397269277e-01	2.070280531622336051e-01	9.664606934993982823e-02	4.663593492017390624e-02	1.109535423458668651e-01
4.295939949725891893e+03	1.333841967795603434e-01	7.843849445223298467e-02	3.269116402334513172e-01	2.070291949460540404e-01	9.664619423842030210e-02	4.663601835136629153e-02	1.109542609979773525e-01
4.310453260366857648e+03	1.333819377252742355e-01	7.843687261792225973e-02	3.269134923430548345e-01	2.070303151798314478e-01	9.664631612451760057e-02	4.663609976977964311e-02	1.109549662386826868e-01
4.324966571007824314e+03	1.333797218093071557e-01	7.843528176141638386e-02	3.269153095370358475e-01	2.070314142691023762e-01	9.664643508120590587e-02	4.663617922447778341e-02	1.109556583165173388e-01
4.339479881648789160e+03	1.333775482070546636e-01	7.843372129036993434e-02	3.269170924713931115e-01	2.070324926118029540e-01	9.664655117966969300e-02	4.663625676331836778e-02	1.109563374754541087e-01
4.353993192289754006e+03	1.333754161096962765e-01	7.843219062378059547e-02	3.269188417898581389e-01	2.070335505984102487e-01	9.664666448934801368e-02	4.663633243298277026e-02	1.109570039549868103e-01
4.368506502930720671e+03	1.333733247238928221e-01	7.843068919177151321e-02	3.269205581241228509e-01	2.070345886120815437e-01	9.664677507797755918e-02	4.663640627900515756e-02	1.109576579902113586e-01
4.383019813571686427e+03	1.333712732714896210e-01	7.842921643537789644e-02	3.269222420940635088e-01	2.070356070287905914e-01	9.664688301163472384e-02	4.663647834580094548e-02	1.109582998119055253e-01
4.397533124212653092e+03	1.333692609892252190e-01	7.842777180633764278e-02	3.269238943079600945e-01	2.070366062174616717e-01	9.664698835477655847e-02	4.663654867669439485e-02	1.109589296466072239e-01
4.412046434853618848e+03	1.333672871284459771e-01	7.842635476688597507e-02	3.269255153627119714e-01	2.070375865401010151e-01	9.664709117028084939e-02	4.663661731394567328e-02	1.109595477166914063e-01
4.426559745494584604e+03	1.333653509548259064e-01	7.842496478955418571e-02	3.269271058440493816e-01	2.070385483519257552e-01	9.664719151948500397e-02	4.663668429877713267e-02	1.109601542404455854e-01
4.441073056135550360e+03	1.333634517480921100e-01	7.842360135697207246e-02	3.269286663267410575e-01	2.070394920014906048e-01	9.664728946222408967e-02	4.663674967139899707e-02	1.109607494321440402e-01
4.455586366776516115e+03	1.333615888017553042e-01	7.842226396167424618e-02	3.269301973747982815e-01	2.070404178308122289e-01	9.664738505686794323e-02	4.663681347103437735e-02	1.109613335021206182e-01
4.470099677417481871e+03	1.333597614228455575e-01	7.842095210591019938e-02	3.269316995416748917e-01	2.070413261754910361e-01	9.664747836035729456e-02	4.663687573594369612e-02	1.109619066568403867e-01
4.484612988058447627e+03	1.333579689316532479e-01	7.841966530145791370e-02	3.269331733704634035e-01	2.070422173648311659e-01	9.664756942823903019e-02	4.663693650344844649e-02	1.109624690989698403e-01
4.499126298699412473e+03	1.333562106614748499e-01	7.841840306944121430e-02	3.269346193940882994e-01	2.070430917219577560e-01	9.664765831470059632e-02	4.663699580995445126e-02	1.109630210274459433e-01
4.513639609340379138e+03	1.333544859583636333e-01	7.841716494015046890e-02	3.269360381354948220e-01	2.070439495639323779e-01	9.664774507260345815e-02	4.663705369097444903e-02	1.109635626375439499e-01
4.528152919981345804e+03	1.333527941808851647e-01	7.841595045286683940e-02	3.269374301078348810e-01	2.070447912018662517e-01	9.664782975351590699e-02	4.663711018115018064e-02	1.109640941209439347e-01
4.542666230622311559e+03	1.333511346998775271e-01	7.841475915568993371e-02	3.269387958146494633e-01	2.070456169410312963e-01	9.664791240774482650e-02	4.663716531427390677e-02	1.109646156657962124e-01
4.557179541263276406e+03	1.333495068982161191e-01	7.841359060536859382e-02	3.269401357500473781e-01	2.070464270809693474e-01	9.664799308436686220e-02	4.663721912330939107e-02	1.109651274567855783e-01
4.571692851904243071e+03	1.333479101705829784e-01	7.841244436713516730e-02	3.269414503988808951e-01	2.070472219155988780e-01	9.664807183125870282e-02	4.663727164041235607e-02	1.109656296751943549e-01
4.586206162545208826e+03	1.333463439232405179e-01	7.841132001454281797e-02	3.269427402369183833e-01	2.070480017333202472e-01	9.664814869512665385e-02	4.663732289695043942e-02	1.109661224989643286e-01
4.600719473186175492e+03	1.333448075738096206e-01	7.841021712930600074e-02	3.269440057310132874e-01	2.070487668171187012e-01	9.664822372153553109e-02	4.663737292352267139e-02	1.109666061027576034e-01
4.615232783827140338e+03	1.333433005510521185e-01	7.840913530114400343e-02	3.269452473392702729e-01	2.070495174446655984e-01	9.664829695493673545e-02	4.663742174997841106e-02	1.109670806580163177e-01
4.629746094468105184e+03	1.333418222946570753e-01	7.840807412762748618e-02	3.269464655112083173e-01	2.070502538884177179e-01	9.664836843869563376e-02	4.663746940543589403e-02	1.109675463330213607e-01
4.644259405109071849e+03	1.333403722550316750e-01	7.840703321402801851e-02	3.269476606879206937e-01	2.070509764157145993e-01	9.664843821511839850e-02	4.663751591830023885e-02	1.109680032929499516e-01
4.658772715750037605e+03	1.333389498930956929e-01	7.840601217317039184e-02	3.269488333022318449e-01	2.070516852888743264e-01	9.664850632547801468e-02	4.663756131628107177e-02	1.109684516999322190e-01
4.673286026391004270e+03	1.333375546800802669e-01	7.840501062528792975e-02	3.269499837788518160e-01	2.070523807652873693e-01	9.664857281003973177e-02	4.663760562640965196e-02	1.109688917131068514e-01
4.687799337031970026e+03	1.333361860973301949e-01	7.840402819788039324e-02	3.269511125345274105e-01	2.070530630975085662e-01	9.664863770808590493e-02	4.663764887505564977e-02	1.109693234886755531e-01
4.702312647672935782e+03	1.333348436361103395e-01	7.840306452557478656e-02	3.269522199781904614e-01	2.070537325333478007e-01	9.664870105794014232e-02	4.663769108794342533e-02	1.109697471799567237e-01
4.716825958313901538e+03	1.333335267974154192e-01	7.840211924998874427e-02	3.269533065111039916e-01	2.070543893159585147e-01	9.664876289699092515e-02	4.663773229016797417e-02	1.109701629374380688e-01
4.731339268954867293e+03	1.333322350917838517e-01	7.840119201959654116e-02	3.269543725270050438e-01	2.070550336839249161e-01	9.664882326171457538e-02	4.663777250621041481e-02	1.109705709088282810e-01
4.745852579595833049e+03	1.333309680391147611e-01	7.840028248959773904e-02	3.269554184122451246e-01	2.070556658713473830e-01	9.664888218769775163e-02	4.663781175995313638e-02	1.109709712391077768e-01
4.760365890236798805e+03	1.333297251684888440e-01	7.839939032178827594e-02	3.269564445459278712e-01	2.070562861079263406e-01	9.664893970965927894e-02	4.663785007469456456e-02	1.109713640705785737e-01
4.774879200877764561e+03	1.333285060179923986e-01	7.839851518443405332e-02	3.269574513000443883e-01	2.070568946190446680e-01	9.664899586147150667e-02	4.663788747316353900e-02	1.109717495429132228e-01
4.789392511518729407e+03	1.333273101345448519e-01	7.839765675214699359e-02	3.269584390396061968e-01	2.070574916258484666e-01	9.664905067618111134e-02	4.663792397753335067e-02	1.109721277932028544e-01
4.803905822159696982e+03	1.333261370737296725e-01	7.839681470576347067e-02	3.269594081227751858e-01	2.070580773453262746e-01	9.664910418602944142e-02	4.663795960943544622e-02	1.109724989560044034e-01
4.818419132800663647e+03	1.333249863996284201e-01	7.839598873222498876e-02	3.269603589009916766e-01	2.070586519903869771e-01	9.664915642247223770e-02	4.663799438997273672e-02	1.109728631633869478e-01
4.832932443441628493e+03	1.333238576846580148e-01	7.839517852446124813e-02	3.269612917190998225e-01	2.070592157699359948e-01	9.664920741619896505e-02	4.663802833973264977e-02	1.109732205449772136e-01
4.837770213655283442e+03	1.333227505094110588e-01	7.839438378127547291e-02	3.269622069154710653e-01	2.070597688889505017e-01	9.664925719715170005e-02	4.663806147879982766e-02	1.109735712280042752e-01
