0.000000000000000000e+00	1.617732389446097097e-01	9.769642272858050647e-02	3.086000690476824460e-01	1.960269592301280006e-01	9.150198328445555140e-02	4.160205374680332746e-02	1.027992730166976815e-01
1.451331064096584811e+01	1.611846543341384774e-01	9.733672734316808905e-02	3.089026853265711692e-01	1.958798717268100675e-01	9.123077777809930622e-02	4.246611065300025245e-02	1.029991728371698473e-01
2.902662128193169622e+01	1.606070251195242105e-01	9.698144650548978785e-02	3.091956046849486106e-01	1.958591719378907081e-01	9.115104931573388136e-02	4.301268582622094772e-02	1.031930166091490908e-01
4.353993192289755143e+01	1.600406522696985745e-01	9.663156442266819524e-02	3.094811255106544312e-01	1.959150798618335965e-01	9.118148131953995872e-02	4.336912653357970215e-02	1.033809700809827231e-01
5.805324256386339954e+01	1.594856086419222663e-01	9.628761153052570188e-02	3.097606634799857650e-01	1.960176939654250661e-01	9.127389848862556276e-02	4.361131096724006617e-02	1.035632129252326283e-01
7.256655320482924765e+01	1.589418343693151103e-01	9.594984915017665261e-02	3.100351035481695439e-01	1.961489738116253545e-01	9.139984058532778233e-02	4.378446820716550697e-02	1.037399303271771822e-01
8.707986384579510286e+01	1.584091935121488826e-01	9.561837942346512742e-02	3.103050101269793082e-01	1.962979641878322967e-01	9.154256962047074841e-02	4.391557509322695924e-02	1.039113080348337270e-01
1.015931744867609581e+02	1.578875076546493450e-01	9.529321075722023415e-02	3.105707527640073629e-01	1.964579494713795393e-01	9.169231207643895043e-02	4.402073780184156265e-02	1.040775294734200968e-01
1.161064851277267991e+02	1.573765757837500279e-01	9.497429677596264108e-02	3.108325814553788979e-01	1.966247574646895202e-01	9.184342722976342188e-02	4.410958719769719066e-02	1.042387740917154054e-01
1.306197957686926259e+02	1.568761860081849813e-01	9.466155950050018919e-02	3.110906719197529258e-01	1.967957478014151218e-01	9.199272221414199480e-02	4.418789611096387432e-02	1.043952164439980040e-01
1.451331064096584669e+02	1.563861224268376093e-01	9.435490313387555339e-02	3.113451529418521657e-01	1.969692081007151097e-01	9.213844978607073355e-02	4.425913789810667631e-02	1.045470257114992502e-01
1.596464170506243647e+02	1.559061691159380481e-01	9.405422225439587225e-02	3.115961229992375570e-01	1.971439930319719147e-01	9.227971250313161955e-02	4.432541460766731278e-02	1.046943654866147738e-01
1.741597276915902057e+02	1.554361124072903277e-01	9.375940667824980701e-02	3.118436604713665239e-01	1.973193081314471020e-01	9.241610881317723070e-02	4.438800978321828100e-02	1.048373937142077217e-01
1.886730383325560467e+02	1.549757421549629310e-01	9.347034433891707184e-02	3.120878299941703404e-01	1.974945799153959292e-01	9.254752311300137868e-02	4.444771775578938711e-02	1.049762627267198795e-01
2.031863489735219162e+02	1.545248524052418859e-01	9.318692298558063636e-02	3.123286864895390424e-01	1.976693774749690435e-01	9.267400146592326415e-02	4.450503984261459933e-02	1.051111193350883904e-01
2.176996596144877287e+02	1.540832417164002544e-01	9.290903117824451940e-02	3.125662777832426964e-01	1.978433648152019830e-01	9.279567826422759069e-02	4.456030128907965265e-02	1.052421049525601865e-01
2.322129702554535982e+02	1.536507132746940674e-01	9.263655886403747430e-02	3.128006463578572038e-01	1.980162715828039099e-01	9.291273317180398505e-02	4.461372101023799303e-02	1.053693557375222078e-01
2.467262808964194392e+02	1.532270748934009275e-01	9.236939770412817829e-02	3.130318305685307334e-01	1.981878748191548134e-01	9.302536604722425051e-02	4.466545321964539295e-02	1.054930027468725245e-01
2.612395915373852517e+02	1.528121389462626378e-01	9.210744125216825673e-02	3.132598655189675618e-01	1.983579873476638278e-01	9.313378252775679489e-02	4.471561231142982124e-02	1.056131720947078717e-01
2.757529021783511780e+02	1.524057222656102772e-01	9.185058504438245452e-02	3.134847837171312879e-01	1.985264501752135868e-01	9.323818591983040749e-02	4.476428776372324420e-02	1.057299851130654861e-01
2.902662128193169337e+02	1.520076460229215221e-01	9.159872663713153340e-02	3.137066155836176762e-01	1.986931273421412292e-01	9.333877280658099684e-02	4.481155309391469249e-02	1.058435585126490941e-01
3.047795234602828600e+02	1.516177356021227163e-01	9.135176561330371481e-02	3.139253898577641366e-01	1.988579022836665655e-01	9.343573083382371303e-02	4.485747126607478319e-02	1.059540045422011356e-01
3.192928341012487294e+02	1.512358204715412713e-01	9.110960357027290957e-02	3.141411339298101346e-01	1.990206751402875118e-01	9.352923776114809018e-02	4.490209798025900784e-02	1.060614311456379161e-01
3.338061447422145420e+02	1.508617340578082000e-01	9.087214409702770723e-02	3.143538741173093065e-01	1.991813606780947765e-01	9.361946123694794841e-02	4.494548369541675331e-02	1.061659421163521355e-01
3.483194553831804114e+02	1.504953136234775390e-01	9.063929274501553168e-02	3.145636358978474711e-01	1.993398866133404557e-01	9.370655897754590069e-02	4.498767489345548154e-02	1.062676372482744408e-01
3.628327660241463377e+02	1.501364001492314915e-01	9.041095699542235631e-02	3.147704441063464698e-01	1.994961922153323797e-01	9.379067916216900225e-02	4.502871488704549008e-02	1.063666124834096449e-01
3.773460766651120935e+02	1.497848382210218432e-01	9.018704622452063113e-02	3.149743231028813151e-01	1.996502271094960923e-01	9.387196093370704653e-02	4.506864435168021765e-02	1.064629600556496331e-01
3.918593873060780197e+02	1.494404759222007217e-01	8.996747166806802476e-02	3.151752969154461015e-01	1.998019502311557394e-01	9.395053494156421769e-02	4.510750168979543728e-02	1.065567686307264811e-01
4.063726979470438323e+02	1.491031647305313956e-01	8.975214638535129741e-02	3.153733893611243566e-01	1.999513288979248293e-01	9.402652389037886860e-02	4.514532329143058909e-02	1.066481234422154006e-01
4.208860085880095880e+02	1.487727594198829384e-01	8.954098522323686304e-02	3.155686241484620402e-01	2.000983379791466121e-01	9.410004307459771122e-02	4.518214373009825369e-02	1.067371064235322908e-01
4.353993192289755143e+02	1.484491179663718075e-01	8.933390478044926641e-02	3.157610249633769350e-01	2.002429591473100512e-01	9.417120088841628156e-02	4.521799591713332456e-02	1.068237963358989878e-01
4.499126298699413837e+02	1.481321014586984564e-01	8.913082337221470142e-02	3.159506155405957806e-01	2.003851802004173177e-01	9.424009930615101505e-02	4.525291122860749388e-02	1.069082688922717850e-01
4.644259405109071963e+02	1.478215740124269040e-01	8.893166099535511349e-02	3.161374197223497107e-01	2.005249944468630308e-01	9.430683433130741811e-02	4.528691961340659822e-02	1.069905968772477817e-01
4.789392511518730657e+02	1.475174026879635669e-01	8.873633929388650976e-02	3.163214615058467238e-01	2.006624001460823037e-01	9.437149641441479331e-02	4.532004968778347714e-02	1.070708502629791475e-01
4.934525617928388783e+02	1.472194574120032906e-01	8.854478152515608824e-02	3.165027650808692750e-01	2.007973999993782899e-01	9.443417084068272960e-02	4.535232881972793562e-02	1.071490963211388786e-01
5.079658724338048046e+02	1.469276109022246424e-01	8.835691252653958550e-02	3.166813548586943083e-01	2.009300006861612087e-01	9.449493808903750014e-02	4.538378320530719184e-02	1.072253997309920159e-01
5.224791830747705035e+02	1.466417385950309626e-01	8.817265868271266516e-02	3.168572554934067642e-01	2.010602124414397063e-01	9.455387416432028957e-02	4.541443793840967830e-02	1.072998226836362756e-01
5.369924937157364866e+02	1.463617185761481865e-01	8.799194789350439638e-02	3.170304918965651253e-01	2.011880486708794713e-01	9.461105090449183075e-02	4.544431707488401362e-02	1.073724249824833110e-01
5.515058043567023560e+02	1.460874315139039925e-01	8.781470954233715209e-02	3.172010892460754850e-01	2.013135256001286066e-01	9.466653626466170479e-02	4.547344369179132095e-02	1.074432641400580868e-01
5.660191149976681118e+02	1.458187605950254928e-01	8.764087446525464786e-02	3.173690729900436880e-01	2.014366619554306959e-01	9.472039457968609022e-02	4.550183994231596363e-02	1.075123954711997842e-01
5.805324256386339812e+02	1.455555914628057224e-01	8.747037492053759411e-02	3.175344688462923282e-01	2.015574786728240586e-01	9.477268680697890912e-02	4.552952710676712311e-02	1.075798721827506688e-01
5.950457362795999643e+02	1.452978121574993176e-01	8.730314455890496317e-02	3.176973027981578879e-01	2.016759986334683563e-01	9.482347075107359913e-02	4.555652564002857230e-02	1.076457454598237079e-01
6.095590469205657200e+02	1.450453130588189865e-01	8.713911839429740180e-02	3.178576010871181357e-01	2.017922464228567303e-01	9.487280127136298036e-02	4.558285521576069255e-02	1.077100645487414077e-01
6.240723575615315895e+02	1.447979868304135331e-01	8.697823277523877850e-02	3.180153902027398338e-01	2.019062481118658048e-01	9.492073047433734201e-02	4.560853476762046638e-02	1.077728768367406109e-01
6.385856682024975726e+02	1.445557283662171622e-01	8.682042535677020334e-02	3.181706968703837957e-01	2.020180310577719407e-01	9.496730789153938479e-02	4.563358252773522250e-02	1.078342279285385980e-01
6.530989788434633283e+02	1.443184347385680910e-01	8.666563507295088620e-02	3.183235480370574799e-01	2.021276237235219431e-01	9.501258064435859352e-02	4.565801606264228985e-02	1.078941617198569819e-01
6.676122894844290840e+02	1.440860051480016835e-01	8.651380210991904685e-02	3.184739708557590143e-01	2.022350555136918915e-01	9.505659359669840769e-02	4.568185230688679571e-02	1.079527204679994745e-01
6.821256001253949535e+02	1.438583408746303693e-01	8.636486787950593824e-02	3.186219926686192916e-01	2.023403566257008790e-01	9.509938949646710993e-02	4.570510759445309962e-02	1.080099448595795708e-01
6.966389107663608229e+02	1.436353452310289436e-01	8.621877499339528073e-02	3.187676409891137541e-01	2.024435579149675424e-01	9.514100910676684397e-02	4.572779768819026924e-02	1.080658740754936592e-01
7.111522214073266923e+02	1.434169235165494716e-01	8.607546723782036335e-02	3.189109434835803447e-01	2.025446907728085666e-01	9.518149132758491060e-02	4.574993780737906385e-02	1.081205458532335656e-01
7.256655320482924481e+02	1.432029829729958570e-01	8.593488954879058284e-02	3.190519279522555651e-01	2.026437870159796262e-01	9.522087330872699984e-02	4.577154265357576135e-02	1.081739965466319009e-01
7.401788426892584312e+02	1.429934327415924855e-01	8.579698798783884361e-02	3.191906223100107742e-01	2.027408787868527629e-01	9.525919055467188534e-02	4.579262643485771528e-02	1.082262611831317917e-01
7.546921533302243006e+02	1.427881838211861043e-01	8.566170971828139524e-02	3.193270545669503746e-01	2.028359984633086865e-01	9.529647702197353853e-02	4.581320288858537620e-02	1.082773735186708108e-01
7.692054639711900563e+02	1.425871490276241771e-01	8.552900298198100326e-02	3.194612528090108872e-01	2.029291785775007850e-01	9.533276520978513358e-02	4.583328530278689417e-02	1.083273660902674129e-01
7.837187746121558121e+02	1.423902429542574233e-01	8.539881707660487709e-02	3.195932451786812067e-01	2.030204517427194322e-01	9.536808624403440848e-02	4.585288653626293925e-02	1.083762702663960131e-01
7.982320852531219089e+02	1.421973819335166922e-01	8.527110233336809841e-02	3.197230598559486769e-01	2.031098505876492710e-01	9.540246995573666011e-02	4.587201903750204313e-02	1.084241162952348098e-01
8.127453958940876646e+02	1.420084839995182924e-01	8.514581009525371003e-02	3.198507250395591917e-01	2.031974076973736276e-01	9.543594495389333410e-02	4.589069486248970042e-02	1.084709333508684509e-01
8.272587065350534203e+02	1.418234688516548936e-01	8.502289269570011132e-02	3.199762689286659301e-01	2.032831555605338347e-01	9.546853869338804699e-02	4.590892569148825181e-02	1.085167495775251900e-01
8.417720171760191761e+02	1.416422578191316728e-01	8.490230343774708699e-02	3.200997197049313958e-01	2.033671265221019819e-01	9.550027753825938992e-02	4.592672284485851270e-02	1.085615921319262323e-01
8.562853278169851592e+02	1.414647738264095955e-01	8.478399657363104580e-02	3.202211055151332753e-01	2.034493527412715719e-01	9.553118682069934586e-02	4.594409729798901859e-02	1.086054872238224056e-01
8.707986384579510286e+02	1.412909413595212493e-01	8.466792728482079589e-02	3.203404544543183574e-01	2.035298661540122789e-01	9.556129089609874394e-02	4.596105969539356073e-02	1.086484601547912515e-01
8.853119490989170117e+02	1.411206864332253397e-01	8.455405166248464166e-02	3.204577945495378777e-01	2.036086984398742250e-01	9.559061319443586113e-02	4.597762036403318930e-02	1.086905353553650616e-01
8.998252597398827675e+02	1.409539365589687065e-01	8.444232668838015654e-02	3.205731537441916523e-01	2.036858809926621050e-01	9.561917626828050909e-02	4.599378932591470515e-02	1.087317364205583614e-01
9.143385703808486369e+02	1.407906207136269960e-01	8.433271021615768026e-02	3.206865598830007102e-01	2.037614448946314938e-01	9.564700183766466912e-02	4.600957631001379583e-02	1.087720861438608161e-01
9.288518810218145063e+02	1.406306693089957593e-01	8.422516095306906148e-02	3.207980406976232435e-01	2.038354208938901180e-01	9.567411083205114297e-02	4.602499076356732222e-02	1.088116065497594515e-01
9.433651916627801484e+02	1.404740141620062222e-01	8.411963844207280550e-02	3.209076237929224251e-01	2.039078393847133797e-01	9.570052342961346548e-02	4.604004186277604882e-02	1.088503189248516967e-01
9.578785023037459041e+02	1.403205884656411329e-01	8.401610304432743925e-02	3.210153366338908132e-01	2.039787303905083171e-01	9.572625909402344979e-02	4.605473852295609988e-02	1.088882438476088399e-01
9.723918129447120009e+02	1.401703267605272085e-01	8.391451592206454480e-02	3.211212065332323395e-01	2.040481235491831968e-01	9.575133660892763687e-02	4.606908940817444620e-02	1.089254012168467262e-01
9.869051235856777566e+02	1.400231649071825846e-01	8.381483902183342605e-02	3.212252606395991639e-01	2.041160481007003036e-01	9.577577411027989041e-02	4.608310294040145888e-02	1.089618102789592091e-01
1.001418434226643626e+03	1.398790400588980076e-01	8.371703505810915158e-02	3.213275259264772865e-01	2.041825328766093406e-01	9.579958911668416677e-02	4.609678730821098469e-02	1.089974896539671612e-01
1.015931744867609382e+03	1.397378906352321482e-01	8.362106749725622956e-02	3.214280291817126489e-01	2.042476062913750612e-01	9.582279855788974898e-02	4.611015047505608033e-02	1.090324573604341540e-01
1.030445055508575479e+03	1.395996562961025755e-01	8.352690054183990742e-02	3.215267969976683959e-01	2.043112963353303224e-01	9.584541880157024241e-02	4.612320018714696074e-02	1.090667308392976320e-01
1.044958366149541234e+03	1.394642779164541879e-01	8.343449911527761609e-02	3.216238557619996441e-01	2.043736305690987132e-01	9.586746567850761014e-02	4.613594398095526017e-02	1.091003269766629841e-01
1.059471676790506763e+03	1.393316975614882491e-01	8.334382884682289827e-02	3.217192316490329884e-01	2.044346361193458139e-01	9.588895450629288109e-02	4.614838919036757386e-02	1.091332621256056040e-01
1.073984987431472746e+03	1.392018584624359900e-01	8.325485605687456270e-02	3.218129506117354266e-01	2.044943396757293030e-01	9.590990011164740592e-02	4.616054295350907610e-02	1.091655521270242374e-01
1.088498298072438729e+03	1.390747049928612866e-01	8.316754774260373684e-02	3.219050383742567134e-01	2.045527674889298375e-01	9.593031685145973764e-02	4.617241221925708072e-02	1.091972123295875119e-01
1.103011608713404712e+03	1.389501826454777045e-01	8.308187156389185146e-02	3.219955204250283254e-01	2.046099453696551551e-01	9.595021863262666317e-02	4.618400375346264075e-02	1.092282576088135643e-01
1.117524919354370468e+03	1.388282380094657542e-01	8.299779582957245161e-02	3.220844220104014388e-01	2.046658986885182552e-01	9.596961893077995964e-02	4.619532414489718741e-02	1.092587023853208994e-01
1.132038229995336451e+03	1.387088187482773127e-01	8.291528948397018650e-02	3.221717681288058799e-01	2.047206523767007291e-01	9.598853080797439818e-02	4.620637981094009167e-02	1.092885606422873829e-01
1.146551540636302207e+03	1.385918735779136379e-01	8.283432209373031707e-02	3.222575835254124499e-01	2.047742309273183903e-01	9.600696692940677290e-02	4.621717700302185872e-02	1.093178459421525056e-01
1.161064851277267962e+03	1.384773522456653749e-01	8.275486383493205200e-02	3.223418926872792523e-01	2.048266583974151234e-01	9.602493957923077805e-02	4.622772181183670837e-02	1.093465714425966434e-01
1.175578161918233945e+03	1.383652055093021194e-01	8.267688548047964769e-02	3.224247198389637026e-01	2.048779584105163420e-01	9.604246067552726918e-02	4.623802017233732270e-02	1.093747499118294803e-01
1.190091472559199701e+03	1.382553851167006298e-01	8.260035838776476347e-02	3.225060889385819585e-01	2.049281541596802703e-01	9.605954178448573855e-02	4.624807786852386249e-02	1.094023937432185706e-01
1.204604783200165684e+03	1.381478437859001152e-01	8.252525448659409069e-02	3.225860236742975617e-01	2.049772684109901488e-01	9.607619413384795026e-02	4.625790053803828517e-02	1.094295149692875446e-01
1.219118093841131440e+03	1.380425351855749105e-01	8.245154626737637160e-02	3.226645474612198083e-01	2.050253235074361302e-01	9.609242862566164112e-02	4.626749367657450457e-02	1.094561252751122954e-01
1.233631404482097196e+03	1.379394139159134669e-01	8.237920676956285437e-02	3.227416834386951927e-01	2.050723413731396494e-01	9.610825584838827984e-02	4.627686264211412770e-02	1.094822360111420562e-01
1.248144715123063179e+03	1.378384354898947173e-01	8.230820957033549434e-02	3.228174544679733304e-01	2.051183435178779157e-01	9.612368608840578255e-02	4.628601265899692785e-02	1.095078582054714728e-01
1.262658025764028707e+03	1.377395563149516888e-01	8.223852877353758639e-02	3.228918831302299286e-01	2.051633510418695017e-01	9.613872934094432054e-02	4.629494882183456811e-02	1.095330025755880399e-01
1.277171336404994690e+03	1.376427336750137564e-01	8.217013899884098582e-02	3.229649917249304281e-01	2.052073846407856117e-01	9.615339532049033133e-02	4.630367609927559663e-02	1.095576795396189379e-01
1.291684647045960673e+03	1.375479257129183508e-01	8.210301537114496340e-02	3.230368022685164986e-01	2.052504646109555297e-01	9.616769347069147045e-02	4.631219933762925622e-02	1.095818992270995440e-01
1.306197957686926657e+03	1.374550914131836832e-01	8.203713351020132383e-02	3.231073364934002878e-01	2.052926108547365458e-01	9.618163297379318799e-02	4.632052326435513734e-02	1.096056714892854056e-01
1.320711268327892412e+03	1.373641905851345768e-01	8.197246952046070845e-02	3.231766158472497708e-01	2.053338428860224663e-01	9.619522275963483804e-02	4.632865249142516240e-02	1.096290059090280766e-01
1.335224578968857941e+03	1.372751838463728002e-01	8.190899998113525260e-02	3.232446614925501005e-01	2.053741798358663662e-01	9.620847151423193855e-02	4.633659151856432679e-02	1.096519118102347590e-01
1.349737889609823924e+03	1.371880326065847699e-01	8.184670193647274050e-02	3.233114943064264724e-01	2.054136404581965447e-01	9.622138768796886787e-02	4.634434473637575463e-02	1.096743982669303452e-01
1.364251200250789907e+03	1.371026990516785171e-01	8.178555288623734487e-02	3.233771348807134571e-01	2.054522431356053946e-01	9.623397950342496565e-02	4.635191642935576617e-02	1.096964741119400427e-01
1.378764510891755890e+03	1.370191461282432299e-01	8.172553077639260755e-02	3.234416035222570929e-01	2.054900058851941713e-01	9.624625496285495185e-02	4.635931077880394574e-02	1.097181479452094960e-01
1.393277821532721646e+03	1.369373375283237382e-01	8.166661398998195653e-02	3.235049202534366897e-01	2.055269463644572581e-01	9.625822185534381459e-02	4.636653186563313017e-02	1.097394281417788664e-01
1.407791132173687402e+03	1.368572376745035013e-01	8.160878133820249902e-02	3.235671048128929694e-01	2.055630818771916613e-01	9.626988776365431877e-02	4.637358367308386936e-02	1.097603228594266345e-01
1.422304442814653157e+03	1.367788117052891050e-01	8.155201205166767719e-02	3.236281766564500506e-01	2.055984293794187179e-01	9.628126007078445514e-02	4.638047008934764043e-02	1.097808400459977934e-01
1.436817753455619140e+03	1.367020254607898555e-01	8.149628577185463740e-02	3.236881549582196760e-01	2.056330054853066636e-01	9.629234596625080300e-02	4.638719491010284690e-02	1.098009874464309227e-01
1.451331064096585123e+03	1.366268454686864198e-01	8.144158254273223263e-02	3.237470586118756377e-01	2.056668264730832918e-01	9.630315245211290565e-02	4.639376184096747485e-02	1.098207726094974496e-01
1.465844374737550879e+03	1.365532389304816296e-01	8.138788280256573082e-02	3.238049062320878524e-01	2.056999082909293786e-01	9.631368634875248080e-02	4.640017449987197257e-02	1.098402028942663394e-01
1.480357685378516862e+03	1.364811737080284249e-01	8.133516737589406576e-02	3.238617161561050950e-01	2.057322665628448233e-01	9.632395430042076101e-02	4.640643641935575381e-02	1.098592854763064119e-01
1.494870996019482618e+03	1.364106183103283021e-01	8.128341746567613324e-02	3.239175064454767328e-01	2.057639165944795956e-01	9.633396278056594042e-02	4.641255104879060678e-02	1.098780273536380525e-01
1.509384306660448374e+03	1.363415418805948298e-01	8.123261464560220524e-02	3.239722948879029674e-01	2.057948733789232154e-01	9.634371809695248257e-02	4.641852175653395779e-02	1.098964353524456844e-01
1.523897617301414357e+03	1.362739141835769274e-01	8.118274085256683981e-02	3.240260989992053142e-01	2.058251516024469097e-01	9.635322639658278066e-02	4.642435183201494564e-02	1.099145161325617154e-01
1.538410927942380113e+03	1.362077055931360525e-01	8.113377837929977576e-02	3.240789360254071050e-01	2.058547656501930334e-01	9.636249367043127345e-02	4.643004448775603366e-02	1.099322761927321312e-01
1.552924238583346096e+03	1.361428870800724111e-01	8.108570986715143980e-02	3.241308229449174627e-01	2.058837296118073146e-01	9.637152575800048138e-02	4.643560286133267823e-02	1.099497218756735756e-01
1.567437549224311852e+03	1.360794302001946954e-01	8.103851829902938841e-02	3.241817764708088134e-01	2.059120572870099530e-01	9.638032835170780299e-02	4.644103001727362123e-02	1.099668593729311167e-01
1.581950859865277607e+03	1.360173070826286024e-01	8.099218699248271480e-02	3.242318130531808840e-01	2.059397621911021881e-01	9.638890700111119036e-02	4.644632894890397129e-02	1.099836947295457917e-01
1.596464170506243590e+03	1.359564904183590550e-01	8.094669959293095129e-02	3.242809488816048025e-01	2.059668575604051699e-01	9.639726711698184958e-02	4.645150258013345385e-02	1.100002338485400882e-01
1.610977481147209119e+03	1.358969534490013786e-01	8.090204006703434481e-02	3.243291998876383642e-01	2.059933563576286375e-01	9.640541397523086364e-02	4.645655376719181467e-02	1.100164824952298559e-01
1.625490791788175102e+03	1.358386699557966593e-01	8.085819269620256322e-02	3.243765817474086877e-01	2.060192712771672652e-01	9.641335272069685713e-02	4.646148530031339596e-02	1.100324463013698933e-01
1.640004102429141085e+03	1.357816142488268707e-01	8.081514207023862695e-02	3.244231098842522143e-01	2.060446147503227077e-01	9.642108837080116956e-02	4.646629990537280014e-02	1.100481307691409116e-01
1.654517413070107068e+03	1.357257611564451905e-01	8.077287308111526232e-02	3.244687994714098855e-01	2.060693989504501777e-01	9.642862581907658825e-02	4.647100024547341779e-02	1.100635412749847164e-01
1.669030723711072824e+03	1.356710860149171471e-01	8.073137091688067923e-02	3.245136654347694494e-01	2.060936357980277245e-01	9.643596983857531668e-02	4.647558892249057522e-02	1.100786830732943256e-01
1.683544034352038352e+03	1.356175646582681582e-01	8.069062105569116405e-02	3.245577224556501217e-01	2.061173369656478238e-01	9.644312508516175719e-02	4.648006847857086982e-02	1.100935612999653646e-01
1.698057344993004335e+03	1.355651734083336557e-01	8.065060925996744845e-02	3.246009849736246622e-01	2.061405138829303096e-01	9.645009610069499306e-02	4.648444139758935167e-02	1.101081809758148178e-01
1.712570655633970318e+03	1.355138890650074424e-01	8.061132157067243953e-02	3.246434671893743129e-01	2.061631777413561739e-01	9.645688731610593813e-02	4.648871010656593916e-02	1.101225470098730064e-01
1.727083966274936301e+03	1.354636888966839758e-01	8.057274430170757729e-02	3.246851830675714368e-01	2.061853394990217359e-01	9.646350305437373374e-02	4.649287697704257427e-02	1.101366642025541909e-01
1.741597276915902057e+03	1.354145506308916114e-01	8.053486403442529362e-02	3.247261463397859704e-01	2.062070098853133471e-01	9.646994753340547291e-02	4.649694432642235975e-02	1.101505372487111417e-01
1.756110587556867813e+03	1.353664524451116957e-01	8.049766761225490841e-02	3.247663705074117502e-01	2.062281994055024381e-01	9.647622486882358184e-02	4.650091441927214908e-02	1.101641707405786874e-01
1.770623898197833569e+03	1.353193729577809867e-01	8.046114213543988092e-02	3.248058688446081588e-01	2.062489183452609620e-01	9.648233907666453613e-02	4.650478946858960932e-02	1.101775691706110144e-01
1.785137208838799552e+03	1.352732912194728188e-01	8.042527495588361330e-02	3.248446544012549286e-01	2.062691767750977623e-01	9.648829407599254782e-02	4.650857163703615849e-02	1.101907369342172843e-01
1.799650519479765535e+03	1.352281867042539054e-01	8.039005367210179387e-02	3.248827400059148829e-01	2.062889845547160317e-01	9.649409369143178983e-02	4.651226303813674190e-02	1.102036783323999680e-01
1.814163830120731291e+03	1.351840393012131158e-01	8.035546612427876823e-02	3.249201382688028938e-01	2.063083513372925004e-01	9.649974165562029416e-02	4.651586573744757175e-02	1.102163975742999208e-01
1.828677140761696819e+03	1.351408293061588661e-01	8.032150038942592607e-02	3.249568615847576170e-01	2.063272865736785755e-01	9.650524161158870184e-02	4.651938175369299544e-02	1.102288987796523484e-01
1.843190451402663257e+03	1.350985374134814898e-01	8.028814477663968885e-02	3.249929221362128362e-01	2.063457995165246806e-01	9.651059711506677907e-02	4.652281305987227000e-02	1.102411859811572720e-01
1.857703762043628785e+03	1.350571447081777010e-01	8.025538782245716929e-02	3.250283318961662005e-01	2.063638992243277959e-01	9.651581163672050268e-02	4.652616158433740823e-02	1.102532631267682528e-01
1.872217072684594768e+03	1.350166326580336529e-01	8.022321828630737950e-02	3.250631026311426308e-01	2.063815945654036144e-01	9.652088856432231023e-02	4.652942921184282515e-02	1.102651340819025966e-01
1.886730383325560297e+03	1.349769831059633995e-01	8.019162514605578107e-02	3.250972459041505669e-01	2.063988942217836742e-01	9.652583120485717927e-02	4.653261778456783959e-02	1.102768026315765343e-01
1.901243693966526507e+03	1.349381782624997361e-01	8.016059759364045634e-02	3.251307730776281657e-01	2.064158066930386892e-01	9.653064278656674213e-02	4.653572910311272459e-02	1.102882724824683913e-01
1.915757004607492036e+03	1.349002006984345581e-01	8.013012503079779136e-02	3.251636953163779542e-01	2.064323403000286328e-01	9.653532646093389291e-02	4.653876492746922278e-02	1.102995472649128117e-01
1.930270315248458019e+03	1.348630333376053536e-01	8.010019706487571389e-02	3.251960235904880481e-01	2.064485031885808231e-01	9.653988530460996809e-02	4.654172697796626901e-02	1.103106305348286742e-01
1.944783625889424002e+03	1.348266594498252757e-01	8.007080350473284869e-02	3.252277686782379384e-01	2.064643033330968158e-01	9.654432232128656866e-02	4.654461693619162121e-02	1.103215257755837120e-01
1.959296936530389530e+03	1.347910626439540183e-01	8.004193435672156409e-02	3.252589411689874588e-01	2.064797485400892141e-01	9.654864044351406382e-02	4.654743644589019735e-02	1.103322363997982503e-01
1.973810247171355968e+03	1.347562268611060265e-01	8.001357982075325836e-02	3.252895514660472664e-01	2.064948464516493387e-01	9.655284253446858034e-02	4.655018711383978464e-02	1.103427657510905324e-01
1.988323557812321269e+03	1.347221363679942663e-01	7.998573028644402616e-02	3.253196097895296179e-01	2.065096045488467036e-01	9.655693138966942035e-02	4.655287051070474552e-02	1.103531171057659938e-01
2.002836868453287707e+03	1.346887757504061089e-01	7.995837632933916472e-02	3.253491261791779943e-01	2.065240301550617386e-01	9.656090973864837890e-02	4.655548817186845600e-02	1.103632936744529391e-01
2.017350179094252780e+03	1.346561299068090578e-01	7.993150870721472956e-02	3.253781104971745219e-01	2.065381304392522044e-01	9.656478024657288994e-02	4.655804159824498967e-02	1.103732986036863734e-01
2.031863489735218764e+03	1.346241840420835667e-01	7.990511835645458527e-02	3.254065724309241903e-01	2.065519124191549649e-01	9.656854551582434720e-02	4.656053225707069976e-02	1.103831349774424403e-01
2.046376800376184747e+03	1.345929236613807867e-01	7.987919638850134174e-02	3.254345214958142551e-01	2.065653829644236716e-01	9.657220808753320951e-02	4.656296158267630991e-02	1.103928058186252475e-01
2.060890111017150957e+03	1.345623345641021318e-01	7.985373408637957970e-02	3.254619670379490515e-01	2.065785487997038594e-01	9.657577044307236180e-02	4.656533097723997150e-02	1.104023140905078526e-01
2.075403421658116713e+03	1.345324028379989711e-01	7.982872290128996406e-02	3.254889182368582157e-01	2.065914165076463416e-01	9.657923500550993912e-02	4.656764181152189819e-02	1.104116626981294369e-01
2.089916732299082469e+03	1.345031148533893661e-01	7.980415444927262125e-02	3.255153841081784294e-01	2.066039925318597925e-01	9.658260414102316782e-02	4.656989542558111206e-02	1.104208544896501526e-01
2.104430042940048224e+03	1.344744572574902430e-01	7.978002050793840672e-02	3.255413735063075187e-01	2.066162831798040167e-01	9.658588016027430667e-02	4.657209312947471758e-02	1.104298922576654185e-01
2.118943353581013525e+03	1.344464169688618926e-01	7.975631301326666089e-02	3.255668951270303535e-01	2.066282946256244590e-01	9.658906531974992271e-02	4.657423620394023078e-02	1.104387787404811500e-01
2.133456664221980191e+03	1.344189811719635197e-01	7.973302405646795488e-02	3.255919575101161589e-01	2.066400329129293723e-01	9.659216182306476495e-02	4.657632590106146331e-02	1.104475166233514216e-01
2.147969974862945492e+03	1.343921373118167617e-01	7.971014588091064612e-02	3.256165690418869052e-01	2.066515039575106683e-01	9.659517182223133214e-02	4.657836344491836367e-02	1.104561085396800063e-01
2.162483285503912157e+03	1.343658730887755115e-01	7.968767087910967606e-02	3.256407379577558880e-01	2.066627135500092582e-01	9.659809741889598123e-02	4.658035003222124604e-02	1.104645570721871362e-01
2.176996596144877003e+03	1.343401764534000176e-01	7.966559158977654098e-02	3.256644723447363887e-01	2.066736673585260753e-01	9.660094066554303360e-02	4.658228683292986450e-02	1.104728647540428044e-01
2.191509906785843214e+03	1.343150356014327640e-01	7.964390069492903457e-02	3.256877801439202469e-01	2.066843709311797783e-01	9.660370356666737879e-02	4.658417499085773517e-02	1.104810340699677734e-01
2.206023217426809424e+03	1.342904389688746591e-01	7.962259101705952691e-02	3.257106691529257358e-01	2.066948296986121092e-01	9.660638807991700494e-02	4.658601562426206016e-02	1.104890674573035803e-01
2.220536528067775180e+03	1.342663752271588962e-01	7.960165551636055881e-02	3.257331470283149621e-01	2.067050489764420684e-01	9.660899611720591418e-02	4.658780982641967661e-02	1.104969673070525932e-01
2.235049838708740936e+03	1.342428332784213196e-01	7.958108728800661336e-02	3.257552212879798459e-01	2.067150339676694648e-01	9.661152954579869945e-02	4.658955866618938457e-02	1.105047359648893418e-01
2.249563149349706237e+03	1.342198022508645783e-01	7.956087955949094070e-02	3.257768993134976254e-01	2.067247897650293376e-01	9.661399018936737970e-02	4.659126318856100096e-02	1.105123757321438832e-01
2.264076459990672902e+03	1.341972714942149814e-01	7.954102568801597883e-02	3.257981883524546096e-01	2.067343213532977786e-01	9.661637982902140931e-02	4.659292441519152089e-02	1.105198888667585227e-01
2.278589770631638203e+03	1.341752305752695607e-01	7.952151915793678749e-02	3.258190955207391215e-01	2.067436336115504314e-01	9.661870020431158335e-02	4.659454334492866417e-02	1.105272775842186389e-01
2.293103081272604413e+03	1.341536692735320890e-01	7.950235357825585769e-02	3.258396278048030781e-01	2.067527313153742496e-01	9.662095301420874083e-02	4.659612095432220935e-02	1.105345440584585420e-01
2.307616391913570169e+03	1.341325775769358075e-01	7.948352268016867228e-02	3.258597920638919287e-01	2.067616191390339309e-01	9.662313991805776547e-02	4.659765819812332344e-02	1.105416904227433245e-01
2.322129702554535925e+03	1.341119456776515284e-01	7.946502031465860205e-02	3.258795950322438961e-01	2.067703016575930530e-01	9.662526253650786934e-02	4.659915600977236616e-02	1.105487187705274654e-01
2.336643013195502135e+03	1.340917639679792273e-01	7.944684045014048512e-02	3.258990433212573534e-01	2.067787833489920235e-01	9.662732245241950624e-02	4.660061530187523116e-02	1.105556311562909955e-01
2.351156323836467891e+03	1.340720230363215693e-01	7.942897717015146020e-02	3.259181434216275597e-01	2.067870685960825072e-01	9.662932121174899747e-02	4.660203696666869594e-02	1.105624295963539561e-01
2.365669634477433647e+03	1.340527136632376770e-01	7.941142467108848468e-02	3.259369017054523643e-01	2.067951616886201383e-01	9.663126032441099467e-02	4.660342187647505130e-02	1.105691160696700565e-01
2.380182945118399402e+03	1.340338268175754188e-01	7.939417725999131648e-02	3.259553244283064921e-01	2.068030668252155424e-01	9.663314126511989011e-02	4.660477088414612112e-02	1.105756925185999440e-01
2.394696255759364703e+03	1.340153536526811351e-01	7.937722935237015442e-02	3.259734177312855197e-01	2.068107881152452532e-01	9.663496547421041027e-02	4.660608482349716530e-02	1.105821608496650593e-01
2.409209566400331823e+03	1.339972855026846377e-01	7.936057547007685509e-02	3.259911876430190425e-01	2.068183295807229094e-01	9.663673435843810056e-02	4.660736450973068656e-02	1.105885229342824516e-01
2.423722877041296670e+03	1.339796138788584556e-01	7.934421023921910121e-02	3.260086400816534224e-01	2.068256951581313730e-01	9.663844929176025611e-02	4.660861073985061304e-02	1.105947806094814273e-01
2.438236187682262880e+03	1.339623304660497172e-01	7.932812838811627298e-02	3.260257808568042259e-01	2.068328887002172101e-01	9.664011161609785405e-02	4.660982429306689129e-02	1.106009356786024217e-01
2.452749498323228636e+03	1.339454271191831414e-01	7.931232474529656407e-02	3.260426156714787416e-01	2.068399139777474804e-01	9.664172264207897267e-02	4.661100593119092000e-02	1.106069899119787453e-01
2.467262808964194392e+03	1.339288958598338353e-01	7.929679423753417666e-02	3.260591501239685774e-01	2.068467746812302499e-01	9.664328364976405850e-02	4.661215639902187291e-02	1.106129450476018156e-01
2.481776119605160602e+03	1.339127288728683141e-01	7.928153188792590178e-02	3.260753897097126708e-01	2.068534744225992705e-01	9.664479588935390164e-02	4.661327642472425786e-02	1.106188027917702349e-01
2.496289430246126358e+03	1.338969185031530229e-01	7.926653281400630746e-02	3.260913398231310434e-01	2.068600167368635778e-01	9.664626058188030555e-02	4.661436672019685090e-02	1.106245648197234088e-01
2.510802740887092114e+03	1.338814572523280566e-01	7.925179222590064687e-02	3.261070057594294691e-01	2.068664050837227542e-01	9.664767891988031157e-02	4.661542798143330363e-02	1.106302327762600096e-01
2.525316051528057415e+03	1.338663377756454664e-01	7.923730542451484782e-02	3.261223927163751091e-01	2.068726428491485803e-01	9.664905206805417259e-02	4.661646088887450023e-02	1.106358082763419098e-01
2.539829362169024080e+03	1.338515528788707387e-01	7.922306779976161228e-02	3.261375057960438917e-01	2.068787333469337131e-01	9.665038116390767264e-02	4.661746610775296951e-02	1.106412929056839328e-01
2.554342672809989381e+03	1.338370955152462516e-01	7.920907482882220962e-02	3.261523500065395820e-01	2.068846798202082227e-01	9.665166731837893099e-02	4.661844428842951138e-02	1.106466882213298086e-01
2.568855983450955591e+03	1.338229587825149891e-01	7.919532207444282546e-02	3.261669302636847623e-01	2.068904854429242379e-01	9.665291161645055140e-02	4.661939606672220460e-02	1.106519957522149045e-01
2.583369294091921347e+03	1.338091359200041797e-01	7.918180518326516093e-02	3.261812513926842239e-01	2.068961533213100057e-01	9.665411511774694986e-02	4.662032206422800362e-02	1.106572169997159932e-01
2.597882604732887103e+03	1.337956203057668603e-01	7.916851988419026931e-02	3.261953181297608806e-01	2.069016864952932522e-01	9.665527885711769351e-02	4.662122288863707054e-02	1.106623534381884211e-01
2.612395915373853313e+03	1.337824054537807283e-01	7.915546198677513023e-02	3.262091351237650927e-01	2.069070879398952068e-01	9.665640384520694794e-02	4.662209913404007089e-02	1.106674065154912567e-01
2.626909226014819069e+03	1.337694850112028100e-01	7.914262737966125394e-02	3.262227069377565680e-01	2.069123605665952603e-01	9.665749106900956011e-02	4.662295138122850985e-02	1.106723776535004228e-01
2.641422536655784825e+03	1.337568527556792231e-01	7.913001202903463538e-02	3.262360380505602842e-01	2.069175072246673408e-01	9.665854149241395743e-02	4.662378019798840700e-02	1.106772682486105164e-01
2.655935847296750580e+03	1.337445025927085640e-01	7.911761197711639215e-02	3.262491328582962646e-01	2.069225307024882554e-01	9.665955605673229312e-02	4.662458613938733065e-02	1.106820796722252920e-01
2.670449157937716336e+03	1.337324285530579471e-01	7.910542334068358661e-02	3.262619956758833761e-01	2.069274337288188326e-01	9.666053568121814321e-02	4.662536974805500667e-02	1.106868132712374858e-01
2.684962468578682547e+03	1.337206247902309186e-01	7.909344230961942723e-02	3.262746307385179789e-01	2.069322189740582518e-01	9.666148126357211601e-02	4.662613155445768237e-02	1.106914703684980100e-01
2.699475779219648302e+03	1.337090855779857757e-01	7.908166514549246073e-02	3.262870422031271533e-01	2.069368890514721449e-01	9.666239368043558211e-02	4.662687207716634946e-02	1.106960522632748634e-01
2.713989089860614058e+03	1.336978053079038442e-01	7.907008818016399154e-02	3.262992341497973348e-01	2.069414465183951612e-01	9.666327378787287206e-02	4.662759182311896483e-02	1.107005602317021609e-01
2.728502400501579814e+03	1.336867784870058584e-01	7.905870781442320139e-02	3.263112105831784682e-01	2.069458938774082768e-01	9.666412242184219128e-02	4.662829128787685656e-02	1.107049955272194214e-01
2.743015711142545115e+03	1.336759997354167451e-01	7.904752051664952484e-02	3.263229754338639044e-01	2.069502335774915658e-01	9.666494039865573817e-02	4.662897095587540536e-02	1.107093593810013904e-01
2.757529021783511780e+03	1.336654637840765103e-01	7.903652282150150366e-02	3.263345325597463709e-01	2.069544680151529648e-01	9.666572851542892808e-02	4.662963130066914014e-02	1.107136530023787729e-01
2.772042332424477081e+03	1.336551654724972560e-01	7.902571132863182857e-02	3.263458857473512387e-01	2.069585995355332497e-01	9.666648755051925057e-02	4.663027278517139357e-02	1.107178775792499320e-01
2.786555643065443292e+03	1.336450997465651325e-01	7.901508270142783286e-02	3.263570387131453088e-01	2.069626304334881983e-01	9.666721826395500983e-02	4.663089586188864932e-02	1.107220342784839689e-01
2.801068953706408593e+03	1.336352616563860618e-01	7.900463366577700763e-02	3.263679951048242267e-01	2.069665629546477426e-01	9.666792139785411464e-02	4.663150097314967824e-02	1.107261242463152690e-01
2.815582264347374803e+03	1.336256463541748429e-01	7.899436100885708079e-02	3.263787585025762494e-01	2.069703992964533890e-01	9.666859767683315396e-02	4.663208855132959518e-02	1.107301486087297754e-01
2.830095574988341014e+03	1.336162490921862789e-01	7.898426157795003510e-02	3.263893324203246959e-01	2.069741416091737118e-01	9.666924780840702169e-02	4.663265901906893385e-02	1.107341084718433399e-01
2.844608885629306769e+03	1.336070652206881870e-01	7.897433227927976029e-02	3.263997203069479713e-01	2.069777919968985580e-01	9.666987248337946537e-02	4.663321278948794057e-02	1.107380049222720930e-01
2.859122196270272525e+03	1.335980901859743220e-01	7.896457007687261720e-02	3.264099255474785521e-01	2.069813525185127678e-01	9.667047237622437839e-02	4.663375026639603182e-02	1.107418390274952508e-01
2.873635506911238281e+03	1.335893195284178492e-01	7.895497199144066447e-02	3.264199514642804334e-01	2.069848251886491353e-01	9.667104814545862679e-02	4.663427184449671359e-02	1.107456118362104419e-01
2.888148817552204036e+03	1.335807488805633436e-01	7.894553509928704804e-02	3.264298013182058700e-01	2.069882119786217167e-01	9.667160043400611913e-02	4.663477790958793501e-02	1.107493243786818043e-01
2.902662128193170247e+03	1.335723739652571740e-01	7.893625653123295671e-02	3.264394783097318009e-01	2.069915148173394892e-01	9.667212986955352194e-02	4.663526883875800111e-02	1.107529776670809346e-01
2.917175438834136003e+03	1.335641905938153851e-01	7.892713347156594950e-02	3.264489855800755125e-01	2.069947355922009402e-01	9.667263706489791220e-02	4.663574500057721117e-02	1.107565726958209817e-01
2.931688749475101758e+03	1.335561946642283560e-01	7.891816315700896090e-02	3.264583262122908724e-01	2.069978761499700060e-01	9.667312261828643616e-02	4.663620675528523662e-02	1.107601104418840104e-01
2.946202060116067514e+03	1.335483821594013465e-01	7.890934287570978978e-02	3.264675032323449688e-01	2.070009382976334689e-01	9.667358711374814118e-02	4.663665445497440498e-02	1.107635918651417029e-01
2.960715370757033725e+03	1.335407491454303763e-01	7.890066996625058615e-02	3.264765196101752642e-01	2.070039238032405915e-01	9.667403112141834121e-02	4.663708844376893842e-02	1.107670179086697182e-01
2.975228681397999480e+03	1.335332917699127986e-01	7.889214181667675296e-02	3.264853782607275989e-01	2.070068343967252367e-01	9.667445519785544672e-02	4.663750905800023022e-02	1.107703894990557242e-01
2.989741992038964781e+03	1.335260062602916242e-01	7.888375586354524904e-02	3.264940820449759862e-01	2.070096717707105849e-01	9.667485988635068916e-02	4.663791662637828406e-02	1.107737075467013499e-01
3.004255302679930992e+03	1.335188889222330422e-01	7.887550959099154380e-02	3.265026337709238669e-01	2.070124375812971429e-01	9.667524571723068449e-02	4.663831147015940620e-02	1.107769729461181296e-01
3.018768613320896748e+03	1.335119361380367187e-01	7.886740052981501548e-02	3.265110361945869899e-01	2.070151334488341544e-01	9.667561320815312720e-02	4.663869390331018550e-02	1.107801865762175764e-01
3.033281923961862958e+03	1.335051443650778491e-01	7.885942625658237670e-02	3.265192920209590843e-01	2.070177609586750511e-01	9.667596286439589237e-02	4.663906423266790668e-02	1.107833493005955933e-01
3.047795234602828714e+03	1.334985101342805180e-01	7.885158439274882192e-02	3.265274039049594346e-01	2.070203216619168896e-01	9.667629517913935155e-02	4.663942275809738330e-02	1.107864619678113616e-01
3.062308545243794470e+03	1.334920300486215627e-01	7.884387260379652207e-02	3.265353744523638579e-01	2.070228170761244102e-01	9.667661063374238806e-02	4.663976977264443213e-02	1.107895254116606082e-01
3.076821855884760225e+03	1.334857007816649122e-01	7.883628859838995306e-02	3.265432062207181407e-01	2.070252486860388597e-01	9.667690969801220890e-02	4.664010556268594065e-02	1.107925404514437384e-01
3.091335166525725526e+03	1.334795190761248473e-01	7.882883012754805796e-02	3.265509017202355979e-01	2.070276179442721021e-01	9.667719283046789791e-02	4.664043040807665935e-02	1.107955078922286396e-01
3.105848477166692192e+03	1.334734817424585440e-01	7.882149498383254904e-02	3.265584634146773135e-01	2.070299262719860756e-01	9.667746047859815395e-02	4.664074458229274661e-02	1.107984285251084056e-01
3.120361787807657493e+03	1.334675856574866759e-01	7.881428100055226649e-02	3.265658937222175040e-01	2.070321750595580379e-01	9.667771307911295076e-02	4.664104835257223275e-02	1.108013031274541482e-01
3.134875098448624158e+03	1.334618277630417182e-01	7.880718605098314955e-02	3.265731950162919506e-01	2.070343656672319343e-01	9.667795105818981216e-02	4.664134198005236154e-02	1.108041324631629243e-01
3.149388409089589004e+03	1.334562050646436182e-01	7.880020804760357045e-02	3.265803696264315548e-01	2.070364994257560542e-01	9.667817483171427251e-02	4.664162571990394107e-02	1.108069172829008187e-01
3.163901719730555214e+03	1.334507146302019165e-01	7.879334494134465627e-02	3.265874198390805727e-01	2.070385776370074205e-01	9.667838480551499414e-02	4.664189982146278723e-02	1.108096583243414618e-01
3.178415030371521425e+03	1.334453535887440145e-01	7.878659472085537685e-02	3.265943478983995840e-01	2.070406015746029948e-01	9.667858137559358356e-02	4.664216452835825283e-02	1.108123563123999816e-01
3.192928341012487181e+03	1.334401191291691158e-01	7.877995541178210714e-02	3.266011560070538611e-01	2.070425724844981719e-01	9.667876492834913404e-02	4.664242007863896033e-02	1.108150119594624172e-01
3.207441651653452936e+03	1.334350084990270913e-01	7.877342507606217847e-02	3.266078463269874166e-01	2.070444915855725876e-01	9.667893584079784164e-02	4.664266670489580768e-02	1.108176259656108859e-01
3.221954962294418237e+03	1.334300190033219369e-01	7.876700181123148792e-02	3.266144209801823406e-01	2.070463600702038831e-01	9.667909448078754187e-02	4.664290463438226786e-02	1.108201990188443925e-01
3.236468272935384903e+03	1.334251480033394333e-01	7.876068374974554143e-02	3.266208820494046483e-01	2.070481791048292275e-01	9.667924120720741699e-02	4.664313408913206560e-02	1.108227317952955177e-01
3.250981583576350204e+03	1.334203929154982871e-01	7.875446905831383348e-02	3.266272315789361391e-01	2.070499498304952668e-01	9.667937637019308195e-02	4.664335528607432141e-02	1.108252249594429278e-01
3.265494894217316414e+03	1.334157512102244481e-01	7.874835593724732741e-02	3.266334715752927109e-01	2.070516733633963047e-01	9.667950031132693800e-02	4.664356843714610734e-02	1.108276791643200004e-01
3.280008204858282170e+03	1.334112204108480193e-01	7.874234261981871708e-02	3.266396040079295737e-01	2.070533507954014363e-01	9.667961336383401605e-02	4.664377374940262971e-02	1.108300950517194516e-01
3.294521515499247926e+03	1.334067980925225660e-01	7.873642737163505378e-02	3.266456308099330852e-01	2.070549831945705244e-01	9.667971585277353175e-02	4.664397142512496236e-02	1.108324732523941203e-01
3.309034826140214136e+03	1.334024818811659074e-01	7.873060849002289086e-02	3.266515538787002071e-01	2.070565716056594063e-01	9.667980809522597196e-02	4.664416166192544150e-02	1.108348143862540325e-01
3.323548136781179892e+03	1.333982694524225854e-01	7.872488430342532151e-02	3.266573750766050832e-01	2.070581170506143598e-01	9.667989040047604565e-02	4.664434465285077075e-02	1.108371190625597469e-01
3.338061447422145648e+03	1.333941585306469280e-01	7.871925317081075735e-02	3.266630962316532383e-01	2.070596205290564096e-01	9.667996307019155466e-02	4.664452058648287103e-02	1.108393878801120919e-01
3.352574758063111403e+03	1.333901468879068464e-01	7.871371348109343358e-02	3.266687191381239530e-01	2.070610830187554763e-01	9.668002639859817060e-02	4.664468964703753079e-02	1.108416214274384193e-01
3.367088068704076704e+03	1.333862323430075325e-01	7.870826365256501644e-02	3.266742455572004267e-01	2.070625054760943107e-01	9.668008067265033978e-02	4.664485201446092605e-02	1.108438202829753333e-01
3.381601379345043824e+03	1.333824127605349741e-01	7.870290213233753496e-02	3.266796772175880603e-01	2.070638888365229358e-01	9.668012617219830240e-02	4.664500786452402403e-02	1.108459850152480469e-01
3.396114689986008671e+03	1.333786860499187876e-01	7.869762739579698463e-02	3.266850158161216378e-01	2.070652340150036519e-01	9.668016317015139249e-02	4.664515736891492598e-02	1.108481161830464495e-01
3.410628000626974881e+03	1.333750501645137032e-01	7.869243794606778364e-02	3.266902630183612377e-01	2.070665419064463830e-01	9.668019193263766020e-02	4.664530069532919071e-02	1.108502143355978714e-01
3.425141311267940637e+03	1.333715031006998952e-01	7.868733231348748469e-02	3.266954204591765443e-01	2.070678133861351133e-01	9.668021271915988590e-02	4.664543800755825004e-02	1.108522800127366426e-01
3.439654621908906392e+03	1.333680428970012710e-01	7.868230905509185358e-02	3.267004897433207211e-01	2.070690493101454144e-01	9.668022578274811096e-02	4.664556946557581185e-02	1.108543137450705984e-01
3.454167932549872603e+03	1.333646676332216618e-01	7.867736675410998137e-02	3.267054724459933501e-01	2.070702505157529794e-01	9.668023137010876844e-02	4.664569522562244525e-02	1.108563160541444909e-01
3.468681243190838359e+03	1.333613754295983056e-01	7.867250401946909721e-02	3.267103701133932114e-01	2.070714178218339419e-01	9.668022972177044150e-02	4.664581544028831295e-02	1.108582874526003043e-01
3.483194553831804114e+03	1.333581644459726767e-01	7.866771948530923431e-02	3.267151842632601833e-01	2.070725520292563682e-01	9.668022107222629113e-02	4.664593025859409964e-02	1.108602284443347685e-01
3.497707864472769415e+03	1.333550328809777197e-01	7.866301181050716629e-02	3.267199163854073718e-01	2.070736539212638949e-01	9.668020565007340306e-02	4.664603982607015004e-02	1.108621395246538605e-01
3.512221175113736081e+03	1.333519789712418746e-01	7.865837967820964172e-02	3.267245679422434712e-01	2.070747242638511232e-01	9.668018367814894265e-02	4.664614428483394165e-02	1.108640211804245851e-01
3.526734485754701382e+03	1.333490009906087848e-01	7.865382179537576401e-02	3.267291403692849650e-01	2.070757638061312134e-01	9.668015537366320133e-02	4.664624377366582281e-02	1.108658738902238844e-01
3.541247796395667592e+03	1.333460972493731023e-01	7.864933689232815606e-02	3.267336350756589458e-01	2.070767732806956252e-01	9.668012094832983960e-02	4.664633842808313391e-02	1.108676981244848397e-01
3.555761107036633348e+03	1.333432660935316427e-01	7.864492372231300654e-02	3.267380534445964435e-01	2.070777534039665579e-01	9.668008060849293817e-02	4.664642838041269113e-02	1.108694943456402932e-01
3.570274417677599104e+03	1.333405059040496388e-01	7.864058106106841528e-02	3.267423968339168705e-01	2.070787048765417859e-01	9.668003455525145395e-02	4.664651375986172965e-02	1.108712630082637207e-01
3.584787728318565314e+03	1.333378150961417596e-01	7.863630770640139822e-02	3.267466665765025868e-01	2.070796283835321938e-01	9.667998298458073403e-02	4.664659469258724406e-02	1.108730045592076496e-01
3.599301038959531070e+03	1.333351921185678968e-01	7.863210247777281670e-02	3.267508639807656379e-01	2.070805245948925122e-01	9.667992608745133720e-02	4.664667130176388538e-02	1.108747194377394663e-01
3.613814349600496826e+03	1.333326354529429381e-01	7.862796421589063334e-02	3.267549903311048332e-01	2.070813941657448087e-01	9.667986404994523275e-02	4.664674370765033856e-02	1.108764080756748233e-01
3.628327660241463036e+03	1.333301436130607254e-01	7.862389178231078690e-02	3.267590468883545540e-01	2.070822377366953182e-01	9.667979705336929297e-02	4.664681202765427054e-02	1.108780708975086321e-01
3.642840970882427882e+03	1.333277151442314734e-01	7.861988405904601906e-02	3.267630348902256232e-01	2.070830559341446109e-01	9.667972527436637098e-02	4.664687637639585577e-02	1.108797083205435852e-01
3.657354281523394548e+03	1.333253486226328444e-01	7.861593994818216746e-02	3.267669555517370705e-01	2.070838493705912942e-01	9.667964888502379728e-02	4.664693686576993487e-02	1.108813207550164298e-01
3.671867592164359849e+03	1.333230426546740122e-01	7.861205837150181397e-02	3.267708100656403492e-01	2.070846186449291637e-01	9.667956805297943379e-02	4.664699360500682013e-02	1.108829086042219525e-01
3.686380902805326514e+03	1.333207958763725776e-01	7.860823827011539922e-02	3.267745996028355027e-01	2.070853643427382207e-01	9.667948294152538258e-02	4.664704670073175491e-02	1.108844722646347009e-01
3.700894213446291815e+03	1.333186069527441953e-01	7.860447860409935927e-02	3.267783253127792831e-01	2.070860870365696105e-01	9.667939370970941859e-02	4.664709625702308932e-02	1.108860121260284853e-01
3.715407524087257570e+03	1.333164745772045801e-01	7.860077835214122899e-02	3.267819883238861078e-01	2.070867872862245385e-01	9.667930051243399381e-02	4.664714237546921383e-02	1.108875285715937853e-01
3.729920834728223781e+03	1.333143974709834756e-01	7.859713651119161482e-02	3.267855897439206347e-01	2.070874656390272461e-01	9.667920350055318746e-02	4.664718515522422310e-02	1.108890219780529623e-01
3.744434145369189537e+03	1.333123743825507801e-01	7.859355209612305104e-02	3.267891306603840085e-01	2.070881226300922973e-01	9.667910282096738028e-02	4.664722469306238628e-02	1.108904927157734061e-01
3.758947456010155292e+03	1.333104040870539686e-01	7.859002413939511489e-02	3.267926121408919471e-01	2.070887587825863130e-01	9.667899861671579165e-02	4.664726108343140998e-02	1.108919411488787643e-01
3.773460766651120593e+03	1.333084853857671448e-01	7.858655169072634172e-02	3.267960352335462781e-01	2.070893746079840447e-01	9.667889102706700433e-02	4.664729441850457015e-02	1.108933676353579395e-01
3.787974077292087259e+03	1.333066171055511950e-01	7.858313381677226039e-02	3.267994009672990918e-01	2.070899706063192569e-01	9.667878018760746317e-02	4.664732478823167827e-02	1.108947725271723361e-01
3.802487387933053014e+03	1.333047980983250724e-01	7.857976960080970130e-02	3.268027103523105104e-01	2.070905472664300861e-01	9.667866623032787821e-02	4.664735228038897202e-02	1.108961561703610682e-01
3.817000698574018315e+03	1.333030272405474614e-01	7.857645814242712745e-02	3.268059643802991299e-01	2.070911050661994879e-01	9.667854928370778200e-02	4.664737698062790261e-02	1.108975189051443766e-01
3.831514009214984981e+03	1.333013034327091839e-01	7.857319855722103008e-02	3.268091640248865226e-01	2.070916444727904648e-01	9.667842947279817190e-02	4.664739897252283274e-02	1.108988610660250063e-01
3.846027319855950282e+03	1.332996255988360412e-01	7.856998997649811134e-02	3.268123102419348003e-01	2.070921659428763273e-01	9.667830691930226483e-02	4.664741833761772843e-02	1.109001829818879598e-01
3.860540630496916037e+03	1.332979926860013709e-01	7.856683154698321236e-02	3.268154039698777935e-01	2.070926699228662349e-01	9.667818174165446199e-02	4.664743515547185165e-02	1.109014849760983495e-01
3.875053941137881793e+03	1.332964036638488448e-01	7.856372243053275084e-02	3.268184461300464028e-01	2.070931568491258257e-01	9.667805405509748151e-02	4.664744950370439125e-02	1.109027673665975433e-01
3.889567251778848004e+03	1.332948575241249267e-01	7.856066180385389008e-02	3.268214376269873434e-01	2.070936271481934043e-01	9.667792397175789532e-02	4.664746145803818494e-02	1.109040304659975190e-01
3.904080562419813759e+03	1.332933532802206000e-01	7.855764885822888455e-02	3.268243793487763948e-01	2.070940812369913564e-01	9.667779160071976463e-02	4.664747109234244904e-02	1.109052745816736796e-01
3.918593873060779970e+03	1.332918899667226709e-01	7.855468279924482378e-02	3.268272721673251002e-01	2.070945195230332048e-01	9.667765704809681837e-02	4.664747847867460606e-02	1.109065000158558217e-01
3.933107183701745726e+03	1.332904666389739812e-01	7.855176284652853891e-02	3.268301169386824689e-01	2.070949424046263920e-01	9.667752041710285515e-02	4.664748368732116873e-02	1.109077070657176201e-01
3.947620494342711936e+03	1.332890823726427254e-01	7.854888823348661619e-02	3.268329145033302963e-01	2.070953502710705385e-01	9.667738180812063264e-02	4.664748678683774269e-02	1.109088960234644455e-01
3.962133804983676782e+03	1.332877362633005103e-01	7.854605820705039265e-02	3.268356656864733201e-01	2.070957435028517868e-01	9.667724131876918869e-02	4.664748784408818960e-02	1.109100671764196161e-01
3.976647115624642538e+03	1.332864274260089632e-01	7.854327202742576730e-02	3.268383712983237155e-01	2.070961224718329274e-01	9.667709904396963594e-02	4.664748692428287435e-02	1.109112208071091205e-01
3.991160426265608749e+03	1.332851549949146119e-01	7.854052896784789739e-02	3.268410321343804270e-01	2.070964875414395279e-01	9.667695507600949922e-02	4.664748409101611426e-02	1.109123571933448571e-01
4.005673736906575414e+03	1.332839181228523961e-01	7.853782831434054368e-02	3.268436489757031715e-01	2.070968390668420922e-01	9.667680950460555422e-02	4.664747940630283030e-02	1.109134766083063467e-01
4.020187047547540715e+03	1.332827159809567563e-01	7.853516936548006477e-02	3.268462225891810014e-01	2.070971773951344186e-01	9.667666241696529217e-02	4.664747293061434485e-02	1.109145793206210012e-01
4.034700358188505561e+03	1.332815477582810493e-01	7.853255143216382461e-02	3.268487537277963151e-01	2.070975028655082650e-01	9.667651389784701066e-02	4.664746472291343010e-02	1.109156655944429637e-01
4.049213668829472226e+03	1.332804126614245965e-01	7.852997383738312409e-02	3.268512431308833177e-01	2.070978158094241572e-01	9.667636402961847508e-02	4.664745484068859305e-02	1.109167356895305739e-01
4.063726979470437527e+03	1.332793099141671989e-01	7.852743591600044870e-02	3.268536915243820951e-01	2.070981165507786992e-01	9.667621289231431714e-02	4.664744333998761122e-02	1.109177898613223912e-01
4.078240290111404192e+03	1.332782387571112559e-01	7.852493701453094888e-02	3.268560996210878589e-01	2.070984054060684143e-01	9.667606056369208722e-02	4.664743027545030507e-02	1.109188283610118980e-01
4.092753600752369493e+03	1.332771984473311300e-01	7.852247649092808368e-02	3.268584681208949738e-01	2.070986826845498951e-01	9.667590711928714109e-02	4.664741570034061646e-02	1.109198514356209281e-01
4.107266911393336159e+03	1.332761882580296986e-01	7.852005371437340009e-02	3.268607977110369878e-01	2.070989486883968445e-01	9.667575263246611095e-02	4.664739966657801412e-02	1.109208593280717192e-01
4.121780222034301914e+03	1.332752074782017349e-01	7.851766806507030905e-02	3.268630890663218325e-01	2.070992037128536745e-01	9.667559717447936352e-02	4.664738222476814966e-02	1.109218522772576626e-01
4.136293532675267670e+03	1.332742554123045320e-01	7.851531893404166407e-02	3.268653428493629165e-01	2.070994480463857479e-01	9.667544081451207028e-02	4.664736342423290300e-02	1.109228305181129137e-01
4.150806843316233426e+03	1.332733313799348562e-01	7.851300572293144764e-02	3.268675597108051112e-01	2.070996819708266212e-01	9.667528361973430628e-02	4.664734331303971304e-02	1.109237942816806294e-01
4.165320153957199182e+03	1.332724347155127276e-01	7.851072784380999647e-02	3.268697402895475168e-01	2.070999057615221517e-01	9.667512565534994162e-02	4.664732193803029087e-02	1.109247437951800946e-01
4.179833464598164937e+03	1.332715647679715287e-01	7.850848471898304315e-02	3.268718852129610664e-01	2.071001196874714401e-01	9.667496698464429772e-02	4.664729934484873608e-02	1.109256792820726284e-01
4.194346775239130693e+03	1.332707209004545812e-01	7.850627578080437985e-02	3.268739950971027430e-01	2.071003240114648314e-01	9.667480766903094325e-02	4.664727557796898710e-02	1.109266009621262677e-01
4.208860085880096449e+03	1.332699024900178275e-01	7.850410047149207482e-02	3.268760705469253569e-01	2.071005189902190013e-01	9.667464776809731042e-02	4.664725068072170244e-02	1.109275090514794393e-01
4.223373396521062205e+03	1.332691089273386198e-01	7.850195824294817215e-02	3.268781121564835468e-01	2.071007048745093504e-01	9.667448733964922880e-02	4.664722469532051746e-02	1.109284037627032982e-01
4.237886707162027960e+03	1.332683396164303646e-01	7.849984855658177774e-02	3.268801205091356743e-01	2.071008819092993170e-01	9.667432643975455708e-02	4.664719766288776687e-02	1.109292853048632344e-01
4.252400017802994626e+03	1.332675939743632465e-01	7.849777088313564244e-02	3.268820961777423317e-01	2.071010503338671094e-01	9.667416512278569074e-02	4.664716962347961043e-02	1.109301538835789913e-01
4.266913328443960381e+03	1.332668714309904745e-01	7.849572470251586775e-02	3.268840397248607421e-01	2.071012103819297456e-01	9.667400344146129254e-02	4.664714061611062446e-02	1.109310097010839380e-01
4.281426639084926137e+03	1.332661714286799970e-01	7.849370950362487276e-02	3.268859517029354400e-01	2.071013622817643451e-01	9.667384144688685732e-02	4.664711067877785194e-02	1.109318529562832445e-01
4.295939949725891893e+03	1.332654934220521836e-01	7.849172478419765009e-02	3.268878326544858992e-01	2.071015062563271170e-01	9.667367918859452736e-02	4.664707984848428385e-02	1.109326838448109614e-01
4.310453260366857648e+03	1.332648368777223369e-01	7.848977005064097789e-02	3.268896831122898861e-01	2.071016425233694891e-01	9.667351671458185303e-02	4.664704816126190312e-02	1.109335025590861418e-01
4.324966571007824314e+03	1.332642012740488102e-01	7.848784481787574041e-02	3.268915035995640928e-01	2.071017712955520174e-01	9.667335407134980407e-02	4.664701565219415286e-02	1.109343092883679910e-01
4.339479881648789160e+03	1.332635861008861222e-01	7.848594860918219063e-02	3.268932946301407183e-01	2.071018927805557686e-01	9.667319130393982329e-02	4.664698235543794647e-02	1.109351042188100045e-01
4.353993192289754006e+03	1.332629908593433721e-01	7.848408095604822443e-02	3.268950567086411629e-01	2.071020071811914554e-01	9.667302845597003369e-02	4.664694830424517130e-02	1.109358875335131611e-01
4.368506502930720671e+03	1.332624150615473180e-01	7.848224139802037480e-02	3.268967903306462808e-01	2.071021146955060177e-01	9.667286556967072397e-02	4.664691353098371351e-02	1.109366594125781730e-01
4.383019813571686427e+03	1.332618582304103683e-01	7.848042948255784523e-02	3.268984959828634684e-01	2.071022155168871781e-01	9.667270268591884874e-02	4.664687806715807350e-02	1.109374200331568333e-01
4.397533124212653092e+03	1.332613198994035686e-01	7.847864476488898566e-02	3.269001741432905894e-01	2.071023098341656654e-01	9.667253984427189029e-02	4.664684194342945400e-02	1.109381695695024345e-01
4.412046434853618848e+03	1.332607996123339467e-01	7.847688680787080762e-02	3.269018252813767345e-01	2.071023978317154124e-01	9.667237708300090160e-02	4.664680518963543188e-02	1.109389081930193394e-01
4.426559745494584604e+03	1.332602969231266310e-01	7.847515518185084471e-02	3.269034498581803172e-01	2.071024796895512554e-01	9.667221443912268897e-02	4.664676783480923433e-02	1.109396360723115954e-01
4.441073056135550360e+03	1.332598113956113828e-01	7.847344946453188586e-02	3.269050483265235618e-01	2.071025555834249965e-01	9.667205194843142557e-02	4.664672990719854334e-02	1.109403533732307851e-01
4.455586366776516115e+03	1.332593426033134854e-01	7.847176924083906768e-02	3.269066211311446035e-01	2.071026256849191338e-01	9.667188964552943242e-02	4.664669143428387676e-02	1.109410602589230022e-01
4.470099677417481871e+03	1.332588901292488248e-01	7.847011410278952048e-02	3.269081687088466470e-01	2.071026901615387605e-01	9.667172756385727928e-02	4.664665244279661560e-02	1.109417568898749401e-01
4.484612988058447627e+03	1.332584535657234948e-01	7.846848364936451214e-02	3.269096914886441829e-01	2.071027491768013817e-01	9.667156573572317779e-02	4.664661295873655938e-02	1.109424434239592860e-01
4.499126298699412473e+03	1.332580325141372868e-01	7.846687748638389581e-02	3.269111898919063175e-01	2.071028028903249274e-01	9.667140419233169468e-02	4.664657300738919710e-02	1.109431200164792408e-01
4.513639609340379138e+03	1.332576265847912056e-01	7.846529522638304166e-02	3.269126643324980486e-01	2.071028514579137392e-01	9.667124296381184034e-02	4.664653261334245765e-02	1.109437868202122063e-01
4.528152919981345804e+03	1.332572353966990086e-01	7.846373648849197524e-02	3.269141152169179887e-01	2.071028950316429473e-01	9.667108207924451913e-02	4.664649180050323141e-02	1.109444439854528480e-01
4.542666230622311559e+03	1.332568585774027425e-01	7.846220089831684730e-02	3.269155429444342564e-01	2.071029337599408215e-01	9.667092156668925795e-02	4.664645059211341982e-02	1.109450916600552700e-01
4.557179541263276406e+03	1.332564957627917768e-01	7.846068808782356852e-02	3.269169479072171480e-01	2.071029677876694841e-01	9.667076145321035208e-02	4.664640901076568674e-02	1.109457299894745508e-01
4.571692851904243071e+03	1.332561465969259451e-01	7.845919769522366471e-02	3.269183304904701992e-01	2.071029972562040133e-01	9.667060176490251122e-02	4.664636707841880031e-02	1.109463591168074192e-01
4.586206162545208826e+03	1.332558107318619067e-01	7.845772936486232474e-02	3.269196910725578054e-01	2.071030223035096318e-01	9.667044252691577022e-02	4.664632481641273892e-02	1.109469791828323615e-01
4.600719473186175492e+03	1.332554878274835319e-01	7.845628274710837735e-02	3.269210300251312318e-01	2.071030430642172293e-01	9.667028376347987229e-02	4.664628224548336005e-02	1.109475903260489643e-01
4.615232783827140338e+03	1.332551775513354797e-01	7.845485749824648858e-02	3.269223477132515154e-01	2.071030596696976644e-01	9.667012549792813880e-02	4.664623938577677070e-02	1.109481926827165232e-01
4.629746094468105184e+03	1.332548795784601892e-01	7.845345328037130195e-02	3.269236444955109233e-01	2.071030722481339847e-01	9.666996775272068687e-02	4.664619625686340643e-02	1.109487863868919982e-01
4.644259405109071849e+03	1.332545935912385349e-01	7.845206976128360488e-02	3.269249207241514688e-01	2.071030809245924253e-01	9.666981054946721663e-02	4.664615287775177033e-02	1.109493715704674005e-01
4.658772715750037605e+03	1.332543192792333686e-01	7.845070661438838244e-02	3.269261767451814849e-01	2.071030858210917425e-01	9.666965390894917409e-02	4.664610926690189452e-02	1.109499483632063604e-01
4.673286026391004270e+03	1.332540563390366695e-01	7.844936351859471690e-02	3.269274128984896444e-01	2.071030870566712145e-01	9.666949785114142824e-02	4.664606544223843382e-02	1.109505168927802099e-01
4.687799337031970026e+03	1.332538044741196359e-01	7.844804015821775500e-02	3.269286295179576474e-01	2.071030847474568948e-01	9.666934239523349015e-02	4.664602142116357208e-02	1.109510772848032872e-01
4.702312647672935782e+03	1.332535633946858034e-01	7.844673622288227122e-02	3.269298269315699113e-01	2.071030790067268368e-01	9.666918755965016319e-02	4.664597722056953305e-02	1.109516296628677429e-01
4.716825958313901538e+03	1.332533328175274367e-01	7.844545140742820166e-02	3.269310054615217065e-01	2.071030699449745438e-01	9.666903336207174902e-02	4.664593285685088991e-02	1.109521741485777202e-01
4.731339268954867293e+03	1.332531124658847543e-01	7.844418541181780169e-02	3.269321654243251274e-01	2.071030576699714187e-01	9.666887981945378183e-02	4.664588834591654881e-02	1.109527108615828289e-01
4.745852579595833049e+03	1.332529020693080657e-01	7.844293794104460760e-02	3.269333071309128980e-01	2.071030422868276044e-01	9.666872694804630461e-02	4.664584370320151718e-02	1.109532399196112157e-01
4.760365890236798805e+03	1.332527013635227409e-01	7.844170870504416082e-02	3.269344308867409010e-01	2.071030238980515747e-01	9.666857476341265965e-02	4.664579894367834600e-02	1.109537614385018439e-01
4.774879200877764561e+03	1.332525100902970105e-01	7.844049741860618929e-02	3.269355369918877652e-01	2.071030026036084770e-01	9.666842328044790433e-02	4.664575408186836386e-02	1.109542755322364543e-01
4.789392511518729407e+03	1.332523279973125696e-01	7.843930380128860680e-02	3.269366257411535082e-01	2.071029785009773361e-01	9.666827251339672744e-02	4.664570913185264733e-02	1.109547823129707206e-01
4.803905822159696982e+03	1.332521548380377618e-01	7.843812757733305274e-02	3.269376974241557932e-01	2.071029516852068708e-01	9.666812247587094897e-02	4.664566410728271384e-02	1.109552818910650440e-01
4.818419132800663647e+03	1.332519903716033460e-01	7.843696847558188912e-02	3.269387523254244643e-01	2.071029222489700894e-01	9.666797318086667312e-02	4.664561902139104099e-02	1.109557743751147241e-01
4.832932443441628493e+03	1.332518343626810930e-01	7.843582622939693216e-02	3.269397907244944723e-01	2.071028902826178852e-01	9.666782464078092774e-02	4.664557388700128066e-02	1.109562598719796150e-01
4.837770213655283442e+03	1.332516865813645202e-01	7.843470057657957184e-02	3.269408128959971904e-01	2.071028558742313286e-01	9.666767686742804011e-02	4.664552871653828564e-02	1.109567384868132695e-01
