0.000000000000000000e+00	1.564626210459026112e-01	9.840130114209401369e-02	3.091000491883893475e-01	1.954915581707294403e-01	9.012750193345225869e-02	4.550648132414195079e-02	1.049104871942134337e-01
1.451331064096584811e+01	1.563752378450000147e-01	9.764638793842758679e-02	3.099055291564639658e-01	1.957436915456561288e-01	9.044729208245572138e-02	4.498953764376983216e-02	1.048923237871497993e-01
2.902662128193169622e+01	1.562190798296872185e-01	9.697153995422692907e-02	3.104746609242445277e-01	1.959785544465538487e-01	9.074834687909617836e-02	4.470295615943523093e-02	1.049048618056791088e-01
4.353993192289755143e+01	1.560083012740417774e-01	9.636312710475207488e-02	3.109039108138464957e-01	1.962030184412682232e-01	9.103189208044359937e-02	4.455056367918347471e-02	1.049391866053873273e-01
5.805324256386339954e+01	1.557546127014726445e-01	9.581000781312690173e-02	3.112498066681614883e-01	1.964209019141959778e-01	9.129904707126801355e-02	4.447624008962993564e-02	1.049893837410680320e-01
7.256655320482924765e+01	1.554676305730738617e-01	9.530308063136692931e-02	3.115455289802454009e-01	1.966342739961250696e-01	9.155084857370603124e-02	4.444724592555615583e-02	1.050513913188495935e-01
8.707986384579510286e+01	1.551552080120411348e-01	9.483491209234749808e-02	3.118106001030853114e-01	1.968442103945644839e-01	9.178826389634647809e-02	4.444448877961533484e-02	1.051223167209228704e-01
1.015931744867609581e+02	1.548237305099131877e-01	9.439942988431000714e-02	3.120565439579581213e-01	1.970512301603876693e-01	9.201219863093376694e-02	4.445684079975194269e-02	1.052000260556684441e-01
1.161064851277267991e+02	1.544783717715712268e-01	9.399167104840026876e-02	3.122901931289081001e-01	1.972555469423485919e-01	9.222350150525410184e-02	4.447782133058905685e-02	1.052828942718518207e-01
1.306197957686926259e+02	1.541233105442976203e-01	9.360757599798980033e-02	3.125156222889975410e-01	1.974572125651901933e-01	9.242296785308765084e-02	4.450366039641782262e-02	1.053696503529425871e-01
1.451331064096584669e+02	1.537619119023909686e-01	9.324382040207317146e-02	3.127352794547750281e-01	1.976561982632820125e-01	9.261134246234328793e-02	4.453216835815205360e-02	1.054592791559067211e-01
1.596464170506243647e+02	1.533968774287259307e-01	9.289767818953839629e-02	3.129506487047417629e-01	1.978524399451271620e-01	9.278932217637778090e-02	4.456207623220717617e-02	1.055509573222051523e-01
1.741597276915902057e+02	1.530303688441368992e-01	9.256691003632737391e-02	3.131626391411460597e-01	1.980458628129800336e-01	9.295755841556591070e-02	4.459265078553620310e-02	1.056440099632308671e-01
1.886730383325560467e+02	1.526641093290859452e-01	9.224967266405029176e-02	3.133718138150278221e-01	1.982363942231611387e-01	9.311665967837085001e-02	4.462347003976920717e-02	1.057378802494581271e-01
2.031863489735219162e+02	1.522994663029023088e-01	9.194444510348559474e-02	3.135785250154603521e-01	1.984239699244447763e-01	9.326719402871834486e-02	4.465429241137243432e-02	1.058321072125396056e-01
2.176996596144877287e+02	1.519375189026539730e-01	9.164996876931442993e-02	3.137829947014043608e-01	1.986085366324679968e-01	9.340969155393119561e-02	4.468498050240279906e-02	1.059263089367487171e-01
2.322129702554535982e+02	1.515791129008236815e-01	9.136519876838695986e-02	3.139853627298406780e-01	1.987900526329770268e-01	9.354464677048454635e-02	4.471545678045194677e-02	1.060201694159586677e-01
2.467262808964194392e+02	1.512249053472898841e-01	9.108926433909768361e-02	3.141857161207521898e-01	1.989684873740769633e-01	9.367252095543324164e-02	4.474567785904053074e-02	1.061134280032329930e-01
2.612395915373852517e+02	1.508754008264542035e-01	9.082143670969068661e-02	3.143841071041243995e-01	1.991438205848090892e-01	9.379374438521796697e-02	4.477561962059839473e-02	1.062058707680287040e-01
2.757529021783511780e+02	1.505309808847006270e-01	9.056110298261500768e-02	3.145805644854782757e-01	1.993160412145419669e-01	9.390871846841396253e-02	4.480526865357496724e-02	1.062973233095986375e-01
2.902662128193169337e+02	1.501919279020686449e-01	9.030774491265848580e-02	3.147751009925214283e-01	1.994851463491972565e-01	9.401781776372648836e-02	4.483461736085790628e-02	1.063876447178931928e-01
3.047795234602828600e+02	1.498584444485928924e-01	9.006092165891949053e-02	3.149677181706137530e-01	1.996511401822187171e-01	9.412139187867174517e-02	4.486366119768952360e-02	1.064767224622173714e-01
3.192928341012487294e+02	1.495306689733669203e-01	8.982025576346160112e-02	3.151584097545555574e-01	1.998140330748341686e-01	9.421976724774795697e-02	4.489239714013008864e-02	1.065644680448272485e-01
3.338061447422145420e+02	1.492086885165669063e-01	8.958542174997574659e-02	3.153471640694334721e-01	1.999738407166982146e-01	9.431324879150765339e-02	4.492082286044343786e-02	1.066508132942981663e-01
3.483194553831804114e+02	1.488925490056322021e-01	8.935613684992074757e-02	3.155339657934297382e-01	2.001305833858334493e-01	9.440212145986670578e-02	4.494893630487860336e-02	1.067357071993622480e-01
3.628327660241463377e+02	1.485822635915476919e-01	8.913215345631959885e-02	3.157187972861578151e-01	2.002842853009461910e-01	9.448665166433820040e-02	4.497673549718381181e-02	1.068191132024304268e-01
3.773460766651120935e+02	1.482778193954622514e-01	8.891325298066191096e-02	3.159016396096177015e-01	2.004349740568240612e-01	9.456708860476691070e-02	4.500421846577030982e-02	1.069010068858205903e-01
3.918593873060780197e+02	1.479791829661639135e-01	8.869924084946781417e-02	3.160824733233162931e-01	2.005826801330052866e-01	9.464366549666500261e-02	4.503138323590829412e-02	1.069813739943971664e-01
4.063726979470438323e+02	1.476863046922784195e-01	8.848994242666616272e-02	3.162612791076750418e-01	2.007274364663214350e-01	9.471660070549529908e-02	4.505822785363112343e-02	1.070602087468562752e-01
4.208860085880095880e+02	1.473991223670447770e-01	8.828519968819288632e-02	3.164380382530698754e-01	2.008692780787505461e-01	9.478609879428764873e-02	4.508475042270831956e-02	1.071375123948697661e-01
4.353993192289755143e+02	1.471175640661660233e-01	8.808486850788448119e-02	3.166127330413558427e-01	2.010082417529961418e-01	9.485235149086296280e-02	4.511094914454026605e-02	1.072132919951181290e-01
4.499126298699413837e+02	1.468415504689167816e-01	8.788881644025378637e-02	3.167853470399774052e-01	2.011443657491900350e-01	9.491553858072410144e-02	4.513682235570806722e-02	1.072875593641537256e-01
4.644259405109071963e+02	1.465709967280903470e-01	8.769692090725263178e-02	3.169558653242544599e-01	2.012776895570299873e-01	9.497582873138744886e-02	4.516236856068853167e-02	1.073603301902204959e-01
4.789392511518730657e+02	1.463058139744113917e-01	8.750906771358829550e-02	3.171242746403012402e-01	2.014082536784809752e-01	9.503338025360152930e-02	4.518758645879798058e-02	1.074316232797425108e-01
4.934525617928388783e+02	1.460459105248514688e-01	8.732514982933409220e-02	3.172905635187547868e-01	2.015360994368829428e-01	9.508834180454843465e-02	4.521247496527339149e-02	1.075014599192787995e-01
5.079658724338048046e+02	1.457911928511538002e-01	8.714506639007836564e-02	3.174547223477652280e-01	2.016612688089230443e-01	9.514085303776559366e-02	4.523703322683640671e-02	1.075698633364015472e-01
5.224791830747705035e+02	1.455415663542235782e-01	8.696872187419368849e-02	3.176167434123409739e-01	2.017838042764550366e-01	9.519104520417004389e-02	4.526126063228985696e-02	1.076368582452508077e-01
5.369924937157364866e+02	1.452969359814015871e-01	8.679602542438839829e-02	3.177766209060456926e-01	2.019037486955943816e-01	9.523904170822226900e-02	4.528515681877011423e-02	1.077024704645015984e-01
5.515058043567023560e+02	1.450572067166341073e-01	8.662689028685625903e-02	3.179343509201308926e-01	2.020211451808933412e-01	9.528495862293670515e-02	4.530872167428064146e-02	1.077667265971920946e-01
5.660191149976681118e+02	1.448222839678699470e-01	8.646123334633602775e-02	3.180899314144246537e-01	2.021360370027202036e-01	9.532890516713507512e-02	4.533195533709727387e-02	1.078296537633409158e-01
5.805324256386339812e+02	1.445920738714075726e-01	8.629897473945012665e-02	3.182433621736446838e-01	2.022484674962332918e-01	9.537098414804684454e-02	4.535485819258360668e-02	1.078912793775580470e-01
5.950457362795999643e+02	1.443664835291792736e-01	8.614003753198530566e-02	3.183946447522469358e-01	2.023584799805689394e-01	9.541129237209151903e-02	4.537743086789591818e-02	1.079516309649562883e-01
6.095590469205657200e+02	1.441454211919281359e-01	8.598434744845447064e-02	3.185437824104426219e-01	2.024661176870529156e-01	9.544992102642757548e-02	4.539967422499861793e-02	1.080107360096198427e-01
6.240723575615315895e+02	1.439287963987761487e-01	8.583183264445158611e-02	3.186907800436036831e-01	2.025714236954075653e-01	9.548695603362426787e-02	4.542158935235486583e-02	1.080686218307060492e-01
6.385856682024975726e+02	1.437165200816895583e-01	8.568242351407738544e-02	3.188356441069225555e-01	2.026744408770639605e-01	9.552247838160292381e-02	4.544317755560603467e-02	1.081253154819617202e-01
6.530989788434633283e+02	1.435085046417304555e-01	8.553605252614805698e-02	3.189783825368876502e-01	2.027752118448049590e-01	9.555656443080351448e-02	4.546444034750707353e-02	1.081808436710423732e-01
6.676122894844290840e+02	1.433046640026739427e-01	8.539265408406486457e-02	3.191190046708722861e-01	2.028737789080642673e-01	9.558928620035861412e-02	4.548537943734408395e-02	1.082352326955460520e-01
6.821256001253949535e+02	1.431049136465074589e-01	8.525216440516990291e-02	3.192575211659103851e-01	2.029701840332912843e-01	9.562071163489928305e-02	4.550599672002407503e-02	1.082885083931217490e-01
6.966389107663608229e+02	1.429091706344670920e-01	8.511452141618407186e-02	3.193939439175406125e-01	2.030644688088635852e-01	9.565090485347427229e-02	4.552629426499540943e-02	1.083406961033991922e-01
7.111522214073266923e+02	1.427173536165672330e-01	8.497966466194879775e-02	3.195282859794345010e-01	2.031566744140910763e-01	9.567992638193484334e-02	4.554627430513014108e-02	1.083918206398176154e-01
7.256655320482924481e+02	1.425293828320141898e-01	8.484753522520353808e-02	3.196605614843854304e-01	2.032468415919088112e-01	9.570783337002018720e-02	4.556593922567579724e-02	1.084419062697162400e-01
7.401788426892584312e+02	1.423451801024340768e-01	8.471807565554465014e-02	3.197907855671144328e-01	2.033350106249019462e-01	9.573467979427249808e-02	4.558529155336386862e-02	1.084909767012927628e-01
7.546921533302243006e+02	1.421646688194750929e-01	8.459122990604908687e-02	3.199189742892502020e-01	2.034212213143447856e-01	9.576051664781481954e-02	4.560433394574491678e-02	1.085390550762452694e-01
7.692054639711900563e+02	1.419877739280409612e-01	8.446694327632109367e-02	3.200451445667538697e-01	2.035055129619720293e-01	9.578539211793841990e-02	4.562306918080537288e-02	1.085861639670924056e-01
7.837187746121558121e+02	1.418144219061691913e-01	8.434516236094294350e-02	3.201693140999881670e-01	2.035879243542282058e-01	9.580935175236754420e-02	4.564150014690856322e-02	1.086323253783195025e-01
7.982320852531219089e+02	1.416445407423695679e-01	8.422583500249428146e-02	3.202915013065705252e-01	2.036684937487692193e-01	9.583243861499854410e-02	4.565962983309185957e-02	1.086775607506301061e-01
8.127453958940876646e+02	1.414780599110778414e-01	8.410891024845194852e-02	3.204117252571005992e-01	2.037472588630111492e-01	9.585469343184620239e-02	4.567746131974288748e-02	1.087218909676935519e-01
8.272587065350534203e+02	1.413149103467500334e-01	8.399433831140416806e-02	3.205300056138095099e-01	2.038242568645431407e-01	9.587615472787112958e-02	4.569499776967026611e-02	1.087653363648759530e-01
8.417720171760191761e+02	1.411550244170177715e-01	8.388207053211158004e-02	3.206463625721468480e-01	2.038995243632373833e-01	9.589685895530984661e-02	4.571224241957810852e-02	1.088079167395226976e-01
8.562853278169851592e+02	1.409983358952396348e-01	8.377205934502846008e-02	3.207608168052911712e-01	2.039730974049054069e-01	9.591684061408026207e-02	4.572919857194834153e-02	1.088496513624309242e-01
8.707986384579510286e+02	1.408447799327158245e-01	8.366425824596325500e-02	3.208733894115488594e-01	2.040450114663644732e-01	9.593613236479196782e-02	4.574586958733073416e-02	1.088905589902090798e-01
8.853119490989170117e+02	1.406942930307767126e-01	8.355862176161212018e-02	3.209841018645875899e-01	2.041153014517885500e-01	9.595476513485054482e-02	4.576225887703691542e-02	1.089306578782718027e-01
8.998252597398827675e+02	1.405468130129118032e-01	8.345510542074267846e-02	3.210929759664372107e-01	2.041840016902308763e-01	9.597276821810894754e-02	4.577836989623204622e-02	1.089699657942606176e-01
9.143385703808486369e+02	1.404022789970694740e-01	8.335366572684209385e-02	3.212000338031797964e-01	2.042511459342141733e-01	9.599016936848545067e-02	4.579420613741560370e-02	1.090085000317176506e-01
9.288518810218145063e+02	1.402606313682279171e-01	8.325426013207309905e-02	3.213052977032410107e-01	2.043167673592934941e-01	9.600699488793737468e-02	4.580977112428090414e-02	1.090462774238704496e-01
9.433651916627801484e+02	1.401218117513156891e-01	8.315684701240573518e-02	3.214087901981922402e-01	2.043808985645047815e-01	9.602326970915221749e-02	4.582506840594174902e-02	1.090833143574118785e-01
9.578785023037459041e+02	1.399857629845396023e-01	8.306138564381349010e-02	3.215105339859654632e-01	2.044435715736191428e-01	9.603901747329171568e-02	4.584010155151357901e-02	1.091196267861813396e-01
9.723918129447120009e+02	1.398524290931645042e-01	8.296783617943832845e-02	3.216105518963823240e-01	2.045048178371297043e-01	9.605426060310157110e-02	4.585487414503595927e-02	1.091552302446719136e-01
9.869051235856777566e+02	1.397217552637755600e-01	8.287615962764340038e-02	3.217088668588979905e-01	2.045646682349034351e-01	9.606902037167738828e-02	4.586938978072252482e-02	1.091901398613040058e-01
1.001418434226643626e+03	1.395936878190452979e-01	8.278631783088326312e-02	3.218055018724584326e-01	2.046231530794359599e-01	9.608331696715802228e-02	4.588365205852451556e-02	1.092243703714189523e-01
1.015931744867609382e+03	1.394681741930192953e-01	8.269827344533114966e-02	3.219004799773723113e-01	2.046803021196519912e-01	9.609716955359887125e-02	4.589766457999383542e-02	1.092579361299570173e-01
1.030445055508575479e+03	1.393451629069289432e-01	8.261198992121031315e-02	3.219938242291001673e-01	2.047361445451987283e-01	9.611059632826096655e-02	4.591143094443164013e-02	1.092908511237936225e-01
1.044958366149541234e+03	1.392246035455337594e-01	8.252743148378363647e-02	3.220855576738635984e-01	2.047907089911836231e-01	9.612361457553600386e-02	4.592495474530856880e-02	1.093231289837151843e-01
1.059471676790506763e+03	1.391064467339933053e-01	8.244456311496047018e-02	3.221757033259811109e-01	2.048440235433113821e-01	9.613624071771298407e-02	4.593823956694313010e-02	1.093547829960220680e-01
1.073984987431472746e+03	1.389906441152645999e-01	8.236335053548488050e-02	3.222642841468408292e-01	2.048961157433788205e-01	9.614849036277881011e-02	4.595128898142475382e-02	1.093858261137517079e-01
1.088498298072438729e+03	1.388771483280201169e-01	8.228376018767309674e-02	3.223513230254212991e-01	2.049470125950894894e-01	9.616037834943270968e-02	4.596410654576882360e-02	1.094162709675189221e-01
1.103011608713404712e+03	1.387659129850776218e-01	8.220575921867126490e-02	3.224368427602753995e-01	2.049967405701521306e-01	9.617191878948293249e-02	4.597669579929106187e-02	1.094461298759740187e-01
1.117524919354370468e+03	1.386568926523343848e-01	8.212931546420774997e-02	3.225208660428968699e-01	2.050453256146307635e-01	9.618312510778317947e-02	4.598906026118909640e-02	1.094754148558823581e-01
1.132038229995336451e+03	1.385500428281949137e-01	8.205439743281599252e-02	3.226034154423905176e-01	2.050927931555159012e-01	9.619401007985672880e-02	4.600120342831975906e-02	1.095041376318306170e-01
1.146551540636302207e+03	1.384453199234824128e-01	8.198097429050661689e-02	3.226845133913718300e-01	2.051391681074889173e-01	9.620458586734632889e-02	4.601312877316081351e-02	1.095323096455675382e-01
1.161064851277267962e+03	1.383426812418230567e-01	8.190901584586920969e-02	3.227641821730240501e-01	2.051844748798540563e-01	9.621486405141999043e-02	4.602483974194647443e-02	1.095599420649876476e-01
1.175578161918233945e+03	1.382420849604916735e-01	8.183849253558522774e-02	3.228424439092453246e-01	2.052287373836138851e-01	9.622485566425399706e-02	4.603633975296640007e-02	1.095870457927679703e-01
1.190091472559199701e+03	1.381434901117080671e-01	8.176937541033543755e-02	3.229193205498203101e-01	2.052719790386663690e-01	9.623457121870758468e-02	4.604763219501857574e-02	1.096136314746681273e-01
1.204604783200165684e+03	1.380468565643719614e-01	8.170163612108631568e-02	3.229948338625547311e-01	2.053142227811034226e-01	9.624402073629642618e-02	4.605872042600663019e-02	1.096397095075050121e-01
1.219118093841131440e+03	1.379521450062262400e-01	8.163524690574068543e-02	3.230690054243146592e-01	2.053554910705917003e-01	9.625321377356521602e-02	4.606960777167277976e-02	1.096652900468132602e-01
1.233631404482097196e+03	1.378593169264367146e-01	8.157018057613903139e-02	3.231418566129143910e-01	2.053958058978188339e-01	9.626215944695420967e-02	4.608029752445804567e-02	1.096903830142033492e-01
1.248144715123063179e+03	1.377683345985776520e-01	8.150641050539872423e-02	3.232134085998005779e-01	2.054351887919890485e-01	9.627086645624811923e-02	4.609079294248173697e-02	1.097149981044287376e-01
1.262658025764028707e+03	1.376791610640125674e-01	8.144391061557909595e-02	3.232836823434824258e-01	2.054736608283534438e-01	9.627934310669079843e-02	4.610109724863260816e-02	1.097391447921736568e-01
1.277171336404994690e+03	1.375917601156593506e-01	8.138265536566108294e-02	3.233526985836610024e-01	2.055112426357613153e-01	9.628759732984415454e-02	4.611121362976462745e-02	1.097628323385730909e-01
1.291684647045960673e+03	1.375060962821301469e-01	8.132261973983050118e-02	3.234204778360124100e-01	2.055479544042205509e-01	9.629563670326447833e-02	4.612114523599045168e-02	1.097860697974760852e-01
1.306197957686926657e+03	1.374221348122352249e-01	8.126377923605507259e-02	3.234870403875834688e-01	2.055838158924554460e-01	9.630346846906584490e-02	4.613089518006632805e-02	1.098088660214632944e-01
1.320711268327892412e+03	1.373398416598418104e-01	8.120610985494530754e-02	3.235524062927590538e-01	2.056188464354513912e-01	9.631109955143524193e-02	4.614046653686228183e-02	1.098312296676296346e-01
1.335224578968857941e+03	1.372591834690780332e-01	8.114958808889018160e-02	3.236165953697645037e-01	2.056530649519771603e-01	9.631853657316075124e-02	4.614986234291193479e-02	1.098531692031421703e-01
1.349737889609823924e+03	1.371801275598732162e-01	8.109419091145871061e-02	3.236796271976665196e-01	2.056864899520761125e-01	9.632578587123019620e-02	4.615908559603653510e-02	1.098746929105834796e-01
1.364251200250789907e+03	1.371026419138250685e-01	8.103989576705938891e-02	3.237415211138400806e-01	2.057191395445178428e-01	9.633285351155432275e-02	4.616813925503814725e-02	1.098958088930899191e-01
1.378764510891755890e+03	1.370266951603858752e-01	8.098668056084924738e-02	3.238022962118690118e-01	2.057510314442038413e-01	9.633974530286543159e-02	4.617702623945716539e-02	1.099165250792942250e-01
1.393277821532721646e+03	1.369522565633587707e-01	8.093452364888489847e-02	3.238619713398509514e-01	2.057821829795198620e-01	9.634646680983928457e-02	4.618574942938967476e-02	1.099368492280813625e-01
1.407791132173687402e+03	1.368792960076962995e-01	8.088340382850858767e-02	3.239205650990788499e-01	2.058126110996293945e-01	9.635302336548522140e-02	4.619431166536042133e-02	1.099567889331660719e-01
1.422304442814653157e+03	1.368077839865935175e-01	8.083330032896186845e-02	3.239780958430719671e-01	2.058423323817027972e-01	9.635942008284691107e-02	4.620271574824735827e-02	1.099763516275004127e-01
1.436817753455619140e+03	1.367376915888676159e-01	8.078419280222053078e-02	3.240345816769328868e-01	2.058713630380770987e-01	9.636566186605366457e-02	4.621096443925409164e-02	1.099955445875190063e-01
1.451331064096585123e+03	1.366689904866173477e-01	8.073606131404420516e-02	3.240900404570054572e-01	2.058997189233423009e-01	9.637175342075959827e-02	4.621906045992653367e-02	1.100143749372295005e-01
1.465844374737550879e+03	1.366016529231546817e-01	8.068888633523456366e-02	3.241444897908133393e-01	2.059274155413501339e-01	9.637769926400614751e-02	4.622700649221063440e-02	1.100328496521554289e-01
1.480357685378516862e+03	1.365356517012018545e-01	8.064264873309602566e-02	3.241979470372580718e-01	2.059544680521418203e-01	9.638350373354109824e-02	4.623480517854793026e-02	1.100509755631381287e-01
1.494870996019482618e+03	1.364709601713474107e-01	8.059732976309350039e-02	3.242504293070567201e-01	2.059808912787917390e-01	9.638917099662530630e-02	4.624245912200607156e-02	1.100687593600042508e-01
1.509384306660448374e+03	1.364075522207545133e-01	8.055291106070150420e-02	3.243019534634014600e-01	2.060066997141643541e-01	9.639470505835665004e-02	4.624997088644149101e-02	1.100862075951049984e-01
1.523897617301414357e+03	1.363454022621152228e-01	8.050937463343942058e-02	3.243525361228246640e-01	2.060319075275820477e-01	9.640010976953891642e-02	4.625734299669170130e-02	1.101033266867329913e-01
1.538410927942380113e+03	1.362844852228449755e-01	8.046670285308797632e-02	3.244021936562517805e-01	2.060565285714016093e-01	9.640538883412165527e-02	4.626457793879482083e-02	1.101201229224221673e-01
1.552924238583346096e+03	1.362247765345109274e-01	8.042487844808172970e-02	3.244509421902286306e-01	2.060805763874978824e-01	9.641054581623563491e-02	4.627167816023396163e-02	1.101366024621362044e-01
1.567437549224311852e+03	1.361662521224889788e-01	8.038388449607307418e-02	3.244987976083083536e-01	2.061040642136529322e-01	9.641558414684689438e-02	4.627864607020444609e-02	1.101527713413503057e-01
1.581950859865277607e+03	1.361088883958433415e-01	8.034370441666313645e-02	3.245457755525844590e-01	2.061270049898495937e-01	9.642050713005136109e-02	4.628548403990183358e-02	1.101686354740312179e-01
1.596464170506243590e+03	1.360526622374238770e-01	8.030432196429518332e-02	3.245918914253583809e-01	2.061494113644682935e-01	9.642531794903037856e-02	4.629219440282886233e-02	1.101842006555200232e-01
1.610977481147209119e+03	1.359975509941755423e-01	8.026572122130627707e-02	3.246371603909288250e-01	2.061712957003864199e-01	9.643001967168646216e-02	4.629877945511959303e-02	1.101994725653218793e-01
1.625490791788175102e+03	1.359435324676550871e-01	8.022788659113305743e-02	3.246815973774934694e-01	2.061926700809798008e-01	9.643461525597765704e-02	4.630524145587909535e-02	1.102144567698068595e-01
1.640004102429141085e+03	1.358905849047499781e-01	8.019080279166763969e-02	3.247252170791514181e-01	2.062135463160255366e-01	9.643910755496731824e-02	4.631158262753722055e-02	1.102291587248258875e-01
1.654517413070107068e+03	1.358386869885949422e-01	8.015445484876000670e-02	3.247680339579978592e-01	2.062339359475063860e-01	9.644349932160575789e-02	4.631780515621489180e-02	1.102435837782451550e-01
1.669030723711072824e+03	1.357878178296813010e-01	8.011882808986284243e-02	3.248100622463013787e-01	2.062538502553162567e-01	9.644779321325862298e-02	4.632391119210174657e-02	1.102577371724028504e-01
1.683544034352038352e+03	1.357379569571548483e-01	8.008390813781555984e-02	3.248513159487558255e-01	2.062733002628672485e-01	9.645199179599667216e-02	4.632990284984372237e-02	1.102716240464911568e-01
1.698057344993004335e+03	1.356890843102973587e-01	8.004968090476378972e-02	3.248918088447991237e-01	2.062922967425980803e-01	9.645609754866017738e-02	4.633578220893955213e-02	1.102852494388669724e-01
1.712570655633970318e+03	1.356411802301882852e-01	8.001613258621112501e-02	3.249315544909915365e-01	2.063108502213844009e-01	9.646011286671066220e-02	4.634155131414498946e-02	1.102986182892940759e-01
1.727083966274936301e+03	1.355942254515418166e-01	7.998324965519977570e-02	3.249705662234462222e-01	2.063289709858515675e-01	9.646404006588206459e-02	4.634721217588383402e-02	1.103117354411198292e-01
1.741597276915902057e+03	1.355482010947154370e-01	7.995101885661708152e-02	3.250088571603064191e-01	2.063466690875900567e-01	9.646788138564256487e-02	4.635276677066472312e-02	1.103246056433888345e-01
1.756110587556867813e+03	1.355030886578864613e-01	7.991942720162457936e-02	3.250464402042628209e-01	2.063639543482745642e-01	9.647163899247758467e-02	4.635821704150287770e-02	1.103372335528962356e-01
1.770623898197833569e+03	1.354588700093920794e-01	7.988846196220701634e-02	3.250833280451058127e-01	2.063808363646870980e-01	9.647531498300399022e-02	4.636356489834597694e-02	1.103496237361831639e-01
1.785137208838799552e+03	1.354155273802298554e-01	7.985811066583811679e-02	3.251195331623071283e-01	2.063973245136451751e-01	9.647891138692514523e-02	4.636881221850334273e-02	1.103617806714764643e-01
1.799650519479765535e+03	1.353730433567144897e-01	7.982836109026050786e-02	3.251550678276263762e-01	2.064134279568358155e-01	9.648243016983537590e-02	4.637396084707781641e-02	1.103737087505749087e-01
1.814163830120731291e+03	1.353314008732878493e-01	7.979920125837687561e-02	3.251899441077383823e-01	2.064291556455562227e-01	9.648587323588234121e-02	4.637901259739957149e-02	1.103854122806841032e-01
1.828677140761696819e+03	1.352905832054785429e-01	7.977061943325002014e-02	3.252241738668757987e-01	2.064445163253622317e-01	9.648924243029537162e-02	4.638396925146136274e-02	1.103968954862020180e-01
1.843190451402663257e+03	1.352505739630076587e-01	7.974260411320903408e-02	3.252577687694849229e-01	2.064595185406255529e-01	9.649253954178683979e-02	4.638883256035452457e-02	1.104081625104568060e-01
1.857703762043628785e+03	1.352113570830377476e-01	7.971514402705917601e-02	3.252907402828892902e-01	2.064741706390006426e-01	9.649576630483401585e-02	4.639360424470533040e-02	1.104192174173991015e-01
1.872217072684594768e+03	1.351729168235614731e-01	7.968822812939296840e-02	3.253230996799593711e-01	2.064884807758028129e-01	9.649892440184754117e-02	4.639828599511107432e-02	1.104300641932500771e-01
1.886730383325560297e+03	1.351352377569271790e-01	7.966184559600035520e-02	3.253548580417842118e-01	2.065024569182977998e-01	9.650201546523316798e-02	4.640287947257551449e-02	1.104407067481071175e-01
1.901243693966526507e+03	1.350983047634982670e-01	7.963598581937542109e-02	3.253860262603421316e-01	2.065161068499052899e-01	9.650504107935237164e-02	4.640738630894333805e-02	1.104511489175085959e-01
1.915757004607492036e+03	1.350621030254432753e-01	7.961063840431763239e-02	3.254166150411685332e-01	2.065294381743162933e-01	9.650800278238734486e-02	4.641180810733310652e-02	1.104613944639592088e-01
1.930270315248458019e+03	1.350266180206541877e-01	7.958579316362528189e-02	3.254466349060180508e-01	2.065424583195263619e-01	9.651090206811585581e-02	4.641614644256840394e-02	1.104714470784172592e-01
1.944783625889424002e+03	1.349918355167897266e-01	7.956144011387919490e-02	3.254760961955180387e-01	2.065551745417857077e-01	9.651374038760057728e-02	4.642040286160692419e-02	1.104813103817452041e-01
1.959296936530389530e+03	1.349577415654414081e-01	7.953756947131464250e-02	3.255050090718124567e-01	2.065675939294673857e-01	9.651651915079770272e-02	4.642457888396710197e-02	1.104909879261247452e-01
1.973810247171355968e+03	1.349243224964191690e-01	7.951417164777922764e-02	3.255333835211934868e-01	2.065797234068547095e-01	9.651923972808915120e-02	4.642867600215203061e-02	1.105004831964376960e-01
1.988323557812321269e+03	1.348915649121544547e-01	7.949123724677517600e-02	3.255612293567194393e-01	2.065915697378497007e-01	9.652190345174252450e-02	4.643269568207052111e-02	1.105097996116136683e-01
2.002836868453287707e+03	1.348594556822179935e-01	7.946875705958396374e-02	3.255885562208170603e-01	2.066031395296030748e-01	9.652451161730266072e-02	4.643663936345493459e-02	1.105189405259458524e-01
2.017350179094252780e+03	1.348279819379498978e-01	7.944672206147129767e-02	3.256153735878667410e-01	2.066144392360676763e-01	9.652706548491846172e-02	4.644050846027571178e-02	1.105279092303757538e-01
2.031863489735218764e+03	1.347971310671995659e-01	7.942512340797105996e-02	3.256416907667698535e-01	2.066254751614762797e-01	9.652956628060850586e-02	4.644430436115223881e-02	1.105367089537480779e-01
2.046376800376184747e+03	1.347668907091730817e-01	7.940395243124608038e-02	3.256675169034959905e-01	2.066362534637453119e-01	9.653201519746856807e-02	4.644802842976010482e-02	1.105453428640364721e-01
2.060890111017150957e+03	1.347372487493861126e-01	7.938320063652418157e-02	3.256928609836095556e-01	2.066467801578057151e-01	9.653441339682432287e-02	4.645168200523441815e-02	1.105538140695413035e-01
2.075403421658116713e+03	1.347081933147193933e-01	7.936285969860801259e-02	3.257177318347751482e-01	2.066570611188618956e-01	9.653676200933193619e-02	4.645526640256911199e-02	1.105621256200601393e-01
2.089916732299082469e+03	1.346797127685754603e-01	7.934292145845669997e-02	3.257421381292394669e-01	2.066671020855805896e-01	9.653906213602944653e-02	4.645878291301212826e-02	1.105702805080318873e-01
2.104430042940048224e+03	1.346517957061337256e-01	7.932337791983817832e-02	3.257660883862901757e-01	2.066769086632105068e-01	9.654131484934140583e-02	4.646223280445635484e-02	1.105782816696553456e-01
2.118943353581013525e+03	1.346244309497023894e-01	7.930422124605025769e-02	3.257895909746904017e-01	2.066864863266343055e-01	9.654352119403926402e-02	4.646561732182619142e-02	1.105861319859829245e-01
2.133456664221980191e+03	1.345976075441647213e-01	7.928544375670919242e-02	3.258126541150880850e-01	2.066958404233538438e-01	9.654568218815978708e-02	4.646893768745972292e-02	1.105938342839902916e-01
2.147969974862945492e+03	1.345713147525181008e-01	7.926703792460418341e-02	3.258352858824004050e-01	2.067049761764101767e-01	9.654779882388375700e-02	4.647219510148635491e-02	1.106013913376226454e-01
2.162483285503912157e+03	1.345455420515035694e-01	7.924899637261655083e-02	3.258574942081710057e-01	2.067138986872396056e-01	9.654987206837681302e-02	4.647539074219993877e-02	1.106088058688182441e-01
2.176996596144877003e+03	1.345202791273240883e-01	7.923131187070178716e-02	3.258792868829015199e-01	2.067226129384666655e-01	9.655190286459462701e-02	4.647852576642719918e-02	1.106160805485099236e-01
2.191509906785843214e+03	1.344955158714497279e-01	7.921397733293372712e-02	3.259006715583559477e-01	2.067311237966357185e-01	9.655389213205406440e-02	4.648160130989156813e-02	1.106232179976051055e-01
2.206023217426809424e+03	1.344712423765079545e-01	7.919698581460897502e-02	3.259216557498376687e-01	2.067394360148819554e-01	9.655584076757199596e-02	4.648461848757228648e-02	1.106302207879450161e-01
2.220536528067775180e+03	1.344474489322570188e-01	7.918033050941060413e-02	3.259422468384388649e-01	2.067475542355432794e-01	9.655774964597368948e-02	4.648757839405875947e-02	1.106370914432435876e-01
2.235049838708740936e+03	1.344241260216411660e-01	7.916400474662974029e-02	3.259624520732619102e-01	2.067554829927140403e-01	9.655961962077200256e-02	4.649048210390023528e-02	1.106438324400066536e-01
2.249563149349706237e+03	1.344012643169253396e-01	7.914800198844394730e-02	3.259822785736131157e-01	2.067632267147419545e-01	9.656145152481894478e-02	4.649333067195059177e-02	1.106504462084319240e-01
2.264076459990672902e+03	1.343788546759084324e-01	7.913231582725088753e-02	3.260017333311676091e-01	2.067707897266690686e-01	9.656324617093108020e-02	4.649612513370848799e-02	1.106569351332902934e-01
2.278589770631638203e+03	1.343568881382128100e-01	7.911693998305652231e-02	3.260208232121066807e-01	2.067781762526184341e-01	9.656500435248996372e-02	4.649886650565261681e-02	1.106633015547888871e-01
2.293103081272604413e+03	1.343353559216489690e-01	7.910186830091632537e-02	3.260395549592262077e-01	2.067853904181269908e-01	9.656672684401877704e-02	4.650155578557227387e-02	1.106695477694164265e-01
2.307616391913570169e+03	1.343142494186537195e-01	7.908709474842863518e-02	3.260579351940166570e-01	2.067924362524261594e-01	9.656841440173652424e-02	4.650419395289308311e-02	1.106756760307713028e-01
2.322129702554535925e+03	1.342935601927999212e-01	7.907261341327889714e-02	3.260759704187146668e-01	2.067993176906710306e-01	9.657006776409070292e-02	4.650678196899804551e-02	1.106816885503727893e-01
2.336643013195502135e+03	1.342732799753771356e-01	7.905841850083382416e-02	3.260936670183264829e-01	2.068060385761194553e-01	9.657168765226958884e-02	4.650932077754374450e-02	1.106875874984558500e-01
2.351156323836467891e+03	1.342534006620407505e-01	7.904450433178440705e-02	3.261110312626224750e-01	2.068126026622616187e-01	9.657327477069502231e-02	4.651181130477191616e-02	1.106933750047498916e-01
2.365669634477433647e+03	1.342339143095290510e-01	7.903086533983666451e-02	3.261280693081036186e-01	2.068190136149017921e-01	9.657482980749677870e-02	4.651425445981628715e-02	1.106990531592419030e-01
2.380182945118399402e+03	1.342148131324462645e-01	7.901749606944928617e-02	3.261447871999396675e-01	2.068252750141926222e-01	9.657635343496916158e-02	4.651665113500470794e-02	1.107046240129244130e-01
2.394696255759364703e+03	1.341960895001104437e-01	7.900439117361708619e-02	3.261611908738790699e-01	2.068313903566234291e-01	9.657784631001091469e-02	4.651900220615672044e-02	1.107100895785284589e-01
2.409209566400331823e+03	1.341777359334648534e-01	7.899154541169928212e-02	3.261772861581311855e-01	2.068373630569632360e-01	9.657930907454909120e-02	4.652130853287640699e-02	1.107154518312420954e-01
2.423722877041296670e+03	1.341597451020514475e-01	7.897895364729182188e-02	3.261930787752202465e-01	2.068431964501595832e-01	9.658074235594760193e-02	4.652357095884075699e-02	1.107207127094146787e-01
2.438236187682262880e+03	1.341421098210453799e-01	7.896661084614271797e-02	3.262085743438118968e-01	2.068488937931940719e-01	9.658214676740117799e-02	4.652579031208345373e-02	1.107258741152473552e-01
2.452749498323228636e+03	1.341248230483490789e-01	7.895451207410940364e-02	3.262237783805123637e-01	2.068544582668956633e-01	9.658352290831552500e-02	4.652796740527413710e-02	1.107309379154699236e-01
2.467262808964194392e+03	1.341078778817446915e-01	7.894265249515754201e-02	3.262386963016397079e-01	2.068598929777123729e-01	9.658487136467407141e-02	4.653010303599322550e-02	1.107359059420045394e-01
2.481776119605160602e+03	1.340912675561038159e-01	7.893102736940016406e-02	3.262533334249685946e-01	2.068652009594426355e-01	9.658619270939217127e-02	4.653219798700232446e-02	1.107407799926164588e-01
2.496289430246126358e+03	1.340749854406534936e-01	7.891963205117635827e-02	3.262676949714479746e-01	2.068703851749268685e-01	9.658748750265906680e-02	4.653425302651023610e-02	1.107455618315521528e-01
2.510802740887092114e+03	1.340590250362967972e-01	7.890846198716876259e-02	3.262817860668921766e-01	2.068754485177003166e-01	9.658875629226837400e-02	4.653626890843466646e-02	1.107502531901650711e-01
2.525316051528057415e+03	1.340433799729873754e-01	7.889751271455905379e-02	3.262956117436453529e-01	2.068803938136079268e-01	9.658999961393743838e-02	4.653824637265962377e-02	1.107548557675293588e-01
2.539829362169024080e+03	1.340280440071568713e-01	7.888677985922047664e-02	3.263091769422201693e-01	2.068852238223822804e-01	9.659121799161614341e-02	4.654018614528857012e-02	1.107593712310416811e-01
2.554342672809989381e+03	1.340130110191935786e-01	7.887625913394702426e-02	3.263224865129100150e-01	2.068899412391850545e-01	9.659241193778562995e-02	4.654208893889341669e-02	1.107638012170115011e-01
2.568855983450955591e+03	1.339982750109721399e-01	7.886594633671803467e-02	3.263355452173763438e-01	2.068945486961130398e-01	9.659358195374720402e-02	4.654395545275934187e-02	1.107681473312401299e-01
2.583369294091921347e+03	1.339838301034323997e-01	7.885583734899793973e-02	3.263483577302100924e-01	2.068990487636696296e-01	9.659472852990202973e-02	4.654578637312555695e-02	1.107724111495886343e-01
2.597882604732887103e+03	1.339696705342071081e-01	7.884592813407011180e-02	3.263609286404680065e-01	2.069034439522021984e-01	9.659585214602200987e-02	4.654758237342197791e-02	1.107765942185349323e-01
2.612395915373853313e+03	1.339557906552970024e-01	7.883621473540426694e-02	3.263732624531845428e-01	2.069077367133063394e-01	9.659695327151202049e-02	4.654934411450195597e-02	1.107806980557202448e-01
2.626909226014819069e+03	1.339421849307925738e-01	7.882669327505663348e-02	3.263853635908590123e-01	2.069119294411977394e-01	9.659803236566402718e-02	4.655107224487102513e-02	1.107847241504853336e-01
2.641422536655784825e+03	1.339288479346414928e-01	7.881735995210244206e-02	3.263972363949184663e-01	2.069160244740524679e-01	9.659908987790337409e-02	4.655276740091182641e-02	1.107886739643963170e-01
2.655935847296750580e+03	1.339157743484606089e-01	7.880821104109979325e-02	3.264088851271565450e-01	2.069200240953159575e-01	9.660012624802760683e-02	4.655443020710513247e-02	1.107925489317607703e-01
2.670449157937716336e+03	1.339029589593920544e-01	7.879924289058436171e-02	3.264203139711491786e-01	2.069239305349818980e-01	9.660114190643792620e-02	4.655606127624709045e-02	1.107963504601339189e-01
2.684962468578682547e+03	1.338903966580020366e-01	7.879045192159445099e-02	3.264315270336462516e-01	2.069277459708415701e-01	9.660213727436391118e-02	4.655766120966278038e-02	1.108000799308154344e-01
2.699475779219648302e+03	1.338780824362217903e-01	7.878183462622559419e-02	3.264425283459407301e-01	2.069314725297040913e-01	9.660311276408144188e-02	4.655923059741606113e-02	1.108037386993367401e-01
2.713989089860614058e+03	1.338660113853297196e-01	7.877338756621414528e-02	3.264533218652149182e-01	2.069351122885884076e-01	9.660406877912429413e-02	4.656077001851578745e-02	1.108073280959391976e-01
2.728502400501579814e+03	1.338541786939739797e-01	7.876510737154934771e-02	3.264639114758640659e-01	2.069386672758876666e-01	9.660500571448957241e-02	4.656228004111845342e-02	1.108108494260434257e-01
2.743015711142545115e+03	1.338425796462346107e-01	7.875699073911318626e-02	3.264743009907979943e-01	2.069421394725065311e-01	9.660592395683725853e-02	4.656376122272732482e-02	1.108143039707096544e-01
2.757529021783511780e+03	1.338312096197242507e-01	7.874903443134760594e-02	3.264844941527209610e-01	2.069455308129720950e-01	9.660682388468397330e-02	4.656521411038807429e-02	1.108176929870895860e-01
2.772042332424477081e+03	1.338200640837271804e-01	7.874123527494834851e-02	3.264944946353898203e-01	2.069488431865190159e-01	9.660770586859140918e-02	4.656663924088101647e-02	1.108210177088697346e-01
2.786555643065443292e+03	1.338091385973753378e-01	7.873359015958504570e-02	3.265043060448509782e-01	2.069520784381493339e-01	9.660857027134937824e-02	4.656803714090997776e-02	1.108242793467065501e-01
2.801068953706408593e+03	1.337984288078607475e-01	7.872609603664695865e-02	3.265139319206563084e-01	2.069552383696676157e-01	9.660941744815380872e-02	4.656940832728781454e-02	1.108274790886533828e-01
2.815582264347374803e+03	1.337879304486838672e-01	7.871874991801375288e-02	3.265233757370587520e-01	2.069583247406922288e-01	9.661024774677988425e-02	4.657075330711869798e-02	1.108306181005794810e-01
2.830095574988341014e+03	1.337776393379368767e-01	7.871154887485105889e-02	3.265326409041870437e-01	2.069613392696428023e-01	9.661106150775042312e-02	4.657207257797717215e-02	1.108336975265812596e-01
2.844608885629306769e+03	1.337675513766213298e-01	7.870449003643001373e-02	3.265417307692008997e-01	2.069642836347049264e-01	9.661185906449967775e-02	4.657336662808402028e-02	1.108367184893858381e-01
2.859122196270272525e+03	1.337576625469991398e-01	7.869757058897047797e-02	3.265506486174258871e-01	2.069671594747720944e-01	9.661264074353292930e-02	4.657463593647906408e-02	1.108396820907471408e-01
2.873635506911238281e+03	1.337479689109768721e-01	7.869078777450744244e-02	3.265593976734695869e-01	2.069699683903659659e-01	9.661340686458148863e-02	4.657588097319080578e-02	1.108425894118345717e-01
2.888148817552204036e+03	1.337384666085221219e-01	7.868413888978011139e-02	3.265679811023176615e-01	2.069727119445350372e-01	9.661415774075401974e-02	4.657710219940318364e-02	1.108454415136145843e-01
2.902662128193170247e+03	1.337291518561115888e-01	7.867762128514312059e-02	3.265764020104118259e-01	2.069753916637323277e-01	9.661489367868357492e-02	4.657830006761920494e-02	1.108482394372250351e-01
2.917175438834136003e+03	1.337200209452099053e-01	7.867123236349971016e-02	3.265846634467087783e-01	2.069780090386726390e-01	9.661561497867102166e-02	4.657947502182177568e-02	1.108509842043427923e-01
2.931688749475101758e+03	1.337110702407792728e-01	7.866496957925601941e-02	3.265927684037208678e-01	2.069805655251698573e-01	9.661632193482470876e-02	4.658062749763157429e-02	1.108536768175443082e-01
2.946202060116067514e+03	1.337022961798183807e-01	7.865883043729657298e-02	3.266007198185387761e-01	2.069830625449544936e-01	9.661701483519648248e-02	4.658175792246216362e-02	1.108563182606597391e-01
2.960715370757033725e+03	1.336936952699308845e-01	7.865281249197991764e-02	3.266085205738363251e-01	2.069855014864724341e-01	9.661769396191444148e-02	4.658286671567223036e-02	1.108589094991203894e-01
2.975228681397999480e+03	1.336852640879221121e-01	7.864691334615463159e-02	3.266161734988581311e-01	2.069878837056647047e-01	9.661835959131216678e-02	4.658395428871516669e-02	1.108614514802997164e-01
2.989741992038964781e+03	1.336769992784239414e-01	7.864113065019480431e-02	3.266236813703896624e-01	2.069902105267293624e-01	9.661901199405477370e-02	4.658502104528591814e-02	1.108639451338481741e-01
3.004255302679930992e+03	1.336688975525472389e-01	7.863546210105488987e-02	3.266310469137105876e-01	2.069924832428651773e-01	9.661965143526192457e-02	4.658606738146521542e-02	1.108663913720216582e-01
3.018768613320896748e+03	1.336609556865608617e-01	7.862990544134340620e-02	3.266382728035311378e-01	2.069947031169983298e-01	9.662027817462767731e-02	4.658709368586115562e-02	1.108687910900041235e-01
3.033281923961862958e+03	1.336531705205972753e-01	7.862445845841516123e-02	3.266453616649127034e-01	2.069968713824917594e-01	9.662089246653748908e-02	4.658810033974823683e-02	1.108711451662240666e-01
3.047795234602828714e+03	1.336455389573838470e-01	7.861911898348157568e-02	3.266523160741715559e-01	2.069989892438382217e-01	9.662149456018229166e-02	4.658908771720394332e-02	1.108734544626652496e-01
3.062308545243794470e+03	1.336380579609995622e-01	7.861388489073875552e-02	3.266591385597671371e-01	2.070010578773369136e-01	9.662208469966990232e-02	4.659005618524274250e-02	1.108757198251716786e-01
3.076821855884760225e+03	1.336307245556563050e-01	7.860875409651313372e-02	3.266658316031745279e-01	2.070030784317543615e-01	9.662266312413370084e-02	4.659100610394772968e-02	1.108779420837470026e-01
3.091335166525725526e+03	1.336235358245047300e-01	7.860372455842390416e-02	3.266723976397414853e-01	2.070050520289697660e-01	9.662323006783868351e-02	4.659193782659985794e-02	1.108801220528483206e-01
3.105848477166692192e+03	1.336164889084636154e-01	7.859879427456237244e-02	3.266788390595309344e-01	2.070069797646054421e-01	9.662378576028503308e-02	4.659285169980478813e-02	1.108822605316745896e-01
3.120361787807657493e+03	1.336095810050728638e-01	7.859396128268764103e-02	3.266851582081475858e-01	2.070088627086421607e-01	9.662433042630926006e-02	4.659374806361751831e-02	1.108843583044497733e-01
3.134875098448624158e+03	1.336028093673691519e-01	7.858922365943833699e-02	3.266913573875506738e-01	2.070107019060203335e-01	9.662486428618294321e-02	4.659462725166461927e-02	1.108864161407007165e-01
3.149388409089589004e+03	1.335961713027840336e-01	7.858457951956002163e-02	3.266974388568521515e-01	2.070124983772271554e-01	9.662538755570911075e-02	4.659548959126431911e-02	1.108884347955299693e-01
3.163901719730555214e+03	1.335896641720639988e-01	7.858002701514806010e-02	3.267034048331005636e-01	2.070142531188697566e-01	9.662590044631652608e-02	4.659633540354440190e-02	1.108904150098834890e-01
3.178415030371521425e+03	1.335832853882121252e-01	7.857556433490560377e-02	3.267092574920510972e-01	2.070159671042350324e-01	9.662640316515161421e-02	4.659716500355789992e-02	1.108923575108134718e-01
3.192928341012487181e+03	1.335770324154506583e-01	7.857118970341636643e-02	3.267149989689218659e-01	2.070176412838365121e-01	9.662689591516836207e-02	4.659797870039669720e-02	1.108942630117363826e-01
3.207441651653452936e+03	1.335709027682044359e-01	7.856690138043181948e-02	3.267206313591370925e-01	2.070192765859481254e-01	9.662737889521622048e-02	4.659877679730304451e-02	1.108961322126861687e-01
3.221954962294418237e+03	1.335648940101043791e-01	7.856269766017280609e-02	3.267261567190563598e-01	2.070208739171257306e-01	9.662785230012588267e-02	4.659955959177905505e-02	1.108979658005628116e-01
3.236468272935384903e+03	1.335590037530109131e-01	7.855857687064475570e-02	3.267315770666914809e-01	2.070224341627162068e-01	9.662831632079318944e-02	4.660032737569413941e-02	1.108997644493763673e-01
3.250981583576350204e+03	1.335532296560568988e-01	7.855453737296692884e-02	3.267368943824103811e-01	2.070239581873547230e-01	9.662877114426104974e-02	4.660108043539054612e-02	1.109015288204864697e-01
3.265494894217316414e+03	1.335475694247095224e-01	7.855057756071470720e-02	3.267421106096284333e-01	2.070254468354503774e-01	9.662921695379973752e-02	4.660181905178685524e-02	1.109032595628374196e-01
3.280008204858282170e+03	1.335420208098508921e-01	7.854669585927520625e-02	3.267472276554870825e-01	2.070269009316602626e-01	9.662965392898506534e-02	4.660254350047968869e-02	1.109049573131889455e-01
3.294521515499247926e+03	1.335365816068768974e-01	7.854289072521554449e-02	3.267522473915206449e-01	2.070283212813527063e-01	9.663008224577510075e-02	4.660325405184345682e-02	1.109066226963427715e-01
3.309034826140214136e+03	1.335312496548141659e-01	7.853916064566392186e-02	3.267571716543115068e-01	2.070297086710592704e-01	9.663050207658499535e-02	4.660395097112830787e-02	1.109082563253649401e-01
3.323548136781179892e+03	1.335260228354542555e-01	7.853550413770284122e-02	3.267620022461327767e-01	2.070310638689166205e-01	9.663091359036028727e-02	4.660463451855625938e-02	1.109098588018040815e-01
3.338061447422145648e+03	1.335208990725055833e-01	7.853191974777452844e-02	3.267667409355797803e-01	2.070323876250975692e-01	9.663131695264842724e-02	4.660530494941558105e-02	1.109114307159056317e-01
3.352574758063111403e+03	1.335158763307617014e-01	7.852840605109807914e-02	3.267713894581905087e-01	2.070336806722322953e-01	9.663171232566894475e-02	4.660596251415340119e-02	1.109129726468222055e-01
3.367088068704076704e+03	1.335109526152864490e-01	7.852496165109840165e-02	3.267759495170542428e-01	2.070349437258195702e-01	9.663209986838186549e-02	4.660660745846661318e-02	1.109144851628199313e-01
3.381601379345043824e+03	1.335061259706152859e-01	7.852158517884633149e-02	3.267804227834100739e-01	2.070361774846283531e-01	9.663247973655475498e-02	4.660724002339113048e-02	1.109159688214811645e-01
3.396114689986008671e+03	1.335013944799723906e-01	7.851827529250997306e-02	3.267848108972337129e-01	2.070373826310899779e-01	9.663285208282827721e-02	4.660786044538944850e-02	1.109174241699033142e-01
3.410628000626974881e+03	1.334967562645034411e-01	7.851503067681708803e-02	3.267891154678143617e-01	2.070385598316811238e-01	9.663321705678032392e-02	4.660846895643664528e-02	1.109188517448941314e-01
3.425141311267940637e+03	1.334922094825235495e-01	7.851185004252796140e-02	3.267933380743210936e-01	2.070397097372978223e-01	9.663357480498874219e-02	4.660906578410468903e-02	1.109202520731632780e-01
3.439654621908906392e+03	1.334877523287802958e-01	7.850873212591889805e-02	3.267974802663586864e-01	2.070408329836206929e-01	9.663392547109275754e-02	4.660965115164530936e-02	1.109216256715104959e-01
3.454167932549872603e+03	1.334833830337313620e-01	7.850567568827604426e-02	3.268015435645137412e-01	2.070419301914715182e-01	9.663426919585306474e-02	4.661022527807122395e-02	1.109229730470101954e-01
3.468681243190838359e+03	1.334790998628364034e-01	7.850267951539914579e-02	3.268055294608909200e-01	2.070430019671614941e-01	9.663460611721051696e-02	4.661078837823593585e-02	1.109242946971927407e-01
3.483194553831804114e+03	1.334749011158632148e-01	7.849974241711524248e-02	3.268094394196391916e-01	2.070440489028314568e-01	9.663493637034374639e-02	4.661134066291200417e-02	1.109255911102222936e-01
3.497707864472769415e+03	1.334707851262075251e-01	7.849686322680214656e-02	3.268132748774688068e-01	2.070450715767838956e-01	9.663526008772542475e-02	4.661188233886789933e-02	1.109268627650714656e-01
3.512221175113736081e+03	1.334667502602264744e-01	7.849404080092124703e-02	3.268170372441587257e-01	2.070460705538072488e-01	9.663557739917735812e-02	4.661241360894339408e-02	1.109281101316927087e-01
3.526734485754701382e+03	1.334627949165850813e-01	7.849127401855961195e-02	3.268207279030552748e-01	2.070470463854927057e-01	9.663588843192438826e-02	4.661293467212356684e-02	1.109293336711865557e-01
3.541247796395667592e+03	1.334589175256159499e-01	7.848856178098137515e-02	3.268243482115610887e-01	2.070479996105434040e-01	9.663619331064722540e-02	4.661344572361144495e-02	1.109305338359667104e-01
3.555761107036633348e+03	1.334551165486917157e-01	7.848590301118785195e-02	3.268278995016155597e-01	2.070489307550764935e-01	9.663649215753410127e-02	4.661394695489928797e-02	1.109317110699222231e-01
3.570274417677599104e+03	1.334513904776097604e-01	7.848329665348650896e-02	3.268313830801666264e-01	2.070498403329179837e-01	9.663678509233129821e-02	4.661443855383851781e-02	1.109328658085765168e-01
3.584787728318565314e+03	1.334477378339891940e-01	7.848074167306844096e-02	3.268348002296339594e-01	2.070507288458908468e-01	9.663707223239276223e-02	4.661492070470839993e-02	1.109339984792435674e-01
3.599301038959531070e+03	1.334441571686800221e-01	7.847823705559439644e-02	3.268381522083634860e-01	2.070515967840961535e-01	9.663735369272849485e-02	4.661539358828339918e-02	1.109351095011811700e-01
3.613814349600496826e+03	1.334406470611838869e-01	7.847578180678882465e-02	3.268414402510738115e-01	2.070524446261878537e-01	9.663762958605202902e-02	4.661585738189931438e-02	1.109361992857414297e-01
3.628327660241463036e+03	1.334372061190862713e-01	7.847337495204211033e-02	3.268446655692945901e-01	2.070532728396407562e-01	9.663790002282690583e-02	4.661631225951816393e-02	1.109372682365183799e-01
3.642840970882427882e+03	1.334338329775001941e-01	7.847101553602077451e-02	3.268478293517966260e-01	2.070540818810126249e-01	9.663816511131216591e-02	4.661675839179182934e-02	1.109383167494929767e-01
3.657354281523394548e+03	1.334305262985207019e-01	7.846870262228528015e-02	3.268509327650146457e-01	2.070548721961998351e-01	9.663842495760686935e-02	4.661719594612458162e-02	1.109393452131753333e-01
3.671867592164359849e+03	1.334272847706903520e-01	7.846643529291559560e-02	3.268539769534616890e-01	2.070556442206871184e-01	9.663867966569372747e-02	4.661762508673441413e-02	1.109403540087443713e-01
3.686380902805326514e+03	1.334241071084753261e-01	7.846421264814405772e-02	3.268569630401366721e-01	2.070563983797914231e-01	9.663892933748180480e-02	4.661804597471316813e-02	1.109413435101848644e-01
3.700894213446291815e+03	1.334209920517518688e-01	7.846203380599557631e-02	3.268598921269236790e-01	2.070571350889001683e-01	9.663917407284838834e-02	4.661845876808564521e-02	1.109423140844219835e-01
3.715407524087257570e+03	1.334179383653029682e-01	7.845989790193508284e-02	3.268627652949848694e-01	2.070578547537036962e-01	9.663941396967987152e-02	4.661886362186752619e-02	1.109432660914533020e-01
3.729920834728223781e+03	1.334149448383250836e-01	7.845780408852183474e-02	3.268655836051452823e-01	2.070585577704224522e-01	9.663964912391188877e-02	4.661926068812224933e-02	1.109441998844784699e-01
3.744434145369189537e+03	1.334120102839444488e-01	7.845575153507072796e-02	3.268683480982715883e-01	2.070592445260287517e-01	9.663987962956863131e-02	4.661965011601680586e-02	1.109451158100262791e-01
3.758947456010155292e+03	1.334091335387433686e-01	7.845373942732025707e-02	3.268710597956429043e-01	2.070599153984632734e-01	9.664010557880126084e-02	4.662003205187655042e-02	1.109460142080796463e-01
3.773460766651120593e+03	1.334063134622954783e-01	7.845176696710703945e-02	3.268737196993155569e-01	2.070605707568466680e-01	9.664032706192565714e-02	4.662040663923887329e-02	1.109468954121980294e-01
3.787974077292087259e+03	1.334035489367106087e-01	7.844983337204693152e-02	3.268763287924807415e-01	2.070612109616860319e-01	9.664054416745920806e-02	4.662077401890597078e-02	1.109477597496378171e-01
3.802487387933053014e+03	1.334008388661884204e-01	7.844793787522236217e-02	3.268788880398161290e-01	2.070618363650765237e-01	9.664075698215704446e-02	4.662113432899657461e-02	1.109486075414702483e-01
3.817000698574018315e+03	1.333981821765810871e-01	7.844607972487593894e-02	3.268813983878304241e-01	2.070624473108983732e-01	9.664096559104744244e-02	4.662148770499675160e-02	1.109494391026973337e-01
3.831514009214984981e+03	1.333955778149645277e-01	7.844425818411013274e-02	3.268838607652017059e-01	2.070630441350092554e-01	9.664117007746642063e-02	4.662183427980970407e-02	1.109502547423655699e-01
3.846027319855950282e+03	1.333930247492181587e-01	7.844247253059291602e-02	3.268862760831103276e-01	2.070636271654318628e-01	9.664137052309179632e-02	4.662217418380467521e-02	1.109510547636775174e-01
3.860540630496916037e+03	1.333905219676131682e-01	7.844072205626922978e-02	3.268886452355645456e-01	2.070641967225376467e-01	9.664156700797638111e-02	4.662250754486493148e-02	1.109518394641013234e-01
3.875053941137881793e+03	1.333880684784086723e-01	7.843900606707819578e-02	3.268909690997210404e-01	2.070647531192256197e-01	9.664175961058063535e-02	4.662283448843482225e-02	1.109526091354782334e-01
3.889567251778848004e+03	1.333856633094560873e-01	7.843732388267600497e-02	3.268932485361991658e-01	2.070652966610974088e-01	9.664194840780448992e-02	4.662315513756598584e-02	1.109533640641281599e-01
3.904080562419813759e+03	1.333833055078113283e-01	7.843567483616417646e-02	3.268954843893892015e-01	2.070658276466280368e-01	9.664213347501870999e-02	4.662346961296268133e-02	1.109541045309530988e-01
3.918593873060779970e+03	1.333809941393546417e-01	7.843405827382336770e-02	3.268976774877559999e-01	2.070663463673325655e-01	9.664231488609552334e-02	4.662377803302623913e-02	1.109548308115389376e-01
3.933107183701745726e+03	1.333787282884180136e-01	7.843247355485233330e-02	3.268998286441354151e-01	2.070668531079290775e-01	9.664249271343859637e-02	4.662408051389875518e-02	1.109555431762550420e-01
3.947620494342711936e+03	1.333765070574200184e-01	7.843092005111214349e-02	3.269019386560267915e-01	2.070673481464977705e-01	9.664266702801242725e-02	4.662437716950584843e-02	1.109562418903522474e-01
3.962133804983676782e+03	1.333743295665077710e-01	7.842939714687546804e-02	3.269040083058790680e-01	2.070678317546361391e-01	9.664283789937118396e-02	4.662466811159872437e-02	1.109569272140589064e-01
3.976647115624642538e+03	1.333721949532061801e-01	7.842790423858078674e-02	3.269060383613722198e-01	2.070683041976107142e-01	9.664300539568687620e-02	4.662495344979537826e-02	1.109575994026752027e-01
3.991160426265608749e+03	1.333701023720739731e-01	7.842644073459162368e-02	3.269080295756928156e-01	2.070687657345051114e-01	9.664316958377705546e-02	4.662523329162110430e-02	1.109582587066656467e-01
4.005673736906575414e+03	1.333680509943666881e-01	7.842500605496030563e-02	3.269099826878055781e-01	2.070692166183648597e-01	9.664333052913186284e-02	4.662550774254809599e-02	1.109589053717499468e-01
4.020187047547540715e+03	1.333660400077062991e-01	7.842359963119670263e-02	3.269118984227187830e-01	2.070696570963383998e-01	9.664348829594053558e-02	4.662577690603448427e-02	1.109595396389921190e-01
4.034700358188505561e+03	1.333640686157572253e-01	7.842222090604138163e-02	3.269137774917456607e-01	2.070700874098151123e-01	9.664364294711749737e-02	4.662604088356249454e-02	1.109601617448879862e-01
4.049213668829472226e+03	1.333621360379091125e-01	7.842086933324321496e-02	3.269156205927603587e-01	2.070705077945600436e-01	9.664379454432768524e-02	4.662629977467599302e-02	1.109607719214509985e-01
4.063726979470437527e+03	1.333602415089656656e-01	7.841954437734158234e-02	3.269174284104493511e-01	2.070709184808453840e-01	9.664394314801164065e-02	4.662655367701722120e-02	1.109613703962965409e-01
4.078240290111404192e+03	1.333583842788396423e-01	7.841824551345273620e-02	3.269192016165585191e-01	2.070713196935790312e-01	9.664408881740990664e-02	4.662680268636294756e-02	1.109619573927245750e-01
4.092753600752369493e+03	1.333565636122540088e-01	7.841697222706052461e-02	3.269209408701353459e-01	2.070717116524298518e-01	9.664423161058696699e-02	4.662704689665984892e-02	1.109625331298008388e-01
4.107266911393336159e+03	1.333547787884489522e-01	7.841572401381112500e-02	3.269226468177665601e-01	2.070720945719502770e-01	9.664437158445474130e-02	4.662728640005929515e-02	1.109630978224363934e-01
4.121780222034301914e+03	1.333530291008947488e-01	7.841450037931199657e-02	3.269243200938117822e-01	2.070724686616959576e-01	9.664450879479555279e-02	4.662752128695141218e-02	1.109636516814659080e-01
4.136293532675267670e+03	1.333513138570101841e-01	7.841330083893474634e-02	3.269259613206323412e-01	2.070728341263425032e-01	9.664464329628473516e-02	4.662775164599858302e-02	1.109641949137242373e-01
4.150806843316233426e+03	1.333496323778868009e-01	7.841212491762190873e-02	3.269275711088163727e-01	2.070731911657995583e-01	9.664477514251261503e-02	4.662797756416822703e-02	1.109647277221218198e-01
4.165320153957199182e+03	1.333479839980183934e-01	7.841097214969754148e-02	3.269291500573992537e-01	2.070735399753223238e-01	9.664490438600624456e-02	4.662819912676503809e-02	1.109652503057184519e-01
4.179833464598164937e+03	1.333463680650359973e-01	7.840984207868161027e-02	3.269306987540805398e-01	2.070738807456201647e-01	9.664503107825053729e-02	4.662841641746258425e-02	1.109657628597958273e-01
4.194346775239130693e+03	1.333447839394480139e-01	7.840873425710809252e-02	3.269322177754361292e-01	2.070742136629630248e-01	9.664515526970905712e-02	4.662862951833428304e-02	1.109662655759286742e-01
4.208860085880096449e+03	1.333432309943856087e-01	7.840764824634656460e-02	3.269337076871273173e-01	2.070745389092850386e-01	9.664527700984436309e-02	4.662883850988387702e-02	1.109667586420545887e-01
4.223373396521062205e+03	1.333417086153530773e-01	7.840658361642746654e-02	3.269351690441051894e-01	2.070748566622859221e-01	9.664539634713800731e-02	4.662904347107520164e-02	1.109672422425425214e-01
4.237886707162027960e+03	1.333402161999832081e-01	7.840553994587073916e-02	3.269366023908119590e-01	2.070751670955298940e-01	9.664551332911003323e-02	4.662924447936153682e-02	1.109677165582600294e-01
4.252400017802994626e+03	1.333387531577973906e-01	7.840451682151790280e-02	3.269380082613780880e-01	2.070754703785423201e-01	9.664562800233809925e-02	4.662944161071432003e-02	1.109681817666393067e-01
4.266913328443960381e+03	1.333373189099706924e-01	7.840351383836739740e-02	3.269393871798158546e-01	2.070757666769040273e-01	9.664574041247632474e-02	4.662963493965131129e-02	1.109686380417418405e-01
4.281426639084926137e+03	1.333359128891013490e-01	7.840253059941332259e-02	3.269407396602093674e-01	2.070760561523434518e-01	9.664585060427359486e-02	4.662982453926427240e-02	1.109690855543220417e-01
4.295939949725891893e+03	1.333345345389848891e-01	7.840156671548724476e-02	3.269420662069012495e-01	2.070763389628267059e-01	9.664595862159169881e-02	4.663001048124609804e-02	1.109695244718895552e-01
4.310453260366857648e+03	1.333331833143928946e-01	7.840062180510318224e-02	3.269433673146752706e-01	2.070766152626453693e-01	9.664606450742285748e-02	4.663019283591741948e-02	1.109699549587705031e-01
4.324966571007824314e+03	1.333318586808558692e-01	7.839969549430569895e-02	3.269446434689362579e-01	2.070768852025023088e-01	9.664616830390711233e-02	4.663037167225275725e-02	1.109703771761674923e-01
4.339479881648789160e+03	1.333305601144507135e-01	7.839878741652095417e-02	3.269458951458863449e-01	2.070771489295955281e-01	9.664627005234925627e-02	4.663054705790611876e-02	1.109707912822185533e-01
4.353993192289754006e+03	1.333292871015921421e-01	7.839789721241074982e-02	3.269471228126981099e-01	2.070774065876999914e-01	9.664636979323545929e-02	4.663071905923613092e-02	1.109711974320549688e-01
4.368506502930720671e+03	1.333280391388284025e-01	7.839702452972939495e-02	3.269483269276838855e-01	2.070776583172475316e-01	9.664646756624956092e-02	4.663088774133074266e-02	1.109715957778580481e-01
4.383019813571686427e+03	1.333268157326409076e-01	7.839616902318355396e-02	3.269495079404629578e-01	2.070779042554049543e-01	9.664656341028901587e-02	4.663105316803139999e-02	1.109719864689147628e-01
4.397533124212653092e+03	1.333256163992480592e-01	7.839533035429470387e-02	3.269506662921248252e-01	2.070781445361501716e-01	9.664665736348054814e-02	4.663121540195679093e-02	1.109723696516724673e-01
4.412046434853618848e+03	1.333244406644126523e-01	7.839450819126439485e-02	3.269518024153896807e-01	2.070783792903467535e-01	9.664674946319545823e-02	4.663137450452613242e-02	1.109727454697923971e-01
4.426559745494584604e+03	1.333232880632533590e-01	7.839370220884227247e-02	3.269529167347661192e-01	2.070786086458165642e-01	9.664683974606469441e-02	4.663153053598204090e-02	1.109731140642024605e-01
4.441073056135550360e+03	1.333221581400597655e-01	7.839291208819645917e-02	3.269540096667054585e-01	2.070788327274107332e-01	9.664692824799346604e-02	4.663168355541294496e-02	1.109734755731487249e-01
4.455586366776516115e+03	1.333210504481112113e-01	7.839213751678682229e-02	3.269550816197535070e-01	2.070790516570790440e-01	9.664701500417581526e-02	4.663183362077508165e-02	1.109738301322461679e-01
4.470099677417481871e+03	1.333199645494990704e-01	7.839137818824049031e-02	3.269561329946995554e-01	2.070792655539375748e-01	9.664710004910860575e-02	4.663198078891404863e-02	1.109741778745283597e-01
4.484612988058447627e+03	1.333189000149526682e-01	7.839063380222999200e-02	3.269571641847223153e-01	2.070794745343348398e-01	9.664718341660549772e-02	4.663212511558602336e-02	1.109745189304962854e-01
4.499126298699412473e+03	1.333178564236686958e-01	7.838990406435376868e-02	3.269581755755336383e-01	2.070796787119164040e-01	9.664726513981046485e-02	4.663226665547849648e-02	1.109748534281661814e-01
4.513639609340379138e+03	1.333168333631437608e-01	7.838918868601901790e-02	3.269591675455186253e-01	2.070798781976879444e-01	9.664734525121110309e-02	4.663240546223067912e-02	1.109751814931165398e-01
4.528152919981345804e+03	1.333158304290104346e-01	7.838848738432685481e-02	3.269601404658743493e-01	2.070800731000766726e-01	9.664742378265167577e-02	4.663254158845345221e-02	1.109755032485342241e-01
4.542666230622311559e+03	1.333148472248766869e-01	7.838779988195981874e-02	3.269610947007447477e-01	2.070802635249917867e-01	9.664750076534588119e-02	4.663267508574904519e-02	1.109758188152596692e-01
4.557179541263276406e+03	1.333138833621680674e-01	7.838712590707158645e-02	3.269620306073541260e-01	2.070804495758828689e-01	9.664757622988943975e-02	4.663280600473018733e-02	1.109761283118312902e-01
4.571692851904243071e+03	1.333129384599734957e-01	7.838646519317880867e-02	3.269629485361374432e-01	2.070806313537974785e-01	9.664765020627229253e-02	4.663293439503907178e-02	1.109764318545290313e-01
4.586206162545208826e+03	1.333120121448937156e-01	7.838581747905511155e-02	3.269638488308680979e-01	2.070808089574370792e-01	9.664772272389066110e-02	4.663306030536581992e-02	1.109767295574170948e-01
4.600719473186175492e+03	1.333111040508929979e-01	7.838518250862724912e-02	3.269647318287841609e-01	2.070809824832117729e-01	9.664779381155882976e-02	4.663318378346666127e-02	1.109770215323858944e-01
4.615232783827140338e+03	1.333102138191537001e-01	7.838456003087326818e-02	3.269655978607112212e-01	2.070811520252937021e-01	9.664786349752071959e-02	4.663330487618176645e-02	1.109773078891931886e-01
4.629746094468105184e+03	1.333093410979336590e-01	7.838394979972269916e-02	3.269664472511836228e-01	2.070813176756692298e-01	9.664793180946119888e-02	4.663342362945271935e-02	1.109775887355044788e-01
4.644259405109071849e+03	1.333084855424264692e-01	7.838335157395874553e-02	3.269672803185630361e-01	2.070814795241898709e-01	9.664799877451715759e-02	4.663354008833969777e-02	1.109778641769326168e-01
4.658772715750037605e+03	1.333076468146244531e-01	7.838276511712234662e-02	3.269680973751553088e-01	2.070816376586221419e-01	9.664806441928844305e-02	4.663365429703825171e-02	1.109781343170766488e-01
4.673286026391004270e+03	1.333068245831844911e-01	7.838219019741815563e-02	3.269688987273245417e-01	2.070817921646960214e-01	9.664812876984846257e-02	4.663376629889585956e-02	1.109783992575600203e-01
4.687799337031970026e+03	1.333060185232963490e-01	7.838162658762248824e-02	3.269696846756053876e-01	2.070819431261525512e-01	9.664819185175466121e-02	4.663387613642809570e-02	1.109786590980679638e-01
4.702312647672935782e+03	1.333052283165536422e-01	7.838107406499296437e-02	3.269704555148132963e-01	2.070820906247901327e-01	9.664825369005872191e-02	4.663398385133454838e-02	1.109789139363842603e-01
4.716825958313901538e+03	1.333044536508273814e-01	7.838053241117995396e-02	3.269712115341523173e-01	2.070822347405097130e-01	9.664831430931668244e-02	4.663408948451437663e-02	1.109791638684272108e-01
4.731339268954867293e+03	1.333036942201420716e-01	7.838000141213984084e-02	3.269719530173212374e-01	2.070823755513590825e-01	9.664837373359866368e-02	4.663419307608161063e-02	1.109794089882850943e-01
4.745852579595833049e+03	1.333029497245541428e-01	7.837948085804995191e-02	3.269726802426178858e-01	2.070825131335760905e-01	9.664843198649861189e-02	4.663429466538014656e-02	1.109796493882507507e-01
4.760365890236798805e+03	1.333022198700329619e-01	7.837897054322520707e-02	3.269733934830408306e-01	2.070826475616306950e-01	9.664848909114366615e-02	4.663439429099848488e-02	1.109798851588557345e-01
4.774879200877764561e+03	1.333015043683439260e-01	7.837847026603635137e-02	3.269740930063899098e-01	2.070827789082662351e-01	9.664854507020345653e-02	4.663449199078414237e-02	1.109801163889035935e-01
4.789392511518729407e+03	1.333008029369341652e-01	7.837797982882989400e-02	3.269747790753642636e-01	2.070829072445395380e-01	9.664859994589918013e-02	4.663458780185783525e-02	1.109803431655027595e-01
4.803905822159696982e+03	1.333001152988202986e-01	7.837749903784956007e-02	3.269754519476590904e-01	2.070830326398603594e-01	9.664865374001246900e-02	4.663468176062735004e-02	1.109805655740986052e-01
4.818419132800663647e+03	1.332994411824785230e-01	7.837702770315935208e-02	3.269761118760599605e-01	2.070831551620295197e-01	9.664870647389411928e-02	4.663477390280117152e-02	1.109807836985051005e-01
4.832932443441628493e+03	1.332987803217368095e-01	7.837656563856806868e-02	3.269767591085360747e-01	2.070832748772765963e-01	9.664875816847268153e-02	4.663486426340189561e-02	1.109809976209356758e-01
4.837770213655283442e+03	1.332981324556692659e-01	7.837611266155534995e-02	3.269773938883311915e-01	2.070833918502963666e-01	9.664880884426275964e-02	4.663495287677927453e-02	1.109812074220336425e-01
