0.000000000000000000e+00	1.416362474337643507e-01	8.488606146898509952e-02	3.197100552937988671e-01	2.047050350357963178e-01	9.577875187073751906e-02	4.500261279622129462e-02	1.082812360992532336e-01
1.451331064096584811e+01	1.414417881004457200e-01	8.476116395848992680e-02	3.200983008084319348e-01	2.042566442521955572e-01	9.578786254835139347e-02	4.536091657550149481e-02	1.082933237551406414e-01
2.902662128193169622e+01	1.412512682077156079e-01	8.464499768168720628e-02	3.203972605597033008e-01	2.039927201877771989e-01	9.579677606950187663e-02	4.560743306908011940e-02	1.083095442230912892e-01
4.353993192289755143e+01	1.410647811085566639e-01	8.453528328119544466e-02	3.206368131184727521e-01	2.038500082860705831e-01	9.580549653405102950e-02	4.577887853959743819e-02	1.083287391306126113e-01
5.805324256386339954e+01	1.408823580478529014e-01	8.443048031569375111e-02	3.208366642919797118e-01	2.037865513186597199e-01	9.581402809427826128e-02	4.589979039672646005e-02	1.083501275333657032e-01
7.256655320482924765e+01	1.407039891749436722e-01	8.432954258485693411e-02	3.210097853707529758e-01	2.037745487716121906e-01	9.582237490587372508e-02	4.598658129404172012e-02	1.083731778964752424e-01
8.707986384579510286e+01	1.405296376235663502e-01	8.423175485352850378e-02	3.211646953784420555e-01	2.037956062632979570e-01	9.583054109564251299e-02	4.605024137559750319e-02	1.083975234084814943e-01
1.015931744867609581e+02	1.403592489557851375e-01	8.413662384023315455e-02	3.213069748562563666e-01	2.038375757097560803e-01	9.583853074041084885e-02	4.609813985754255411e-02	1.084229060385721172e-01
1.161064851277267991e+02	1.401927575028505124e-01	8.404380539011385709e-02	3.214402690034626198e-01	2.038924541333999030e-01	9.584634785344856023e-02	4.613522647262117277e-02	1.084491396426596060e-01
1.306197957686926259e+02	1.400300906267586964e-01	8.395305578401766888e-02	3.215669516637116310e-01	2.039549869007440952e-01	9.585399637593974842e-02	4.616483296770690359e-02	1.084760856796774253e-01
1.451331064096584669e+02	1.398711715866830241e-01	8.386419915350580567e-02	3.216885641934500994e-01	2.040217396112256332e-01	9.586148017184684123e-02	4.618920801739032078e-02	1.085036372644544167e-01
1.596464170506243647e+02	1.397159214678682371e-01	8.377710564848338259e-02	3.218061050188789074e-01	2.040904817091945822e-01	9.586880302505675078e-02	4.620987440638930216e-02	1.085317087226849581e-01
1.741597276915902057e+02	1.395642604793355945e-01	8.369167678777336694e-02	3.219202202540891733e-01	2.041597773836079099e-01	9.587596863806219227e-02	4.622786768589520756e-02	1.085602287697926688e-01
1.886730383325560467e+02	1.394161088257364622e-01	8.360783561155465948e-02	3.220313288358012671e-01	2.042287142634105490e-01	9.588298063167401131e-02	4.624389575979259703e-02	1.085891360705866088e-01
2.031863489735219162e+02	1.392713872911844064e-01	8.352552004679042463e-02	3.221397043807086580e-01	2.042967236761815131e-01	9.588984254542484709e-02	4.625844570012573043e-02	1.086183763581405198e-01
2.176996596144877287e+02	1.391300176277432965e-01	8.344467842489418363e-02	3.222455284933544717e-01	2.043634617186018965e-01	9.589655783843367698e-02	4.627185532563861392e-02	1.086479005698899325e-01
2.322129702554535982e+02	1.389919228110164662e-01	8.336526644304244338e-02	3.223489252834160212e-01	2.044287306898635859e-01	9.590312989057457604e-02	4.628436123646781364e-02	1.086776636441751515e-01
2.467262808964194392e+02	1.388570272050160814e-01	8.328724509544666033e-02	3.224499835510815648e-01	2.044924272945086163e-01	9.590956200384337382e-02	4.629613110561746347e-02	1.087076237430422976e-01
2.612395915373852517e+02	1.387252566648868590e-01	8.321057925764609176e-02	3.225487709087395127e-01	2.045545085819931441e-01	9.591585740384926673e-02	4.630728543332139624e-02	1.087377417481197733e-01
2.757529021783511780e+02	1.385965385969071817e-01	8.313523671153211225e-02	3.226453426544305669e-01	2.046149696238716009e-01	9.592201924138148150e-02	4.631791224061601597e-02	1.087679809298170708e-01
2.902662128193169337e+02	1.384708019890235065e-01	8.306118746872023784e-02	3.227397472499183295e-01	2.046738289467527339e-01	9.592805059401629530e-02	4.632807702487255763e-02	1.087983067252522862e-01
3.047795234602828600e+02	1.383479774210070179e-01	8.298840329661830162e-02	3.228320296191857786e-01	2.047311190801548997e-01	9.593395446774109769e-02	4.633782953046432229e-02	1.088286865833845707e-01
3.192928341012487294e+02	1.382279970604953501e-01	8.291685738280640816e-02	3.229222330621928649e-01	2.047868804694425449e-01	9.593973379857874406e-02	4.634720837413121991e-02	1.088590898509087940e-01
3.338061447422145420e+02	1.381107946492620975e-01	8.284652409428806819e-02	3.230104003010604297e-01	2.048411575958222208e-01	9.594539145420100112e-02	4.635624422164019709e-02	1.088894876822819047e-01
3.483194553831804114e+02	1.379963054827423874e-01	8.277737880221811007e-02	3.230965739931223601e-01	2.048939965381709749e-01	9.595093023552320188e-02	4.636496198318187240e-02	1.089198529635970192e-01
3.628327660241463377e+02	1.378844663849418117e-01	8.270939775214955492e-02	3.231807969254059110e-01	2.049454434719818752e-01	9.595635287827475324e-02	4.637338234170877704e-02	1.089501602440933054e-01
3.773460766651120935e+02	1.377752156802339867e-01	8.264255796619215944e-02	3.232631120267324132e-01	2.049955437733243790e-01	9.596166205454181863e-02	4.638152282585594754e-02	1.089803856716752839e-01
3.918593873060780197e+02	1.376684931631185771e-01	8.257683716776127725e-02	3.233435622826544287e-01	2.050443415099497679e-01	9.596686037427984428e-02	4.638939857035663528e-02	1.090105069304353747e-01
4.063726979470438323e+02	1.375642400667089760e-01	8.251221372249381569e-02	3.234221906054852158e-01	2.050918791771597915e-01	9.597195038679420809e-02	4.639702286074620652e-02	1.090405031791676776e-01
4.208860085880095880e+02	1.374623990305051668e-01	8.244866659087679572e-02	3.234990396905399468e-01	2.051381975858443674e-01	9.597693458218839457e-02	4.640440752814561226e-02	1.090703549904556147e-01
4.353993192289755143e+02	1.373629140678549743e-01	8.238617528947528301e-02	3.235741518762993429e-01	2.051833358428572229e-01	9.598181539277897412e-02	4.641156323903378872e-02	1.091000442902563677e-01
4.499126298699413837e+02	1.372657305333976063e-01	8.232471985856502916e-02	3.236475690178207687e-01	2.052273313853917869e-01	9.598659519447742816e-02	4.641849971081708770e-02	1.091295542980861705e-01
4.644259405109071963e+02	1.371707950907046225e-01	8.226428083460783636e-02	3.237193323775880427e-01	2.052702200450675640e-01	9.599127630813895917e-02	4.642522587445317706e-02	1.091588694679956756e-01
4.789392511518730657e+02	1.370780556802743411e-01	8.220483922644634955e-02	3.237894825349360572e-01	2.053120361265752536e-01	9.599586100087843799e-02	4.643174999889520399e-02	1.091879754305502270e-01
4.934525617928388783e+02	1.369874614879943442e-01	8.214637649440061085e-02	3.238580593134579022e-01	2.053528124916336184e-01	9.600035148735422408e-02	4.643807978769057959e-02	1.092168589360245912e-01
5.079658724338048046e+02	1.368989629141536268e-01	8.208887453166471837e-02	3.239251017248930276e-01	2.053925806427970568e-01	9.600474993102009469e-02	4.644422245502948660e-02	1.092455077989978734e-01
5.224791830747705035e+02	1.368125115430625927e-01	8.203231564755442129e-02	3.239906479275955764e-01	2.054313708040533815e-01	9.600905844534605993e-02	4.645018478644058479e-02	1.092739108445033303e-01
5.369924937157364866e+02	1.367280601133205875e-01	8.197668255226712997e-02	3.240547351975795465e-01	2.054692119966497477e-01	9.601327909500863289e-02	4.645597318787496322e-02	1.093020578558553252e-01
5.515058043567023560e+02	1.366455624887572828e-01	8.192195834289450751e-02	3.241173999102078263e-01	2.055061321095011939e-01	9.601741389705130414e-02	4.646159372590029368e-02	1.093299395242434968e-01
5.660191149976681118e+02	1.365649736300634798e-01	8.186812649048696988e-02	3.241786775307468615e-01	2.055421579640795693e-01	9.602146482201578959e-02	4.646705216100773667e-02	1.093575474001554915e-01
5.805324256386339812e+02	1.364862495671184950e-01	8.181517082801249841e-02	3.242386026122068277e-01	2.055773153739864911e-01	9.602543379504492604e-02	4.647235397552201136e-02	1.093848738466646209e-01
5.950457362795999643e+02	1.364093473720156269e-01	8.176307553908460091e-02	3.242972087990913521e-01	2.056116291995728762e-01	9.602932269695783896e-02	4.647750439723660754e-02	1.094119119945969471e-01
6.095590469205657200e+02	1.363342251327822885e-01	8.171182514735926550e-02	3.243545288358786749e-01	2.056451233980347293e-01	9.603313336529790967e-02	4.648250841962830310e-02	1.094386556995746718e-01
6.240723575615315895e+02	1.362608419277877569e-01	8.166140450651929172e-02	3.244105945792378765e-01	2.056778210694301390e-01	9.603686759535469408e-02	4.648737081930816306e-02	1.094650995009179284e-01
6.385856682024975726e+02	1.361891578008284365e-01	8.161179879077960775e-02	3.244654370131466181e-01	2.057097444990453050e-01	9.604052714115997313e-02	4.649209617122015969e-02	1.094912385823756801e-01
6.530989788434633283e+02	1.361191337368792831e-01	8.156299348585827058e-02	3.245190862662172271e-01	2.057409151965067517e-01	9.604411371645898976e-02	4.649668886198832923e-02	1.095170687346468802e-01
6.676122894844290840e+02	1.360507316384974297e-01	8.151497438036731102e-02	3.245715716306600829e-01	2.057713539319970530e-01	9.604762899565734424e-02	4.650115310173007221e-02	1.095425863196463900e-01
6.821256001253949535e+02	1.359839143028641062e-01	8.146772755758459328e-02	3.246229215824161241e-01	2.058010807698925637e-01	9.605107461474421404e-02	4.650549293458910993e-02	1.095677882364649303e-01
6.966389107663608229e+02	1.359186453994494226e-01	8.142123938757406254e-02	3.246731638020776689e-01	2.058301151001016294e-01	9.605445217219268916e-02	4.650971224819185068e-02	1.095926718889682627e-01
7.111522214073266923e+02	1.358548894482844438e-01	8.137549651962622255e-02	3.247223251962888524e-01	2.058584756673474125e-01	9.605776322983762550e-02	4.651381478219214494e-02	1.096172351549788426e-01
7.256655320482924481e+02	1.357926117988243753e-01	8.133048587499458471e-02	3.247704319193782108e-01	2.058861805986063609e-01	9.606100931373182106e-02	4.651780413603878728e-02	1.096414763569813905e-01
7.401788426892584312e+02	1.357317786093873713e-01	8.128619463990729987e-02	3.248175093950252390e-01	2.059132474288858372e-01	9.606419191498091759e-02	4.652168377607580202e-02	1.096653942342930288e-01
7.546921533302243006e+02	1.356723568271524794e-01	8.124261025883541820e-02	3.248635823378046572e-01	2.059396931254998675e-01	9.606731249055777688e-02	4.652545704206621086e-02	1.096889879166391690e-01
7.692054639711900563e+02	1.356143141687009834e-01	8.119972042800177592e-02	3.249086747744854287e-01	2.059655341109804250e-01	9.607037246409673437e-02	4.652912715321420867e-02	1.097122568990760300e-01
7.837187746121558121e+02	1.355576191010858245e-01	8.115751308911592354e-02	3.249528100649904938e-01	2.059907862847443760e-01	9.607337322666845147e-02	4.653269721374814205e-02	1.097352010182022775e-01
7.982320852531219089e+02	1.355022408234132503e-01	8.111597642332270264e-02	3.249960109229440008e-01	2.060154650436203383e-01	9.607631613753569999e-02	4.653617021811648491e-02	1.097578204296029702e-01
8.127453958940876646e+02	1.354481492489216787e-01	8.107509884535246680e-02	3.250382994357531308e-01	2.060395853013263223e-01	9.607920252489068891e-02	4.653954905584051921e-02	1.097801155864706335e-01
8.272587065350534203e+02	1.353953149875435913e-01	8.103486899786288555e-02	3.250796970841852152e-01	2.060631615069787315e-01	9.608203368657441956e-02	4.654283651606080929e-02	1.098020872193497810e-01
8.417720171760191761e+02	1.353437093289353854e-01	8.099527574596283863e-02	3.251202247614136120e-01	2.060862076627033579e-01	9.608481089077861026e-02	4.654603529180857679e-02	1.098237363169530800e-01
8.562853278169851592e+02	1.352933042259615304e-01	8.095630817190946349e-02	3.251599027915154649e-01	2.061087373404107415e-01	9.608753537673052347e-02	4.654914798402896847e-02	1.098450641079987689e-01
8.707986384579510286e+02	1.352440722786195926e-01	8.091795556997097294e-02	3.251987509474115190e-01	2.061307636977920688e-01	9.609020835536116745e-02	4.655217710537893488e-02	1.098660720440211430e-01
8.853119490989170117e+02	1.351959867183926411e-01	8.088020744144713836e-02	3.252367884682455523e-01	2.061522994935852393e-01	9.609283100995757998e-02	4.655512508381949577e-02	1.098867617831077448e-01
8.998252597398827675e+02	1.351490213930163775e-01	8.084305348984131834e-02	3.252740340762044768e-01	2.061733571021563682e-01	9.609540449679909724e-02	4.655799426601948954e-02	1.099071351745182362e-01
9.143385703808486369e+02	1.351031507516485264e-01	8.080648361617731590e-02	3.253105059927853260e-01	2.061939485274371653e-01	9.609792994577856518e-02	4.656078692058577412e-02	1.099271942441426564e-01
9.288518810218145063e+02	1.350583498304287755e-01	8.077048791445516629e-02	3.253462219545167899e-01	2.062140854162555215e-01	9.610040846100864620e-02	4.656350524113279932e-02	1.099469411807576097e-01
9.433651916627801484e+02	1.350145942384171072e-01	8.073505666724051233e-02	3.253811992281469556e-01	2.062337790710925267e-01	9.610284112141340152e-02	4.656615134920322197e-02	1.099663783230415554e-01
9.578785023037459041e+02	1.349718601438996968e-01	8.070018034138194685e-02	3.254154546253090197e-01	2.062530404622975044e-01	9.610522898130605118e-02	4.656872729704965297e-02	1.099855081473113672e-01
9.723918129447120009e+02	1.349301242610513318e-01	8.066584958385189519e-02	3.254490045166787415e-01	2.062718802397891515e-01	9.610757307095274538e-02	4.657123507028671644e-02	1.100043332559446224e-01
9.869051235856777566e+02	1.348893638369439152e-01	8.063205521770588913e-02	3.254818648456381802e-01	2.062903087442694572e-01	9.610987439712298519e-02	4.657367659042156716e-02	1.100228563664532033e-01
1.001418434226643626e+03	1.348495566388905886e-01	8.059878823815623539e-02	3.255140511414607030e-01	2.063083360179746584e-01	9.611213394362708162e-02	4.657605371727021465e-02	1.100410803011756811e-01
1.015931744867609382e+03	1.348106809421160956e-01	8.056603980875551296e-02	3.255455785320326423e-01	2.063259718149863531e-01	9.611435267184083309e-02	4.657836825126639158e-02	1.100590079775573965e-01
1.030445055508575479e+03	1.347727155177435021e-01	8.053380125768630493e-02	3.255764617561265895e-01	2.063432256111236707e-01	9.611653152121769905e-02	4.658062193566896853e-02	1.100766423989885390e-01
1.044958366149541234e+03	1.347356396210881990e-01	8.050206407415307075e-02	3.256067151752427002e-01	2.063601066134368445e-01	9.611867140978905266e-02	4.658281645867359821e-02	1.100939866461718153e-01
1.059471676790506763e+03	1.346994329802502222e-01	8.047081990487268965e-02	3.256363527850325568e-01	2.063766237693205052e-01	9.612077323465260947e-02	4.658495345543359201e-02	1.101110438689930637e-01
1.073984987431472746e+03	1.346640757849964787e-01	8.044006055066027505e-02	3.256653882263205180e-01	2.063927857752648476e-01	9.612283787244933764e-02	4.658703450999485129e-02	1.101278172788688614e-01
1.088498298072438729e+03	1.346295486759242210e-01	8.040977796310680437e-02	3.256938347957381019e-01	2.064086010852607400e-01	9.612486617982921033e-02	4.658906115714921831e-02	1.101443101415468667e-01
1.103011608713404712e+03	1.345958327338981908e-01	8.037996424134560836e-02	3.257217054559847225e-01	2.064240779188746266e-01	9.612685899390607802e-02	4.659103488421025702e-02	1.101605257703356378e-01
1.117524919354370468e+03	1.345629094697531059e-01	8.035061162890461128e-02	3.257490128457301570e-01	2.064392242690081813e-01	9.612881713270185480e-02	4.659295713271539852e-02	1.101764675197417637e-01
1.132038229995336451e+03	1.345307608142545241e-01	8.032171251064143536e-02	3.257757692891709023e-01	2.064540479093566194e-01	9.613074139558040743e-02	4.659482930005787865e-02	1.101921387794932289e-01
1.146551540636302207e+03	1.344993691083104237e-01	8.029325940975867715e-02	3.258019868052547396e-01	2.064685564015789898e-01	9.613263256367129972e-02	4.659665274105187494e-02	1.102075429689290259e-01
1.161064851277267962e+03	1.344687170934264209e-01	8.026524498489664983e-02	3.258276771165852237e-01	2.064827571021931318e-01	9.613449140028365592e-02	4.659842876943393747e-02	1.102226835317359488e-01
1.175578161918233945e+03	1.344387879023982435e-01	8.023766202730106545e-02	3.258528516580198597e-01	2.064966571692071207e-01	9.613631865131050391e-02	4.660015865930375312e-02	1.102375639310144428e-01
1.190091472559199701e+03	1.344095650502343808e-01	8.021050345806329807e-02	3.258775215849718521e-01	2.065102635684986643e-01	9.613811504562358445e-02	4.660184364650691441e-02	1.102521876446562327e-01
1.204604783200165684e+03	1.343810324253029431e-01	8.018376232543072968e-02	3.259016977814286897e-01	2.065235830799534988e-01	9.613988129545925077e-02	4.660348492996238545e-02	1.102665581610173667e-01
1.219118093841131440e+03	1.343531742806961249e-01	8.015743180218518060e-02	3.259253908676971734e-01	2.065366223033728021e-01	9.614161809679520887e-02	4.660508367293714205e-02	1.102806789748711214e-01
1.233631404482097196e+03	1.343259752258067208e-01	8.013150518308698178e-02	3.259486112078863740e-01	2.065493876641595616e-01	9.614332612971870917e-02	4.660664100427042156e-02	1.102945535836259427e-01
1.248144715123063179e+03	1.342994202181105878e-01	8.010597588238280164e-02	3.259713689171377382e-01	2.065618854187933617e-01	9.614500605878620321e-02	4.660815801954962950e-02	1.103081854837942855e-01
1.262658025764028707e+03	1.342734945551497250e-01	8.008083743137527077e-02	3.259936738686133317e-01	2.065741216601023056e-01	9.614665853337474311e-02	4.660963578224028986e-02	1.103215781676989554e-01
1.277171336404994690e+03	1.342481838667101413e-01	8.005608347605228103e-02	3.260155357002499366e-01	2.065861023223407034e-01	9.614828418802523480e-02	4.661107532477182236e-02	1.103347351204044396e-01
1.291684647045960673e+03	1.342234741071898774e-01	8.003170777477437714e-02	3.260369638212896604e-01	2.065978331860807149e-01	9.614988364277790578e-02	4.661247764958119377e-02	1.103476598168607742e-01
1.306197957686926657e+03	1.341993515481513244e-01	8.000770419601826999e-02	3.260579674185942189e-01	2.066093198829255240e-01	9.615145750350001519e-02	4.661384373011623339e-02	1.103603557192488205e-01
1.320711268327892412e+03	1.341758027710535095e-01	7.998406671617477870e-02	3.260785554627521621e-01	2.066205679000516493e-01	9.615300636220606989e-02	4.661517451180038907e-02	1.103728262745158201e-01
1.335224578968857941e+03	1.341528146601593807e-01	7.996078941739979962e-02	3.260987367139860371e-01	2.066315825845869980e-01	9.615453079737069919e-02	4.661647091296050593e-02	1.103850749120909164e-01
1.349737889609823924e+03	1.341303743956133443e-01	7.993786648551626239e-02	3.261185197278680947e-01	2.066423691478321278e-01	9.615603137423442415e-02	4.661773382571926527e-02	1.103971050417708183e-01
1.364251200250789907e+03	1.341084694466845861e-01	7.991529220796608768e-02	3.261379128608509204e-01	2.066529326693303525e-01	9.615750864510234919e-02	4.661896411685376856e-02	1.104089200517662100e-01
1.378764510891755890e+03	1.340870875651719307e-01	7.989306097181021749e-02	3.261569242756205411e-01	2.066632781007936015e-01	9.615896314963617852e-02	4.662016262862170302e-02	1.104205233069001091e-01
1.393277821532721646e+03	1.340662167789660464e-01	7.987116726177558024e-02	3.261755619462780031e-01	2.066734102698891962e-01	9.616039541513950184e-02	4.662133017955646247e-02	1.104319181469495537e-01
1.407791132173687402e+03	1.340458453857645837e-01	7.984960565834749169e-02	3.261938336633566360e-01	2.066833338838936496e-01	9.616180595683651577e-02	4.662246756523250740e-02	1.104431078851228626e-01
1.422304442814653157e+03	1.340259619469366947e-01	7.982837083590633986e-02	3.262117470386810547e-01	2.066930535332187346e-01	9.616319527814454204e-02	4.662357555900222689e-02	1.104540958066646539e-01
1.436817753455619140e+03	1.340065552815326022e-01	7.980745756090698584e-02	3.262293095100723961e-01	2.067025736948149006e-01	9.616456387094030056e-02	4.662465491270550988e-02	1.104648851675814891e-01
1.451331064096585123e+03	1.339876144604350838e-01	7.978686069009999215e-02	3.262465283459078935e-01	2.067118987354566728e-01	9.616591221582010407e-02	4.662570635735310137e-02	1.104754791934813157e-01
1.465844374737550879e+03	1.339691288006484848e-01	7.976657516879329113e-02	3.262634106495376218e-01	2.067210329149155867e-01	9.616724078235418249e-02	4.662673060378488832e-02	1.104858810785201012e-01
1.480357685378516862e+03	1.339510878597224841e-01	7.974659602915315504e-02	3.262799633635656282e-01	2.067299803890239041e-01	9.616855002933522023e-02	4.662772834330416311e-02	1.104960939844495810e-01
1.494870996019482618e+03	1.339334814303066168e-01	7.972691838854356616e-02	3.262961932739991133e-01	2.067387452126344394e-01	9.616984040502135622e-02	4.662870024828873194e-02	1.105061210397602911e-01
1.509384306660448374e+03	1.339162995348325003e-01	7.970753744790259887e-02	3.263121070142711022e-01	2.067473313424802450e-01	9.617111234737353576e-02	4.662964697277998533e-02	1.105159653389141405e-01
1.523897617301414357e+03	1.338995324203204329e-01	7.968844849015511989e-02	3.263277110691408800e-01	2.067557426399377896e-01	9.617236628428763034e-02	4.663056915305070771e-02	1.105256299416615545e-01
1.538410927942380113e+03	1.338831705533073124e-01	7.966964687866058548e-02	3.263430117784767437e-01	2.067639828736978214e-01	9.617360263382125629e-02	4.663146740815256319e-02	1.105351178724378602e-01
1.552924238583346096e+03	1.338672046148928763e-01	7.965112805569504739e-02	3.263580153409251783e-01	2.067720557223472200e-01	9.617482180441545847e-02	4.663234234044397880e-02	1.105444321198343904e-01
1.567437549224311852e+03	1.338516254959009610e-01	7.963288754096650712e-02	3.263727278174705093e-01	2.067799647768655547e-01	9.617602419511142586e-02	4.663319453609937604e-02	1.105535756361397948e-01
1.581950859865277607e+03	1.338364242921533942e-01	7.961492093016267479e-02	3.263871551348889732e-01	2.067877135430392643e-01	9.617721019576229435e-02	4.663402456560036130e-02	1.105625513369472152e-01
1.596464170506243590e+03	1.338215922998531870e-01	7.959722389353018901e-02	3.264013030891005918e-01	2.067953054437969840e-01	9.617838018724024496e-02	4.663483298420963846e-02	1.105713621008232450e-01
1.610977481147209119e+03	1.338071210110751141e-01	7.957979217448458986e-02	3.264151773484232910e-01	2.068027438214688207e-01	9.617953454163881422e-02	4.663562033242842075e-02	1.105800107690350365e-01
1.625490791788175102e+03	1.337930021093598487e-01	7.956262158825024022e-02	3.264287834567314306e-01	2.068100319399723830e-01	9.618067362247077756e-02	4.663638713643780687e-02	1.105885001453316974e-01
1.640004102429141085e+03	1.337792274654102109e-01	7.954570802052918221e-02	3.264421268365228501e-01	2.068171729869286435e-01	9.618179778486149467e-02	4.663713390852498863e-02	1.105968329957767310e-01
1.654517413070107068e+03	1.337657891328865589e-01	7.952904742619856804e-02	3.264552127918979862e-01	2.068241700757101342e-01	9.618290737573800819e-02	4.663786114749465805e-02	1.106050120486281735e-01
1.669030723711072824e+03	1.337526793442986028e-01	7.951263582803559660e-02	3.264680465114527808e-01	2.068310262474236383e-01	9.618400273401377099e-02	4.663856933906644631e-02	1.106130399942632098e-01
1.683544034352038352e+03	1.337398905069919763e-01	7.949646931546930362e-02	3.264806330710894322e-01	2.068377444728307368e-01	9.618508419076927940e-02	4.663925895625867929e-02	1.106209194851446309e-01
1.698057344993004335e+03	1.337274151992265125e-01	7.948054404335870571e-02	3.264929774367473780e-01	2.068443276542073217e-01	9.618615206942872364e-02	4.663993045975919904e-02	1.106286531358261771e-01
1.712570655633970318e+03	1.337152461663445868e-01	7.946485623079645177e-02	3.265050844670571162e-01	2.068507786271454874e-01	9.618720668593255807e-02	4.664058429828361885e-02	1.106362435229941710e-01
1.727083966274936301e+03	1.337033763170270839e-01	7.944940215993738508e-02	3.265169589159197527e-01	2.068571001622989680e-01	9.618824834890626896e-02	4.664122090892153238e-02	1.106436931855429573e-01
1.741597276915902057e+03	1.336917987196348245e-01	7.943417817485141919e-02	3.265286054350142741e-01	2.068632949670749788e-01	9.618927735982538141e-02	4.664184071747123211e-02	1.106510046246818313e-01
1.756110587556867813e+03	1.336805065986334529e-01	7.941918068040007550e-02	3.265400285762355415e-01	2.068693656872736819e-01	9.619029401317667760e-02	4.664244413876324213e-02	1.106581803040712769e-01
1.770623898197833569e+03	1.336694933310997868e-01	7.940440614113614126e-02	3.265512327940647275e-01	2.068753149086779708e-01	9.619129859661589010e-02	4.664303157697312352e-02	1.106652226499863223e-01
1.785137208838799552e+03	1.336587524433078822e-01	7.938985108022592052e-02	3.265622224478747504e-01	2.068811451585944317e-01	9.619229139112184246e-02	4.664360342592404479e-02	1.106721340515050694e-01
1.799650519479765535e+03	1.336482776073925072e-01	7.937551207839339817e-02	3.265730018041726468e-01	2.068868589073481756e-01	9.619327267114714808e-02	4.664416006937943671e-02	1.106789168607205803e-01
1.814163830120731291e+03	1.336380626380882231e-01	7.936138577288585905e-02	3.265835750387814929e-01	2.068924585697324847e-01	9.619424270476549521e-02	4.664470188132610606e-02	1.106855733929742458e-01
1.828677140761696819e+03	1.336281014895428776e-01	7.934746885646049019e-02	3.265939462389622627e-01	2.068979465064152978e-01	9.619520175381567062e-02	4.664522922624817630e-02	1.106921059271090829e-01
1.843190451402663257e+03	1.336183882522029298e-01	7.933375807639142518e-02	3.266041194054798980e-01	2.069033250253038414e-01	9.619615007404237750e-02	4.664574245939220876e-02	1.106985167057411706e-01
1.857703762043628785e+03	1.336089171497693573e-01	7.932025023349663362e-02	3.266140984546132553e-01	2.069085963828688757e-01	9.619708791523388924e-02	4.664624192702381683e-02	1.107048079355480719e-01
1.872217072684594768e+03	1.335996825362223972e-01	7.930694218118440608e-02	3.266238872201118193e-01	2.069137627854301387e-01	9.619801552135660849e-02	4.664672796667612004e-02	1.107109817875724656e-01
1.886730383325560297e+03	1.335906788929134836e-01	7.929383082451881004e-02	3.266334894551005674e-01	2.069188263904042091e-01	9.619893313068661467e-02	4.664720090739025993e-02	1.107170403975399481e-01
1.901243693966526507e+03	1.335819008257229934e-01	7.928091311930364482e-02	3.266429088339348197e-01	2.069237893075161761e-01	9.619984097593839434e-02	4.664766106994840816e-02	1.107229858661894911e-01
1.915757004607492036e+03	1.335733430622815798e-01	7.926818607118463200e-02	3.266521489540059608e-01	2.069286535999761145e-01	9.620073928439047684e-02	4.664810876709938464e-02	1.107288202596156818e-01
1.930270315248458019e+03	1.335650004492546783e-01	7.925564673476927224e-02	3.266612133375007554e-01	2.069334212856219490e-01	9.620162827800848859e-02	4.664854430377724653e-02	1.107345456096213709e-01
1.944783625889424002e+03	1.335568679496877409e-01	7.924329221276400770e-02	3.266701054331141996e-01	2.069380943380296767e-01	9.620250817356527928e-02	4.664896797731311884e-02	1.107401639140797728e-01
1.959296936530389530e+03	1.335489406404112012e-01	7.923111965512824595e-02	3.266788286177186307e-01	2.069426746875918099e-01	9.620337918275852218e-02	4.664938007764041217e-02	1.107456771373049875e-01
1.973810247171355968e+03	1.335412137095038643e-01	7.921912625824503729e-02	3.266873861979898708e-01	2.069471642225655383e-01	9.620424151232555288e-02	4.664978088749380941e-02	1.107510872104302407e-01
1.988323557812321269e+03	1.335336824538130851e-01	7.920730926410772532e-02	3.266957814119913484e-01	2.069515647900914135e-01	9.620509536415573770e-02	4.665017068260207678e-02	1.107563960317925200e-01
2.002836868453287707e+03	1.335263422765307628e-01	7.919566595952255705e-02	3.267040174307184186e-01	2.069558781971835293e-01	9.620594093540030256e-02	4.665054973187506004e-02	1.107616054673232903e-01
2.017350179094252780e+03	1.335191886848235421e-01	7.918419367532650299e-02	3.267120973596031042e-01	2.069601062116919743e-01	9.620677841857970536e-02	4.665091829758499786e-02	1.107667173509440800e-01
2.031863489735218764e+03	1.335122172875159718e-01	7.917288978562038448e-02	3.267200242399808663e-01	2.069642505632390828e-01	9.620760800168863536e-02	4.665127663554237414e-02	1.107717334849665641e-01
2.046376800376184747e+03	1.335054237928257892e-01	7.916175170701662822e-02	3.267278010505206831e-01	2.069683129441294844e-01	9.620842986829865329e-02	4.665162499526648993e-02	1.107766556404961994e-01
2.060890111017150957e+03	1.334988040061495518e-01	7.915077689790134263e-02	3.267354307086191567e-01	2.069722950102354520e-01	9.620924419765854163e-02	4.665196362015094911e-02	1.107814855578389407e-01
2.075403421658116713e+03	1.334923538278980915e-01	7.913996285771074390e-02	3.267429160717599257e-01	2.069761983818581286e-01	9.621005116479244834e-02	4.665229274762422440e-02	1.107862249469103166e-01
2.089916732299082469e+03	1.334860692513799851e-01	7.912930712622114060e-02	3.267502599388396045e-01	2.069800246445654968e-01	9.621085094059575460e-02	4.665261260930549103e-02	1.107908754876464341e-01
2.104430042940048224e+03	1.334799463607324876e-01	7.911880728285249076e-02	3.267574650514603052e-01	2.069837753500074484e-01	9.621164369192897192e-02	4.665292343115588075e-02	1.107954388304162319e-01
2.118943353581013525e+03	1.334739813288985666e-01	7.910846094598525391e-02	3.267645340951913502e-01	2.069874520167092891e-01	9.621242958170933557e-02	4.665322543362526719e-02	1.107999165964347194e-01
2.133456664221980191e+03	1.334681704156490401e-01	7.909826577228992739e-02	3.267714697007989000e-01	2.069910561308441477e-01	9.621320876900049668e-02	4.665351883179483239e-02	1.108043103781764238e-01
2.147969974862945492e+03	1.334625099656487623e-01	7.908821945606941961e-02	3.267782744454464927e-01	2.069945891469844867e-01	9.621398140910020214e-02	4.665380383551548382e-02	1.108086217397888790e-01
2.162483285503912157e+03	1.334569964065658865e-01	7.907831972861366354e-02	3.267849508538661074e-01	2.069980524888340445e-01	9.621474765362596215e-02	4.665408064954226081e-02	1.108128522175057112e-01
2.176996596144877003e+03	1.334516262472232317e-01	7.906856435756642876e-02	3.267915013995008056e-01	2.070014475499404871e-01	9.621550765059888599e-02	4.665434947366489671e-02	1.108170033200588378e-01
2.191509906785843214e+03	1.334463960757908685e-01	7.905895114630383247e-02	3.267979285056198391e-01	2.070047756943893813e-01	9.621626154452553314e-02	4.665461050283466193e-02	1.108210765290894989e-01
2.206023217426809424e+03	1.334413025580186152e-01	7.904947793332456341e-02	3.268042345464067799e-01	2.070080382574800149e-01	9.621700947647805757e-02	4.665486392728757786e-02	1.108250732995578747e-01
2.220536528067775180e+03	1.334363424355082817e-01	7.904014259165144385e-02	3.268104218480223366e-01	2.070112365463838977e-01	9.621775158417249230e-02	4.665510993266415440e-02	1.108289950601508839e-01
2.235049838708740936e+03	1.334315125240237709e-01	7.903094302824394124e-02	3.268164926896407474e-01	2.070143718407860822e-01	9.621848800204535479e-02	4.665534870012573443e-02	1.108328432136878455e-01
2.249563149349706237e+03	1.334268097118391783e-01	7.902187718342175426e-02	3.268224493044624701e-01	2.070174453935099967e-01	9.621921886132844826e-02	4.665558040646762550e-02	1.108366191375239895e-01
2.264076459990672902e+03	1.334222309581232502e-01	7.901294303029891830e-02	3.268282938807025029e-01	2.070204584311265417e-01	9.621994429012206695e-02	4.665580522422899806e-02	1.108403241839511777e-01
2.278589770631638203e+03	1.334177732913598424e-01	7.900413857422836084e-02	3.268340285625552788e-01	2.070234121545474204e-01	9.622066441346655008e-02	4.665602332179981382e-02	1.108439596805961408e-01
2.293103081272604413e+03	1.334134338078034610e-01	7.899546185225672645e-02	3.268396554511373009e-01	2.070263077396035378e-01	9.622137935341219805e-02	4.665623486352470095e-02	1.108475269308154681e-01
2.307616391913570169e+03	1.334092096699688312e-01	7.898691093258911056e-02	3.268451766054072394e-01	2.070291463376088270e-01	9.622208922908773165e-02	4.665644000980403994e-02	1.108510272140875996e-01
2.322129702554535925e+03	1.334050981051542184e-01	7.897848391406360469e-02	3.268505940430647683e-01	2.070319290759098929e-01	9.622279415676712744e-02	4.665663891719225298e-02	1.108544617864014453e-01
2.336643013195502135e+03	1.334010964039974156e-01	7.897017892563550079e-02	3.268559097414286407e-01	2.070346570584218893e-01	9.622349424993494049e-02	4.665683173849337340e-02	1.108578318806415358e-01
2.351156323836467891e+03	1.333972019190634295e-01	7.896199412587080746e-02	3.268611256382941699e-01	2.070373313661510450e-01	9.622418961935030879e-02	4.665701862285408924e-02	1.108611387069695087e-01
2.365669634477433647e+03	1.333934120634638620e-01	7.895392770244902270e-02	3.268662436327707255e-01	2.070399530577043123e-01	9.622488037310938935e-02	4.665719971585416403e-02	1.108643834532018896e-01
2.380182945118399402e+03	1.333897243095066854e-01	7.894597787167492720e-02	3.268712655861005789e-01	2.070425231697862190e-01	9.622556661670642053e-02	4.665737515959451909e-02	1.108675672851839877e-01
2.394696255759364703e+03	1.333861361873758533e-01	7.893814287799919005e-02	3.268761933224582084e-01	2.070450427176838137e-01	9.622624845309350750e-02	4.665754509278288026e-02	1.108706913471598360e-01
2.409209566400331823e+03	1.333826452838401955e-01	7.893042099354759256e-02	3.268810286297318957e-01	2.070475126957393996e-01	9.622692598273901998e-02	4.665770965081716959e-02	1.108737567621380371e-01
2.423722877041296670e+03	1.333792492409908437e-01	7.892281051765889788e-02	3.268857732602868937e-01	2.070499340778120256e-01	9.622759930368460224e-02	4.665786896586660709e-02	1.108767646322534745e-01
2.438236187682262880e+03	1.333759457550066363e-01	7.891530977643088085e-02	3.268904289317117740e-01	2.070523078177274046e-01	9.622826851160105888e-02	4.665802316695076557e-02	1.108797160391248454e-01
2.452749498323228636e+03	1.333727325749468340e-01	7.890791712227447630e-02	3.268949973275476206e-01	2.070546348497173672e-01	9.622893369984283907e-02	4.665817238001643968e-02	1.108826120442078234e-01
2.467262808964194392e+03	1.333696075015703975e-01	7.890063093347614298e-02	3.268994800980005722e-01	2.070569160888482974e-01	9.622959495950147990e-02	4.665831672801254437e-02	1.108854536891439868e-01
2.481776119605160602e+03	1.333665683861816609e-01	7.889344961376780485e-02	3.269038788606383750e-01	2.070591524314395193e-01	9.623025237945770360e-02	4.665845633096300793e-02	1.108882419961053079e-01
2.496289430246126358e+03	1.333636131295011518e-01	7.888637159190460546e-02	3.269081952010716718e-01	2.070613447554716380e-01	9.623090604643236290e-02	4.665859130603774996e-02	1.108909779681341995e-01
2.510802740887092114e+03	1.333607396805616685e-01	7.887939532125019804e-02	3.269124306736190810e-01	2.070634939209850534e-01	9.623155604503634553e-02	4.665872176762189683e-02	1.108936625894790667e-01
2.525316051528057415e+03	1.333579460356285884e-01	7.887251927936936302e-02	3.269165868019584531e-01	2.070656007704689827e-01	9.623220245781925752e-02	4.665884782738306813e-02	1.108962968259255694e-01
2.539829362169024080e+03	1.333552302371440734e-01	7.886574196762782818e-02	3.269206650797627511e-01	2.070676661292414622e-01	9.623284536531709343e-02	4.665896959433700475e-02	1.108988816251230830e-01
2.554342672809989381e+03	1.333525903726946460e-01	7.885906191079926353e-02	3.269246669713221642e-01	2.070696908058199948e-01	9.623348484609879627e-02	4.665908717491151769e-02	1.109014179169068998e-01
2.568855983450955591e+03	1.333500245740015244e-01	7.885247765667917352e-02	3.269285939121524542e-01	2.070716755922839547e-01	9.623412097681172117e-02	4.665920067300868834e-02	1.109039066136157103e-01
2.583369294091921347e+03	1.333475310159332461e-01	7.884598777570567263e-02	3.269324473095897576e-01	2.070736212646279994e-01	9.623475383222623858e-02	4.665931019006560460e-02	1.109063486104047008e-01
2.597882604732887103e+03	1.333451079155401897e-01	7.883959086058685284e-02	3.269362285433718429e-01	2.070755285831076820e-01	9.623538348527917174e-02	4.665941582511345942e-02	1.109087447855540420e-01
2.612395915373853313e+03	1.333427535311103029e-01	7.883328552593475702e-02	3.269399389662072664e-01	2.070773982925765977e-01	9.623601000711633213e-02	4.665951767483516449e-02	1.109110960007727992e-01
2.626909226014819069e+03	1.333404661612457298e-01	7.882707040790586095e-02	3.269435799043315383e-01	2.070792311228159266e-01	9.623663346713413891e-02	4.665961583362150666e-02	1.109134031014984700e-01
2.641422536655784825e+03	1.333382441439599220e-01	7.882094416384774482e-02	3.269471526580511322e-01	2.070810277888563977e-01	9.623725393302021147e-02	4.665971039362590278e-02	1.109156669171918325e-01
2.655935847296750580e+03	1.333360858557945394e-01	7.881490547195196816e-02	3.269506585022757816e-01	2.070827889912925657e-01	9.623787147079312931e-02	4.665980144481770425e-02	1.109178882616274758e-01
2.670449157937716336e+03	1.333339897109558914e-01	7.880895303091312032e-02	3.269540986870387855e-01	2.070845154165900370e-01	9.623848614484127595e-02	4.665988907503425265e-02	1.109200679331797806e-01
2.684962468578682547e+03	1.333319541604705005e-01	7.880308555959374128e-02	3.269574744380063791e-01	2.070862077373857302e-01	9.623909801796075303e-02	4.665997337003155443e-02	1.109222067151044017e-01
2.699475779219648302e+03	1.333299776913593748e-01	7.879730179669505730e-02	3.269607869569758907e-01	2.070878666127809187e-01	9.623970715139257281e-02	4.666005441353372751e-02	1.109243053758154490e-01
2.713989089860614058e+03	1.333280588258303201e-01	7.879160050043354513e-02	3.269640374223628521e-01	2.070894926886279741e-01	9.624031360485889308e-02	4.666013228728120577e-02	1.109263646691581867e-01
2.728502400501579814e+03	1.333261961204881552e-01	7.878598044822297808e-02	3.269672269896778949e-01	2.070910865978103366e-01	9.624091743659846099e-02	4.666020707107772919e-02	1.109283853346773874e-01
2.743015711142545115e+03	1.333243881655625240e-01	7.878044043636217575e-02	3.269703567919931553e-01	2.070926489605162402e-01	9.624151870340132142e-02	4.666027884283618921e-02	1.109303680978813850e-01
2.757529021783511780e+03	1.333226335841525834e-01	7.877497927972802738e-02	3.269734279403984645e-01	2.070941803845061657e-01	9.624211746064265105e-02	4.666034767862332899e-02	1.109323136705018115e-01
2.772042332424477081e+03	1.333209310314883711e-01	7.876959581147384426e-02	3.269764415244481581e-01	2.070956814653743261e-01	9.624271376231594011e-02	4.666041365270334057e-02	1.109342227507490730e-01
2.786555643065443292e+03	1.333192791942086897e-01	7.876428888273294404e-02	3.269793986125980045e-01	2.070971527868041284e-01	9.624330766106534152e-02	4.666047683758040021e-02	1.109360960235635934e-01
2.801068953706408593e+03	1.333176767896546155e-01	7.875905736232736987e-02	3.269823002526325295e-01	2.070985949208182242e-01	9.624389920821727062e-02	4.666053730404012140e-02	1.109379341608629499e-01
2.815582264347374803e+03	1.333161225651789406e-01	7.875390013648160548e-02	3.269851474720837925e-01	2.071000084280225084e-01	9.624448845381142204e-02	4.666059512119006408e-02	1.109397378217847757e-01
2.830095574988341014e+03	1.333146152974705734e-01	7.874881610854120306e-02	3.269879412786406148e-01	2.071013938578449842e-01	9.624507544663092606e-02	4.666065035649914761e-02	1.109415076529256111e-01
2.844608885629306769e+03	1.333131537918942067e-01	7.874380419869628223e-02	3.269906826605493699e-01	2.071027517487691871e-01	9.624566023423195005e-02	4.666070307583623789e-02	1.109432442885757569e-01
2.859122196270272525e+03	1.333117368818441950e-01	7.873886334370974738e-02	3.269933725870062813e-01	2.071040826285624747e-01	9.624624286297257802e-02	4.666075334350765214e-02	1.109449483509499929e-01
2.873635506911238281e+03	1.333103634281129213e-01	7.873399249665012645e-02	3.269960120085413924e-01	2.071053870144990983e-01	9.624682337804102428e-02	4.666080122229387256e-02	1.109466204504144515e-01
2.888148817552204036e+03	1.333090323182732073e-01	7.872919062662908640e-02	3.269986018573939335e-01	2.071066654135785834e-01	9.624740182348322237e-02	4.666084677348528859e-02	1.109482611857095374e-01
2.902662128193170247e+03	1.333077424660741306e-01	7.872445671854332028e-02	3.270011430478804715e-01	2.071079183227390319e-01	9.624797824222983134e-02	4.666089005691712727e-02	1.109498711441689600e-01
2.917175438834136003e+03	1.333064928108503022e-01	7.871978977282091672e-02	3.270036364767545667e-01	2.071091462290659824e-01	9.624855267612257570e-02	4.666093113100351630e-02	1.109514509019350059e-01
2.931688749475101758e+03	1.333052823169443291e-01	7.871518880517199002e-02	3.270060830235596017e-01	2.071103496099962749e-01	9.624912516594000267e-02	4.666097005277072829e-02	1.109530010241699255e-01
2.946202060116067514e+03	1.333041099731419044e-01	7.871065284634361225e-02	3.270084835509732279e-01	2.071115289335180298e-01	9.624969575142267031e-02	4.666100687788962698e-02	1.109545220652637526e-01
2.960715370757033725e+03	1.333029747921193886e-01	7.870618094187889491e-02	3.270108389051454290e-01	2.071126846583656589e-01	9.625026447129773899e-02	4.666104166070733639e-02	1.109560145690383498e-01
2.975228681397999480e+03	1.333018758099037138e-01	7.870177215188009501e-02	3.270131499160290334e-01	2.071138172342109340e-01	9.625083136330307709e-02	4.666107445427817441e-02	1.109574790689477897e-01
2.989741992038964781e+03	1.333008120853440281e-01	7.869742555077588464e-02	3.270154173977032341e-01	2.071149271018498383e-01	9.625139646421070061e-02	4.666110531039380227e-02	1.109589160882752945e-01
3.004255302679930992e+03	1.332997826995953317e-01	7.869314022709239520e-02	3.270176421486906682e-01	2.071160146933853641e-01	9.625195980984978250e-02	4.666113427961268711e-02	1.109603261403265401e-01
3.018768613320896748e+03	1.332987867556131578e-01	7.868891528322824458e-02	3.270198249522675016e-01	2.071170804324062586e-01	9.625252143512912084e-02	4.666116141128885675e-02	1.109617097286195592e-01
3.033281923961862958e+03	1.332978233776598853e-01	7.868474983523335298e-02	3.270219665767672979e-01	2.071181247341619680e-01	9.625308137405902409e-02	4.666118675359994666e-02	1.109630673470711482e-01
3.047795234602828714e+03	1.332968917108216800e-01	7.868064301259140858e-02	3.270240677758783354e-01	2.071191480057337220e-01	9.625363965977283554e-02	4.666121035357466418e-02	1.109643994801799843e-01
3.062308545243794470e+03	1.332959909205360116e-01	7.867659395800612188e-02	3.270261292889348748e-01	2.071201506462019837e-01	9.625419632454781937e-02	4.666123225711947542e-02	1.109657066032063016e-01
3.076821855884760225e+03	1.332951201921300788e-01	7.867260182719094941e-02	3.270281518412024302e-01	2.071211330468102907e-01	9.625475139982564432e-02	4.666125250904475802e-02	1.109669891823484439e-01
3.091335166525725526e+03	1.332942787303689758e-01	7.866866578866248128e-02	3.270301361441568244e-01	2.071220955911255157e-01	9.625530491623245088e-02	4.666127115309030154e-02	1.109682476749160457e-01
3.105848477166692192e+03	1.332934657590142402e-01	7.866478502353722868e-02	3.270320828957576920e-01	2.071230386551947411e-01	9.625585690359834967e-02	4.666128823195019731e-02	1.109694825295001325e-01
3.120361787807657493e+03	1.332926805203919485e-01	7.866095872533175604e-02	3.270339927807163205e-01	2.071239626076987195e-01	9.625640739097657272e-02	4.666130378729718697e-02	1.109706941861400703e-01
3.134875098448624158e+03	1.332919222749705257e-01	7.865718609976632414e-02	3.270358664707577745e-01	2.071248678101020035e-01	9.625695640666211139e-02	4.666131785980637270e-02	1.109718830764873931e-01
3.149388409089589004e+03	1.332911903009478261e-01	7.865346636457166973e-02	3.270377046248778563e-01	2.071257546168000230e-01	9.625750397821000726e-02	4.666133048917840698e-02	1.109730496239666603e-01
3.163901719730555214e+03	1.332904838938473724e-01	7.864979874929908799e-02	3.270395078895944052e-01	2.071266233752628860e-01	9.625805013245314345e-02	4.666134171416216891e-02	1.109741942439333579e-01
3.178415030371521425e+03	1.332898023661236164e-01	7.864618249513367909e-02	3.270412768991937114e-01	2.071274744261761003e-01	9.625859489551970294e-02	4.666135157257682298e-02	1.109753173438287333e-01
3.192928341012487181e+03	1.332891450467759142e-01	7.864261685471067576e-02	3.270430122759718228e-01	2.071283081035784623e-01	9.625913829285014101e-02	4.666136010133346834e-02	1.109764193233319096e-01
3.207441651653452936e+03	1.332885112809710781e-01	7.863910109193485154e-02	3.270447146304706898e-01	2.071291247349967279e-01	9.625968034921390803e-02	4.666136733645617762e-02	1.109775005745090165e-01
3.221954962294418237e+03	1.332879004296742276e-01	7.863563448180295457e-02	3.270463845617095910e-01	2.071299246415777562e-01	9.626022108872564487e-02	4.666137331310264008e-02	1.109785614819596422e-01
3.236468272935384903e+03	1.332873118692880499e-01	7.863221631022908331e-02	3.270480226574118965e-01	2.071307081382176007e-01	9.626076053486105899e-02	4.666137806558424972e-02	1.109796024229604966e-01
3.250981583576350204e+03	1.332867449912998603e-01	7.862884587387292123e-02	3.270496294942271120e-01	2.071314755336879920e-01	9.626129871047248154e-02	4.666138162738575623e-02	1.109806237676063678e-01
3.265494894217316414e+03	1.332861992019365172e-01	7.862552247997085797e-02	3.270512056379482058e-01	2.071322271307601270e-01	9.626183563780398023e-02	4.666138403118446493e-02	1.109816258789483867e-01
3.280008204858282170e+03	1.332856739218271913e-01	7.862224544616994160e-02	3.270527516437246041e-01	2.071329632263257947e-01	9.626237133850623628e-02	4.666138530886899949e-02	1.109826091131298348e-01
3.294521515499247926e+03	1.332851685856733803e-01	7.861901410036448157e-02	3.270542680562709692e-01	2.071336841115160032e-01	9.626290583365099129e-02	4.666138549155755821e-02	1.109835738195191768e-01
3.309034826140214136e+03	1.332846826419265274e-01	7.861582778053542719e-02	3.270557554100717024e-01	2.071343900718171371e-01	9.626343914374517474e-02	4.666138460961587187e-02	1.109845203408407199e-01
3.323548136781179892e+03	1.332842155524725514e-01	7.861268583459236903e-02	3.270572142295809503e-01	2.071350813871845609e-01	9.626397128874471243e-02	4.666138269267459948e-02	1.109854490133027616e-01
3.338061447422145648e+03	1.332837667923235936e-01	7.860958762021821866e-02	3.270586450294189484e-01	2.071357583321539186e-01	9.626450228806807119e-02	4.666137976964645356e-02	1.109863601667233080e-01
3.352574758063111403e+03	1.332833358493165088e-01	7.860653250471630327e-02	3.270600483145639226e-01	2.071364211759501861e-01	9.626503216060941504e-02	4.666137586874283955e-02	1.109872541246533784e-01
3.367088068704076704e+03	1.332829222238180733e-01	7.860351986486012466e-02	3.270614245805405496e-01	2.071370701825941685e-01	9.626556092475148374e-02	4.666137101749015526e-02	1.109881312044979779e-01
3.381601379345043824e+03	1.332825254284369099e-01	7.860054908674547758e-02	3.270627743136044763e-01	2.071377056110070836e-01	9.626608859837816612e-02	4.666136524274568098e-02	1.109889917176347107e-01
3.396114689986008671e+03	1.332821449877416298e-01	7.859761956564512153e-02	3.270640979909228419e-01	2.071383277151127300e-01	9.626661519888683738e-02	4.666135857071315729e-02	1.109898359695302705e-01
3.410628000626974881e+03	1.332817804379853588e-01	7.859473070586563137e-02	3.270653960807510807e-01	2.071389367439377405e-01	9.626714074320036341e-02	4.666135102695793263e-02	1.109906642598545434e-01
3.425141311267940637e+03	1.332814313268363970e-01	7.859188192060685696e-02	3.270666690426067280e-01	2.071395329417093922e-01	9.626766524777877199e-02	4.666134263642181257e-02	1.109914768825926157e-01
3.439654621908906392e+03	1.332810972131149574e-01	7.858907263182346448e-02	3.270679173274393947e-01	2.071401165479518358e-01	9.626818872863081300e-02	4.666133342343756207e-02	1.109922741261545748e-01
3.454167932549872603e+03	1.332807776665355104e-01	7.858630227008890634e-02	3.270691413777968570e-01	2.071406877975799088e-01	9.626871120132506066e-02	4.666132341174305392e-02	1.109930562734832982e-01
3.468681243190838359e+03	1.332804722674553188e-01	7.858357027446144505e-02	3.270703416279883702e-01	2.071412469209913954e-01	9.626923268100091857e-02	4.666131262449507711e-02	1.109938236021600771e-01
3.483194553831804114e+03	1.332801806066281625e-01	7.858087609235250848e-02	3.270715185042446516e-01	2.071417941441569266e-01	9.626975318237927792e-02	4.666130108428288153e-02	1.109945763845082145e-01
3.497707864472769415e+03	1.332799022849637804e-01	7.857821917939716849e-02	3.270726724248742556e-01	2.071423296887083820e-01	9.627027271977291190e-02	4.666128881314139665e-02	1.109953148876947071e-01
3.512221175113736081e+03	1.332796369132927261e-01	7.857559899932664571e-02	3.270738038004171733e-01	2.071428537720253205e-01	9.627079130709671750e-02	4.666127583256407529e-02	1.109960393738298745e-01
3.526734485754701382e+03	1.332793841121363010e-01	7.857301502384299308e-02	3.270749130337951560e-01	2.071433666073196067e-01	9.627130895787769371e-02	4.666126216351555028e-02	1.109967501000651419e-01
3.541247796395667592e+03	1.332791435114818457e-01	7.857046673249575008e-02	3.270760005204589871e-01	2.071438684037184286e-01	9.627182568526461426e-02	4.666124782644392316e-02	1.109974473186888660e-01
3.555761107036633348e+03	1.332789147505628879e-01	7.856795361256062316e-02	3.270770666485330325e-01	2.071443593663451488e-01	9.627234150203750618e-02	4.666123284129281706e-02	1.109981312772203577e-01
3.570274417677599104e+03	1.332786974776442868e-01	7.856547515892013667e-02	3.270781117989564613e-01	2.071448396963993244e-01	9.627285642061697568e-02	4.666121722751311041e-02	1.109988022185020851e-01
3.584787728318565314e+03	1.332784913498121782e-01	7.856303087394624074e-02	3.270791363456220791e-01	2.071453095912341447e-01	9.627337045307324259e-02	4.666120100407443461e-02	1.109994603807900326e-01
3.599301038959531070e+03	1.332782960327686117e-01	7.856062026738476478e-02	3.270801406555122193e-01	2.071457692444328980e-01	9.627388361113500825e-02	4.666118418947638735e-02	1.110001059978424215e-01
3.613814349600496826e+03	1.332781112006309054e-01	7.855824285624177228e-02	3.270811250888316923e-01	2.071462188458837728e-01	9.627439590619804588e-02	4.666116680175953074e-02	1.110007392990065567e-01
3.628327660241463036e+03	1.332779365357352197e-01	7.855589816467180297e-02	3.270820899991384034e-01	2.071466585818528550e-01	9.627490734933372152e-02	4.666114885851606331e-02	1.110013605093041617e-01
3.642840970882427882e+03	1.332777717284449048e-01	7.855358572386782201e-02	3.270830357334712502e-01	2.071470886350558205e-01	9.627541795129712643e-02	4.666113037690032550e-02	1.110019698495149088e-01
3.657354281523394548e+03	1.332776164769628457e-01	7.855130507195300094e-02	3.270839626324754112e-01	2.071475091847282679e-01	9.627592772253520947e-02	4.666111137363901373e-02	1.110025675362584091e-01
3.671867592164359849e+03	1.332774704871481919e-01	7.854905575387427508e-02	3.270848710305250262e-01	2.071479204066943303e-01	9.627643667319460419e-02	4.666109186504118628e-02	1.110031537820745789e-01
3.686380902805326514e+03	1.332773334723370839e-01	7.854683732129753848e-02	3.270857612558436545e-01	2.071483224734340933e-01	9.627694481312930319e-02	4.666107186700801240e-02	1.110037287955024793e-01
3.700894213446291815e+03	1.332772051531676549e-01	7.854464933250461522e-02	3.270866336306222366e-01	2.071487155541496539e-01	9.627745215190812444e-02	4.666105139504234112e-02	1.110042927811575458e-01
3.715407524087257570e+03	1.332770852574085563e-01	7.854249135229175727e-02	3.270874884711347796e-01	2.071490998148295681e-01	9.627795869882208035e-02	4.666103046425802009e-02	1.110048459398074033e-01
3.729920834728223781e+03	1.332769735197917305e-01	7.854036295186994643e-02	3.270883260878515997e-01	2.071494754183123010e-01	9.627846446289149707e-02	4.666100908938899255e-02	1.110053884684461534e-01
3.744434145369189537e+03	1.332768696818487086e-01	7.853826370876666740e-02	3.270891467855501777e-01	2.071498425243482322e-01	9.627896945287293951e-02	4.666098728479822072e-02	1.110059205603671634e-01
3.758947456010155292e+03	1.332767734917507385e-01	7.853619320672927673e-02	3.270899508634245167e-01	2.071502012896603850e-01	9.627947367726610861e-02	4.666096506448640102e-02	1.110064424052346344e-01
3.773460766651120593e+03	1.332766847041524649e-01	7.853415103562995381e-02	3.270907386151913343e-01	2.071505518680039071e-01	9.627997714432044718e-02	4.666094244210041569e-02	1.110069541891535033e-01
3.787974077292087259e+03	1.332766030800390800e-01	7.853213679137212300e-02	3.270915103291949233e-01	2.071508944102244398e-01	9.628047986204159303e-02	4.666091943094169414e-02	1.110074560947381661e-01
3.802487387933053014e+03	1.332765283865769423e-01	7.853015007579845774e-02	3.270922662885095145e-01	2.071512290643152121e-01	9.628098183819779055e-02	4.666089604397431756e-02	1.110079483011797985e-01
3.817000698574018315e+03	1.332764603969676664e-01	7.852819049660028639e-02	3.270930067710396960e-01	2.071515559754729952e-01	9.628148308032603853e-02	4.666087229383292928e-02	1.110084309843123868e-01
3.831514009214984981e+03	1.332763988903054031e-01	7.852625766722844125e-02	3.270937320496191680e-01	2.071518752861528923e-01	9.628198359573811316e-02	4.666084819283050633e-02	1.110089043166774675e-01
3.846027319855950282e+03	1.332763436514373401e-01	7.852435120680555103e-02	3.270944423921069433e-01	2.071521871361221567e-01	9.628248339152650770e-02	4.666082375296592977e-02	1.110093684675875353e-01
3.860540630496916037e+03	1.332762944708273667e-01	7.852247074003973482e-02	3.270951380614823267e-01	2.071524916625127055e-01	9.628298247457016401e-02	4.666079898593138847e-02	1.110098236031882846e-01
3.875053941137881793e+03	1.332762511444229858e-01	7.852061589713967005e-02	3.270958193159371752e-01	2.071527889998727723e-01	9.628348085154009306e-02	4.666077390311961642e-02	1.110102698865196719e-01
3.889567251778848004e+03	1.332762134735249182e-01	7.851878631373099271e-02	3.270964864089673796e-01	2.071530792802172560e-01	9.628397852890484276e-02	4.666074851563094955e-02	1.110107074775756458e-01
3.904080562419813759e+03	1.332761812646599542e-01	7.851698163077404369e-02	3.270971395894616274e-01	2.071533626330773759e-01	9.628447551293588258e-02	4.666072283428024381e-02	1.110111365333628641e-01
3.918593873060779970e+03	1.332761543294564699e-01	7.851520149448293351e-02	3.270977791017888325e-01	2.071536391855491877e-01	9.628497180971283542e-02	4.666069686960359897e-02	1.110115572079581059e-01
3.933107183701745726e+03	1.332761324845229967e-01	7.851344555624582833e-02	3.270984051858839559e-01	2.071539090623409352e-01	9.628546742512852918e-02	4.666067063186498526e-02	1.110119696525647404e-01
3.947620494342711936e+03	1.332761155513292883e-01	7.851171347254655430e-02	3.270990180773317713e-01	2.071541723858196793e-01	9.628596236489402049e-02	4.666064413106267572e-02	1.110123740155679328e-01
3.962133804983676782e+03	1.332761033560903030e-01	7.851000490488750649e-02	3.270996180074492998e-01	2.071544292760569284e-01	9.628645663454345194e-02	4.666061737693551204e-02	1.110127704425888373e-01
3.976647115624642538e+03	1.332760957296526549e-01	7.850831951971362632e-02	3.271002052033665231e-01	2.071546798508733800e-01	9.628695023943875664e-02	4.666059037896910094e-02	1.110131590765377624e-01
3.991160426265608749e+03	1.332760925073837310e-01	7.850665698833768358e-02	3.271007798881053197e-01	2.071549242258826640e-01	9.628744318477432118e-02	4.666056314640181640e-02	1.110135400576662129e-01
4.005673736906575414e+03	1.332760935290633886e-01	7.850501698686671026e-02	3.271013422806572923e-01	2.071551625145341968e-01	9.628793547558149590e-02	4.666053568823064213e-02	1.110139135236180019e-01
4.020187047547540715e+03	1.332760986387779290e-01	7.850339919612960016e-02	3.271018925960596513e-01	2.071553948281553148e-01	9.628842711673299415e-02	4.666050801321694474e-02	1.110142796094793077e-01
4.034700358188505561e+03	1.332761076848167359e-01	7.850180330160588804e-02	3.271024310454697104e-01	2.071556212759924631e-01	9.628891811294718051e-02	4.666048012989206656e-02	1.110146384478277182e-01
4.049213668829472226e+03	1.332761205195709953e-01	7.850022899335555582e-02	3.271029578362380508e-01	2.071558419652516081e-01	9.628940846879228965e-02	4.666045204656281420e-02	1.110149901687804419e-01
4.063726979470437527e+03	1.332761369994349965e-01	7.849867596595005992e-02	3.271034731719802413e-01	2.071560570011376778e-01	9.628989818869053419e-02	4.666042377131680852e-02	1.110153349000414236e-01
4.078240290111404192e+03	1.332761569847094596e-01	7.849714391840431627e-02	3.271039772526469491e-01	2.071562664868935588e-01	9.629038727692205979e-02	4.666039531202771651e-02	1.110156727669476678e-01
4.092753600752369493e+03	1.332761803395071387e-01	7.849563255410987872e-02	3.271044702745931065e-01	2.071564705238378434e-01	9.629087573762887264e-02	4.666036667636036528e-02	1.110160038925145504e-01
4.107266911393336159e+03	1.332762069316607567e-01	7.849414158076913062e-02	3.271049524306449685e-01	2.071566692114022168e-01	9.629136357481864195e-02	4.666033787177571723e-02	1.110163283974803100e-01
4.121780222034301914e+03	1.332762366326326886e-01	7.849267071033040610e-02	3.271054239101667815e-01	2.071568626471679553e-01	9.629185079236839140e-02	4.666030890553580363e-02	1.110166464003496528e-01
4.136293532675267670e+03	1.332762693174271151e-01	7.849121965892429109e-02	3.271058848991255097e-01	2.071570509269016480e-01	9.629233739402814907e-02	4.666027978470841525e-02	1.110169580174364956e-01
4.150806843316233426e+03	1.332763048645037862e-01	7.848978814680084015e-02	3.271063355801545613e-01	2.071572341445902521e-01	9.629282338342445846e-02	4.666025051617184866e-02	1.110172633629058492e-01
4.165320153957199182e+03	1.332763431556941436e-01	7.848837589826773709e-02	3.271067761326161283e-01	2.071574123924754263e-01	9.629330876406380635e-02	4.666022110661938865e-02	1.110175625488149798e-01
4.179833464598164937e+03	1.332763840761190255e-01	7.848698264162945470e-02	3.271072067326624699e-01	2.071575857610871985e-01	9.629379353933605057e-02	4.666019156256379086e-02	1.110178556851536130e-01
4.194346775239130693e+03	1.332764275141084809e-01	7.848560810912748320e-02	3.271076275532959210e-01	2.071577543392769671e-01	9.629427771251759804e-02	4.666016189034163236e-02	1.110181428798834996e-01
4.208860085880096449e+03	1.332764733611234154e-01	7.848425203688125240e-02	3.271080387644276777e-01	2.071579182142498365e-01	9.629476128677470770e-02	4.666013209611752366e-02	1.110184242389770926e-01
4.223373396521062205e+03	1.332765215116789304e-01	7.848291416483020588e-02	3.271084405329355849e-01	2.071580774715962858e-01	9.629524426516655744e-02	4.666010218588829972e-02	1.110186998664555724e-01
4.237886707162027960e+03	1.332765718632694385e-01	7.848159423667663837e-02	3.271088330227207575e-01	2.071582321953232553e-01	9.629572665064825565e-02	4.666007216548705150e-02	1.110189698644260120e-01
4.252400017802994626e+03	1.332766243162955833e-01	7.848029199982947679e-02	3.271092163947628695e-01	2.071583824678845664e-01	9.629620844607386654e-02	4.666004204058708804e-02	1.110192343331179166e-01
4.266913328443960381e+03	1.332766787739927683e-01	7.847900720534889407e-02	3.271095908071749436e-01	2.071585283702107039e-01	9.629668965419926896e-02	4.666001181670579451e-02	1.110194933709190007e-01
4.281426639084926137e+03	1.332767351423613522e-01	7.847773960789189429e-02	3.271099564152561978e-01	2.071586699817381805e-01	9.629717027768502913e-02	4.665998149920842775e-02	1.110197470744102716e-01
4.295939949725891893e+03	1.332767933300985919e-01	7.847648896565859178e-02	3.271103133715447253e-01	2.071588073804381258e-01	9.629765031909905126e-02	4.665995109331181473e-02	1.110199955384004455e-01
4.310453260366857648e+03	1.332768532485317792e-01	7.847525504033943389e-02	3.271106618258688981e-01	2.071589406428443747e-01	9.629812978091935316e-02	4.665992060408794689e-02	1.110202388559596298e-01
4.324966571007824314e+03	1.332769148115534041e-01	7.847403759706320092e-02	3.271110019253972157e-01	2.071590698440809453e-01	9.629860866553667520e-02	4.665989003646751898e-02	1.110204771184524625e-01
4.339479881648789160e+03	1.332769779355574002e-01	7.847283640434582486e-02	3.271113338146882654e-01	2.071591950578892116e-01	9.629908697525696448e-02	4.665985939524334991e-02	1.110207104155704616e-01
4.353993192289754006e+03	1.332770425393772495e-01	7.847165123403997133e-02	3.271116576357385730e-01	2.071593163566541329e-01	9.629956471230391446e-02	4.665982868507377590e-02	1.110209388353639026e-01
4.368506502930720671e+03	1.332771085442250869e-01	7.847048186128545433e-02	3.271119735280303975e-01	2.071594338114303435e-01	9.630004187882143518e-02	4.665979791048591174e-02	1.110211624642729183e-01
4.383019813571686427e+03	1.332771758736326362e-01	7.846932806446040021e-02	3.271122816285781387e-01	2.071595474919674662e-01	9.630051847687588762e-02	4.665976707587887740e-02	1.110213813871580718e-01
4.397533124212653092e+03	1.332772444533932010e-01	7.846818962513311957e-02	3.271125820719741339e-01	2.071596574667351753e-01	9.630099450845851228e-02	4.665973618552693436e-02	1.110215956873303600e-01
4.412046434853618848e+03	1.332773142115051823e-01	7.846706632801478398e-02	3.271128749904332889e-01	2.071597638029473998e-01	9.630146997548760801e-02	4.665970524358253879e-02	1.110218054465805654e-01
4.426559745494584604e+03	1.332773850781168723e-01	7.846595796091276886e-02	3.271131605138370979e-01	2.071598665665864425e-01	9.630194487981076634e-02	4.665967425407935298e-02	1.110220107452080801e-01
4.441073056135550360e+03	1.332774569854724422e-01	7.846486431468484291e-02	3.271134387697764434e-01	2.071599658224264617e-01	9.630241922320695314e-02	4.665964322093514582e-02	1.110222116620491195e-01
4.455586366776516115e+03	1.332775298678593456e-01	7.846378518319388484e-02	3.271137098835941170e-01	2.071600616340562584e-01	9.630289300738864577e-02	4.665961214795466550e-02	1.110224082745044638e-01
4.470099677417481871e+03	1.332776036615567483e-01	7.846272036326343291e-02	3.271139739784262868e-01	2.071601540639020356e-01	9.630336623400383156e-02	4.665958103883242891e-02	1.110226006585666308e-01
4.484612988058447627e+03	1.332776783047853741e-01	7.846166965463385878e-02	3.271142311752427978e-01	2.071602431732494920e-01	9.630383890463796448e-02	4.665954989715543483e-02	1.110227888888464104e-01
4.499126298699412473e+03	1.332777537376583776e-01	7.846063285991923542e-02	3.271144815928874183e-01	2.071603290222653881e-01	9.630431102081592198e-02	4.665951872640584919e-02	1.110229730385990932e-01
4.513639609340379138e+03	1.332778299021334101e-01	7.845960978456489876e-02	3.271147253481166417e-01	2.071604116700188625e-01	9.630478258400389235e-02	4.665948752996358639e-02	1.110231531797499782e-01
4.528152919981345804e+03	1.332779067419657959e-01	7.845860023680557849e-02	3.271149625556381002e-01	2.071604911745022759e-01	9.630525359561115106e-02	4.665945631110885589e-02	1.110233293829195195e-01
4.542666230622311559e+03	1.332779842026627914e-01	7.845760402762418095e-02	3.271151933281483126e-01	2.071605675926515566e-01	9.630572405699190652e-02	4.665942507302464626e-02	1.110235017174479449e-01
4.557179541263276406e+03	1.332780622314389540e-01	7.845662097071137708e-02	3.271154177763692661e-01	2.071606409803662119e-01	9.630619396944697930e-02	4.665939381879912612e-02	1.110236702514194040e-01
4.571692851904243071e+03	1.332781407771725657e-01	7.845565088242552332e-02	3.271156360090849979e-01	2.071607113925290899e-01	9.630666333422555070e-02	4.665936255142805189e-02	1.110238350516855738e-01
4.586206162545208826e+03	1.332782197903630006e-01	7.845469358175342911e-02	3.271158481331767343e-01	2.071607788830254759e-01	9.630713215252674486e-02	4.665933127381704376e-02	1.110239961838889455e-01
4.600719473186175492e+03	1.332782992230891195e-01	7.845374889027162402e-02	3.271160542536578619e-01	2.071608435047620767e-01	9.630760042550128019e-02	4.665929998878386165e-02	1.110241537124855432e-01
4.615232783827140338e+03	1.332783790289687742e-01	7.845281663210823542e-02	3.271162544737081790e-01	2.071609053096853115e-01	9.630806815425302370e-02	4.665926869906061869e-02	1.110243077007672247e-01
4.629746094468105184e+03	1.332784591631191173e-01	7.845189663390544910e-02	3.271164488947072013e-01	2.071609643487996866e-01	9.630853533984047588e-02	4.665923740729589070e-02	1.110244582108835948e-01
4.644259405109071849e+03	1.332785395821177998e-01	7.845098872478253882e-02	3.271166376162669698e-01	2.071610206721853920e-01	9.630900198327833894e-02	4.665920611605688106e-02	1.110246053038634467e-01
4.658772715750037605e+03	1.332786202439653067e-01	7.845009273629945101e-02	3.271168207362646352e-01	2.071610743290158152e-01	9.630946808553889071e-02	4.665917482783143305e-02	1.110247490396358144e-01
4.673286026391004270e+03	1.332787011080479311e-01	7.844920850242097232e-02	3.271169983508737666e-01	2.071611253675746112e-01	9.630993364755337238e-02	4.665914354503004902e-02	1.110248894770506090e-01
4.687799337031970026e+03	1.332787821351018309e-01	7.844833585948139676e-02	3.271171705545954378e-01	2.071611738352724663e-01	9.631039867021345957e-02	4.665911226998784023e-02	1.110250266738988245e-01
4.702312647672935782e+03	1.332788632871778067e-01	7.844747464614983123e-02	3.271173374402887579e-01	2.071612197786634468e-01	9.631086315437246970e-02	4.665908100496647670e-02	1.110251606869324115e-01
4.716825958313901538e+03	1.332789445276069684e-01	7.844662470339586191e-02	3.271174990992005704e-01	2.071612632434612911e-01	9.631132710084676363e-02	4.665904975215600520e-02	1.110252915718837191e-01
4.731339268954867293e+03	1.332790258209671785e-01	7.844578587445594220e-02	3.271176556209949293e-01	2.071613042745548694e-01	9.631179051041695305e-02	4.665901851367668801e-02	1.110254193834845776e-01
4.745852579595833049e+03	1.332791071330503563e-01	7.844495800480004444e-02	3.271178070937816318e-01	2.071613429160240882e-01	9.631225338382913559e-02	4.665898729158081404e-02	1.110255441754850331e-01
4.760365890236798805e+03	1.332791884308304753e-01	7.844414094209914423e-02	3.271179536041445846e-01	2.071613792111547392e-01	9.631271572179611606e-02	4.665895608785439880e-02	1.110256660006716384e-01
4.774879200877764561e+03	1.332792696824323664e-01	7.844333453619284358e-02	3.271180952371693373e-01	2.071614132024535426e-01	9.631317752499853058e-02	4.665892490441891916e-02	1.110257849108855221e-01
4.789392511518729407e+03	1.332793508571013807e-01	7.844253863905777113e-02	3.271182320764702278e-01	2.071614449316626916e-01	9.631363879408605388e-02	4.665889374313293703e-02	1.110259009570399996e-01
4.803905822159696982e+03	1.332794319251734416e-01	7.844175310477628782e-02	3.271183642042170825e-01	2.071614744397742014e-01	9.631409952967841248e-02	4.665886260579375083e-02	1.110260141891378644e-01
4.818419132800663647e+03	1.332795128580462063e-01	7.844097778950573363e-02	3.271184917011613069e-01	2.071615017670438985e-01	9.631455973236652257e-02	4.665883149413896369e-02	1.110261246562884163e-01
4.832932443441628493e+03	1.332795936281506999e-01	7.844021255144814631e-02	3.271186146466614209e-01	2.071615269530051873e-01	9.631501940271353090e-02	4.665880040984801691e-02	1.110262324067240458e-01
4.837770213655283442e+03	1.332796742089236153e-01	7.843945725082043796e-02	3.271187331187083158e-01	2.071615500364826501e-01	9.631547854125577235e-02	4.665876935454370267e-02	1.110263374878165815e-01
