2.080241191871772060e+02	6.118358880841893166e-01	2.439028205564144069e-01	3.777365139134709199e-02	5.185626934943707994e-02	5.124884166861169016e-02	1.949209705467173752e-03	1.262034577888597204e-03
2.128618894008324673e+02	6.083543971900545744e-01	2.443831323015648593e-01	3.843729146504155925e-02	5.286052167323420509e-02	5.209305509616956459e-02	2.102032629514090367e-03	1.598284977776507059e-03
2.176996596144877287e+02	6.049392282238928997e-01	2.448348015310668480e-01	3.909728989335310712e-02	5.384855788801908710e-02	5.291839113826002361e-02	2.256244442249992401e-03	1.934202216513457870e-03
2.225374298281430470e+02	6.015888110006084588e-01	2.452589016270315392e-01	3.975360366815482854e-02	5.482057600897792538e-02	5.372534923553858033e-02	2.411806202703884773e-03	2.269667590340248859e-03
2.273752000417983652e+02	5.983016181727766059e-01	2.456564688683487985e-01	4.040619344679437230e-02	5.577677358469561308e-02	5.451441425027482579e-02	2.568679365830993030e-03	2.604567644634268181e-03
2.322129702554535982e+02	5.950761639561341632e-01	2.460285036863770758e-01	4.105502339162677566e-02	5.671734760478500115e-02	5.528605690952074353e-02	2.726825791181222963e-03	2.938793993730621102e-03
2.370507404691088880e+02	5.919110028949005065e-01	2.463759718784284125e-01	4.170006101560587430e-02	5.764249441252547457e-02	5.604073423458640762e-02	2.886207750834478367e-03	3.272243146474579627e-03
2.418885106827641494e+02	5.888047286656516999e-01	2.466998057804634659e-01	4.234127703371886459e-02	5.855240962230814916e-02	5.677888995724972993e-02	3.046787936635826210e-03	3.604816337327934085e-03
2.467262808964194392e+02	5.857559729185114472e-01	2.470009054003628191e-01	4.297864522005606647e-02	5.944728804169223391e-02	5.750095492311360634e-02	3.208529466762235962e-03	3.936419362857265097e-03
2.515640511100747290e+02	5.827634041544603738e-01	2.472801395130962976e-01	4.361214227031518648e-02	6.032732359788436916e-02	5.820734748251066293e-02	3.371395891651408211e-03	4.266962423437435301e-03
2.564018213237300188e+02	5.798257266376086738e-01	2.475383467190669373e-01	4.424174766954618726e-02	6.119270926845969683e-02	5.889847386934352058e-02	3.535351199322028445e-03	4.596359970008727369e-03
2.612395915373852517e+02	5.769416793413111311e-01	2.477763364668641166e-01	4.486744356494972580e-02	6.204363701615014937e-02	5.957472856823604890e-02	3.700359820113664766e-03	4.924530555730990619e-03
2.660773617510405415e+02	5.741100349270407133e-01	2.479948900416187596e-01	4.548921464354851313e-02	6.288029772753188362e-02	6.023649467035961658e-02	3.866386630873419779e-03	5.251396692382993142e-03
2.709151319646958882e+02	5.713295987549733557e-01	2.481947615201136603e-01	4.610704801455706159e-02	6.370288115545001684e-02	6.088414421828665379e-02	4.033396958615417804e-03	5.576884711359821577e-03
2.757529021783511780e+02	5.685992079252689679e-01	2.483766786937636473e-01	4.672093309628171098e-02	6.451157586502478947e-02	6.151803854021301032e-02	4.201356583678176812e-03	5.900924629125682205e-03
2.805906723920064678e+02	5.659177303490685595e-01	2.485413439605424768e-01	4.733086150738819581e-02	6.530656918308923309e-02	6.213852857387980322e-02	4.370231742403950410e-03	6.223450016983858926e-03
2.854284426056617008e+02	5.632840638482560225e-01	2.486894351868979836e-01	4.793682696237997615e-02	6.608804715091387560e-02	6.274595518051516441e-02	4.539989129363182843e-03	6.544397875029805967e-03
2.902662128193169337e+02	5.606971352830693034e-01	2.488216065406615718e-01	4.853882517113589784e-02	6.685619448007938670e-02	6.334064944910609840e-02	4.710595899146298796e-03	6.863708510157467968e-03
2.951039830329722804e+02	5.581558997066683458e-01	2.489384892959248530e-01	4.913685374236097247e-02	6.761119451136347880e-02	6.392293299130123729e-02	4.882019667744198939e-03	7.181325417992928152e-03
2.999417532466276270e+02	5.556593395458033768e-01	2.490406926108233721e-01	4.973091209080918174e-02	6.835322917651312502e-02	6.449311822723562126e-02	5.054228513537971715e-03	7.497195168633338097e-03
3.047795234602828600e+02	5.532064638067492046e-01	2.491288042791366397e-01	5.032100134814213033e-02	6.908247896277817934e-02	6.505150866255952902e-02	5.227190977917520881e-03	7.811267296072816647e-03
3.096172936739380930e+02	5.507963073057017267e-01	2.492033914565816854e-01	5.090712427729202072e-02	6.979912288008717491e-02	6.559839915694475054e-02	5.400876065548036384e-03	8.123494191200668346e-03
3.144550638875934396e+02	5.484279299228572713e-01	2.492650013626499239e-01	5.148928519020220390e-02	7.050333843075042017e-02	6.613407618433302104e-02	5.575253244302467645e-03	8.433830998260772455e-03
3.192928341012487294e+02	5.461004158794210417e-01	2.493141619588075675e-01	5.206748986882269586e-02	7.119530158157992561e-02	6.665881808518307750e-02	5.750292444877441039e-03	8.742235514664407556e-03
3.241306043149040192e+02	5.438128730368155805e-01	2.493513826038519787e-01	5.264174548924258068e-02	7.187518673832000993e-02	6.717289531096456989e-02	5.925964060109366847e-03	9.048668094052095268e-03
3.289683745285592522e+02	5.415644322173838177e-01	2.493771546871910716e-01	5.321206054884514841e-02	7.254316672228616758e-02	6.767657066113985653e-02	6.102238944006783614e-03	9.353091552503243686e-03
3.338061447422145420e+02	5.393542465459033597e-01	2.493919522407864742e-01	5.377844479637581415e-02	7.319941274911409557e-02	6.817009951286652492e-02	6.279088410514366801e-03	9.655471077795491075e-03
3.386439149558698318e+02	5.371814908112513276e-01	2.493962325304758254e-01	5.434090916481639638e-02	7.384409440952408032e-02	6.865373004364656861e-02	6.456484232023387664e-03	9.955774141618661810e-03
3.434816851695251216e+02	5.350453608475810308e-01	2.493904366273669015e-01	5.489946570696335043e-02	7.447737965200988686e-02	6.912770344714123938e-02	6.634398637642796755e-03	1.025397041465114963e-02
3.483194553831804114e+02	5.329450729343915283e-01	2.493749899599718711e-01	5.545412753361106395e-02	7.509943476736463674e-02	6.959225414236319684e-02	6.812804311244541854e-03	1.055003168440941247e-02
3.531572255968357013e+02	5.308798632148917784e-01	2.493503028477287164e-01	5.600490875424461723e-02	7.571042437495956179e-02	7.004760997645151366e-02	6.991674389296165422e-03	1.084393177578396421e-02
3.579949958104909342e+02	5.288489871320780633e-01	2.493167710165338224e-01	5.655182442014997785e-02	7.631051141069468413e-02	7.049399242122858511e-02	7.170982458493175941e-03	1.113564647417797024e-02
3.628327660241463377e+02	5.268517188819680230e-01	2.492747760968901383e-01	5.709489046985270766e-02	7.689985711654383216e-02	7.093161676373135882e-02	7.350702553203184407e-03	1.142515345116703815e-02
3.676705362378016275e+02	5.248873508834446255e-01	2.492246861052546392e-01	5.763412367679940362e-02	7.747862103161901048e-02	7.136069229090391541e-02	7.530809152733285508e-03	1.171243219260142791e-02
3.725083064514568036e+02	5.229551932641882672e-01	2.491668559091486101e-01	5.816954159919912604e-02	7.804696098468250076e-02	7.178142246863208897e-02	7.711277178431688584e-03	1.199746392907418552e-02
3.773460766651120935e+02	5.210545733621868569e-01	2.491016276765764537e-01	5.870116253194502393e-02	7.860503308803744316e-02	7.219400511529544540e-02	7.892081990634135930e-03	1.228023156868117763e-02
3.821838468787673833e+02	5.191848352423341639e-01	2.490293313102799055e-01	5.922900546053897625e-02	7.915299173273072919e-02	7.259863257000641334e-02	8.073199385465202813e-03	1.256071963200120455e-02
3.870216170924226162e+02	5.173453392276388119e-01	2.489502848673365021e-01	5.975309001694505129e-02	7.969098958500436813e-02	7.299549185570107512e-02	8.254605591504139001e-03	1.283891418922661516e-02
3.918593873060780197e+02	5.155354614445849526e-01	2.488647949645952373e-01	6.027343643730014022e-02	8.021917758393400100e-02	7.338476483724083732e-02	8.436277266324499619e-03	1.311480279937696572e-02
3.966971575197332527e+02	5.137545933821977551e-01	2.487731571704244471e-01	6.079006552141234115e-02	8.073770494019583133e-02	7.376662837467955203e-02	8.618191492916423696e-03	1.338837445153036147e-02
4.015349277333884856e+02	5.120021414643838309e-01	2.486756563832321631e-01	6.130299859398066764e-02	8.124671913590549022e-02	7.414125447184553852e-02	8.800325776000022387e-03	1.365961950800912393e-02
4.063726979470438323e+02	5.102775266351280425e-01	2.485725671972030537e-01	6.181225746747151528e-02	8.174636592547433744e-02	7.450881042038355606e-02	8.982658038237971085e-03	1.392852964945835541e-02
4.112104681606991221e+02	5.085801839561441273e-01	2.484641542556816629e-01	6.231786440658989429e-02	8.223678933743139297e-02	7.486945893939685182e-02	9.165166616355061371e-03	1.419509782175789638e-02
4.160482383743544119e+02	5.069095622165858961e-01	2.483506725926169501e-01	6.281984209428546906e-02	8.271813167716061954e-02	7.522335831082578583e-02	9.347830257172113147e-03	1.445931818470999608e-02
4.208860085880095880e+02	5.052651235544439734e-01	2.482323679624692525e-01	6.331821359923570092e-02	8.319053353050559485e-02	7.557066251069428919e-02	9.530628113561300310e-03	1.472118606244676373e-02
4.257237788016648778e+02	5.036463430892582638e-01	2.481094771589674730e-01	6.381300234475041633e-02	8.365413376819554048e-02	7.591152133635221955e-02	9.713539740329686645e-03	1.498069789550323695e-02
4.305615490153201677e+02	5.020527085657950916e-01	2.479822283230912749e-01	6.430423207904389926e-02	8.410906955104836824e-02	7.624608052983723738e-02	9.896545090037392120e-03	1.523785119450353671e-02
4.353993192289755143e+02	5.004837200083434023e-01	2.478508412406405237e-01	6.479192684682284764e-02	8.455547633590830559e-02	7.657448189747591283e-02	1.007962450875656696e-02	1.549264449540919963e-02
4.402370894426308041e+02	4.989388893852993445e-01	2.477155276297417219e-01	6.527611096214025466e-02	8.499348788227743812e-02	7.689686342584053924e-02	1.026275873177704724e-02	1.574507731628038351e-02
4.450748596562860939e+02	4.974177402837176021e-01	2.475764914186302235e-01	6.575680898246681616e-02	8.542323625960193678e-02	7.721335939417368899e-02	1.044592887926431776e-02	1.599515011550210752e-02
4.499126298699413837e+02	4.959198075935182803e-01	2.474339290140347980e-01	6.623404568393355396e-02	8.584485185517574946e-02	7.752410048339006265e-02	1.062911645187510599e-02	1.624286425142920653e-02
4.547504000835967304e+02	4.944446372010481983e-01	2.472880295604805989e-01	6.670784603770082977e-02	8.625846338262556368e-02	7.782921388176078370e-02	1.081230332633573155e-02	1.648822194340510139e-02
4.595881702972519065e+02	4.929917856917054308e-01	2.471389751908164012e-01	6.717823518741049271e-02	8.666419789094277626e-02	7.812882338738288968e-02	1.099547175098806139e-02	1.673122623411084711e-02
4.644259405109071963e+02	4.915608200613447720e-01	2.469869412682603460e-01	6.764523842767952710e-02	8.706218077402941291e-02	7.842304950753285764e-02	1.117860434130769909e-02	1.697188095320227227e-02
4.692637107245624861e+02	4.901513174361912251e-01	2.468320966202507127e-01	6.810888118359498256e-02	8.745253578072624545e-02	7.871200955500051721e-02	1.136168407539881603e-02	1.721019068219437065e-02
4.741014809382177759e+02	4.887628648009968990e-01	2.466746037643760825e-01	6.856918899117162014e-02	8.783538502529296410e-02	7.899581774149615210e-02	1.154469428946982082e-02	1.744616072055330674e-02
4.789392511518730657e+02	4.873950587351855712e-01	2.465146191266525677e-01	6.902618747873466576e-02	8.821084899831123372e-02	7.927458526822132867e-02	1.172761867329384818e-02	1.767979705295763884e-02
4.837770213655284124e+02	4.860475051567373916e-01	2.463522932524046805e-01	6.947990234919203256e-02	8.857904657798278125e-02	7.954842041369060424e-02	1.191044126565787668e-02	1.791110631769155317e-02
4.886147915791837022e+02	4.847198190735734769e-01	2.461877710099993066e-01	6.993035936316098489e-02	8.894009504179609116e-02	7.981742861888888041e-02	1.209314644980405765e-02	1.814009577613410334e-02
4.934525617928388783e+02	4.834116243422091341e-01	2.460211917876731491e-01	7.037758432291606192e-02	8.929411007853595150e-02	8.008171256984650266e-02	1.227571894886668111e-02	1.836677328330943090e-02
4.982903320064942250e+02	4.821225534334498408e-01	2.458526896836858711e-01	7.082160305712585646e-02	8.964120580061157861e-02	8.034137227771157019e-02	1.245814382130804553e-02	1.859114725946419897e-02
5.031281022201495148e+02	4.808522472049131524e-01	2.456823936900240368e-01	7.126244140634770130e-02	8.998149475667996389e-02	8.059650515639647794e-02	1.264040645635627902e-02	1.881322666263934504e-02
5.079658724338048046e+02	4.796003546801659856e-01	2.455104278698727327e-01	7.170012520925025945e-02	9.031508794454208566e-02	8.084720609787339474e-02	1.282249256944806119e-02	1.903302096220440415e-02
5.128036426474600376e+02	4.783665328342728840e-01	2.453369115290645608e-01	7.213468028953524958e-02	9.064209482429055886e-02	8.109356754519106425e-02	1.300438819767897776e-02	1.925054011332359705e-02
5.176414128611153274e+02	4.771504463855582023e-01	2.451619593817091491e-01	7.256613244353032899e-02	9.096262333168840530e-02	8.133567956328285886e-02	1.318607969526416207e-02	1.946579453232378729e-02
5.224791830747705035e+02	4.759517675933909175e-01	2.449856817101988826e-01	7.299450742842661377e-02	9.127677989175936313e-02	8.157362990763408761e-02	1.336755372901166257e-02	1.967879507293538235e-02
5.273169532884259070e+02	4.747701760618071032e-01	2.448081845197803974e-01	7.341983095113471802e-02	9.158466943257108361e-02	8.180750409087449160e-02	1.354879727381088847e-02	1.988955300337819782e-02
5.321547235020811968e+02	4.736053585487910444e-01	2.446295696878749426e-01	7.384212865773472079e-02	9.188639539919324362e-02	8.203738544735954263e-02	1.372979760813835236e-02	2.009807998426501111e-02
5.369924937157364866e+02	4.724570087810409658e-01	2.444499351083244121e-01	7.426142612349592720e-02	9.218205976781390643e-02	8.226335519580230127e-02	1.391054230958276017e-02	2.030438804729658639e-02
5.418302639293917764e+02	4.713248272740519496e-01	2.442693748307340484e-01	7.467774884344340058e-02	9.247176305999750545e-02	8.248549250001592503e-02	1.409101925039145213e-02	2.050848957472260412e-02
5.466680341430470662e+02	4.702085211573531764e-01	2.440879791950770206e-01	7.509112222344899168e-02	9.275560435706914353e-02	8.270387452782475279e-02	1.427121659303999188e-02	2.071039727954376505e-02
5.515058043567023560e+02	4.691078040047422792e-01	2.439058349617207466e-01	7.550157157182552092e-02	9.303368131461038637e-02	8.291857650820003145e-02	1.445112278582668351e-02	2.091012418643119555e-02
5.563435745703576458e+02	4.680223956693633780e-01	2.437230254370290894e-01	7.590912209140342204e-02	9.330609017705243646e-02	8.312967178667504675e-02	1.463072655849361435e-02	2.110768361333983587e-02
5.611813447840129356e+02	4.669520221234828017e-01	2.435396305946894713e-01	7.631379887206994617e-02	9.357292579235312879e-02	8.333723187909226893e-02	1.481001691787576721e-02	2.130308915379344747e-02
5.660191149976681118e+02	4.658964153028175015e-01	2.433557271929095156e-01	7.671562688375195560e-02	9.383428162674516126e-02	8.354132652373377765e-02	1.498898314357963168e-02	2.149635465981933682e-02
5.708568852113234016e+02	4.648553129552793761e-01	2.431713888876217700e-01	7.711463096982364152e-02	9.409024977954316693e-02	8.374202373188445458e-02	1.516761478369264317e-02	2.168749422551181916e-02
5.756946554249786914e+02	4.638284584940005617e-01	2.429866863418319312e-01	7.751083584092162415e-02	9.434092099799804010e-02	8.393938983687611322e-02	1.534590165052470562e-02	2.187652217120381742e-02
5.805324256386339812e+02	4.628156008545101230e-01	2.428016873312399959e-01	7.790426606915025476e-02	9.458638469218749734e-02	8.413348954165908444e-02	1.552383381638295680e-02	2.206345302822693491e-02
5.853701958522892710e+02	4.618164943559355251e-01	2.426164568462605142e-01	7.829494608266070188e-02	9.482672894993238177e-02	8.432438596494619409e-02	1.570140160938086893e-02	2.224830152424068022e-02
5.902079660659445608e+02	4.608308985661090373e-01	2.424310571905630707e-01	7.868290016058794578e-02	9.506204055172856604e-02	8.451214068597322215e-02	1.587859560928266481e-02	2.243108256911235249e-02
5.950457362795999643e+02	4.598585781704588871e-01	2.422455480762507884e-01	7.906815242833055424e-02	9.529240498568522511e-02	8.469681378791793502e-02	1.605540664338400009e-02	2.261181124132946585e-02
5.998835064932552541e+02	4.588993028445724209e-01	2.420599867157900986e-01	7.945072685315830718e-02	9.551790646246008376e-02	8.487846390001885233e-02	1.623182578242976515e-02	2.279050277492734866e-02
6.047212767069104302e+02	4.579528471303199177e-01	2.418744279108012984e-01	7.983064724013398672e-02	9.573862793018347861e-02	8.505714823843346650e-02	1.640784433656976640e-02	2.296717254691494486e-02
6.095590469205657200e+02	4.570189903154324162e-01	2.416889241378162856e-01	8.020793722833524653e-02	9.595465108936275522e-02	8.523292264587466194e-02	1.658345385135306244e-02	2.314183606518245215e-02
6.143968171342210098e+02	4.560975163164289747e-01	2.415035256311054701e-01	8.058262028736382088e-02	9.616605640775961750e-02	8.540584163006249840e-02	1.675864610376158123e-02	2.331450895687493460e-02
6.192345873478761860e+02	4.551882135647936645e-01	2.413182804626730349e-01	8.095471971412944445e-02	9.637292313523289355e-02	8.557595840102773244e-02	1.693341309828360133e-02	2.348520695721655407e-02
6.240723575615315895e+02	4.542908748963043752e-01	2.411332346195162180e-01	8.132425862989618726e-02	9.657532931853990421e-02	8.574332490730209033e-02	1.710774706302770759e-02	2.365394589877045650e-02
6.289101277751868793e+02	4.534052974434191752e-01	2.409484320782409039e-01	8.169125997757986646e-02	9.677335181609002246e-02	8.590799187102936274e-02	1.728164044587762738e-02	2.382074170111996708e-02
6.337478979888421691e+02	4.525312825306294084e-01	2.407639148771228699e-01	8.205574651928489172e-02	9.696706631264406795e-02	8.607000882203019732e-02	1.745508591068846427e-02	2.398561036095707769e-02
6.385856682024975726e+02	4.516686355726896585e-01	2.405797231857010610e-01	8.241774083407037155e-02	9.715654733395381881e-02	8.622942413085275815e-02	1.762807633352465528e-02	2.414856794256468875e-02
6.434234384161527487e+02	4.508171659756404770e-01	2.403958953719864400e-01	8.277726531593444792e-02	9.734186826133615911e-02	8.638628504083988024e-02	1.780060479894005412e-02	2.430963056867950500e-02
6.482612086298080385e+02	4.499766870405398356e-01	2.402124680673666524e-01	8.313434217200746379e-02	9.752310134617671322e-02	8.654063769924305594e-02	1.797266459630035215e-02	2.446881441172289381e-02
6.530989788434633283e+02	4.491470158698226967e-01	2.400294762292846107e-01	8.348899342094398546e-02	9.770031772435794348e-02	8.669252718741216057e-02	1.814424921614819081e-02	2.462613568538736877e-02
6.579367490571185044e+02	4.483279732762113778e-01	2.398469532017665773e-01	8.384124089150465919e-02	9.787358743060733945e-02	8.684199755008911725e-02	1.831535234661111483e-02	2.478161063656681914e-02
6.627745192707737942e+02	4.475193836941006031e-01	2.396649307738716872e-01	8.419110622131902033e-02	9.804297941276127193e-02	8.698909182383282590e-02	1.848596786985255355e-02	2.493525553761894234e-02
6.676122894844290840e+02	4.467210750933447438e-01	2.394834392361343267e-01	8.453861085582069224e-02	9.820856154594051479e-02	8.713385206460197430e-02	1.865608985856596902e-02	2.508708667894867655e-02
6.724500596980843738e+02	4.459328788953751954e-01	2.393025074350659809e-01	8.488377604734681503e-02	9.837040064663366001e-02	8.727631937452114130e-02	1.882571257251228897e-02	2.523712036190184013e-02
6.772878299117396637e+02	4.451546298915803890e-01	2.391221628257835241e-01	8.522662285439376595e-02	9.852856248668488692e-02	8.741653392785520005e-02	1.899483045510067664e-02	2.538537289195846175e-02
6.821256001253949535e+02	4.443861661638813243e-01	2.389424315228263762e-01	8.556717214102187163e-02	9.868311180718282449e-02	8.755453499621618230e-02	1.916343813001267563e-02	2.553186057221569494e-02
6.869633703390502433e+02	4.436273290074375653e-01	2.387633383492243633e-01	8.590544457640146569e-02	9.883411233224743964e-02	8.769036097302587707e-02	1.933153039786974364e-02	2.567659969715043247e-02
6.918011405527055331e+02	4.428779628554230796e-01	2.385849068838751807e-01	8.624146063449360244e-02	9.898162678271195392e-02	8.782404939725678428e-02	1.949910223294417169e-02	2.581960654665215252e-02
6.966389107663608229e+02	4.421379152058080853e-01	2.384071595072892458e-01	8.657524059385858506e-02	9.912571688969747108e-02	8.795563697647348911e-02	1.966614877991329155e-02	2.596089738031671923e-02
7.014766809800161127e+02	4.414070365500921689e-01	2.382301174457563953e-01	8.690680453758602153e-02	9.926644340807744271e-02	8.808515960919557908e-02	1.983266535065695071e-02	2.610048843199227336e-02
7.063144511936714025e+02	4.406851803039283366e-01	2.380538008139889417e-01	8.723617235333999687e-02	9.940386612983005687e-02	8.821265240660282336e-02	1.999864742109814728e-02	2.623839590456851847e-02
7.111522214073266923e+02	4.399722027395849833e-01	2.378782286562916293e-01	8.756336373351365776e-02	9.953804389727630153e-02	8.833814971360259838e-02	2.016409062808666164e-02	2.637463596500105520e-02
7.159899916209819821e+02	4.392679629201913794e-01	2.377034189863092839e-01	8.788839817548736721e-02	9.966903461620180149e-02	8.846168512927880812e-02	2.032899076632560878e-02	2.650922473956263820e-02
7.208277618346371582e+02	4.385723226357155502e-01	2.375293888254001173e-01	8.821129498198498897e-02	9.979689526886076356e-02	8.858329152674122853e-02	2.049334378534068898e-02	2.664217830931356334e-02
7.256655320482924481e+02	4.378851463406234767e-01	2.373561542396808721e-01	8.853207326152318091e-02	9.992168192686039230e-02	8.870300107239344201e-02	2.065714578649201563e-02	2.677351270578351428e-02
7.305033022619478515e+02	4.372063010931720450e-01	2.371837303757896032e-01	8.885075192894839602e-02	1.000434497639243053e-01	8.882084524463677855e-02	2.082039302002824249e-02	2.690324390685756503e-02
7.353410724756030277e+02	4.365356564962873942e-01	2.370121314954090064e-01	8.916734970605702526e-02	1.001622530685337131e-01	8.893685485202773577e-02	2.098308188218285172e-02	2.703138783285918487e-02
7.401788426892584312e+02	4.358730846399843650e-01	2.368413710085925938e-01	8.948188512229393599e-02	1.002781452564451281e-01	8.905106005090510091e-02	2.114520891231233893e-02	2.715796034282340343e-02
7.450166129029136073e+02	4.352184600452811969e-01	2.366714615059344606e-01	8.979437651552492350e-02	1.003911788830837981e-01	8.916349036250308113e-02	2.130677079007602462e-02	2.728297723095337093e-02
7.498543831165690108e+02	4.345716596095678397e-01	2.365024147896214735e-01	9.010484203287888461e-02	1.005014056558116292e-01	8.927417468956580504e-02	2.146776433265725620e-02	2.740645422325396763e-02
7.546921533302243006e+02	4.339325625533854702e-01	2.363342419034063502e-01	9.041329963165559147e-02	1.006088764460691121e-01	8.938314133247846072e-02	2.162818649202573329e-02	2.752840697433611358e-02
7.595299235438793630e+02	4.333010503685771342e-01	2.361669531615381012e-01	9.071976708029522163e-02	1.007136413013903636e-01	8.949041800492958665e-02	2.178803435224063376e-02	2.764885106438578349e-02
7.643676937575347665e+02	4.326770067677702114e-01	2.360005581766851657e-01	9.102426195940571674e-02	1.008157494572909096e-01	8.959603184911871243e-02	2.194730512679427675e-02	2.776780199629182849e-02
7.692054639711900563e+02	4.320603176351531238e-01	2.358350658868853533e-01	9.132680166284458390e-02	1.009152493490276387e-01	8.970000945052314378e-02	2.210599615599600706e-02	2.788527519292697404e-02
7.740432341848452324e+02	4.314508709785089824e-01	2.356704845815562055e-01	9.162740339885153129e-02	1.010121886232305671e-01	8.980237685223714517e-02	2.226410490439593992e-02	2.800128599457648443e-02
7.788810043985006359e+02	4.308485568824708678e-01	2.355068219265970542e-01	9.192608419122878793e-02	1.011066141494062209e-01	8.990315956889642635e-02	2.242162895824830263e-02	2.811584965650917173e-02
7.837187746121558121e+02	4.302532674629641618e-01	2.353440849886143105e-01	9.222286088056579068e-02	1.011985720313123560e-01	9.000238260020056169e-02	2.257856602301398091e-02	2.822898134668562833e-02
7.885565448258112156e+02	4.296648968228021226e-01	2.351822802582992089e-01	9.251775012550537969e-02	1.012881076182040319e-01	9.010007044404533261e-02	2.273491392090195087e-02	2.834069614359871134e-02
7.933943150394665054e+02	4.290833410084023414e-01	2.350214136729874559e-01	9.281076840404836603e-02	1.013752655159509963e-01	9.019624710927684474e-02	2.289067058844924257e-02	2.845100903424144928e-02
7.982320852531219089e+02	4.285084979675927164e-01	2.348614906384281220e-01	9.310193201489401493e-02	1.014600895980262707e-01	9.029093612807875813e-02	2.304583407413906063e-02	2.855993491219772223e-02
8.030698554667769713e+02	4.279402675084760799e-01	2.347025160497888951e-01	9.339125707881365535e-02	1.015426230163664068e-01	9.038416056800374632e-02	2.320040253605669053e-02	2.866748857585121532e-02
8.079076256804323748e+02	4.273785512593237246e-01	2.345444943119240344e-01	9.367875954005466799e-02	1.016229082121032773e-01	9.047594304365989826e-02	2.335437423958287850e-02	2.877368472670828112e-02
8.127453958940876646e+02	4.268232526294695184e-01	2.343874293589294500e-01	9.396445516777285345e-02	1.017009869261679272e-01	9.056630572806231849e-02	2.350774755512420947e-02	2.887853796783046781e-02
8.175831661077428407e+02	4.262742767711765191e-01	2.342313246730099996e-01	9.424835955749057137e-02	1.017769002097666103e-01	9.065527036366016755e-02	2.366052095588019183e-02	2.898206280237268506e-02
8.224209363213982442e+02	4.257315305424486107e-01	2.340761833026817618e-01	9.453048813257836080e-02	1.018506884347295388e-01	9.074285827304884311e-02	2.381269301564660490e-02	2.908427363222301776e-02
8.272587065350534203e+02	4.251949224707613495e-01	2.339220078803324332e-01	9.481085614575841813e-02	1.019223913037327345e-01	9.082909036937665548e-02	2.396426240665474813e-02	2.918518475674038853e-02
8.320964767487085965e+02	4.246643627176865388e-01	2.337688006391617224e-01	9.508947868062717079e-02	1.019920478603934116e-01	9.091398716645535116e-02	2.411522789744619671e-02	2.928481037158634989e-02
8.369342469623640000e+02	4.241397630443855538e-01	2.336165634295224447e-01	9.536637065319576723e-02	1.020596964992395994e-01	9.099756878858322739e-02	2.426558835078266446e-02	2.938316456764746704e-02
8.417720171760191761e+02	4.236210367779478791e-01	2.334652977346834690e-01	9.564154681344612385e-02	1.021253749755543505e-01	9.107985498008951131e-02	2.441534272159056815e-02	2.948026133004481852e-02
8.466097873896745796e+02	4.231080987785508785e-01	2.333150046860337778e-01	9.591502174690104410e-02	1.021891204150954247e-01	9.116086511460842756e-02	2.456449005493990811e-02	2.957611453722726672e-02
8.514475576033297557e+02	4.226008654074191462e-01	2.331656850777468204e-01	9.618680987620660539e-02	1.022509693236909184e-01	9.124061820409086476e-02	2.471302948405705580e-02	2.967073796014528184e-02
8.562853278169851592e+02	4.220992544955610160e-01	2.330173393809237548e-01	9.645692546272531531e-02	1.023109575967116325e-01	9.131913290756174528e-02	2.486096022837105957e-02	2.976414526150218329e-02
8.611230980306403353e+02	4.216031853132606866e-01	2.328699677572333981e-01	9.672538260813845490e-02	1.023691205284208566e-01	9.139642753963046762e-02	2.500828159159303524e-02	2.985634999507977283e-02
8.659608682442956251e+02	4.211125785403061483e-01	2.327235700720658995e-01	9.699219525605620729e-02	1.024254928212025434e-01	9.147252007876208180e-02	2.515499295982826303e-02	2.994736560513544879e-02
8.707986384579510286e+02	4.206273562369325925e-01	2.325781459072169266e-01	9.725737719363419798e-02	1.024801085946683843e-01	9.154742817531597021e-02	2.530109379972058162e-02	3.003720542586797715e-02
8.756364086716062047e+02	4.201474418154609314e-01	2.324336945731186321e-01	9.752094205319500331e-02	1.025330013946448293e-01	9.162116915935937522e-02	2.544658365662867683e-02	3.012588268094916477e-02
8.804741788852616082e+02	4.196727600126147206e-01	2.322902151206323595e-01	9.778290331385369738e-02	1.025842042020409517e-01	9.169376004826218507e-02	2.559146215283383471e-02	3.021341048311883618e-02
8.853119490989170117e+02	4.192032368624950545e-01	2.321477063524187145e-01	9.804327430314592473e-02	1.026337494415977825e-01	9.176521755407977821e-02	2.573572898577881213e-02	3.029980183384051867e-02
8.901497193125721878e+02	4.187387996701967818e-01	2.320061668338993244e-01	9.830206819865747181e-02	1.026816689905204194e-01	9.183555809072990739e-02	2.587938392633734597e-02	3.038506962301538647e-02
8.949874895262273640e+02	4.182793769860485567e-01	2.318655949038239961e-01	9.855929802965443520e-02	1.027279941869934654e-01	9.190479778097014607e-02	2.602242681711396458e-02	3.046922662875209062e-02
8.998252597398827675e+02	4.178248985804603466e-01	2.317259886844572347e-01	9.881497667871275148e-02	1.027727558385809759e-01	9.197295246318146211e-02	2.616485757077365720e-02	3.055228551719017110e-02
9.046630299535379436e+02	4.173752954193616360e-01	2.315873460913968340e-01	9.906911688334632538e-02	1.028159842305119420e-01	9.204003769796396950e-02	2.630667616840101988e-02	3.063425884237479246e-02
9.095008001671932334e+02	4.169304996402147800e-01	2.314496648430375836e-01	9.932173123763260447e-02	1.028577091338520322e-01	9.210606877455028429e-02	2.644788265788849957e-02	3.071515904618067269e-02
9.143385703808486369e+02	4.164904445285884660e-01	2.313129424696917513e-01	9.957283219383503137e-02	1.028979598135628531e-01	9.217106071704195269e-02	2.658847715235326814e-02	3.079499845828316193e-02
9.191763405945038130e+02	4.160550644952757948e-01	2.311771763223786080e-01	9.982243206402131863e-02	1.029367650364497039e-01	9.223502829047421081e-02	2.672845982858242445e-02	3.087378929617438580e-02
9.240141108081592165e+02	4.156242950539435488e-01	2.310423635812943743e-01	1.000705430216769221e-01	1.029741530789987924e-01	9.229798600671414166e-02	2.686783092550605601e-02	3.095154366522258338e-02
9.288518810218145063e+02	4.151980727992978237e-01	2.309085012639730816e-01	1.003171771033128795e-01	1.030101517351048879e-01	9.235994813019718364e-02	2.700659074269781690e-02	3.102827355877272458e-02
9.336896512354697961e+02	4.147763353857524815e-01	2.307755862331496710e-01	1.005623462100674881e-01	1.030447883236907669e-01	9.242092868350676449e-02	2.714473963890260549e-02	3.110399085828662383e-02
9.385274214491247449e+02	4.143590215065877658e-01	2.306436152043351007e-01	1.008060621093009313e-01	1.030780896962191356e-01	9.248094145280173761e-02	2.728227803059095347e-02	3.117870733352076998e-02
9.433651916627801484e+02	4.139460708735858141e-01	2.305125847531135919e-01	1.010483364361825093e-01	1.031100822440984555e-01	9.253999999309600599e-02	2.741920639053978606e-02	3.125243464274022470e-02
9.482029618764355519e+02	4.135374241971306319e-01	2.303824913221716453e-01	1.012891806952696955e-01	1.031407919059834644e-01	9.259811763339492741e-02	2.755552524643909915e-02	3.132518433296692384e-02
9.530407320900908417e+02	4.131330231667606490e-01	2.302533312280679034e-01	1.015286062620786300e-01	1.031702441749716426e-01	9.265530748169249764e-02	2.769123517952423383e-02	3.139696784026082405e-02
9.578785023037459041e+02	4.127328104321620339e-01	2.301251006677530464e-01	1.017666243846453711e-01	1.031984641056967467e-01	9.271158242983343345e-02	2.782633682323336702e-02	3.146779649003237506e-02
9.627162725174014213e+02	4.123367295845911662e-01	2.299977957248481308e-01	1.020032461850776950e-01	1.032254763213203280e-01	9.276695515824438798e-02	2.796083086188979813e-02	3.153768149738484655e-02
9.675540427310568248e+02	4.119447251387154396e-01	2.298714123756900041e-01	1.022384826610966968e-01	1.032513050204225818e-01	9.282143814053782360e-02	2.809471802940873009e-02	3.160663396748510101e-02
9.723918129447120009e+02	4.115567425148616287e-01	2.297459464951513708e-01	1.024723446875679539e-01	1.032759739837934287e-01	9.287504364799246959e-02	2.822799910802811091e-02	3.167466489596144907e-02
9.772295831583674044e+02	4.111727280216609381e-01	2.296213938622440887e-01	1.027048430180218797e-01	1.032995065811250363e-01	9.292778375391397283e-02	2.836067492706322371e-02	3.174178516932724819e-02
9.820673533720223531e+02	4.107926288390814085e-01	2.294977501655124097e-01	1.029359882861628911e-01	1.033219257776068212e-01	9.297967033787925273e-02	2.849274636168465033e-02	3.180800556542898866e-02
9.869051235856777566e+02	4.104163930018366879e-01	2.293750110082239113e-01	1.031657910073668777e-01	1.033432541404241956e-01	9.303071508986789084e-02	2.862421433171923393e-02	3.187333675391764570e-02
9.917428937993331601e+02	4.100439693831627319e-01	2.292531719133650003e-01	1.033942615801670267e-01	1.033635138451619029e-01	9.308092951428399708e-02	2.875507980047368670e-02	3.193778929674210426e-02
9.965806640129884499e+02	4.096753076789522163e-01	2.291322283284479289e-01	1.036214102877272836e-01	1.033827266821133045e-01	9.313032493387168875e-02	2.888534377358055114e-02	3.200137364866351836e-02
