2.176996596144877287e+02	6.048376073911908568e-01	2.451366423297483832e-01	3.900456800838612847e-02	5.380541486626262693e-02	5.308805613886809216e-02	2.144017177504113636e-03	1.820833643825834659e-03
2.225374298281430470e+02	6.015047045951796845e-01	2.455352478637075064e-01	3.966525759822644992e-02	5.478467693767723884e-02	5.388510813539589689e-02	2.301573631423584326e-03	2.160570794175721392e-03
2.273752000417983652e+02	5.982337650203435331e-01	2.459090298906270455e-01	4.032201765835395635e-02	5.574759996578342036e-02	5.466470514355052657e-02	2.460410436510517083e-03	2.499611440617045127e-03
2.322129702554535982e+02	5.950233708878019945e-01	2.462588961233939111e-01	4.097482104828244209e-02	5.669440827574804415e-02	5.542730108484663493e-02	2.620490976217303668e-03	2.837851159495803893e-03
2.370507404691088880e+02	5.918721415690052501e-01	2.465857239867181028e-01	4.162364363504342940e-02	5.762532432093640800e-02	5.617333679615481301e-02	2.781778949597696424e-03	3.175190298330579034e-03
2.418885106827641494e+02	5.887787325259865590e-01	2.468903616038115589e-01	4.226846415832150733e-02	5.854056865069240390e-02	5.690324042282660089e-02	2.944238383268726281e-03	3.511533810878882111e-03
2.467262808964194392e+02	5.857418342833955460e-01	2.471736287511583363e-01	4.290926410066255026e-02	5.944035988076549343e-02	5.761742779983514834e-02	3.107833642515946647e-03	3.846791097453299783e-03
2.515640511100747290e+02	5.827601714313299652e-01	2.474363177824049909e-01	4.354602756257738849e-02	6.032491466627053905e-02	5.831630282129891818e-02	3.272529441579050385e-03	4.180875850325353228e-03
2.564018213237300188e+02	5.798325016580202496e-01	2.476791945223676128e-01	4.417874114236942928e-02	6.119444767707065552e-02	5.900025779874479293e-02	3.438290853153530124e-03	4.513705904059944762e-03
2.612395915373852517e+02	5.769576148114430314e-01	2.479029991321188842e-01	4.480739382052045805e-02	6.204917157547748530e-02	5.966967380845560054e-02	3.605083317142719450e-03	4.845203090628058193e-03
2.660773617510405415e+02	5.741343319889762320e-01	2.481084469460885233e-01	4.543197684847458118e-02	6.288929699616691016e-02	6.032492102823672209e-02	3.772872648693277077e-03	5.175293099150019005e-03
2.709151319646958882e+02	5.713615046542308562e-01	2.482962292820793115e-01	4.605248364166546898e-02	6.371503252821243690e-02	6.096635906392616766e-02	3.941625045545927089e-03	5.503905340126157182e-03
2.757529021783511780e+02	5.686380137802236057e-01	2.484670142250731961e-01	4.666890967663752526e-02	6.452658469914161754e-02	6.159433726596226510e-02	4.111307094732086567e-03	5.830972814016057056e-03
2.805906723920064678e+02	5.659627690180812909e-01	2.486214473856722951e-01	4.728125239211652953e-02	6.532415796092488902e-02	6.220919503631375941e-02	4.281885778645853555e-03	6.156431984031837321e-03
2.854284426056617008e+02	5.633347078904911154e-01	2.487601526339936753e-01	4.788951109389020383e-02	6.610795467780926360e-02	6.281126212606753800e-02	4.453328480519707679e-03	6.480222653015006544e-03
2.902662128193169337e+02	5.607527950091383273e-01	2.488837328098096602e-01	4.849368686336391621e-02	6.687817511591279129e-02	6.340085892396024603e-02	4.625602989331212798e-03	6.802287844270439761e-03
2.951039830329722804e+02	5.582160213153934958e-01	2.489927704097001648e-01	4.909378246966128456e-02	6.763501743449874815e-02	6.397829673613102119e-02	4.798677504166978455e-03	7.122573686234854630e-03
2.999417532466276270e+02	5.557234033435375364e-01	2.490878282519587983e-01	4.968980228514389280e-02	6.837867767885161263e-02	6.454387805736451489e-02	4.972520638069113409e-03	7.441029300860946445e-03
3.047795234602828600e+02	5.532739825058320404e-01	2.491694501199708534e-01	5.028175220422855668e-02	6.910934977467997342e-02	6.509789683408456762e-02	5.147101421388477344e-03	7.757606695601950396e-03
3.096172936739380930e+02	5.508668243987661084e-01	2.492381613847573507e-01	5.086963956538474024e-02	6.982722552397398197e-02	6.564063871935119088e-02	5.322389304668061032e-03	8.072260658884940904e-03
3.144550638875934396e+02	5.485010181298317633e-01	2.492944696073584598e-01	5.145347307619878297e-02	7.053249460224822465e-02	6.617238132010573592e-02	5.498354161078969175e-03	8.384948658964557974e-03
3.192928341012487294e+02	5.461756756641978905e-01	2.493388651217057772e-01	5.203326274139533081e-02	7.122534455710322066e-02	6.669339443690157354e-02	5.674966288430593683e-03	8.695630746052217599e-03
3.241306043149040192e+02	5.438899311906761902e-01	2.493718215986144293e-01	5.260901979371011145e-02	7.190596080804102785e-02	6.720394029635023969e-02	5.852196410775717741e-03	9.004269457619012637e-03
3.289683745285592522e+02	5.416429405063873936e-01	2.493937965915033750e-01	5.318075662751204497e-02	7.257452664747386650e-02	6.770427377650593825e-02	6.030015679630513006e-03	9.310829726773658249e-03
3.338061447422145420e+02	5.394338804195575321e-01	2.494052320644345455e-01	5.374848673507579694e-02	7.323122324286571172e-02	6.819464262540476940e-02	6.208395674828600351e-03	9.615278793619857003e-03
3.386439149558698318e+02	5.372619481698899246e-01	2.494065549030411721e-01	5.431222464540950284e-02	7.387622963995041370e-02	6.867528767296778025e-02	6.387308405027575242e-03	9.917586119500370473e-03
3.434816851695251216e+02	5.351263608659775350e-01	2.493981774088975811e-01	5.487198586554566104e-02	7.450972276697115371e-02	6.914644303647114743e-02	6.566726307885727490e-03	1.021772330403790570e-02
3.483194553831804114e+02	5.330263549392347810e-01	2.493804977778654730e-01	5.542778682420618913e-02	7.513187743988855583e-02	6.960833631978011193e-02	6.746622249925920099e-03	1.051566400488572126e-02
3.531572255968357013e+02	5.309611856138460873e-01	2.493539005629338556e-01	5.597964481775582340e-02	7.574286636850702248e-02	7.006118880653758318e-02	6.926969526102977857e-03	1.081138386010347882e-02
3.579949958104909342e+02	5.289301263922434604e-01	2.493187571220531751e-01	5.652757795836091392e-02	7.634286016347045789e-02	7.050521564749206993e-02	7.107741859090259753e-03	1.110486041307648560e-02
3.628327660241463377e+02	5.269324685556404653e-01	2.492754260514483677e-01	5.707160512427360277e-02	7.693202734408061128e-02	7.094062604214439183e-02	7.288913398300457883e-03	1.139607303989895008e-02
3.676705362378016275e+02	5.249675206791636350e-01	2.492242536048798196e-01	5.761174591216396829e-02	7.751053434689338106e-02	7.136762341488671335e-02	7.470458718655088697e-03	1.168500287914432667e-02
3.725083064514568036e+02	5.230346081611387810e-01	2.491655740993058421e-01	5.814802059142557683e-02	7.807854553504967043e-02	7.178640558580239028e-02	7.652352819116528364e-03	1.197163276394817150e-02
3.773460766651120935e+02	5.211330727661023232e-01	2.490997103073860630e-01	5.868045006038228456e-02	7.863622320829957713e-02	7.219716493628972054e-02	7.834571120995916654e-03	1.225594715633123236e-02
3.821838468787673833e+02	5.192622721811194220e-01	2.490269738372505870e-01	5.920905580432676146e-02	7.918372761368015766e-02	7.260008856966787549e-02	8.017089466049689972e-03	1.253793208369267248e-02
3.870216170924226162e+02	5.174215795850077848e-01	2.489476654999464023e-01	5.973385985532343734e-02	7.972121695680860209e-02	7.299535846691840302e-02	8.199884114376989816e-03	1.281757507740552242e-02
3.918593873060780197e+02	5.156103832300737988e-01	2.488620756649591037e-01	6.025488475371112290e-02	8.024884741375416797e-02	7.338315163771087779e-02	8.382931742129701158e-03	1.309486511344850994e-02
3.966971575197332527e+02	5.138280860359824009e-01	2.487704846041949025e-01	6.077215351124259229e-02	8.076677314345379055e-02	7.376364026685673647e-02	8.566209439046370416e-03	1.336979255501044572e-02
4.015349277333884856e+02	5.120741051953956458e-01	2.486731628247961512e-01	6.128568957580066839e-02	8.127514630063771561e-02	7.413699185633097766e-02	8.749694705820819027e-03	1.364234909700528728e-02
4.063726979470438323e+02	5.103478717910202578e-01	2.485703713911507906e-01	6.179551679763251038e-02	8.177411704923276403e-02	7.450336936299727097e-02	8.933365451315776820e-03	1.391252771243792555e-02
4.112104681606991221e+02	5.086488304237227753e-01	2.484623622364451334e-01	6.230165939704573191e-02	8.226383357621228076e-02	7.486293133216742612e-02	9.117199989631476903e-03	1.418032260056256016e-02
4.160482383743544119e+02	5.069764388513761100e-01	2.483493784640977142e-01	6.280414193351194219e-02	8.274444210586301418e-02	7.521583202712261995e-02	9.301177037038690573e-03	1.444572913677732127e-02
4.208860085880095880e+02	5.053301676381147800e-01	2.482316546394014722e-01	6.330298927612526549e-02	8.321608691444053185e-02	7.556222155471950530e-02	9.485275708785299159e-03	1.470874382420051495e-02
4.257237788016648778e+02	5.037094998136844026e-01	2.481094170716902081e-01	6.379822657536524111e-02	8.367891034518581961e-02	7.590224598720096694e-02	9.669475515785142319e-03	1.496936424687557443e-02
4.305615490153201677e+02	5.021139305425812438e-01	2.479828840873362639e-01	6.428987923611506616e-02	8.413305282367690430e-02	7.623604748032714040e-02	9.853756361197441721e-03	1.522758902455339028e-02
4.353993192289755143e+02	5.005429668026876167e-01	2.478522662938751064e-01	6.477797289188813590e-02	8.457865287349050631e-02	7.656376438793903449e-02	1.003809853690480237e-02	1.548341776900229345e-02
4.402370894426308041e+02	4.989961270731175791e-01	2.477177668355442230e-01	6.526253338021729966e-02	8.501584713214974109e-02	7.688553137306378127e-02	1.022248271989743308e-02	1.573685104179748523e-02
4.450748596562860939e+02	4.974729410309955413e-01	2.475795816405133298e-01	6.574358671916290253e-02	8.544477036733492958e-02	7.720147951566679045e-02	1.040688996857086317e-02	1.598789031354319254e-02
4.499126298699413837e+02	4.959729492569001086e-01	2.474378996600751224e-01	6.622115908489725755e-02	8.586555549333535486e-02	7.751173641715329576e-02	1.059130171894416376e-02	1.623653792448225691e-02
4.547504000835967304e+02	4.944957029487128675e-01	2.472929031000558608e-01	6.669527679032458134e-02	8.627833358772137029e-02	7.781642630171833885e-02	1.077569978080532287e-02	1.648279704644928928e-02
4.595881702972519065e+02	4.930407636436202612e-01	2.471447676446979491e-01	6.716596626469688303e-02	8.668323390821626451e-02	7.811567011464130850e-02	1.096006633379018394e-02	1.672667164612480495e-02
4.644259405109071963e+02	4.916077029480249161e-01	2.469936626732573970e-01	6.763325403418796178e-02	8.708038390974900955e-02	7.840958561761822432e-02	1.114438392340099532e-02	1.696816644954915118e-02
4.692637107245624861e+02	4.901961022751286090e-01	2.468397514695524209e-01	6.809716670338855637e-02	8.746990926166930969e-02	7.869828748122213724e-02	1.132863545697043554e-02	1.720728690785624723e-02
4.741014809382177759e+02	4.888055525899586140e-01	2.466831914246902790e-01	6.855773093768717519e-02	8.785193386510756208e-02	7.898188737457902120e-02	1.151280419957662580e-02	1.744403916418840392e-02
4.789392511518730657e+02	4.874356541616148286e-01	2.465241342331939978e-01	6.901497344650275867e-02	8.822657987046275685e-02	7.926049405234424083e-02	1.169687376991445336e-02	1.767843002175468331e-02
4.837770213655284124e+02	4.860860163225215747e-01	2.463627260827415399e-01	6.946892096733571498e-02	8.859396769500246793e-02	7.953421343906172392e-02	1.188082813612825403e-02	1.791046691299644916e-02
4.886147915791837022e+02	4.847562572344763510e-01	2.461991078377248621e-01	6.991960025060597883e-02	8.895421604055957221e-02	7.980314871098553864e-02	1.206465161161066231e-02	1.814015786982478909e-02
4.934525617928388783e+02	4.834460036612920897e-01	2.460334152168281441e-01	7.036703804524718775e-02	8.930744191131106957e-02	8.006740037544138322e-02	1.224832885077222974e-02	1.836751149489570731e-02
4.982903320064942250e+02	4.821548907478372392e-01	2.458657789648191760e-01	7.081126108502737437e-02	8.965376063162514009e-02	8.032706634780273358e-02	1.243184484478618464e-02	1.859253693388993045e-02
5.031281022201495148e+02	4.808825618052837148e-01	2.456963250187409464e-01	7.125229607556785028e-02	8.999328586396317109e-02	8.058224202615432707e-02	1.261518491731250004e-02	1.881524384876524444e-02
5.079658724338048046e+02	4.796286681023776421e-01	2.455251746686845926e-01	7.169016968203245632e-02	9.032612962682405600e-02	8.083302036371348143e-02	1.279833472020521813e-02	1.903564239195025889e-02
5.128036426474600376e+02	4.783928686625548155e-01	2.453524447133193231e-01	7.212490851746106157e-02	9.065240231271881610e-02	8.107949193907748597e-02	1.298128022920682668e-02	1.925374318144945640e-02
5.176414128611153274e+02	4.771748300667272291e-01	2.451782476103486486e-01	7.255653913172131764e-02	9.097221270616390187e-02	8.132174502436320673e-02	1.316400773963323501e-02	1.946955727683033488e-02
5.224791830747705035e+02	4.759742262615731523e-01	2.450026916220576778e-01	7.298508800105443783e-02	9.128566800168254336e-02	8.155986565130296517e-02	1.334650386205280329e-02	1.968309615606431834e-02
5.273169532884259070e+02	4.747907383731682085e-01	2.448258809561096871e-01	7.341058151819077060e-02	9.159287382180340831e-02	8.179393767535921012e-02	1.352875551796260852e-02	1.989437169319400317e-02
5.321547235020811968e+02	4.736240545257984214e-01	2.446479159017466154e-01	7.383304598301275445e-02	9.189393423504710334e-02	8.202404283791778217e-02	1.371074993546504174e-02	2.010339613680019177e-02
5.369924937157364866e+02	4.724738696658036807e-01	2.444688929615415895e-01	7.425250759374271703e-02	9.218895177389076212e-02	8.225026082661868188e-02	1.389247464494765098e-02	2.031018208924290427e-02
5.418302639293917764e+02	4.713398853903025820e-01	2.442889049788477540e-01	7.466899243863447944e-02	9.247802745270210234e-02	8.247266933388068544e-02	1.407391747476896895e-02	2.051474248665145772e-02
5.466680341430470662e+02	4.702218097806551977e-01	2.441080412610829586e-01	7.508252648814835173e-02	9.276126078563437516e-02	8.269134411367479176e-02	1.425506654695294501e-02	2.071709057963938908e-02
5.515058043567023560e+02	4.691193572405240042e-01	2.439263876989851698e-01	7.549313558758939668e-02	9.303874980447428278e-02	8.290635903659986095e-02	1.443591027289446369e-02	2.091723991472083793e-02
5.563435745703576458e+02	4.680322483383983490e-01	2.437440268819684730e-01	7.590084545019025464e-02	9.331059107643516204e-02	8.311778614331194470e-02	1.461643734907826231e-02	2.111520431640560511e-02
5.611813447840129356e+02	4.669602096544507863e-01	2.435610382097072313e-01	7.630568165061997477e-02	9.357687972188838410e-02	8.332569569635732420e-02	1.479663675281346451e-02	2.131099786995093934e-02
5.660191149976681118e+02	4.659029736315991599e-01	2.433774980000692201e-01	7.670766961890122804e-02	9.383770943202612846e-02	8.353015623045784155e-02	1.497649773798583571e-02	2.150463490474872549e-02
5.708568852113234016e+02	4.648602784306504199e-01	2.431934795935171145e-01	7.710683463471892929e-02	9.409317248644907816e-02	8.373123460129552886e-02	1.515600983082967569e-02	2.169612997832739976e-02
5.756946554249786914e+02	4.638318677894072706e-01	2.430090534540922942e-01	7.750320182210367059e-02	9.434335977067309642e-02	8.392899603284205423e-02	1.533516282572124252e-02	2.188549786094858354e-02
5.805324256386339812e+02	4.628174908856215741e-01	2.428242872670915709e-01	7.789679614447439504e-02	9.458836079354894510e-02	8.412350416327726843e-02	1.551394678099542006e-02	2.207275352077904193e-02
5.853701958522892710e+02	4.618169022036826554e-01	2.426392460335446977e-01	7.828764240002479557e-02	9.482826370458999343e-02	8.431482108953960997e-02	1.569235201478727873e-02	2.225791210961918301e-02
5.902079660659445608e+02	4.608298614049312070e-01	2.424539921615954108e-01	7.867576521743921414e-02	9.506315531120247686e-02	8.450300741054997400e-02	1.587036910090005443e-02	2.244098894916988357e-02
5.950457362795999643e+02	4.598561332014935443e-01	2.422685855548873946e-01	7.906118905192327517e-02	9.529312109581382362e-02	8.468812226914922137e-02	1.604798886470098704e-02	2.262199951782002671e-02
5.998835064932552541e+02	4.588954872335335167e-01	2.420830836980515655e-01	7.944393818153629161e-02	9.551824523289449698e-02	8.487022339278849081e-02	1.622520237904635440e-02	2.280095943793761584e-02
6.047212767069104302e+02	4.579476979498233735e-01	2.418975417393889327e-01	7.982403670381196803e-02	9.573861060586906502e-02	8.504936713300999263e-02	1.640200096023698359e-02	2.297788446364797121e-02
6.095590469205657200e+02	4.570125444915371649e-01	2.417120125708400735e-01	8.020150853265493873e-02	9.595429882391275089e-02	8.522560850375507369e-02	1.657837616400537409e-02	2.315279046908294905e-02
6.143968171342210098e+02	4.560898105791725277e-01	2.415265469053290148e-01	8.057637739550084499e-02	9.616539023862961943e-02	8.539900121853513659e-02	1.675431978153555518e-02	2.332569343708560880e-02
6.192345873478761860e+02	4.551792844025116525e-01	2.413411933515670904e-01	8.094866683072864111e-02	9.637196396060908332e-02	8.556959772649984364e-02	1.692982383551668024e-02	2.349660944835534754e-02
6.240723575615315895e+02	4.542807585135328341e-01	2.411559984863985429e-01	8.131840018531333314e-02	9.657409787585755079e-02	8.573744924743595397e-02	1.710488057623126348e-02	2.366555467101885343e-02
6.289101277751868793e+02	4.533940297221877302e-01	2.409710069247683328e-01	8.168560061270890849e-02	9.677186866210223115e-02	8.590260580572940674e-02	1.727948247767899584e-02	2.383254535061282708e-02
6.337478979888421691e+02	4.525188989949612828e-01	2.407862613873889279e-01	8.205029107095060392e-02	9.696535180496423934e-02	8.606511626332183362e-02	1.745362223373686170e-02	2.399759780046470045e-02
6.385856682024975726e+02	4.516551713561354764e-01	2.406018027661807612e-01	8.241249432096672822e-02	9.715462161399880670e-02	8.622502835169215674e-02	1.762729275435635790e-02	2.416072839245820419e-02
6.434234384161527487e+02	4.508026557916775534e-01	2.404176701875588573e-01	8.277223292509036656e-02	9.733975123859983647e-02	8.638238870289265126e-02	1.780048716179842214e-02	2.432195354817084931e-02
6.482612086298080385e+02	4.499611651556787995e-01	2.402339010736352365e-01	8.312952924576162694e-02	9.752081268376697198e-02	8.653724287966817197e-02	1.797319878690674042e-02	2.448128973037095799e-02
6.530989788434633283e+02	4.491305160792700146e-01	2.400505312014053483e-01	8.348440544441161626e-02	9.769787682573308207e-02	8.668963540468628548e-02	1.814542116541994349e-02	2.463875343486217687e-02
6.579367490571185044e+02	4.483105288819433931e-01	2.398675947599830105e-01	8.383688348051947237e-02	9.787101342745037347e-02	8.683960978890523097e-02	1.831714803432322319e-02	2.479436118266378428e-02
6.627745192707737942e+02	4.475010274852109782e-01	2.396851244059484687e-01	8.418698511083426428e-02	9.804029115393365912e-02	8.698720855910573035e-02	1.848837332823979884e-02	2.494812951251555722e-02
6.676122894844290840e+02	4.467018393285348554e-01	2.395031513168698056e-01	8.453473188875389177e-02	9.820577758745904773e-02	8.713247328461201646e-02	1.865909117586265348e-02	2.510007497369618965e-02
6.724500596980843738e+02	4.459127952874623046e-01	2.393217052430578196e-01	8.488014516385324060e-02	9.836753924261697202e-02	8.727544460322655961e-02	1.882929589642684531e-02	2.525021411914469757e-02
6.772878299117396637e+02	4.451337295939049032e-01	2.391408145576112698e-01	8.522324608155432135e-02	9.852564158121839000e-02	8.741616224640225141e-02	1.899898199622278641e-02	2.539856349887455178e-02
6.821256001253949535e+02	4.443644797584992978e-01	2.389605063048083622e-01	8.556405558293145308e-02	9.868014902705296576e-02	8.755466506367513835e-02	1.916814416515065164e-02	2.554513965367059478e-02
6.869633703390502433e+02	4.436048864949920789e-01	2.387808062468980974e-01	8.590259440464455276e-02	9.883112498049848038e-02	8.769099104637997910e-02	1.933677727331622673e-02	2.568995910905909688e-02
6.918011405527055331e+02	4.428547936465897505e-01	2.386017389093436081e-01	8.623888307899416072e-02	9.897863183298065415e-02	8.782517735067035813e-02	1.950487636766832025e-02	2.583303836954166377e-02
6.966389107663608229e+02	4.421140481142200596e-01	2.384233276245676381e-01	8.657294193409191541e-02	9.912273098128275561e-02	8.795726031986428328e-02	1.967243666867792701e-02	2.597439391308396447e-02
7.014766809800161127e+02	4.413824997866488964e-01	2.382455945742490977e-01	8.690479109414053771e-02	9.926348284170451175e-02	8.808727550613577872e-02	1.983945356705923979e-02	2.611404218585050563e-02
7.063144511936714025e+02	4.406600014724019743e-01	2.380685608302178513e-01	8.723445047981746858e-02	9.940094686406973634e-02	8.821525769157198549e-02	2.000592262053258255e-02	2.625199959717704895e-02
7.111522214073266923e+02	4.399464088334396061e-01	2.378922463939930065e-01	8.756193980875667804e-02	9.953518154558260722e-02	8.834124090861500411e-02	2.017183955062931688e-02	2.638828251477240427e-02
7.159899916209819821e+02	4.392415803205361180e-01	2.377166702350092253e-01	8.788727859612338600e-02	9.966624444453213438e-02	8.846525845990728387e-02	2.033720023953875314e-02	2.652290726014175370e-02
7.208277618346371582e+02	4.385453771103147713e-01	2.375418503275736060e-01	8.821048615527657399e-02	9.979419219384487449e-02	8.858734293755808620e-02	2.050200072699702447e-02	2.665589010422374228e-02
7.256655320482924481e+02	4.378576630438933415e-01	2.373678036865945473e-01	8.853158159851434728e-02	9.991908051448576689e-02	8.870752624184882751e-02	2.066623720721792734e-02	2.678724726323395561e-02
7.305033022619478515e+02	4.371783045670945000e-01	2.371945464021222583e-01	8.885058383789749825e-02	1.000409642287071743e-01	8.882583959939409357e-02	2.082990602586562087e-02	2.691699489470755421e-02
7.353410724756030277e+02	4.365071706721772582e-01	2.370220936727403249e-01	8.916751158614683037e-02	1.001598972731463089e-01	8.894231358077467342e-02	2.099300367706911918e-02	2.704514909373410825e-02
7.401788426892584312e+02	4.358441328410477822e-01	2.368504598378449455e-01	8.948238335760978768e-02	1.002759327117711402e-01	8.905697811765866945e-02	2.115552680047847259e-02	2.717172588937788805e-02
7.450166129029136073e+02	4.351890649899072261e-01	2.366796584088484423e-01	8.979521746929242099e-02	1.003891227486752302e-01	8.916986251942585207e-02	2.131747217836247460e-02	2.729674124127706367e-02
7.498543831165690108e+02	4.345418434152983345e-01	2.365097020993424670e-01	9.010603204195256899e-02	1.004995187407216745e-01	8.928099548931037188e-02	2.147883673274777680e-02	2.742021103641551286e-02
7.546921533302243006e+02	4.339023467415105140e-01	2.363406028542540949e-01	9.041484500125053503e-02	1.006071712100367888e-01	8.939040514007648430e-02	2.163961752259921031e-02	2.754215108606109658e-02
7.595299235438793630e+02	4.332704558693067920e-01	2.361723718780281145e-01	9.072167407895362357e-02	1.007121298563537631e-01	8.949811900924080355e-02	2.179981174104114044e-02	2.766257712286450052e-02
7.643676937575347665e+02	4.326460539259353588e-01	2.360050196618673768e-01	9.102653681419101139e-02	1.008144435692071433e-01	8.960416407385533855e-02	2.195941671261962200e-02	2.778150479811289028e-02
7.692054639711900563e+02	4.320290262163912209e-01	2.358385560100614564e-01	9.132945055475559515e-02	1.009141604399784176e-01	8.970856676486407832e-02	2.211842989060516101e-02	2.789894967913283258e-02
7.740432341848452324e+02	4.314192601758928269e-01	2.356729900654336851e-01	9.163043245844965101e-02	1.010113277737935827e-01	8.981135298104611642e-02	2.227684885433581924e-02	2.801492724683712909e-02
7.788810043985006359e+02	4.308166453235403037e-01	2.355083303339355061e-01	9.192949949447126734e-02	1.011059921012732871e-01	8.991254810255767949e-02	2.243467130660041498e-02	2.812945289341036575e-02
7.837187746121558121e+02	4.302210732171236618e-01	2.353445847084154330e-01	9.222666844483849713e-02	1.011981991901364369e-01	9.001217700408514766e-02	2.259189507106154973e-02	2.824254192012812248e-02
7.885565448258112156e+02	4.296324374090484954e-01	2.351817604915902582e-01	9.252195590584848250e-02	1.012879940566578513e-01	9.011026406762064067e-02	2.274851808971817616e-02	2.835420953530498958e-02
7.933943150394665054e+02	4.290506334033493130e-01	2.350198644182438235e-01	9.281537828956905323e-02	1.013754209769809206e-01	9.020683319487161900e-02	2.290453842040742968e-02	2.846447085236671407e-02
7.982320852531219089e+02	4.284755586137608541e-01	2.348589026766793875e-01	9.310695182535981551e-02	1.014605234982862425e-01	9.030190781931538013e-02	2.305995423434540476e-02	2.857334088804186489e-02
8.030698554667769713e+02	4.279071123228178064e-01	2.346988809294492384e-01	9.339669256142067721e-02	1.015433444498169552e-01	9.039551091790906656e-02	2.321476381370655637e-02	2.868083456066864920e-02
8.079076256804323748e+02	4.273451956419566100e-01	2.345398043333857263e-01	9.368461636636524204e-02	1.016239259537617401e-01	9.048766502246562149e-02	2.336896554924144248e-02	2.878696668861260854e-02
8.127453958940876646e+02	4.267897114725902608e-01	2.343816775589561419e-01	9.397073893081688001e-02	1.017023094359967156e-01	9.057839223070558721e-02	2.352255793793241179e-02	2.889175198879104234e-02
8.175831661077428407e+02	4.262405644681310779e-01	2.342245048089640624e-01	9.425507576902537876e-02	1.017785356366869148e-01	9.066771421699447442e-02	2.367553958068695577e-02	2.899520507530020663e-02
8.224209363213982442e+02	4.256976609969356784e-01	2.340682898366179265e-01	9.453764222050207999e-02	1.018526446207485003e-01	9.075565224277513943e-02	2.382790918006836081e-02	2.909734045814140607e-02
8.272587065350534203e+02	4.251609091061469003e-01	2.339130359629880418e-01	9.481845345167146111e-02	1.019246757881729498e-01	9.084222716670425912e-02	2.397966553806327519e-02	2.919817254204222848e-02
8.320964767487085965e+02	4.246302184864086948e-01	2.337587460938719830e-01	9.509752445753751060e-02	1.019946678842139631e-01	9.092745945450174394e-02	2.413080755388587531e-02	2.929771562536936241e-02
8.369342469623640000e+02	4.241055004374310045e-01	2.336054227360873092e-01	9.537487006336300976e-02	1.020626590094385056e-01	9.101136918852167912e-02	2.428133422181823556e-02	2.939598389912942769e-02
8.417720171760191761e+02	4.235866678343811476e-01	2.334530680132110292e-01	9.565050492635993051e-02	1.021286866296429452e-01	9.109397607705303768e-02	2.443124462908653413e-02	2.949299144605451936e-02
8.466097873896745796e+02	4.230736350950803359e-01	2.333016836807835226e-01	9.592444353738946439e-02	1.021927875856355472e-01	9.117529946335839464e-02	2.458053795377275821e-02	2.958875223976914492e-02
8.514475576033297557e+02	4.225663181479831776e-01	2.331512711409944871e-01	9.619670022267014231e-02	1.022549981028863103e-01	9.125535833445828915e-02	2.472921346276144711e-02	2.968328014403540105e-02
8.562853278169851592e+02	4.220646344009197359e-01	2.330018314568680637e-01	9.646728914549251854e-02	1.023153538010455610e-01	9.133417132966883956e-02	2.487727050972116799e-02	2.977658891207336789e-02
8.611230980306403353e+02	4.215685027105803839e-01	2.328533653659634328e-01	9.673622430793900329e-02	1.023738897033323464e-01	9.141175674890007763e-02	2.502470853312029064e-02	2.986869218595371994e-02
8.659608682442956251e+02	4.210778433527221920e-01	2.327058732936070629e-01	9.700351955260769210e-02	1.024306402457938608e-01	9.148813256072202416e-02	2.517152705427671069e-02	2.995960349605973627e-02
8.707986384579510286e+02	4.205925779930796971e-01	2.325593553656712664e-01	9.726918856433872107e-02	1.024856392864371968e-01	9.156331641020537537e-02	2.531772567544107039e-02	3.004933626061592408e-02
8.756364086716062047e+02	4.201126296589602349e-01	2.324138114209151340e-01	9.753324487194198200e-02	1.025389201142344886e-01	9.163732562654365588e-02	2.546330407791314032e-02	3.013790378528061545e-02
8.804741788852616082e+02	4.196379227115059618e-01	2.322692410229009741e-01	9.779570184992528170e-02	1.025905154580029621e-01	9.171017723046319403e-02	2.560826202019094236e-02	3.022531926279990386e-02
8.853119490989170117e+02	4.191683828186057448e-01	2.321256434715010808e-01	9.805657272022158533e-02	1.026404574951607918e-01	9.178188794142730367e-02	2.575259933615220431e-02	3.031159577272049890e-02
8.901497193125721878e+02	4.187039369284388801e-01	2.319830178140080412e-01	9.831587055391448338e-02	1.026887778603604029e-01	9.185247418464069502e-02	2.589631593326777170e-02	3.039674628115902194e-02
8.949874895262273640e+02	4.182445132436347079e-01	2.318413628558614603e-01	9.857360827296081374e-02	1.027355076540001078e-01	9.192195209786017951e-02	2.603941179084655333e-02	3.048078364062545981e-02
8.998252597398827675e+02	4.177900411960325799e-01	2.317006771710039270e-01	9.882979865190973101e-02	1.027806774506156845e-01	9.199033753801724722e-02	2.618188695831162247e-02	3.056372058989850413e-02
9.046630299535379436e+02	4.173404514220250272e-01	2.315609591118784616e-01	9.908445431961698802e-02	1.028243173071528987e-01	9.205764608765822088e-02	2.632374155350706776e-02	3.064556975395060778e-02
9.095008001671932334e+02	4.168956757384706391e-01	2.314222068190790182e-01	9.933758776095404086e-02	1.028664567711223277e-01	9.212389306120739862e-02	2.646497576103516713e-02	3.072634364392065609e-02
9.143385703808486369e+02	4.164556471191607767e-01	2.312844182306657281e-01	9.958921131851081188e-02	1.029071248886379575e-01	9.218909351105818162e-02	2.660558983062353416e-02	3.080605465713221261e-02
9.191763405945038130e+02	4.160202996718264101e-01	2.311475910911557630e-01	9.983933719429170794e-02	1.029463502123404428e-01	9.225326223349764043e-02	2.674558407552181730e-02	3.088471507715540715e-02
9.240141108081592165e+02	4.155895686156707569e-01	2.310117229602006994e-01	1.000879774514039505e-01	1.029841608092066790e-01	9.231641377446915542e-02	2.688495887092750419e-02	3.096233707391053691e-02
9.288518810218145063e+02	4.151633902594141223e-01	2.308768112209605428e-01	1.003351440157376484e-01	1.030205842682467982e-01	9.237856243517807153e-02	2.702371465244053292e-02	3.103893270381158365e-02
9.336896512354697961e+02	4.147417019798388949e-01	2.307428530881844853e-01	1.005808486776371413e-01	1.030556477080898509e-01	9.243972227754486404e-02	2.716185191454623463e-02	3.111451390994784613e-02
9.385274214491247449e+02	4.143244422008201533e-01	2.306098456160082244e-01	1.008251030935628095e-01	1.030893777844594517e-01	9.249990712951047800e-02	2.729937120912622958e-02	3.118909252230200185e-02
9.433651916627801484e+02	4.139115503728305612e-01	2.304777857054770840e-01	1.010679187877430163e-01	1.031218006975407886e-01	9.255913059019800493e-02	2.743627314399692263e-02	3.126268025800296724e-02
9.482029618764355519e+02	4.135029669529077800e-01	2.303466701118037641e-01	1.013093071538155032e-01	1.031529421992400802e-01	9.261740603493512358e-02	2.757255838147515750e-02	3.133528872161193274e-02
9.530407320900908417e+02	4.130986333850712455e-01	2.302164954513703232e-01	1.015492794564579332e-01	1.031828276003379230e-01	9.267474662014124620e-02	2.770822763697065871e-02	3.140692940544003581e-02
9.578785023037459041e+02	4.126984920811785917e-01	2.300872582084816931e-01	1.017878468330069425e-01	1.032114817775376808e-01	9.273116528808336700e-02	2.784328167760490025e-02	3.147761368989624581e-02
9.627162725174014213e+02	4.123024864022091784e-01	2.299589547418799673e-01	1.020250202950655910e-01	1.032389291804101938e-01	9.278667477150460974e-02	2.797772132085598121e-02	3.154735284386395167e-02
9.675540427310568248e+02	4.119105606399650066e-01	2.298315812910269318e-01	1.022608107300984476e-01	1.032651938382360968e-01	9.284128759812894371e-02	2.811154743322913374e-02	3.161615802510491652e-02
9.723918129447120009e+02	4.115226599991779755e-01	2.297051339821624127e-01	1.024952289030142683e-01	1.032902993667469960e-01	9.289501609504605129e-02	2.824476092895249202e-02	3.168404028068928791e-02
9.772295831583674044e+02	4.111387305800131564e-01	2.295796088341463259e-01	1.027282854577358101e-01	1.033142689747667403e-01	9.294787239297945536e-02	2.837736276869776489e-02	3.175101054745030349e-02
9.820673533720223531e+02	4.107587193609584797e-01	2.294550017640910877e-01	1.029599909187564055e-01	1.033371254707540210e-01	9.299986843044170948e-02	2.850935395832538549e-02	3.181707965246254044e-02
9.869051235856777566e+02	4.103825741820911754e-01	2.293313085927918549e-01	1.031903556926832694e-01	1.033588912692474521e-01	9.305101595777962031e-02	2.864073554765381863e-02	3.188225831354245254e-02
9.917428937993331601e+02	4.100102437287115320e-01	2.292085250499610594e-01	1.034193900697669144e-01	1.033795883972145474e-01	9.310132654111291650e-02	2.877150862925263383e-02	3.194655713977006400e-02
9.965806640129884499e+02	4.096416775153344791e-01	2.290866467792735672e-01	1.036471042254167862e-01	1.033992385003056902e-01	9.315081156616951408e-02	2.890167433725897295e-02	3.200998663203070277e-02
