2.805906723920064678e+02	5.669314684755338840e-01	2.477426724211831133e-01	4.700084949970658593e-02	6.609255228324956155e-02	6.250799936443446336e-02	3.704479899337935825e-03	5.899720412395330349e-03
2.854284426056617008e+02	5.642274151624919742e-01	2.480073624153516787e-01	4.760698699168901260e-02	6.681966295237082298e-02	6.309461747719634361e-02	3.889293720309750912e-03	6.234403636431235310e-03
2.902662128193169337e+02	5.615752793468995474e-01	2.482472676144186485e-01	4.820975958929915595e-02	6.753648499807275718e-02	6.366924970754946067e-02	4.074715022846437870e-03	6.566986076754891856e-03
2.951039830329722804e+02	5.589736879951259230e-01	2.484635404434882011e-01	4.880911854486517931e-02	6.824305367767892483e-02	6.423220086561082232e-02	4.260716072964789922e-03	6.897424756106991343e-03
2.999417532466276270e+02	5.564213133205724304e-01	2.486572843133796340e-01	4.940501960639560181e-02	6.893940960203900903e-02	6.478376663243472222e-02	4.447269404427227173e-03	7.225679476592266129e-03
3.047795234602828600e+02	5.539168711029005543e-01	2.488295556635204964e-01	4.999742278952302305e-02	6.962559839932205841e-02	6.532423385784955072e-02	4.634347830916636310e-03	7.551712711808530008e-03
3.096172936739380930e+02	5.514591190732743842e-01	2.489813659202099461e-01	5.058629215966252424e-02	7.030167039464242651e-02	6.585388084811280573e-02	4.821924457205882530e-03	7.875489502732847813e-03
3.144550638875934396e+02	5.490468553629570536e-01	2.491136833737500889e-01	5.117159562394749117e-02	7.096768030483116552e-02	6.637297764374361364e-02	5.009972689373896199e-03	8.196977357237362344e-03
3.192928341012487294e+02	5.466789170127153152e-01	2.492274349777977849e-01	5.175330473252404834e-02	7.162368694769420674e-02	6.688178628787966318e-02	5.198466244117900918e-03	8.516146153111697412e-03
3.241306043149040192e+02	5.443541785405858757e-01	2.493235080741511567e-01	5.233139448880282790e-02	7.226975296512655467e-02	6.738056108549217438e-02	5.387379157209092398e-03	8.832968044472965310e-03
3.289683745285592522e+02	5.420715505656588107e-01	2.494027520460531389e-01	5.290584316828363109e-02	7.290594455947856101e-02	6.786954885378118640e-02	5.576685791136898676e-03	9.147417371448520948e-03
3.338061447422145420e+02	5.398299784856277483e-01	2.494659799029662339e-01	5.347663214558474876e-02	7.353233124259565823e-02	6.834898916406098590e-02	5.766360841984912236e-03	9.459470573020467218e-03
3.386439149558698318e+02	5.376284412059486595e-01	2.495139697996514583e-01	5.404374572932413995e-02	7.414898559697714886e-02	6.881911457543510302e-02	5.956379345579591346e-03	9.769106102924677085e-03
3.434816851695251216e+02	5.354659499185351335e-01	2.495474664922668062e-01	5.460717100451453060e-02	7.475598304852371090e-02	6.928015086054879756e-02	6.146716682950943179e-03	1.007630434850075377e-02
3.483194553831804114e+02	5.333415469280050614e-01	2.495671827340894267e-01	5.516689768214869810e-02	7.535340165036509552e-02	6.973231722369695185e-02	6.337348585142588489e-03	1.038104755239286671e-02
3.531572255968357013e+02	5.312543045235702532e-01	2.495738006133571829e-01	5.572291795566489125e-02	7.594132187728142025e-02	7.017582651155528095e-02	6.528251137406880684e-03	1.068331973700475945e-02
3.579949958104909342e+02	5.292033238947432272e-01	2.495679728356229587e-01	5.627522636399526212e-02	7.651982643025173614e-02	7.061088541679284847e-02	6.719400782819104183e-03	1.098310663161554575e-02
3.628327660241463377e+02	5.271877340891040209e-01	2.495503239529160422e-01	5.682381966091287762e-02	7.708900005068378136e-02	7.103769467481478583e-02	6.910774325343184421e-03	1.128039560206602065e-02
3.676705362378016275e+02	5.252066910104453701e-01	2.495214515419101053e-01	5.736869669040475100e-02	7.764892934389715229e-02	7.145644925387521773e-02	7.102348932379826639e-03	1.157517558292831851e-02
3.725083064514568036e+02	5.232593764556804361e-01	2.494819273332067600e-01	5.790985826780978285e-02	7.819970261145092749e-02	7.186733853879162526e-02	7.294102136826566794e-03	1.186743701207467090e-02
3.773460766651120935e+02	5.213449971889639878e-01	2.494322982937561550e-01	5.844730706647180418e-02	7.874140969192350292e-02	7.227054650848364903e-02	7.486011838677819781e-03	1.215717176756384542e-02
3.821838468787673833e+02	5.194627840515403383e-01	2.493730876643531769e-01	5.898104750966794846e-02	7.927414180976961877e-02	7.266625190755131303e-02	7.678056306191700410e-03	1.244437310676666311e-02
3.870216170924226162e+02	5.176119911058912892e-01	2.493047959540671821e-01	5.951108566758338270e-02	7.979799143189518496e-02	7.305462841209997560e-02	7.870214176649108911e-03	1.272903560765456868e-02
3.918593873060780197e+02	5.157918948128161762e-01	2.492279018933871715e-01	6.003742915911235156e-02	8.031305213160581935e-02	7.343584479001197263e-02	8.062464456729387038e-03	1.301115511217785202e-02
3.966971575197332527e+02	5.140017932401299561e-01	2.491428633477896504e-01	6.056008705827551492e-02	8.081941845959997317e-02	7.381006505585749333e-02	8.254786522525665166e-03	1.329072867166257443e-02
4.015349277333884856e+02	5.122410053017201204e-01	2.490501181933673924e-01	6.107906980505190681e-02	8.131718582169095155e-02	7.417744862063074818e-02	8.447160119221945249e-03	1.356775449415763453e-02
4.063726979470438323e+02	5.105088700257538470e-01	2.489500851560883798e-01	6.159438912043266323e-02	8.180645036295645933e-02	7.453815043649054950e-02	8.639565360452889850e-03	1.384223189366576116e-02
4.112104681606991221e+02	5.088047458508738741e-01	2.488431646161899102e-01	6.210605792551178450e-02	8.228730885802618134e-02	7.489232113667804169e-02	8.831982727366276958e-03	1.411416124119440479e-02
4.160482383743544119e+02	5.071280099492714299e-01	2.487297393791507716e-01	6.261409026443688630e-02	8.275985860723113208e-02	7.524010717077847521e-02	9.024393067407116692e-03	1.438354391756469647e-02
4.208860085880095880e+02	5.054780575755675187e-01	2.486101754146245735e-01	6.311850123105072763e-02	8.322419733834986177e-02	7.558165093548752100e-02	9.216777592841523051e-03	1.465038226791868722e-02
4.257237788016648778e+02	5.038543014404788245e-01	2.484848225646604791e-01	6.361930689906107605e-02	8.368042311369802699e-02	7.591709090103733459e-02	9.409117879037509277e-03	1.491467955786713630e-02
4.305615490153201677e+02	5.022561711082825786e-01	2.483540152224823772e-01	6.411652425558370116e-02	8.412863424231871445e-02	7.624656173343181964e-02	9.601395862519079144e-03	1.517643993122203515e-02
4.353993192289755143e+02	5.006831124171392533e-01	2.482180729830454902e-01	6.461017113790977484e-02	8.456892919704146749e-02	7.657019441263532289e-02	9.793593838809152088e-03	1.543566836925993127e-02
4.402370894426308041e+02	4.991345869213653641e-01	2.480773012665385691e-01	6.510026617335509802e-02	8.500140653618754039e-02	7.688811634685377427e-02	9.985694460076105505e-03	1.569237065146393550e-02
4.450748596562860939e+02	4.976100713547894627e-01	2.479319919159521102e-01	6.558682872205510994e-02	8.542616482970896707e-02	7.720045148304269245e-02	1.017768073259796291e-02	1.594655331769407811e-02
4.499126298699413837e+02	4.961090571143556560e-01	2.477824237697862919e-01	6.606987882257472910e-02	8.584330258955766291e-02	7.750732041377117465e-02	1.036953601405758880e-02	1.619822363173727825e-02
4.547504000835967304e+02	4.946310497631753456e-01	2.476288632109280019e-01	6.654943714020854217e-02	8.625291820408997889e-02	7.780884048056697921e-02	1.056124401068155375e-02	1.644738954618998536e-02
4.595881702972519065e+02	4.931755685522589694e-01	2.474715646926842483e-01	6.702552491785121469e-02	8.665510987632028816e-02	7.810512587386303496e-02	1.075278877423470163e-02	1.669405966862795576e-02
4.644259405109071963e+02	4.917421459601907241e-01	2.473107712429177818e-01	6.749816392932395104e-02	8.704997556584517793e-02	7.839628772966159009e-02	1.094415469888182502e-02	1.693824322901930218e-02
4.692637107245624861e+02	4.903303272500394994e-01	2.471467149471921754e-01	6.796737643504713322e-02	8.743761293426773051e-02	7.868243422302817480e-02	1.113532651792731656e-02	1.717995004833833272e-02
4.741014809382177759e+02	4.889396700428260689e-01	2.469796174117958043e-01	6.843318513995431951e-02	8.781811929395863525e-02	7.896367065852336053e-02	1.132628930044304871e-02	1.741919050833913574e-02
4.789392511518730657e+02	4.875697439068960581e-01	2.468096902074786436e-01	6.889561315354710003e-02	8.819159155999789501e-02	7.924009955767705171e-02	1.151702844779423432e-02	1.765597552244934504e-02
4.837770213655284124e+02	4.862201299625736328e-01	2.466371352947007156e-01	6.935468395199459457e-02	8.855812620514769140e-02	7.951182074360542418e-02	1.170752969007252120e-02	1.789031650774566828e-02
4.886147915791837022e+02	4.848904205014948898e-01	2.464621454311584914e-01	6.981042134218563844e-02	8.891781921771368946e-02	7.977893142286822392e-02	1.189777908244505841e-02	1.812222535797423581e-02
4.934525617928388783e+02	4.835802186200455766e-01	2.462849045623237976e-01	7.026284942764547681e-02	8.927076606215779420e-02	8.004152626465986520e-02	1.208776300142784359e-02	1.835171441757990976e-02
4.982903320064942250e+02	4.822891378663503037e-01	2.461055881956991376e-01	7.071199257623284051e-02	8.961706164233179672e-02	8.029969747742492225e-02	1.227746814109118532e-02	1.857879645671003249e-02
5.031281022201495148e+02	4.810168019002832307e-01	2.459243637594647203e-01	7.115787538953645408e-02	8.995680026720676015e-02	8.055353488298516718e-02	1.246688150920472957e-02	1.880348464715914450e-02
5.079658724338048046e+02	4.797628441659896881e-01	2.457413909461639012e-01	7.160052267389400982e-02	9.029007561897856027e-02	8.080312598826262793e-02	1.265599042332906689e-02	1.902579253922239214e-02
5.128036426474600376e+02	4.785269075764309044e-01	2.455568220420478176e-01	7.203995941295955607e-02	9.061698072343518651e-02	8.104855605467978230e-02	1.284478250686055950e-02	1.924573403942638622e-02
5.176414128611153274e+02	4.773086442094829907e-01	2.453708022426734636e-01	7.247621074174881439e-02	9.093760792247650160e-02	8.128990816531538044e-02	1.303324568503569716e-02	1.946332338910734122e-02
5.224791830747705035e+02	4.761077150151382664e-01	2.451834699553255559e-01	7.290930192209442440e-02	9.125204884868180766e-02	8.152726328989182147e-02	1.322136818090088525e-02	1.967857514380736902e-02
5.273169532884259070e+02	4.749237895333783821e-01	2.449949570888088624e-01	7.333925831944687612e-02	9.156039440182524303e-02	8.176070034766685923e-02	1.340913851125326989e-02	1.989150415346067902e-02
5.321547235020811968e+02	4.737565456223028493e-01	2.448053893311343265e-01	7.376610538095865199e-02	9.186273472724340583e-02	8.199029626830048323e-02	1.359654548255790144e-02	2.010212554334250140e-02
5.369924937157364866e+02	4.726056691961157408e-01	2.446148864156019731e-01	7.418986861479286155e-02	9.215915919596399941e-02	8.221612605076498992e-02	1.378357818684619769e-02	2.031045469575438328e-02
5.418302639293917764e+02	4.714708539725869230e-01	2.444235623757614606e-01	7.461057357059934503e-02	9.244975638650777816e-02	8.243826282036380293e-02	1.397022599760040437e-02	2.051650723242040564e-02
5.466680341430470662e+02	4.703518012296221684e-01	2.442315257897119396e-01	7.502824582110420581e-02	9.273461406828074904e-02	8.265677788392285230e-02	1.415647856562849208e-02	2.072029899756978530e-02
5.515058043567023560e+02	4.692482195705876546e-01	2.440388800141841119e-01	7.544291094476077153e-02	9.301381918647654012e-02	8.287174078321545012e-02	1.434232581493361490e-02	2.092184604168199208e-02
5.563435745703576458e+02	4.681598246980530620e-01	2.438457234088282355e-01	7.585459450941253734e-02	9.328745784841274702e-02	8.308321934667996234e-02	1.452775793858206328e-02	2.112116460587154174e-02
5.611813447840129356e+02	4.670863391956256438e-01	2.436521495511144997e-01	7.626332205692064325e-02	9.355561531122846830e-02	8.329127973948736996e-02	1.471276539457339397e-02	2.131827110689016661e-02
5.660191149976681118e+02	4.660274923175656836e-01	2.434582474422360143e-01	7.666911908871025527e-02	9.381837597087336333e-02	8.349598651201378674e-02	1.489733890171615269e-02	2.151318212272496436e-02
5.708568852113234016e+02	4.649830197858823566e-01	2.432641017043878084e-01	7.707201105219288473e-02	9.407582335232171633e-02	8.369740264677122399e-02	1.508146943551244741e-02	2.170591437877175331e-02
5.756946554249786914e+02	4.639526635946234490e-01	2.430697927697800242e-01	7.747202332802276270e-02	9.432804010094801572e-02	8.389558960384786712e-02	1.526514822405439405e-02	2.189648473456363292e-02
5.805324256386339812e+02	4.629361718210819321e-01	2.428753970617286706e-01	7.786918121814793980e-02	9.457510797500325028e-02	8.409060736490768517e-02	1.544836674393526392e-02	2.208491017103537263e-02
5.853701958522892710e+02	4.619332984436551603e-01	2.426809871681530617e-01	7.826350993461778094e-02	9.481710783913410712e-02	8.428251447579708511e-02	1.563111671617799237e-02	2.227120777830486967e-02
5.902079660659445608e+02	4.609438031661016733e-01	2.424866320077956328e-01	7.865503458911100865e-02	9.505411965888962977e-02	8.447136808780496275e-02	1.581339010218351521e-02	2.245539474395366608e-02
5.950457362795999643e+02	4.599674512479510757e-01	2.422923969894661689e-01	7.904378018314933696e-02	9.528622249616246209e-02	8.465722399762085071e-02	1.599517909970123164e-02	2.263748834178899022e-02
5.998835064932552541e+02	4.590040133408328504e-01	2.420983441646009371e-01	7.942977159896369432e-02	9.551349450551425979e-02	8.484013668603423985e-02	1.617647613882374977e-02	2.281750592107040579e-02
6.047212767069104302e+02	4.580532653304981716e-01	2.419045323734141106e-01	7.981303359098121386e-02	9.573601293133710000e-02	8.502015935541680502e-02	1.635727387800791841e-02	2.299546489618482792e-02
6.095590469205657200e+02	4.571149881843182272e-01	2.417110173849083277e-01	8.019359077790295942e-02	9.595385410580484220e-02	8.519734396602775262e-02	1.653756520012397702e-02	2.317138273675402316e-02
6.143968171342210098e+02	4.561889678040516594e-01	2.415178520309995414e-01	8.057146763534314693e-02	9.616709344757058686e-02	8.537174127118110634e-02	1.671734320853455677e-02	2.334527695815941800e-02
6.192345873478761860e+02	4.552749948836811167e-01	2.413250863350009656e-01	8.094668848900245239e-02	9.637580546116832070e-02	8.554340085131258153e-02	1.689660122320508703e-02	2.351716511246946043e-02
6.240723575615315895e+02	4.543728647721269054e-01	2.411327676347008453e-01	8.131927750834883062e-02	9.658006373707889169e-02	8.571237114698211645e-02	1.707533277684713385e-02	2.368706477975527844e-02
6.289101277751868793e+02	4.534823773406542191e-01	2.409409407002590098e-01	8.168925870078065643e-02	9.677994095242191397e-02	8.587869949084736554e-02	1.725353161109593678e-02	2.385499355978088279e-02
6.337478979888421691e+02	4.526033368547967561e-01	2.407496478471378432e-01	8.205665590624816597e-02	9.697550887223760352e-02	8.604243213864160023e-02	1.743119167272344505e-02	2.402096906405461196e-02
6.385856682024975726e+02	4.517355518506264156e-01	2.405589290442742278e-01	8.242149279230985559e-02	9.716683835132350344e-02	8.620361429918911578e-02	1.760830710988793568e-02	2.418500890822897556e-02
6.434234384161527487e+02	4.508788350152065916e-01	2.403688220176907475e-01	8.278379284960220297e-02	9.735399933659329152e-02	8.636229016348942467e-02	1.778487226842127497e-02	2.434713070483645811e-02
6.482612086298080385e+02	4.500330030710719686e-01	2.401793623497359975e-01	8.314357938770136625e-02	9.753706086992587621e-02	8.651850293290068439e-02	1.796088168815474645e-02	2.450735205634930330e-02
6.530989788434633283e+02	4.491978766645836063e-01	2.399905835741361626e-01	8.350087553135703000e-02	9.771609109147499916e-02	8.667229484645216919e-02	1.813633009928429865e-02	2.466569054855166643e-02
6.579367490571185044e+02	4.483732802580157606e-01	2.398025172670319727e-01	8.385570421707902455e-02	9.789115724341040936e-02	8.682370720731388825e-02	1.831121241877593786e-02	2.482216374421293559e-02
6.627745192707737942e+02	4.475590420252346657e-01	2.396151931341689023e-01	8.420808819005860812e-02	9.806232567406344969e-02	8.697278040845091152e-02	1.848552374681201524e-02	2.497678917705137280e-02
6.676122894844290840e+02	4.467549937508358826e-01	2.394286390944004306e-01	8.455805000140666217e-02	9.822966184245100763e-02	8.711955395748929853e-02	1.865925936327895995e-02	2.512958434597765273e-02
6.724500596980843738e+02	4.459609707326122052e-01	2.392428813596582104e-01	8.490561200569243794e-02	9.839323032315308581e-02	8.726406650081881822e-02	1.883241472429699262e-02	2.528056670960814392e-02
6.772878299117396637e+02	4.451768116872280578e-01	2.390579445115367241e-01	8.525079635876667283e-02	9.855309481152021989e-02	8.740635584695757854e-02	1.900498545879231518e-02	2.542975368103820438e-02
6.821256001253949535e+02	4.444023586589834762e-01	2.388738515746330893e-01	8.559362501585403293e-02	9.870931812918852521e-02	8.754645898920246361e-02	1.917696736511216235e-02	2.557716262286600928e-02
6.869633703390502433e+02	4.436374569315515437e-01	2.386906240867779083e-01	8.593411972990019909e-02	9.886196222988066773e-02	8.768441212758859571e-02	1.934835640768303375e-02	2.572281084245781058e-02
6.918011405527055331e+02	4.428819549425823121e-01	2.385082821662864172e-01	8.627230205016005182e-02	9.901108820547263600e-02	8.782025069017999896e-02	1.951914871371243296e-02	2.586671558744585431e-02
6.966389107663608229e+02	4.421357042010666816e-01	2.383268445763546961e-01	8.660819332101336865e-02	9.915675629230683019e-02	8.795400935371339157e-02	1.968934056993430423e-02	2.600889404145035819e-02
7.014766809800161127e+02	4.413985592073593756e-01	2.381463287867198741e-01	8.694181468099580756e-02	9.929902587773298261e-02	8.808572206361579837e-02	1.985892841939836811e-02	2.614936332001742067e-02
7.063144511936714025e+02	4.406703773757642550e-01	2.379667510326984592e-01	8.727318706203285315e-02	9.943795550685949336e-02	8.821542205341621756e-02	2.002790885830347742e-02	2.628814046676481928e-02
7.111522214073266923e+02	4.399510189595886578e-01	2.377881263717128713e-01	8.760233118886548431e-02	9.957360288949837490e-02	8.834314186357103416e-02	2.019627863287507680e-02	2.642524244972811742e-02
7.159899916209819821e+02	4.392403469785764458e-01	2.376104687374103464e-01	8.792926757865662801e-02	9.970602490728799894e-02	8.846891335972180415e-02	2.036403463628682492e-02	2.656068615789958232e-02
7.208277618346371582e+02	4.385382271486349959e-01	2.374337909914753797e-01	8.825401654076769908e-02	9.983527762097862968e-02	8.859276775040381136e-02	2.053117390562635147e-02	2.669448839795279457e-02
7.256655320482924481e+02	4.378445278137713670e-01	2.372581049732318537e-01	8.857659817669578939e-02	9.996141627786638006e-02	8.871473560422310500e-02	2.069769361890513512e-02	2.682666589114602110e-02
7.305033022619478515e+02	4.371591198801595413e-01	2.370834215471276374e-01	8.889703238016155584e-02	1.000844953193619907e-01	8.883484686651874074e-02	2.086359109211245039e-02	2.695723527039765866e-02
7.353410724756030277e+02	4.364818767522615217e-01	2.369097506481895599e-01	8.921533883733918924e-02	1.002045683886815947e-01	8.895313087552718379e-02	2.102886377631323425e-02	2.708621307752728802e-02
7.401788426892584312e+02	4.358126742709284018e-01	2.367371013255343271e-01	8.953153702721954044e-02	1.003216883386470054e-01	8.906961637806436183e-02	2.119350925478978229e-02	2.721361576065612839e-02
7.450166129029136073e+02	4.351513906534114628e-01	2.365654817840165403e-01	8.984564622209842422e-02	1.004359072395842739e-01	8.918433154474100788e-02	2.135752524022708002e-02	2.733945967176081362e-02
7.498543831165690108e+02	4.344979064352140763e-01	2.363948994240914481e-01	9.015768548818238470e-02	1.005472763873091896e-01	8.929730398472608688e-02	2.152090957194161339e-02	2.746376106437473791e-02
7.546921533302243006e+02	4.338521044137205185e-01	2.362253608799680105e-01	9.046767368630422024e-02	1.006558463111893037e-01	8.940856076007283604e-02	2.168366021315339467e-02	2.758653609143129487e-02
7.595299235438793630e+02	4.332138695935367489e-01	2.360568720561228850e-01	9.077562947274139815e-02	1.007616667822727186e-01	8.951812839962114410e-02	2.184577524830102341e-02	2.770780080324360475e-02
7.643676937575347665e+02	4.325830891334846995e-01	2.358894381622449465e-01	9.108157130013072589e-02	1.008647868214742199e-01	8.962603291248989745e-02	2.200725288039948394e-02	2.782757114561550810e-02
7.692054639711900563e+02	4.319596522951903994e-01	2.357230637466754819e-01	9.138551741847261711e-02	1.009652547078097179e-01	8.973229980117213012e-02	2.216809142844039515e-02	2.794586295807871892e-02
7.740432341848452324e+02	4.313434503932105923e-01	2.355577527284075656e-01	9.168748587621902701e-02	1.010631179866707391e-01	8.983695407424577284e-02	2.232828932483444523e-02	2.806269197225128714e-02
7.788810043985006359e+02	4.307343767466438877e-01	2.353935084277048173e-01	9.198749452143939465e-02	1.011584234781310598e-01	8.994002025871193629e-02	2.248784511289566787e-02	2.817807381031262742e-02
7.837187746121558121e+02	4.301323266321748218e-01	2.352303335953974950e-01	9.228556100305876364e-02	1.012512172852777920e-01	9.004152241197273254e-02	2.264675744436724092e-02	2.829202398359058346e-02
7.885565448258112156e+02	4.295371972385002013e-01	2.350682304409117684e-01	9.258170277216315469e-02	1.013415448025599824e-01	9.014148413345983435e-02	2.280502507698842565e-02	2.840455789125607977e-02
7.933943150394665054e+02	4.289488876220912683e-01	2.349072006590848527e-01	9.287593708336701337e-02	1.014294507241478849e-01	9.023992857592481875e-02	2.296264687210235883e-02	2.851569081912117345e-02
7.982320852531219089e+02	4.283672986642441671e-01	2.347472454558176824e-01	9.316828099623819526e-02	1.015149790522967554e-01	9.033687845640196723e-02	2.311962179230423603e-02	2.862543793853634597e-02
8.030698554667769713e+02	4.277923330293750825e-01	2.345883655726131722e-01	9.345875137677571443e-02	1.015981731057089138e-01	9.043235606685379180e-02	2.327594889912957057e-02	2.873381430538312145e-02
8.079076256804323748e+02	4.272238951245170280e-01	2.344305613100476915e-01	9.374736489893635560e-02	1.016790755278887681e-01	9.052638328450932081e-02	2.343162735078207701e-02	2.884083485915815009e-02
8.127453958940876646e+02	4.266618910599774273e-01	2.342738325502203012e-01	9.403413804620583405e-02	1.017577282954853363e-01	9.061898158190455355e-02	2.358665639990082177e-02	2.894651442214508583e-02
8.175831661077428407e+02	4.261062286111170772e-01	2.341181787782228019e-01	9.431908711321071448e-02	1.018341727266171975e-01	9.071017203663467310e-02	2.374103539136620047e-02	2.905086769867070914e-02
8.224209363213982442e+02	4.255568171812117995e-01	2.339635991026716155e-01	9.460222820736752247e-02	1.019084494891753651e-01	9.079997534082691335e-02	2.389476376014431497e-02	2.915390927444181865e-02
8.272587065350534203e+02	4.250135677653608668e-01	2.338100922753416910e-01	9.488357725056563441e-02	1.019805986090995958e-01	9.088841181034262862e-02	2.404784102916933050e-02	2.925565361595962310e-02
8.320964767487085965e+02	4.244763929154064530e-01	2.336576567099394042e-01	9.516314998088039323e-02	1.020506594786239618e-01	9.097550139371732292e-02	2.420026680726340002e-02	2.935611507000837617e-02
8.369342469623640000e+02	4.239452067058309126e-01	2.335062905000514222e-01	9.544096195431367446e-02	1.021186708644878788e-01	9.106126368084654921e-02	2.435204078709365602e-02	2.945530786321521460e-02
8.417720171760191761e+02	4.234199247005978606e-01	2.333559914363040888e-01	9.571702854655883552e-02	1.021846709161089162e-01	9.114571791142554724e-02	2.450316274316590576e-02	2.955324610167817806e-02
8.466097873896745796e+02	4.229004639209068550e-01	2.332067570227666919e-01	9.599136495478721720e-02	1.022486971737139733e-01	9.122888298315058597e-02	2.465363252985450573e-02	2.964994377065956199e-02
8.514475576033297557e+02	4.223867428138310398e-01	2.330585844926303385e-01	9.626398619945357449e-02	1.023107865764257829e-01	9.131077745968885218e-02	2.480345007946799935e-02	2.974541473434180044e-02
8.562853278169851592e+02	4.218786812218084936e-01	2.329114708231933839e-01	9.653490712611804969e-02	1.023709754703015229e-01	9.139141957842462916e-02	2.495261540035008385e-02	2.983967273564323147e-02
8.611230980306403353e+02	4.213762003529586964e-01	2.327654127501826153e-01	9.680414240728221764e-02	1.024292996163211622e-01	9.147082725798819092e-02	2.510112857501538286e-02	2.993273139609113967e-02
8.659608682442956251e+02	4.208792227521981899e-01	2.326204067814381937e-01	9.707170654423698253e-02	1.024857941983224746e-01	9.154901810557433683e-02	2.524898975831963571e-02	3.002460421574956392e-02
8.707986384579510286e+02	4.203876722731283433e-01	2.324764492099893887e-01	9.733761386892031409e-02	1.025404938308808883e-01	9.162600942405710325e-02	2.539619917566381113e-02	3.011530457319952850e-02
8.756364086716062047e+02	4.199014740506706866e-01	2.323335361265468912e-01	9.760187854578272759e-02	1.025934325671314928e-01	9.170181821890666107e-02	2.554275712123167674e-02	3.020484572556931396e-02
8.804741788852616082e+02	4.194205544744252223e-01	2.321916634314364347e-01	9.786451457365875906e-02	1.026446439065313992e-01	9.177646120491475545e-02	2.568866395626036303e-02	3.029324080861256138e-02
8.853119490989170117e+02	4.189448411627290092e-01	2.320508268459974821e-01	9.812553578764246498e-02	1.026941608025606495e-01	9.184995481273434959e-02	2.583392010734349500e-02	3.038050283683206218e-02
8.901497193125721878e+02	4.184742629373919831e-01	2.319110219234696291e-01	9.838495586096558665e-02	1.027420156703596349e-01	9.192231519523921812e-02	2.597852606476639195e-02	3.046664470364711733e-02
8.949874895262273640e+02	4.180087497990885304e-01	2.317722440593883437e-01	9.864278830687646382e-02	1.027882403943018025e-01	9.199355823370901353e-02	2.612248238087288080e-02	3.055167918160250906e-02
8.998252597398827675e+02	4.175482329033843309e-01	2.316344885015113597e-01	9.889904648051853209e-02	1.028328663354998590e-01	9.206369954384509280e-02	2.626578966846327551e-02	3.063561892261710412e-02
9.046630299535379436e+02	4.170926445373777103e-01	2.314977503592949848e-01	9.915374358080682182e-02	1.028759243392444039e-01	9.213275448162222547e-02	2.640844859922306803e-02	3.071847645827028433e-02
9.095008001671932334e+02	4.166419180969370140e-01	2.313620246129402258e-01	9.940689265230123750e-02	1.029174447423736177e-01	9.220073814898122055e-02	2.655045990218184507e-02	3.080026420012432417e-02
9.143385703808486369e+02	4.161959880645142995e-01	2.312273061220263548e-01	9.965850658707536835e-02	1.029574573805729781e-01	9.226766539936734346e-02	2.669182436220202820e-02	3.088099444008108804e-02
9.191763405945038130e+02	4.157547899875181918e-01	2.310935896337502626e-01	9.990859812657973404e-02	1.029959915956041028e-01	9.233355084311897776e-02	2.683254281849692738e-02	3.096067935077126410e-02
9.240141108081592165e+02	4.153182604572281944e-01	2.309608697907876707e-01	1.001571798634982996e-01	1.030330762424616353e-01	9.239840885271133342e-02	2.697261616317769492e-02	3.103933098597464607e-02
9.288518810218145063e+02	4.148863370882336921e-01	2.308291411387928538e-01	1.004042642435973437e-01	1.030687396964576480e-01	9.246225356785936489e-02	2.711204533982874629e-02	3.111696128106981873e-02
9.336896512354697961e+02	4.144589584983815467e-01	2.306983981335521405e-01	1.006498635675657227e-01	1.031030098602327694e-01	9.252509890048429830e-02	2.725083134211113423e-02	3.119358205351180011e-02
9.385274214491247449e+02	4.140360642892170762e-01	2.305686351478059837e-01	1.008939899928456563e-01	1.031359141706933158e-01	9.258695853954761190e-02	2.738897521239353275e-02	3.126920500333620762e-02
9.433651916627801484e+02	4.136175950269023738e-01	2.304398464777540068e-01	1.011366555354531460e-01	1.031674796058741767e-01	9.264784595575684123e-02	2.752647804041031404e-02	3.134384171368852223e-02
9.482029618764355519e+02	4.132034922235989227e-01	2.303120263492561548e-01	1.013778720717873894e-01	1.031977326917267734e-01	9.270777440614666465e-02	2.766334096194633663e-02	3.141750365137719464e-02
9.530407320900908417e+02	4.127936983192991849e-01	2.301851689237435494e-01	1.016176513404283971e-01	1.032266995088319816e-01	9.276675693853916882e-02	2.779956515754796256e-02	3.149020216744919526e-02
9.578785023037459041e+02	4.123881566640947294e-01	2.300592683038510666e-01	1.018560049439222459e-01	1.032544056990375159e-01	9.282480639588698568e-02	2.793515185125994629e-02	3.156194849778691525e-02
9.627162725174014213e+02	4.119868115008672449e-01	2.299343185387839328e-01	1.020929443505532025e-01	1.032808764720197087e-01	9.288193542050257601e-02	2.807010230938770598e-02	3.163275376372508274e-02
9.675540427310568248e+02	4.115896079483896686e-01	2.298103136294294413e-01	1.023284808961024001e-01	1.033061366117694335e-01	9.293815645817722626e-02	2.820441783928459567e-02	3.170262897268666391e-02
9.723918129447120009e+02	4.111964919848265509e-01	2.296872475332250862e-01	1.025626257855923179e-01	1.033302104830022133e-01	9.299348176219293660e-02	2.833809978816374461e-02	3.177158501883659003e-02
9.772295831583674044e+02	4.108074104316203345e-01	2.295651141687934382e-01	1.027953900950166893e-01	1.033531220374923343e-01	9.304792339723036432e-02	2.847114954193408556e-02	3.183963268375225586e-02
9.820673533720223531e+02	4.104223109377531098e-01	2.294439074203539763e-01	1.030267847730554492e-01	1.033748948203310203e-01	9.310149324317598674e-02	2.860356852406013839e-02	3.190678263710976931e-02
9.869051235856777566e+02	4.100411419643734123e-01	2.293236211419212578e-01	1.032568206427743329e-01	1.033955519761089459e-01	9.315420299883135635e-02	2.873535819444513612e-02	3.197304543738500870e-02
9.917428937993331601e+02	4.096638527697762377e-01	2.292042491612989452e-01	1.034855084033085709e-01	1.034151162550227265e-01	9.320606418552736250e-02	2.886652004833712218e-02	3.203843153256848153e-02
9.965806640129884499e+02	4.092903933947269479e-01	2.290857852838785458e-01	1.037128586315306522e-01	1.034336100189062468e-01	9.325708815064633062e-02	2.899705561525763725e-02	3.210295126089309642e-02
