2.951039830329722804e+02	5.590351202962156041e-01	2.485191340293004814e-01	4.875955417795731217e-02	6.841155808928971183e-02	6.420401102552501793e-02	4.028106876879687832e-03	6.932125591827308433e-03
2.999417532466276270e+02	5.564826409373236915e-01	2.487144911760665322e-01	4.935487749426154674e-02	6.909819222684615569e-02	6.476116847490864803e-02	4.220932023215627493e-03	7.257307754372813516e-03
3.047795234602828600e+02	5.539781808549146813e-01	2.488881221676270128e-01	4.994679288345874740e-02	6.977511985567318165e-02	6.530682296643351703e-02	4.414163920681684131e-03	7.580407438206211712e-03
3.096172936739380930e+02	5.515204849193527936e-01	2.490410579357132392e-01	5.053525962570585423e-02	7.044237197287664398e-02	6.584127402460469847e-02	4.607777413918689655e-03	7.901384194823167159e-03
3.144550638875934396e+02	5.491083393627121945e-01	2.491742850410159915e-01	5.112024107893551467e-02	7.109998476031036130e-02	6.636481193550490543e-02	4.801747623299219836e-03	8.220200285216807193e-03
3.192928341012487294e+02	5.467405702316635585e-01	2.492887475420262899e-01	5.170170446824959992e-02	7.174799926032374153e-02	6.687771805795036939e-02	4.996049955019631755e-03	8.536820571761803353e-03
3.241306043149040192e+02	5.444160419016946806e-01	2.493853487856813600e-01	5.227962068486554509e-02	7.238646106682679326e-02	6.738026512364500564e-02	5.190660110288856759e-03	8.851212413992736588e-03
3.289683745285592522e+02	5.421336556501746839e-01	2.494649531230783701e-01	5.285396409420206609e-02	7.301542003100360001e-02	6.787271752673515457e-02	5.385554093661946116e-03	9.163345568139268094e-03
3.338061447422145420e+02	5.398923482858690726e-01	2.495283875533827189e-01	5.342471235270813273e-02	7.363492998103375597e-02	6.835533160315192258e-02	5.580708220564111442e-03	9.473192090285416367e-03
3.386439149558698318e+02	5.376910908326154592e-01	2.495764432989272807e-01	5.399184623305632730e-02	7.424504845520826790e-02	6.882835590011379678e-02	5.776099124048913319e-03	9.780726243025084435e-03
3.434816851695251216e+02	5.355288872649599519e-01	2.496098773143740346e-01	5.455534945733730295e-02	7.484583644785289258e-02	6.929203143614828808e-02	5.971703760832204610e-03	1.008592440549044289e-02
3.483194553831804114e+02	5.334047732936475494e-01	2.496294137326900975e-01	5.511520853790782132e-02	7.543735816749645717e-02	6.974659195197756290e-02	6.167499416641479895e-03	1.038876498663418926e-02
3.531572255968357013e+02	5.313178151989446096e-01	2.496357452505751362e-01	5.567141262555953818e-02	7.601968080674581518e-02	7.019226415260068630e-02	6.363463710918459276e-03	1.068922834165092831e-02
3.579949958104909342e+02	5.292671087098552718e-01	2.496295344558682183e-01	5.622395336468972993e-02	7.659287432335205870e-02	7.062926794089198490e-02	6.559574600910923758e-03	1.098729669142699261e-02
3.628327660241463377e+02	5.272517779273726557e-01	2.496114150993551939e-01	5.677282475516887833e-02	7.715701123197449274e-02	7.105781664302383838e-02	6.755810385188151454e-03	1.128295404491193310e-02
3.676705362378016275e+02	5.252709742899824841e-01	2.495819933132984170e-01	5.731802302061291682e-02	7.771216640616988858e-02	7.147811722600995454e-02	6.952149706612660227e-03	1.157618612430872350e-02
3.725083064514568036e+02	5.233238755797088304e-01	2.495418487789133055e-01	5.785954648278041068e-02	7.825841689015478053e-02	7.189037050765487158e-02	7.148571554799441896e-03	1.186698029298331042e-02
3.773460766651120935e+02	5.214096849670635248e-01	2.494915358449227571e-01	5.839739544182678127e-02	7.879584171990769437e-02	7.229477135918410680e-02	7.345055268092350043e-03	1.215532548599773666e-02
3.821838468787673833e+02	5.195276300933259206e-01	2.494315845992327862e-01	5.893157206215927230e-02	7.932452175319693044e-02	7.269150890081972627e-02	7.541580535085932145e-03	1.244121214317437697e-02
3.870216170924226162e+02	5.176769621886460060e-01	2.493625018956870942e-01	5.946208026364713933e-02	7.984453950813714951e-02	7.308076669055589558e-02	7.738127395719614221e-03	1.272463214460215798e-02
3.918593873060780197e+02	5.158569552245237944e-01	2.492847723377764058e-01	5.998892561795196587e-02	8.035597900989464859e-02	7.346272290637961833e-02	7.934676241969862431e-03	1.300557874849871294e-02
3.966971575197332527e+02	5.140669050992796585e-01	2.491988592211008546e-01	6.051211524975325801e-02	8.085892564517813130e-02	7.383755052217289006e-02	8.131207818164724876e-03	1.328404653134553602e-02
4.015349277333884856e+02	5.123061288551831183e-01	2.491052054363077917e-01	6.103165774265388588e-02	8.135346602416665407e-02	7.420541747752359973e-02	8.327703220943942497e-03	1.356003133021606126e-02
4.063726979470438323e+02	5.105739639259668783e-01	2.490042343341568876e-01	6.154756304955920354e-02	8.183968784954184783e-02	7.456648684166405916e-02	8.524143898886744203e-03	1.383353018721946229e-02
4.112104681606991221e+02	5.088697674135008731e-01	2.488963505542941268e-01	6.205984240733254664e-02	8.231767979230546206e-02	7.492091697174810272e-02	8.720511651828303373e-03	1.410454129598564567e-02
4.160482383743544119e+02	5.071929153924540357e-01	2.487819408192515069e-01	6.256850825553805784e-02	8.278753137407723894e-02	7.526886166566969238e-02	8.916788629884856224e-03	1.437306395011958733e-02
4.208860085880095880e+02	5.055428022418176903e-01	2.486613746951253645e-01	6.307357415909027598e-02	8.324933285558090701e-02	7.561047030961869087e-02	9.112957332206470321e-03	1.463909849355562141e-02
4.257237788016648778e+02	5.039188400022107661e-01	2.485350053203257137e-01	6.357505473463707923e-02	8.370317513103900375e-02	7.594588802056215227e-02	9.309000605475526921e-03	1.490264627274482008e-02
4.305615490153201677e+02	5.023204577579328811e-01	2.484031701037313633e-01	6.407296558051067681e-02	8.414914962820886635e-02	7.627525578383226312e-02	9.504901642168078757e-03	1.516370959061085974e-02
4.353993192289755143e+02	5.007471010427714253e-01	2.482661913935291786e-01	6.456732321008780418e-02	8.458734821380400892e-02	7.659871058599607152e-02	9.700643978594389663e-03	1.542229166221210923e-02
4.402370894426308041e+02	4.991982312686093493e-01	2.481243771179633961e-01	6.505814498840754856e-02	8.501786310405584635e-02	7.691638554317484222e-02	9.896211492734159273e-03	1.567839657204983181e-02
4.450748596562860939e+02	4.976733251759219434e-01	2.479780213991688576e-01	6.554544907190155978e-02	8.544078678018153516e-02	7.722841002497547735e-02	1.009158840188112242e-02	1.593202923296449872e-02
4.499126298699413837e+02	4.961718743052848102e-01	2.478274051412140688e-01	6.602925435109754937e-02	8.585621190853343077e-02	7.753490977418989183e-02	1.028675926011102075e-02	1.618319534656427472e-02
4.547504000835967304e+02	4.946933844890530341e-01	2.476727965934320819e-01	6.650958039616323980e-02	8.626423126521595708e-02	7.783600702241290359e-02	1.048170895558618067e-02	1.643190136513164590e-02
4.595881702972519065e+02	4.932373753624055834e-01	2.475144518900728730e-01	6.698644740516328244e-02	8.666493766496427553e-02	7.813182060172355059e-02	1.067642270770929186e-02	1.667815445495612198e-02
4.644259405109071963e+02	4.918033798929810629e-01	2.473526155672673421e-01	6.745987615490765810e-02	8.705842389408856297e-02	7.842246605256932013e-02	1.087088606413830726e-02	1.692196246104270274e-02
4.692637107245624861e+02	4.903909439283632432e-01	2.471875210582521187e-01	6.792988795427458426e-02	8.744478264729586836e-02	7.870805572798778016e-02	1.106508489767379054e-02	1.716333387314759526e-02
4.741014809382177759e+02	4.889996257607043262e-01	2.470193911677646681e-01	6.839650459989675413e-02	8.782410646820995592e-02	7.898869889429539770e-02	1.125900540302943523e-02	1.740227779309439643e-02
4.789392511518730657e+02	4.876289957078044357e-01	2.468484385264798631e-01	6.885974833410417328e-02	8.819648769341703609e-02	7.926450182836806968e-02	1.145263409349591560e-02	1.763880390332546802e-02
4.837770213655284124e+02	4.862786357099908030e-01	2.466748660263233250e-01	6.931964180502127315e-02	8.856201839987302982e-02	7.953556791163389483e-02	1.164595779750769722e-02	1.787292243664500777e-02
4.886147915791837022e+02	4.849481389421697597e-01	2.464988672374617273e-01	6.977620802872089301e-02	8.892079035551497812e-02	7.980199772089398291e-02	1.183896365512193509e-02	1.810464414711166273e-02
4.934525617928388783e+02	4.836371094404487425e-01	2.463206268077372252e-01	7.022947035334152488e-02	8.927289497292621723e-02	8.006388911608311454e-02	1.203163911441806726e-02	1.833398028204009239e-02
4.982903320064942250e+02	4.823451617427487736e-01	2.461403208452800917e-01	7.067945242507847614e-02	8.961842326591136498e-02	8.032133732507763801e-02	1.222397192782629510e-02	1.856094255507229410e-02
5.031281022201495148e+02	4.810719205428551914e-01	2.459581172850046349e-01	7.112617815596350423e-02	8.995746580884346477e-02	8.057443502565463100e-02	1.241595014839264911e-02	1.878554312028085996e-02
5.079658724338048046e+02	4.798170203573720038e-01	2.457741762396625784e-01	7.156967169335097523e-02	9.029011269865180878e-02	8.082327242470198347e-02	1.260756212598794501e-02	1.900779454726765627e-02
5.128036426474600376e+02	4.785801052050712157e-01	2.455886503361006667e-01	7.200995739103237259e-02	9.061645351932444414e-02	8.106793733477606068e-02	1.279879650346753793e-02	1.922770979722272788e-02
5.176414128611153274e+02	4.773608282981461337e-01	2.454016850373422487e-01	7.244705978190436879e-02	9.093657730880519430e-02	8.130851524809942776e-02	1.298964221278835381e-02	1.944530219990934020e-02
5.224791830747705035e+02	4.761588517448995805e-01	2.452134189510864481e-01	7.288100355211876713e-02	9.125057252817000975e-02	8.154508940808841144e-02	1.318008847108939098e-02	1.966058543154244193e-02
5.273169532884259070e+02	4.749738462634154335e-01	2.450239841251939943e-01	7.331181351664596557e-02	9.155852703297273631e-02	8.177774087849665197e-02	1.337012477674143912e-02	1.987357349352879970e-02
5.321547235020811968e+02	4.738054909057813902e-01	2.448335063307044701e-01	7.373951459618634241e-02	9.186052804665520433e-02	8.200654861025778730e-02	1.355974090537151802e-02	2.008428069203826646e-02
5.369924937157364866e+02	4.726534727924476820e-01	2.446421053329081718e-01	7.416413179536697486e-02	9.215666213592095535e-02	8.223158950610735818e-02	1.374892690586715718e-02	2.029272161837666205e-02
5.418302639293917764e+02	4.715174868563233312e-01	2.444498951509724571e-01	7.458569018216401614e-02	9.244701518797668327e-02	8.245293848306128881e-02	1.393767309636539074e-02	2.049891113013178889e-02
5.466680341430470662e+02	4.703972355962280361e-01	2.442569843066028645e-01	7.500421486849309649e-02	9.273167238954944935e-02	8.267066853282542538e-02	1.412597006023099885e-02	2.070286433306509077e-02
5.515058043567023560e+02	4.692924288393329757e-01	2.440634760621980259e-01	7.541973099191341678e-02	9.301071820759210240e-02	8.288485078020778329e-02	1.431380864202830283e-02	2.090459656372242389e-02
5.563435745703576458e+02	4.682027835122383741e-01	2.438694686489394359e-01	7.583226369839277115e-02	9.328423637159269366e-02	8.309555453960290605e-02	1.450117994349053689e-02	2.110412337273835301e-02
5.611813447840129356e+02	4.671280234203505355e-01	2.436750554852377681e-01	7.624183812608391342e-02	9.355230985740810301e-02	8.330284736961497682e-02	1.468807531949056777e-02	2.130146050880918351e-02
5.660191149976681118e+02	4.660678790352341672e-01	2.434803253859402772e-01	7.664847939006406985e-02	9.381502087254504907e-02	8.350679512588402020e-02	1.487448637401652014e-02	2.149662390331095671e-02
5.708568852113234016e+02	4.650220872896286273e-01	2.432853627626868076e-01	7.705221256799195395e-02	9.407245084281543046e-02	8.370746201217736659e-02	1.506040495615561768e-02	2.168962965553930533e-02
5.756946554249786914e+02	4.639903913798305024e-01	2.430902478157855318e-01	7.745306268663873506e-02	9.432468040029598488e-02	8.390491062980602599e-02	1.524582315608935187e-02	2.188049401854899600e-02
5.805324256386339812e+02	4.629725405751554668e-01	2.428950567179646858e-01	7.785105470925098026e-02	9.457178937252574968e-02	8.409920202542377210e-02	1.543073330110288424e-02	2.206923338557164119e-02
5.853701958522892710e+02	4.619682900342046428e-01	2.426998617903407540e-01	7.824621352370569882e-02	9.481385677287715308e-02	8.429039573726458678e-02	1.561512795161139160e-02	2.225586427699093039e-02
5.902079660659445608e+02	4.609774006276722291e-01	2.425047316709299794e-01	7.863856393141935297e-02	9.505096079204025661e-02	8.447854983987207467e-02	1.579899989720589745e-02	2.244040332785533082e-02
5.950457362795999643e+02	4.599996387674403775e-01	2.423097314760161713e-01	7.902813063697447515e-02	9.528317879056164008e-02	8.466372098737255658e-02	1.598234215272090891e-02	2.262286727590900187e-02
5.998835064932552541e+02	4.590347762417186783e-01	2.421149229546750714e-01	7.941493823842867006e-02	9.551058729238255662e-02	8.484596445534184350e-02	1.616514795432610202e-02	2.280327295012226155e-02
6.047212767069104302e+02	4.580825900559953867e-01	2.419203646367419358e-01	7.979901121827322197e-02	9.573326197932323367e-02	8.502533418131368037e-02	1.634741075564406093e-02	2.298163725970364668e-02
6.095590469205657200e+02	4.571428622795761232e-01	2.417261119744985309e-01	8.018037393500901389e-02	9.595127768646284638e-02	8.520188280397650304e-02	1.652912422389593919e-02	2.315797718357620952e-02
6.143968171342210098e+02	4.562153798974948327e-01	2.415322174783429143e-01	8.055905061530978239e-02	9.616470839836661899e-02	8.537566170110298669e-02	1.671028223607681773e-02	2.333230976030126885e-02
6.192345873478761860e+02	4.552999346675913328e-01	2.413387308466947712e-01	8.093506534674328734e-02	9.637362724611403531e-02	8.554672102625587859e-02	1.689087887516236772e-02	2.350465207843348975e-02
6.240723575615315895e+02	4.543963229825575545e-01	2.411456990903790287e-01	8.130844207102301546e-02	9.657810650508415196e-02	8.571510974431154062e-02	1.707090842634826841e-02	2.367502126729161688e-02
6.289101277751868793e+02	4.535043457367609609e-01	2.409531666517192583e-01	8.167920457776368937e-02	9.677821759345600627e-02	8.588087566584158561e-02	1.725036537332381298e-02	2.384343448812986654e-02
6.337478979888421691e+02	4.526238081976646788e-01	2.407611755185637969e-01	8.204737649871540750e-02	9.697403107138392875e-02	8.604406548039124358e-02	1.742924439458082633e-02	2.400990892569537793e-02
6.385856682024975726e+02	4.517545198816674823e-01	2.405697653334572250e-01	8.241298130245212905e-02	9.716561664080967942e-02	8.620472478869191379e-02	1.760754035975918216e-02	2.417446178015768624e-02
6.434234384161527487e+02	4.508962944341964318e-01	2.403789734981617021e-01	8.277604228949175802e-02	9.735304314587474306e-02	8.636289813384406822e-02	1.778524832602984551e-02	2.433711025939670758e-02
6.482612086298080385e+02	4.500489495138901286e-01	2.401888352737236998e-01	8.313658258782540000e-02	9.753637857389826915e-02	8.651862903150517314e-02	1.796236353451641926e-02	2.449787157163611090e-02
6.530989788434633283e+02	4.492123066807175991e-01	2.399993838762735088e-01	8.349462514883498887e-02	9.771569005688714171e-02	8.667195999911637971e-02	1.813888140675606886e-02	2.465676291840945486e-02
6.579367490571185044e+02	4.483861912878841505e-01	2.398106505687370715e-01	8.385019274357927155e-02	9.789104387354685688e-02	8.682293258420036020e-02	1.831479754120052608e-02	2.481380148784691902e-02
6.627745192707737942e+02	4.475704323773806448e-01	2.396226647486325023e-01	8.420330795942877755e-02	9.806250545176287137e-02	8.697158739176152897e-02	1.849010770975790044e-02	2.496900444827087479e-02
6.676122894844290840e+02	4.467648625790401895e-01	2.394354540321157465e-01	8.455399319703180150e-02	9.823013937152375030e-02	8.711796411081891567e-02	1.866480785437588455e-02	2.512238894208887463e-02
6.724500596980843738e+02	4.459693180129683521e-01	2.392490443344337248e-01	8.490227066759360730e-02	9.839400936825870581e-02	8.726210154010073661e-02	1.883889408366686002e-02	2.527397207997318998e-02
6.772878299117396637e+02	4.451836381952226640e-01	2.390634599469360355e-01	8.524816239045256150e-02	9.855417833656344995e-02	8.740403761292887819e-02	1.901236266957539653e-02	2.542377093531623944e-02
6.821256001253949535e+02	4.444076659466177914e-01	2.388787236107902945e-01	8.559169019093700037e-02	9.871070833428956248e-02	8.754380942132032606e-02	1.918521004408849095e-02	2.557180253895174893e-02
6.869633703390502433e+02	4.436412473045409088e-01	2.386948565875403050e-01	8.593287569848793994e-02	9.886366058697348969e-02	8.768145323933189406e-02	1.935743279598894223e-02	2.571808387413176966e-02
6.918011405527055331e+02	4.428842314376643663e-01	2.385118787266396201e-01	8.627174034503301558e-02	9.901309549258288656e-02	8.781700454567333003e-02	1.952902766765205259e-02	2.586263187175000255e-02
6.966389107663608229e+02	4.421364705634484582e-01	2.383298085300886993e-01	8.660830536359793996e-02	9.915907262655858367e-02	8.795049804561334839e-02	1.969999155188595016e-02	2.600546340580233914e-02
7.014766809800161127e+02	4.413978198683303766e-01	2.381486632142971738e-01	8.694259178714233705e-02	9.930165074713206974e-02	8.808196769220207056e-02	1.987032148881561627e-02	2.614659528907564701e-02
7.063144511936714025e+02	4.406681374305004284e-01	2.379684587692889042e-01	8.727462044760748994e-02	9.944088780089861690e-02	8.821144670683268851e-02	2.004001466281084623e-02	2.628604426905633076e-02
7.111522214073266923e+02	4.399472841451692595e-01	2.377892100153615185e-01	8.760441197516383172e-02	9.957684092862795211e-02	8.833896759916426422e-02	2.020906839945807443e-02	2.642382702405037323e-02
7.159899916209819821e+02	4.392351236522357150e-01	2.376109306573080948e-01	8.793198679764717418e-02	9.970956647129454453e-02	8.846456218642667624e-02	2.037748016257620587e-02	2.655996015950689432e-02
7.208277618346371582e+02	4.385315222662653500e-01	2.374336333363040175e-01	8.825736514017240575e-02	9.983911997631103596e-02	8.858826161212861316e-02	2.054524755127639865e-02	2.669446020453754981e-02
7.256655320482924481e+02	4.378363489086964933e-01	2.372573296795574826e-01	8.858056702491474976e-02	9.996555620394872999e-02	8.871009636418787647e-02	2.071236829706573149e-02	2.682734360862433845e-02
7.305033022619478515e+02	4.371494750421921482e-01	2.370820303478181901e-01	8.890161227104831365e-02	1.000889291339300546e-01	8.883009629250332440e-02	2.087884026099470422e-02	2.695862673850865990e-02
7.353410724756030277e+02	4.364707746070590200e-01	2.369077450808346752e-01	8.922052049483293612e-02	1.002092919721786213e-01	8.894829062598696989e-02	2.104466143084841867e-02	2.708832587525472971e-02
7.401788426892584312e+02	4.358001239596590026e-01	2.367344827408473518e-01	8.953731110984010366e-02	1.003266971577132377e-01	8.906470798907367703e-02	2.120982991838132187e-02	2.721645721148062413e-02
7.450166129029136073e+02	4.351374018127409649e-01	2.365622513541998650e-01	8.985200332730958195e-02	1.004411963696730109e-01	8.917937641772595569e-02	2.137434395659529307e-02	2.734303684875061952e-02
7.498543831165690108e+02	4.344824891776233877e-01	2.363910581511486919e-01	9.016461615662868523e-02	1.005528405344608689e-01	8.929232337495025817e-02	2.153820189706092542e-02	2.746808079512249798e-02
7.546921533302243006e+02	4.338352693081609646e-01	2.362209096039471767e-01	9.047516840592631504e-02	1.006616798329943441e-01	8.940357576584084809e-02	2.170140220728170727e-02	2.759160496284393527e-02
7.595299235438793630e+02	4.331956276464318245e-01	2.360518114632770281e-01	9.078367868277467667e-02	1.007677637080520716e-01	8.951315995216672927e-02	2.186394346810089165e-02	2.771362516619210042e-02
7.643676937575347665e+02	4.325634517700826520e-01	2.358837687930973315e-01	9.109016539499147080e-02	1.008711408717057612e-01	8.962110176651642834e-02	2.202582437115075537e-02	2.783415711945096474e-02
7.692054639711900563e+02	4.319386313412736933e-01	2.357167860039779961e-01	9.139464675153599615e-02	1.009718593128274833e-01	8.972742652601538305e-02	2.218704371634397723e-02	2.795321643502086256e-02
7.740432341848452324e+02	4.313210580571660291e-01	2.355508668849820020e-01	9.169714076349293197e-02	1.010699663046630559e-01	8.983215904562937004e-02	2.234760040940679190e-02	2.807081862165517264e-02
7.788810043985006359e+02	4.307106256018965462e-01	2.353860146341580917e-01	9.199766524513773580e-02	1.011655084124623710e-01	8.993532365106797488e-02	2.250749345945358276e-02	2.818697908281907194e-02
7.837187746121558121e+02	4.301072295999879280e-01	2.352222318877023599e-01	9.229623781507785563e-02	1.012585315011583220e-01	9.003694419130073290e-02	2.266672197660260513e-02	2.830171311516553254e-02
7.885565448258112156e+02	4.295107675711436479e-01	2.350595207478460846e-01	9.259287589746448277e-02	1.013490807430861285e-01	9.013704405069865311e-02	2.282528516963243381e-02	2.841503590712392974e-02
7.933943150394665054e+02	4.289211388863784502e-01	2.348978828095227567e-01	9.288759672326964145e-02	1.014372006257358710e-01	9.023564616081314327e-02	2.298318234367879853e-02	2.852696253759669925e-02
7.982320852531219089e+02	4.283382447254384662e-01	2.347373191858672659e-01	9.318041733162367446e-02	1.015229349595305058e-01	9.033277301180428487e-02	2.314041289797135956e-02	2.863750797475977591e-02
8.030698554667769713e+02	4.277619880354653903e-01	2.345778305325961766e-01	9.347135457120853141e-02	1.016063268856230856e-01	9.042844666352950478e-02	2.329697632361008366e-02	2.874668707496256734e-02
8.079076256804323748e+02	4.271922734908614738e-01	2.344194170713167769e-01	9.376042510170244648e-02	1.016874188837065401e-01	9.052268875630380129e-02	2.345287220138080053e-02	2.885451458172344497e-02
8.127453958940876646e+02	4.266290074543145350e-01	2.342620786118106979e-01	9.404764539527177281e-02	1.017662527798299105e-01	9.061552052134197455e-02	2.360810019960947817e-02	2.896100512481689093e-02
8.175831661077428407e+02	4.260720979389416296e-01	2.341058145733354301e-01	9.433303173810603237e-02	1.018428697542156230e-01	9.070696279089318637e-02	2.376266007205483921e-02	2.906617321944848092e-02
8.224209363213982442e+02	4.255214545715144125e-01	2.339506240049857855e-01	9.461660023199239267e-02	1.019173103490721155e-01	9.079703600807753627e-02	2.391655165583885315e-02	2.917003326551412951e-02
8.272587065350534203e+02	4.249769885567278305e-01	2.337965056051551360e-01	9.489836679592608681e-02	1.019896144763969698e-01	9.088576023643443746e-02	2.406977486941468472e-02	2.927259954694008334e-02
8.320964767487085965e+02	4.244386126424775640e-01	2.336434577401349799e-01	9.517834716775326609e-02	1.020598214257656955e-01	9.097315516919181333e-02	2.422232971057162662e-02	2.937388623110029004e-02
8.369342469623640000e+02	4.239062410861113572e-01	2.334914784618895012e-01	9.545655690584313458e-02	1.021279698721017093e-01	9.105924013826510732e-02	2.437421625447659668e-02	2.947390736830791599e-02
8.417720171760191761e+02	4.233797896216212608e-01	2.333405655250401500e-01	9.573301139078631283e-02	1.021940978834233182e-01	9.114403412299473817e-02	2.452543465175171730e-02	2.957267689137783526e-02
8.466097873896745796e+02	4.228591754277456483e-01	2.331907164030943835e-01	9.600772582711661340e-02	1.022582429285637529e-01	9.122755575863031319e-02	2.467598512658750881e-02	2.967020861525713690e-02
8.514475576033297557e+02	4.223443170969498062e-01	2.330419283039501799e-01	9.628071524505346646e-02	1.023204418848604746e-01	9.130982334456952398e-02	2.482586797489130109e-02	2.976651623672063943e-02
8.562853278169851592e+02	4.218351346052557349e-01	2.328941981847081621e-01	9.655199450226234492e-02	1.023807310458104691e-01	9.139085485235966255e-02	2.497508356247030506e-02	2.986161333412873722e-02
8.611230980306403353e+02	4.213315492828936804e-01	2.327475227658199475e-01	9.682157828563089930e-02	1.024391461286879718e-01	9.147066793346929348e-02	2.512363232324892753e-02	2.995551336724472380e-02
8.659608682442956251e+02	4.208334837857470312e-01	2.326018985446018372e-01	9.708948111305842898e-02	1.024957222821219621e-01	9.154927992683714599e-02	2.527151475751988549e-02	3.004822967710911105e-02
8.707986384579510286e+02	4.203408620675653240e-01	2.324573218081408821e-01	9.735571733525653915e-02	1.025504940936303178e-01	9.162670786620537300e-02	2.541873143022859230e-02	3.013977548596834949e-02
8.756364086716062047e+02	4.198536093529194879e-01	2.323137886456190515e-01	9.762030113755884586e-02	1.026034955971080465e-01	9.170296848724407424e-02	2.556528296929038227e-02	3.023016389725554157e-02
8.804741788852616082e+02	4.193716521108751261e-01	2.321712949600806819e-01	9.788324654173800876e-02	1.026547602802671960e-01	9.177807823447346747e-02	2.571117006394010515e-02	3.031940789562085486e-02
8.853119490989170117e+02	4.188949180293610741e-01	2.320298364796670731e-01	9.814456740782802335e-02	1.027043210920261934e-01	9.185205326799010528e-02	2.585639346311361872e-02	3.040752034700931750e-02
8.901497193125721878e+02	4.184233359902097549e-01	2.318894087683411598e-01	9.840427743595023258e-02	1.027522104498463096e-01	9.192490947000339641e-02	2.600095397386069027e-02	3.049451399878386551e-02
8.949874895262273640e+02	4.179568360448481790e-01	2.317500072361238783e-01	9.866239016814129514e-02	1.027984602470134734e-01	9.199666245118814922e-02	2.614485245978888373e-02	3.058040147989156410e-02
8.998252597398827675e+02	4.174953493906184976e-01	2.316116271488636580e-01	9.891891899018181999e-02	1.028431018598635477e-01	9.206732755685906322e-02	2.628808983953790160e-02	3.066519530107094868e-02
9.046630299535379436e+02	4.170388083477082342e-01	2.314742636375585194e-01	9.917387713342401545e-02	1.028861661549493878e-01	9.213691987297267794e-02	2.643066708528401740e-02	3.074890785509857768e-02
9.095008001671932334e+02	4.165871463366703775e-01	2.313379117072507651e-01	9.942727767661702076e-02	1.029276834961482673e-01	9.220545423196209456e-02	2.657258522127402614e-02	3.083155141707290270e-02
9.143385703808486369e+02	4.161402978565149069e-01	2.312025662455120256e-01	9.967913354772889312e-02	1.029676837517079779e-01	9.227294521840959107e-02	2.671384532238832085e-02	3.091313814473370045e-02
9.191763405945038130e+02	4.156981984633538740e-01	2.310682220305367296e-01	9.992945752576376517e-02	1.030061963012307152e-01	9.233940717456244618e-02	2.685444851273264752e-02	3.099368007881527290e-02
9.240141108081592165e+02	4.152607847495819460e-01	2.309348737388607076e-01	1.001782622425733127e-01	1.030432500425932374e-01	9.240485420569644059e-02	2.699439596425803195e-02	3.107318914343179528e-02
9.288518810218145063e+02	4.148279943235768652e-01	2.308025159527211101e-01	1.004255601846613249e-01	1.030788733988024924e-01	9.246930018533199014e-02	2.713368889540847956e-02	3.115167714649317784e-02
9.336896512354697961e+02	4.143997657899026743e-01	2.306711431670733781e-01	1.006713636949805452e-01	1.031130943247855480e-01	9.253275876030740699e-02	2.727232856979597275e-02	3.122915578014990798e-02
9.385274214491247449e+02	4.139760387300005506e-01	2.305407497962796426e-01	1.009156849747207957e-01	1.031459403141131576e-01	9.259524335571363285e-02	2.741031629490232879e-02	3.130563662126537028e-02
9.433651916627801484e+02	4.135567536833520963e-01	2.304113301804833480e-01	1.011585360850875276e-01	1.031774384056561300e-01	9.265676717969469067e-02	2.754765342080749482e-02	3.138113113191422221e-02
9.482029618764355519e+02	4.131418521291011503e-01	2.302828785916832544e-01	1.013999289490701561e-01	1.032076151901737265e-01	9.271734322811801821e-02	2.768434133894380131e-02	3.145565065990542364e-02
9.530407320900908417e+02	4.127312764681193569e-01	2.301553892395200307e-01	1.016398753531992799e-01	1.032364968168337227e-01	9.277698428911865247e-02	2.782038148087580265e-02	3.152920643932864697e-02
9.578785023037459041e+02	4.123249700055027223e-01	2.300288562767880407e-01	1.018783869492922156e-01	1.032641089996634565e-01	9.283570294752109542e-02	2.795577531710522617e-02	3.160180959112270094e-02
9.627162725174014213e+02	4.119228769334859486e-01	2.299032738046838387e-01	1.021154752561861806e-01	1.032904770239315151e-01	9.289351158914255224e-02	2.809052435590062360e-02	3.167347112366483003e-02
9.675540427310568248e+02	4.115249423147616104e-01	2.297786358778035054e-01	1.023511516614585420e-01	1.033156257524596167e-01	9.295042240498124775e-02	2.822463014215132251e-02	3.174420193337962326e-02
9.723918129447120009e+02	4.111311120661933494e-01	2.296549365088990380e-01	1.025854274231336877e-01	1.033395796318645199e-01	9.300644739529316529e-02	2.835809425624522331e-02	3.181401280536647058e-02
9.772295831583674044e+02	4.107413329429096538e-01	2.295321696734050343e-01	1.028183136713759355e-01	1.033623626987296429e-01	9.306159837356071940e-02	2.849091831297008437e-02	3.188291441404442900e-02
9.820673533720223531e+02	4.103555525227683964e-01	2.294103293137450261e-01	1.030498214101679827e-01	1.033839985857062799e-01	9.311588697035658169e-02	2.862310396043782346e-02	3.195091732381344363e-02
9.869051235856777566e+02	4.099737191911810852e-01	2.292894093434274527e-01	1.032799615189746723e-01	1.034045105275442217e-01	9.316932463710568546e-02	2.875465287903151632e-02	3.201803198973092457e-02
9.917428937993331601e+02	4.095957821262855014e-01	2.291694036509405175e-01	1.035087447543915490e-01	1.034239213670519186e-01	9.322192264974875353e-02	2.888556678037459968e-02	3.208426875820272195e-02
9.965806640129884499e+02	4.092216912844576227e-01	2.290503061034546706e-01	1.037361817517779145e-01	1.034422535609859084e-01	9.327369211230999990e-02	2.901584740632198733e-02	3.214963786768749998e-02
