3.096172936739380930e+02	5.514026413639645519e-01	2.493068689209121391e-01	5.049515806797795492e-02	7.045139612306396126e-02	6.594822163039544549e-02	4.352153560909463072e-03	7.940006500899321473e-03
3.144550638875934396e+02	5.490098004605342696e-01	2.494146651961206274e-01	5.108315393462253828e-02	7.111445537015703700e-02	6.646543115869170404e-02	4.552054493304406695e-03	8.256885554692313181e-03
3.192928341012487294e+02	5.466598152356840767e-01	2.495057090305380920e-01	5.166740769009185719e-02	7.176738096683059343e-02	6.697232662798212333e-02	4.752202842974709643e-03	8.571603774021474206e-03
3.241306043149040192e+02	5.443516453796088950e-01	2.495807729461865798e-01	5.224790401391655320e-02	7.241025296678892109e-02	6.746916571596985046e-02	4.952575088221832476e-03	8.884130057430361313e-03
3.289683745285592522e+02	5.420842821344297180e-01	2.496405978958705918e-01	5.282463030304188761e-02	7.304315381021853071e-02	6.795619847803491265e-02	5.153148010268105567e-03	9.194435536259225328e-03
3.338061447422145420e+02	5.398567472031677861e-01	2.496858945190086887e-01	5.339757652819847322e-02	7.366616813757927151e-02	6.843366759257590859e-02	5.353898700281381658e-03	9.502493487311414189e-03
3.386439149558698318e+02	5.376680916989859949e-01	2.497173443479031030e-01	5.396673509663563878e-02	7.427938261225230931e-02	6.890180859811116665e-02	5.554804565683333500e-03	9.808279248551304147e-03
3.434816851695251216e+02	5.355173951331675397e-01	2.497356009663969645e-01	5.453210072095295013e-02	7.488288575167086070e-02	6.936085012242373948e-02	5.755843335779167562e-03	1.011177013773161860e-02
3.483194553831804114e+02	5.334037644403585299e-01	2.497412911227922805e-01	5.509367029377611885e-02	7.547676776657469278e-02	6.981101410402489049e-02	5.956993066744806567e-03	1.041294537385144790e-02
3.531572255968357013e+02	5.313263330396604811e-01	2.497350157988285357e-01	5.565144276803368761e-02	7.606112040804390018e-02	7.025251600620067982e-02	6.158232146006015900e-03	1.071178600134959323e-02
3.579949958104909342e+02	5.292842599302092221e-01	2.497173512364504189e-01	5.620541904260096394e-02	7.663603682198169564e-02	7.068556502389726492e-02	6.359539296042365092e-03	1.100827481694106880e-02
3.628327660241463377e+02	5.272767288199350366e-01	2.496888499240261516e-01	5.675560185308670125e-02	7.720161141072889865e-02	7.111036428369117701e-02	6.560893577647437629e-03	1.130239629900770502e-02
3.676705362378016275e+02	5.253029472862423832e-01	2.496500415436121445e-01	5.730199566754767132e-02	7.775793970150621237e-02	7.152711103708263296e-02	6.762274392675294600e-03	1.159413653945679835e-02
3.725083064514568036e+02	5.233621459674023813e-01	2.496014338807967248e-01	5.784460658692444635e-02	7.830511822139236966e-02	7.193599684734096333e-02	6.963661486301804711e-03	1.188348317796461030e-02
3.773460766651120935e+02	5.214535777834919950e-01	2.495435136985963143e-01	5.838344225000044463e-02	7.884324437855821932e-02	7.233720777012384029e-02	7.165034948828185105e-03	1.217042533852437554e-02
3.821838468787673833e+02	5.195765171857643638e-01	2.494767475768188136e-01	5.891851174269418373e-02	7.937241634948839775e-02	7.273092452808369024e-02	7.366375217052805943e-03	1.245495356822111030e-02
3.870216170924226162e+02	5.177302594333728081e-01	2.494015827182536615e-01	5.944982551150238687e-02	7.989273297193276446e-02	7.311732267966750132e-02	7.567663075236146820e-03	1.273705977815817354e-02
3.918593873060780197e+02	5.159141198964146691e-01	2.493184477229944407e-01	5.997739528091910327e-02	8.040429364334070184e-02	7.349657278230876944e-02	7.768879655682626485e-03	1.301673718646302776e-02
3.966971575197332527e+02	5.141274333843022237e-01	2.492277533321491934e-01	6.050123397466289354e-02	8.090719822454142673e-02	7.386884055020358220e-02	7.970006438961937945e-03	1.329398026330209578e-02
4.015349277333884856e+02	5.123695534985017730e-01	2.491298931421433438e-01	6.102135564055131967e-02	8.140154694844266292e-02	7.423428700685590076e-02	8.171025253791468906e-03	1.356878467783694323e-02
4.063726979470438323e+02	5.106398520087241932e-01	2.490252442907734676e-01	6.153777537886808563e-02	8.188744033353004270e-02	7.459306863257098019e-02	8.371918276600368372e-03	1.384114724705629365e-02
4.112104681606991221e+02	5.089377182516812148e-01	2.489141681161246566e-01	6.205050927407488454e-02	8.236497910195800243e-02	7.494533750706904029e-02	8.572668030794882571e-03	1.411106588642060955e-02
4.160482383743544119e+02	5.072625585515585511e-01	2.487970107894197092e-01	6.255957432972575338e-02	8.283426410203170720e-02	7.529124144738591484e-02	8.773257385743622391e-03	1.437853956225804315e-02
4.208860085880095880e+02	5.056137956613858675e-01	2.486741039228277106e-01	6.306498840644769732e-02	8.329539623488770028e-02	7.563092414122102314e-02	8.973669555500591796e-03	1.464356824585265511e-02
4.257237788016648778e+02	5.039908682245211047e-01	2.485457651532177181e-01	6.356677016285684767e-02	8.374847638518900794e-02	7.596452527588794246e-02	9.173888097282903789e-03	1.490615286916773322e-02
4.305615490153201677e+02	5.023932302554894314e-01	2.484122987028059004e-01	6.406493899928472624e-02	8.419360535565781345e-02	7.629218066301698964e-02	9.373896909719344611e-03	1.516629528214902094e-02
4.353993192289755143e+02	5.008203506394529603e-01	2.482739959176057942e-01	6.455951500419443434e-02	8.463088380527616916e-02	7.661402235915423797e-02	9.573680230885152354e-03	1.542399821155444536e-02
4.402370894426308041e+02	4.992717126496092894e-01	2.481311357845572829e-01	6.505051890317142815e-02	8.506041219099233497e-02	7.693017878239648277e-02	9.773222636137661457e-03	1.567926522125875563e-02
4.450748596562860939e+02	4.977468134818484602e-01	2.479839854281733202e-01	6.553797201037826758e-02	8.548229071277677060e-02	7.724077482519640936e-02	9.972509035766697824e-03	1.593210067398323493e-02
4.499126298699413837e+02	4.962451638060211279e-01	2.478328005875128637e-01	6.602189618236728452e-02	8.589661926187855401e-02	7.754593196346809547e-02	1.017152467247299866e-02	1.618250969440223480e-02
4.547504000835967304e+02	4.947662873331952205e-01	2.476778260742546756e-01	6.650231377414930756e-02	8.630349737213877104e-02	7.784576836211799800e-02	1.037025511868724936e-02	1.643049813358000294e-02
4.595881702972519065e+02	4.933097203983040635e-01	2.475192962126170904e-01	6.697924759742129863e-02	8.670302417422390273e-02	7.814039897712241056e-02	1.056868627374169325e-02	1.667607253469272424e-02
4.644259405109071963e+02	4.918750115576107085e-01	2.473574352618398420e-01	6.745272088085899065e-02	8.709529835264734343e-02	7.842993565426831237e-02	1.076680436090572505e-02	1.691924009999227693e-02
4.692637107245624861e+02	4.904617212004340754e-01	2.471924578219150681e-01	6.792275723238501428e-02	8.748041810545303942e-02	7.871448722467014325e-02	1.096459592429624950e-02	1.716000865896963670e-02
4.741014809382177759e+02	4.890694211746061115e-01	2.470245692232280743e-01	6.838938060332665214e-02	8.785848110644034481e-02	7.899415959717168145e-02	1.116204782567311107e-02	1.739838663767723920e-02
4.789392511518730657e+02	4.876976944251477653e-01	2.468539659007426001e-01	6.885261525438063357e-02	8.822958446981425673e-02	7.926905584773762115e-02	1.135914724112931616e-02	1.763438302917101630e-02
4.837770213655284124e+02	4.863461346456713352e-01	2.466808357533399332e-01	6.931248572330599156e-02	8.859382471714989660e-02	7.953927630593671250e-02	1.155588165768532856e-02	1.786800736503410883e-02
4.886147915791837022e+02	4.850143459420356296e-01	2.465053584888975968e-01	6.976901679426930625e-02	8.895129774656493349e-02	7.980491863861420565e-02	1.175223886979621241e-02	1.809926968794552463e-02
4.934525617928388783e+02	4.837019425077993540e-01	2.463277059556701343e-01	7.022223346876967087e-02	8.930209880399798961e-02	8.006607793084809244e-02	1.194820697577994410e-02	1.832818052525823915e-02
4.982903320064942250e+02	4.824085483110340800e-01	2.461480424605123896e-01	7.067216093807375532e-02	8.964632245649530040e-02	8.032284676428071146e-02	1.214377437417480006e-02	1.855475086355241887e-02
5.031281022201495148e+02	4.811337967920753522e-01	2.459665250744644260e-01	7.111882455709432616e-02	8.998406256741203757e-02	8.057531529291341033e-02	1.233892976003331428e-02	1.877899212413062374e-02
5.079658724338048046e+02	4.798773305718069815e-01	2.457833039261970443e-01	7.156224981964816323e-02	9.031541227343868605e-02	8.082357131644989090e-02	1.253366212115985742e-02	1.900091613942289648e-02
5.128036426474600376e+02	4.786388011700890011e-01	2.455985224837964331e-01	7.200246233503229676e-02	9.064046396336643274e-02	8.106770035126999174e-02	1.272796073429860106e-02	1.922053513027076679e-02
5.176414128611153274e+02	4.774178687339533655e-01	2.454123178253491411e-01	7.243948780585950098e-02	9.095930925850957693e-02	8.130778569911358000e-02	1.292181516127815892e-02	1.943786168406017728e-02
5.224791830747705035e+02	4.762142017752076240e-01	2.452248208987686529e-01	7.287335200709707528e-02	9.127203899470585913e-02	8.154390851355086678e-02	1.311521524511896283e-02	1.965290873367442348e-02
5.273169532884259070e+02	4.750274769170990119e-01	2.450361567712886768e-01	7.330408076625490044e-02	9.157874320581936567e-02	8.177614786431347538e-02	1.330815110610901637e-02	1.986568953723907155e-02
5.321547235020811968e+02	4.738573786497048967e-01	2.448464448690313155e-01	7.373169994467090871e-02	9.187951110867378923e-02	8.200458079955742774e-02	1.350061313785339522e-02	2.007621765863178837e-02
5.369924937157364866e+02	4.727035990937293319e-01	2.446557992070417520e-01	7.415623541984472933e-02	9.217443108934676721e-02	8.222928240612728534e-02	1.369259200330257865e-02	2.028450694873097995e-02
5.418302639293917764e+02	4.715658377723960792e-01	2.444643286101663426e-01	7.457771306877190864e-02	9.246359069075890669e-02	8.245032586788796081e-02	1.388407863076435676e-02	2.049057152737787657e-02
5.466680341430470662e+02	4.704438013911404481e-01	2.442721369251353858e-01	7.499615875223317185e-02	9.274707660149439370e-02	8.266778252218852374e-02	1.407506420990384428e-02	2.069442576602768466e-02
5.515058043567023560e+02	4.693372036248149581e-01	2.440793232241985911e-01	7.541159829999549702e-02	9.302497464579199959e-02	8.288172191452033988e-02	1.426554018773583399e-02	2.089608427106614402e-02
5.563435745703576458e+02	4.682457649121334886e-01	2.438859820006466228e-01	7.582405749688295171e-02	9.329736977464876679e-02	8.309221185142941224e-02	1.445549826461348629e-02	2.109556186776865433e-02
5.611813447840129356e+02	4.671692122570880179e-01	2.436922033565394330e-01	7.623356206967754622e-02	9.356434605798037707e-02	8.329931845174101679e-02	1.464493039021711948e-02	2.129287358487990528e-02
5.660191149976681118e+02	4.661072790370849872e-01	2.434980731829495815e-01	7.664013767481181461e-02	9.382598667778521695e-02	8.350310619615249064e-02	1.483382875954661860e-02	2.148803463979265943e-02
5.708568852113234016e+02	4.650597048175552084e-01	2.433036733330163071e-01	7.704380988681641673e-02	9.408237392226093121e-02	8.370363797524858762e-02	1.502218580892080921e-02	2.168106042430503755e-02
5.756946554249786914e+02	4.640262351728015044e-01	2.431090817880946220e-01	7.744460418748778940e-02	9.433358918082491995e-02	8.390097513599126255e-02	1.520999421198687696e-02	2.187196649093641268e-02
5.805324256386339812e+02	4.630066215128572082e-01	2.429143728172721839e-01	7.784254595574213731e-02	9.457971293999188622e-02	8.409517752673462132e-02	1.539724687574277849e-02	2.206076853978258465e-02
5.853701958522892710e+02	4.620006209161380828e-01	2.427196171305169292e-01	7.823766045812366454e-02	9.482082478006398363e-02	8.428630354081373399e-02	1.558393693657534988e-02	2.224748240589162832e-02
5.902079660659445608e+02	4.610079959676761097e-01	2.425248820257066007e-01	7.862997283993619635e-02	9.505700337259087584e-02	8.447441015875449544e-02	1.577005775631669035e-02	2.243212404714238842e-02
5.950457362795999643e+02	4.600285146027340843e-01	2.423302315297828358e-01	7.901950811696871468e-02	9.528832647855858817e-02	8.465955298914973337e-02	1.595560291832119268e-02	2.261470953260822161e-02
5.998835064932552541e+02	4.590619499556057304e-01	2.421357265342618248e-01	7.940629116778663565e-02	9.551487094726850147e-02	8.484178630824608380e-02	1.614056622356542861e-02	2.279525503138915554e-02
6.047212767069104302e+02	4.581080802134149810e-01	2.419414249253252214e-01	7.979034672656180882e-02	9.573671271586881026e-02	8.502116309828343377e-02	1.632494168677300905e-02	2.297377680189615495e-02
6.095590469205657200e+02	4.571666884747330739e-01	2.417473817087056054e-01	8.017169937641518973e-02	9.595392680950294573e-02	8.519773508462853695e-02	1.650872353256628913e-02	2.315029118157184082e-02
6.143968171342210098e+02	4.562375626128409856e-01	2.415536491295726673e-01	8.055037354324778853e-02	9.616658734204075465e-02	8.537155277174213186e-02	1.669190619164673262e-02	2.332481457703239336e-02
6.192345873478761860e+02	4.553204951434703385e-01	2.413602767876180111e-01	8.092639349003591387e-02	9.637476751735972458e-02	8.554266547801790688e-02	1.687448429700559582e-02	2.349736345461597709e-02
6.240723575615315895e+02	4.544152830968608003e-01	2.411673117475288397e-01	8.129978331156811899e-02	9.657853963114534923e-02	8.571112136953049077e-02	1.705645268016645413e-02	2.366795433132347359e-02
6.289101277751868793e+02	4.535217278939811525e-01	2.409747986450328783e-01	8.167056692960232567e-02	9.677797507318050552e-02	8.587696749272794028e-02	1.723780636746095538e-02	2.383660376613780385e-02
6.337478979888421691e+02	4.526396352267640366e-01	2.407827797886903654e-01	8.203876808842221202e-02	9.697314433009562862e-02	8.604024980610354423e-02	1.741854057633914279e-02	2.400332835170856244e-02
6.385856682024975726e+02	4.517688149422118271e-01	2.405912952576013397e-01	8.240441035077307463e-02	9.716411698855241530e-02	8.620101321088023683e-02	1.759865071171553066e-02	2.416814470638913026e-02
6.434234384161527487e+02	4.509090809302345182e-01	2.404003829951901483e-01	8.276751709415824942e-02	9.735096173883503456e-02	8.635930158073978902e-02	1.777813236235195951e-02	2.433106946661386244e-02
6.482612086298080385e+02	4.500602510150887303e-01	2.402100788992229397e-01	8.312811150747788369e-02	9.753374637882417098e-02	8.651515779062815548e-02	1.795698129727832035e-02	2.449211927960340263e-02
6.530989788434633283e+02	4.492221468502885506e-01	2.400204169082069128e-01	8.348621658799272593e-02	9.771253781833008634e-02	8.666862374466691166e-02	1.813519346225195283e-02	2.465131079638648720e-02
6.579367490571185044e+02	4.483945938168655831e-01	2.398314290843155394e-01	8.384185513859640504e-02	9.788740208376225937e-02	8.681974040320006303e-02	1.831276497625661248e-02	2.480866066512709897e-02
6.627745192707737942e+02	4.475774209248605251e-01	2.396431456929770665e-01	8.419504976538015606e-02	9.805840432311394017e-02	8.696854780900417636e-02	1.848969212804165915e-02	2.496418552474609365e-02
6.676122894844290840e+02	4.467704607179305287e-01	2.394555952792586651e-01	8.454582287547512953e-02	9.822560881124095533e-02	8.711508511268928334e-02	1.866597137270218504e-02	2.511790199882689076e-02
6.724500596980843738e+02	4.459735491809649344e-01	2.392688047411735963e-01	8.489419667515743506e-02	9.838907895541534887e-02	8.725939059731663283e-02	1.884159932830060599e-02	2.526982668979508434e-02
6.772878299117396637e+02	4.451865256506014612e-01	2.390827994000334911e-01	8.524019316820244385e-02	9.854887730113499889e-02	8.740150170225874371e-02	1.901657277253027134e-02	2.541997617336222426e-02
6.821256001253949535e+02	4.444092327285424915e-01	2.388976030679628992e-01	8.558383415447476383e-02	9.870506553817126605e-02	8.754145504632643293e-02	1.919088863942148421e-02	2.556836699322431739e-02
6.869633703390502433e+02	4.436415161975727495e-01	2.387132381126888803e-01	8.592514122874153615e-02	9.885770450683785404e-02	8.767928645018635558e-02	1.936454401609035564e-02	2.571501565600592745e-02
6.918011405527055331e+02	4.428832249401843946e-01	2.385297255197138810e-01	8.626413577969679891e-02	9.900685420446454776e-02	8.781503095809219117e-02	1.953753613953076312e-02	2.585993862644105426e-02
6.966389107663608229e+02	4.421342108597185461e-01	2.383470849519759016e-01	8.660083898918549683e-02	9.915257379206020294e-02	8.794872285895154185e-02	1.970986239344973967e-02	2.600315232278224697e-02
7.014766809800161127e+02	4.413943288039354207e-01	2.381653348070953968e-01	8.693527183161592342e-02	9.929492160115069299e-02	8.808039570674998375e-02	1.988152030514643218e-02	2.614467311242976363e-02
7.063144511936714025e+02	4.406634364909296497e-01	2.379844922723057254e-01	8.726745507355040954e-02	9.943395514077721375e-02	8.821008234035306039e-02	2.005250754243483383e-02	2.628451730777277284e-02
7.111522214073266923e+02	4.399413944373079532e-01	2.378045733771581016e-01	8.759740927346386374e-02	9.956973110464212295e-02	8.833781490270621595e-02	2.022282191061039111e-02	2.642270116223491283e-02
7.159899916209819821e+02	4.392280658885536759e-01	2.376255930440905328e-01	8.792515478166085252e-02	9.970230537838917217e-02	8.846362485945200027e-02	2.039246134946055833e-02	2.655924086651679367e-02
7.208277618346371582e+02	4.385233167514995256e-01	2.374475651369451212e-01	8.825071174034188060e-02	9.983173304700625195e-02	8.858754301698325284e-02	2.056142393031932039e-02	2.669415254502825741e-02
7.256655320482924481e+02	4.378270155288390697e-01	2.372705025075155516e-01	8.857410008381019773e-02	9.995806840233915913e-02	8.870959953995058433e-02	2.072970785316564923e-02	2.682745225250340523e-02
7.305033022619478515e+02	4.371390332556052138e-01	2.370944170402031481e-01	8.889533953881101347e-02	1.000813649507052566e-01	8.882982396824133653e-02	2.089731144376590077e-02	2.695915597079177536e-02
7.353410724756030277e+02	4.364592434375489383e-01	2.369193196948569391e-01	8.921444962499468223e-02	1.002016754205968391e-01	8.894824523344711797e-02	2.106423315085999629e-02	2.708927960581910058e-02
7.401788426892584312e+02	4.357875219913536768e-01	2.367452205478697558e-01	8.953144965549690582e-02	1.003190517704640600e-01	8.906489167483640224e-02	2.123047154339134310e-02	2.721783898471144547e-02
7.450166129029136073e+02	4.351237471866225004e-01	2.365721288316000870e-01	8.984635873762820968e-02	1.004335451965683024e-01	8.917979105484760693e-02	2.139602530778028991e-02	2.734484985307664498e-02
7.498543831165690108e+02	4.344677995895779299e-01	2.364000529721862753e-01	9.015919577366604543e-02	1.005452061408967923e-01	8.929297057411848815e-02	2.156089324524096060e-02	2.747032787243719812e-02
7.546921533302243006e+02	4.338195620084169257e-01	2.362290006258171426e-01	9.046997946174299698e-02	1.006540842991302254e-01	8.940445688606614427e-02	2.172507426914127224e-02	2.759428861780897219e-02
7.595299235438793630e+02	4.331789194402643761e-01	2.360589787135208284e-01	9.077872829682467892e-02	1.007602286286552046e-01	8.951427611103233983e-02	2.188856740240590487e-02	2.771674757542029466e-02
7.643676937575347665e+02	4.325457590196720714e-01	2.358899934545305166e-01	9.108546057177151212e-02	1.008636873566138847e-01	8.962245385000762454e-02	2.205137177496194548e-02	2.783772014056608290e-02
7.692054639711900563e+02	4.319199699686104288e-01	2.357220503982840332e-01	9.139019437847858973e-02	1.009645079879837176e-01	8.972901519794786174e-02	2.221348662122700490e-02	2.795722161559201224e-02
7.740432341848452324e+02	4.313014435479037290e-01	2.355551544551120757e-01	9.169294760908829056e-02	1.010627373136802898e-01	8.983398475669612804e-02	2.237491127763941573e-02	2.807526720800372286e-02
7.788810043985006359e+02	4.306900730100602925e-01	2.353893099256669785e-01	9.199373795727057435e-02	1.011584214186768554e-01	8.993738664752229384e-02	2.253564518023027513e-02	2.819187202869636449e-02
7.837187746121558121e+02	4.300857535534510778e-01	2.352245205291428609e-01	9.229258291956582427e-02	1.012516056901344719e-01	9.003924452329251094e-02	2.269568786223699272e-02	2.830705109029988190e-02
7.885565448258112156e+02	4.294883822777924021e-01	2.350607894303347045e-01	9.258949979678587905e-02	1.013423348255367840e-01	9.013958158028037571e-02	2.285503895175795136e-02	2.842081930563557582e-02
7.933943150394665054e+02	4.288978581408888213e-01	2.348981192655835992e-01	9.288450569546856384e-02	1.014306528408241148e-01	9.023842056963092551e-02	2.301369816944799640e-02	2.853319148627967913e-02
7.982320852531219089e+02	4.283140819165954793e-01	2.347365121676522060e-01	9.317761752938172326e-02	1.015166030785216444e-01	9.033578380848854283e-02	2.317166532625430930e-02	2.864418234122984713e-02
8.030698554667769713e+02	4.277369561539592913e-01	2.345759697895731521e-01	9.346885202107252377e-02	1.016002282158566944e-01	9.043169319079930046e-02	2.332894032119232214e-02	2.875380647567047504e-02
8.079076256804323748e+02	4.271663851375004373e-01	2.344164933275118823e-01	9.375822570345850038e-02	1.016815702728606080e-01	9.052617019779800323e-02	2.348552313916126358e-02	2.886207838983308530e-02
8.127453958940876646e+02	4.266022748485968075e-01	2.342580835426829322e-01	9.404575492145647586e-02	1.017606706204507994e-01	9.061923590818989072e-02	2.364141384879893740e-02	2.896901247794799253e-02
8.175831661077428407e+02	4.260445329279353710e-01	2.341007407823580411e-01	9.433145583364599407e-02	1.018375699884889879e-01	9.071091100803645169e-02	2.379661260037531714e-02	2.907462302728366574e-02
8.224209363213982442e+02	4.254930686389964412e-01	2.339444650000020165e-01	9.461534441396418638e-02	1.019123084738115248e-01	9.080121580035480089e-02	2.395111962372449901e-02	2.917892421727032864e-02
8.272587065350534203e+02	4.249477928325367526e-01	2.337892557745715194e-01	9.489743645342862965e-02	1.019849255482284528e-01	9.089017021443943078e-02	2.410493522621463131e-02	2.928193011870442244e-02
8.320964767487085965e+02	4.244086179120386548e-01	2.336351123290105747e-01	9.517774756188565610e-02	1.020554600664877604e-01	9.097779381491508111e-02	2.425805979075535551e-02	2.938365469303070784e-02
8.369342469623640000e+02	4.238754578000962780e-01	2.334820335479745324e-01	9.545629316978097856e-02	1.021239502742015831e-01	9.106410581052920561e-02	2.441049377384230459e-02	2.948411179169886306e-02
8.417720171760191761e+02	4.233482279057063091e-01	2.333300179948138431e-01	9.573308852995029983e-02	1.021904338157314518e-01	9.114912506269194636e-02	2.456223770363823861e-02	2.958331515559156286e-02
8.466097873896745796e+02	4.228268450924362876e-01	2.331790639278473187e-01	9.600814871942713047e-02	1.022549477420297837e-01	9.123287009377172019e-02	2.471329217809032502e-02	2.968127841452115542e-02
8.514475576033297557e+02	4.223112276474408344e-01	2.330291693159532440e-01	9.628148864126571949e-02	1.023175285184348693e-01	9.131535909515386962e-02	2.486365786308312315e-02	2.977801508679204720e-02
8.562853278169851592e+02	4.218012952513012226e-01	2.328803318535059841e-01	9.655312302637661381e-02	1.023782120324170375e-01	9.139660993506978914e-02	2.501333549062683542e-02	2.987353857882616912e-02
8.611230980306403353e+02	4.212969689486600333e-01	2.327325489746842335e-01	9.682306643537293145e-02	1.024370336012737498e-01	9.147664016620360439e-02	2.516232585708030878e-02	2.996786218484883899e-02
8.659608682442956251e+02	4.207981711196266406e-01	2.325858178671763310e-01	9.709133326042519718e-02	1.024940279797712794e-01	9.155546703308338474e-02	2.531062982140835568e-02	3.006099908663252898e-02
8.707986384579510286e+02	4.203048254519301530e-01	2.324401354853068702e-01	9.735793772712300620e-02	1.025492293677312539e-01	9.163310747926338429e-02	2.545824830347293705e-02	3.015296235329606098e-02
8.756364086716062047e+02	4.198168569137956108e-01	2.322954985626078106e-01	9.762289389634151715e-02	1.026026714175601456e-01	9.170957815430404170e-02	2.560518228235767260e-02	3.024376494115689484e-02
8.804741788852616082e+02	4.193341917275205666e-01	2.321519036238567091e-01	9.788621566611131752e-02	1.026543872417198938e-01	9.178489542055569272e-02	2.575143279472530411e-02	3.033341969363423721e-02
8.853119490989170117e+02	4.188567573437316782e-01	2.320093469966032773e-01	9.814791677348992660e-02	1.027044094201383512e-01	9.185907535975218474e-02	2.589700093320754931e-02	3.042193934120077103e-02
8.901497193125721878e+02	4.183844824162989973e-01	2.318678248222053595e-01	9.840801079643350657e-02	1.027527700075578504e-01	9.193213377942022202e-02	2.604188784482694766e-02	3.050933650138088621e-02
8.949874895262273640e+02	4.179172967778883585e-01	2.317273330663935926e-01	9.866651115566729691e-02	1.027995005408208207e-01	9.200408621911015938e-02	2.618609472945017738e-02	3.059562367879337802e-02
8.998252597398827675e+02	4.174551314161324966e-01	2.315878675293840394e-01	9.892343111655360621e-02	1.028446320460910113e-01	9.207494795645355945e-02	2.632962283827240332e-02	3.068081326523662555e-02
9.046630299535379436e+02	4.169979184504013503e-01	2.314494238555574734e-01	9.917878379095590446e-02	1.028881950460094757e-01	9.214473401305300904e-02	2.647247347233216974e-02	3.076491753981436608e-02
9.095008001671932334e+02	4.165455911091538455e-01	2.313119975427220532e-01	9.943258213909797472e-02	1.029302195667840952e-01	9.221345916020917688e-02	2.661464798105639754e-02	3.084794866910022665e-02
9.143385703808486369e+02	4.160980837078535055e-01	2.311755839509768429e-01	9.968483897141711125e-02	1.029707351452119057e-01	9.228113792449016417e-02	2.675614776083499319e-02	3.092991870733925383e-02
9.191763405945038130e+02	4.156553316274307353e-01	2.310401783111922513e-01	9.993556695041010129e-02	1.030097708356333963e-01	9.234778459314794963e-02	2.689697425362462535e-02	3.101083959668470696e-02
9.240141108081592165e+02	4.152172712932755139e-01	2.309057757331228478e-01	1.001847785924711853e-01	1.030473552168179596e-01	9.241341321938655040e-02	2.703712894558120763e-02	3.109072316746852582e-02
9.288518810218145063e+02	4.147838401547445653e-01	2.307723712131673488e-01	1.004324862697211079e-01	1.030835163987799397e-01	9.247803762748638134e-02	2.717661336572061576e-02	3.116958113850380740e-02
9.336896512354697961e+02	4.143549766651677402e-01	2.306399596417903763e-01	1.006787022118264263e-01	1.031182820295248603e-01	9.254167141778929517e-02	2.731542908460720884e-02	3.124742511741786244e-02
9.385274214491247449e+02	4.139306202623386777e-01	2.305085358106196414e-01	1.009234385078080498e-01	1.031516793017250577e-01	9.260432797154836970e-02	2.745357771306968300e-02	3.132426660101428340e-02
9.433651916627801484e+02	4.135107113494757014e-01	2.303780944192315716e-01	1.011667071078387742e-01	1.031837349593244801e-01	9.266602045564670265e-02	2.759106090094384095e-02	3.140011697566266052e-02
9.482029618764355519e+02	4.130951912766390177e-01	2.302486300816383724e-01	1.014085198250285619e-01	1.032144753040725033e-01	9.272676182718891935e-02	2.772788033584176748e-02	3.147498751771458242e-02
9.530407320900908417e+02	4.126840023225907261e-01	2.301201373324884003e-01	1.016488883371973878e-01	1.032439262019860526e-01	9.278656483796961230e-02	2.786403774194705710e-02	3.154888939394454722e-02
9.578785023037459041e+02	4.122770876770849302e-01	2.299926106329916453e-01	1.018878241886348596e-01	1.032721130897401862e-01	9.284544203882194591e-02	2.799953487883559411e-02	3.162183366201459789e-02
9.627162725174014213e+02	4.118743914235757919e-01	2.298660443765818129e-01	1.021253387918460431e-01	1.032990609809868593e-01	9.290340578385047898e-02	2.813437354032147578e-02	3.169383127096133540e-02
9.675540427310568248e+02	4.114758585223304288e-01	2.297404328943251917e-01	1.023614434292831749e-01	1.033247944726017609e-01	9.296046823455135499e-02	2.826855555332764489e-02	3.176489306170428989e-02
9.723918129447120009e+02	4.110814347939362734e-01	2.296157704600872429e-01	1.025961492550626492e-01	1.033493377508591521e-01	9.301664136382338521e-02	2.840208277678082233e-02	3.183502976757436598e-02
9.772295831583674044e+02	4.106910669031909600e-01	2.294920512954663483e-01	1.028294672966669071e-01	1.033727145975347345e-01	9.307193695987328597e-02	2.853495710053028864e-02	3.190425201486134926e-02
9.820673533720223531e+02	4.103047023433639695e-01	2.293692695745048193e-01	1.030614084566308930e-01	1.033949483959366172e-01	9.312636663001809534e-02	2.866718044429012249e-02	3.197257032337940535e-02
9.869051235856777566e+02	4.099222894208191526e-01	2.292474194281855782e-01	1.032919835142125653e-01	1.034160621368644950e-01	9.317994180438808616e-02	2.879875475660448672e-02	3.203999510704953757e-02
9.917428937993331601e+02	4.095437772399889154e-01	2.291264949487240854e-01	1.035212031270475175e-01	1.034360784244969939e-01	9.323267373953282589e-02	2.892968201383554899e-02	3.210653667449807347e-02
9.965806640129884499e+02	4.091691156886890224e-01	2.290064901936632036e-01	1.037490778327869595e-01	1.034550194822075747e-01	9.328457352193349206e-02	2.905996421917361391e-02	3.217220522967012553e-02
