3.144550638875934396e+02	5.489651130648146582e-01	2.494884155414885119e-01	5.110278827651044964e-02	7.110665283153298766e-02	6.651809810605682771e-02	4.439364270244172857e-03	8.278047624925097964e-03
3.192928341012487294e+02	5.466212256125565494e-01	2.495726097054131731e-01	5.168650306767704622e-02	7.176205369465446515e-02	6.702147194107813122e-02	4.642819534169854469e-03	8.591796160023488019e-03
3.241306043149040192e+02	5.443187040664172471e-01	2.496413673776673448e-01	5.226643686637588715e-02	7.240720104522302414e-02	6.751497316217312805e-02	4.846429082747115771e-03	8.903368114968963215e-03
3.289683745285592522e+02	5.420565667752106354e-01	2.496953942644258295e-01	5.284257971190067793e-02	7.304218882912145994e-02	6.799884349106817549e-02	5.050171176473440895e-03	9.212735467372447709e-03
3.338061447422145420e+02	5.398338610721421515e-01	2.497353677288994267e-01	5.341492406919090552e-02	7.366711261927282040e-02	6.847331763133046589e-02	5.254024335627635427e-03	9.519872259109250084e-03
3.386439149558698318e+02	5.376496622987397833e-01	2.497619378972822934e-01	5.398346469893557098e-02	7.428206946516030529e-02	6.893862349018399505e-02	5.457967348827865231e-03	9.824754516442789354e-03
3.434816851695251216e+02	5.355030728639408322e-01	2.497757287219024569e-01	5.454819853341344449e-02	7.488715774960930105e-02	6.939498239301863936e-02	5.661979280813029224e-03	1.012736017287497146e-02
3.483194553831804114e+02	5.333932213370264908e-01	2.497773390032257124e-01	5.510912455783369829e-02	7.548247705252705830e-02	6.984260929083910274e-02	5.866039479487409822e-03	1.042766899463317722e-02
3.531572255968357013e+02	5.313192615731477941e-01	2.497673433723013869e-01	5.566624369695018920e-02	7.606812802130738516e-02	7.028171296089233411e-02	6.070127582266773673e-03	1.072566250870676460e-02
3.579949958104909342e+02	5.292803718702318028e-01	2.497462932351748044e-01	5.621955870673166211e-02	7.664421224761955309e-02	7.071249620070363395e-02	6.274223521762422109e-03	1.102132393334884913e-02
3.628327660241463377e+02	5.272757541561030603e-01	2.497147176807349989e-01	5.676907407087886104e-02	7.721083215031182556e-02	7.113515601574385561e-02	6.478307530838076610e-03	1.131463811096193074e-02
3.676705362378016275e+02	5.253046332047019984e-01	2.496731243534077993e-01	5.731479590198786112e-02	7.776809086417096895e-02	7.154988380094233491e-02	6.682360147072921586e-03	1.160559144328860218e-02
3.725083064514568036e+02	5.233662558803187093e-01	2.496220002920510606e-01	5.785673184716700473e-02	7.831609213428909755e-02	7.195686551625284089e-02	6.886362216662667880e-03	1.189417182883113419e-02
3.773460766651120935e+02	5.214598904088059150e-01	2.495618127363564698e-01	5.839489099792245785e-02	7.885494021579966817e-02	7.235628185647265120e-02	7.090294897789053627e-03	1.218036860242630373e-02
3.821838468787673833e+02	5.195848256747733762e-01	2.494930099020115921e-01	5.892928380413488265e-02	7.938473977875362686e-02	7.274830841550808391e-02	7.294139663486844290e-03	1.246417247690419228e-02
3.870216170924226162e+02	5.177403705438001769e-01	2.494160217258283019e-01	5.945992199195664768e-02	7.990559581791609189e-02	7.313311584527319720e-02	7.497878304036098736e-03	1.274557548676204938e-02
3.918593873060780197e+02	5.159258532087424021e-01	2.493312605819966443e-01	5.998681848546621315e-02	8.041761356727275545e-02	7.351087000940174920e-02	7.701492928906183630e-03	1.302457093378660453e-02
3.966971575197332527e+02	5.141406205592442547e-01	2.492391219705785699e-01	6.050998733192237966e-02	8.092089841904377689e-02	7.388173213194647315e-02	7.904965968276866581e-03	1.330115333456033735e-02
4.015349277333884856e+02	5.123840375735965180e-01	2.491399851793136278e-01	6.102944363046785420e-02	8.141555584701082315e-02	7.424585894123386653e-02	8.108280174160606771e-03	1.357531836978939643e-02
4.063726979470438323e+02	5.106554867321186908e-01	2.490342139197667393e-01	6.154520346413736714e-02	8.190169133397112722e-02	7.460340280903679511e-02	8.311418621149129632e-03	1.384706283539289401e-02
4.112104681606991221e+02	5.089543674512702065e-01	2.489221569388085364e-01	6.205728383503144457e-02	8.237941030313956914e-02	7.495451188522153640e-02	8.514364706806238497e-03	1.411638459529521682e-02
4.160482383743544119e+02	5.072800955377273491e-01	2.488041486063814201e-01	6.256570260252265758e-02	8.284881805332748594e-02	7.529933022802082210e-02	8.717102151727886342e-03	1.438328253586500932e-02
4.208860085880095880e+02	5.056321026616917846e-01	2.486805094804662164e-01	6.307047842436636076e-02	8.331001969773334237e-02	7.563799793007904004e-02	8.919614999289482080e-03	1.464775652194625841e-02
4.257237788016648778e+02	5.040098358487220542e-01	2.485515468501307002e-01	6.357163070059315690e-02	8.376312010618745807e-02	7.597065124041087192e-02	9.121887615099539409e-03	1.490980735442872657e-02
4.305615490153201677e+02	5.024127569894073497e-01	2.484175552575061952e-01	6.406917952006541128e-02	8.420822385069923199e-02	7.629742268240964631e-02	9.323904686177855033e-03	1.516943672930671540e-02
4.353993192289755143e+02	5.008403423662300957e-01	2.482788169995062966e-01	6.456314560958463511e-02	8.464543515416154962e-02	7.661844116803737115e-02	9.525651219875561765e-03	1.542664719817680649e-02
4.402370894426308041e+02	4.992920821969842327e-01	2.481356026100700884e-01	6.505355028544131113e-02	8.507485784207279023e-02	7.693383210832352437e-02	9.727112542553571078e-03	1.568144213012683669e-02
4.450748596562860939e+02	4.977674801941430194e-01	2.479881713236825880e-01	6.554041540730322357e-02	8.549659529714283279e-02	7.724371752029561555e-02	9.928274298035163342e-03	1.593382567496993973e-02
4.499126298699413837e+02	4.962660531395930441e-01	2.478367715208955324e-01	6.602376333434212263e-02	8.591075041665463541e-02	7.754821613046027073e-02	1.012912244584771894e-02	1.618380272777901127e-02
4.547504000835967304e+02	4.947873304741707279e-01	2.476816411565442022e-01	6.650361688350335532e-02	8.631742557245829228e-02	7.784744347494942929e-02	1.032964325926787746e-02	1.643137889467839036e-02
4.595881702972519065e+02	4.933308539014602534e-01	2.475230081713288566e-01	6.697999928982609208e-02	8.671672257347964874e-02	7.814151199644263357e-02	1.052982332318370441e-02	1.667656045985098021e-02
4.644259405109071963e+02	4.918961770053325577e-01	2.473610908874036007e-01	6.745293416872627512e-02	8.710874263063017597e-02	7.843053113797231191e-02	1.072964953178682200e-02	1.691935435372040122e-02
4.692637107245624861e+02	4.904828648807224023e-01	2.471960983885911622e-01	6.792244548015760608e-02	8.749358632400956737e-02	7.871460743371544444e-02	1.092910908610681374e-02	1.715976812226908260e-02
4.741014809382177759e+02	4.890904937771623495e-01	2.470282308858175735e-01	6.838855749456937416e-02	8.787135357229700072e-02	7.899384459687161519e-02	1.112818949139959476e-02	1.739780989745448592e-02
4.789392511518730657e+02	4.877186507546074634e-01	2.468576800683382477e-01	6.885129476058336750e-02	8.824214360423116021e-02	7.926834360472391483e-02	1.132687855440092130e-02	1.763348836868691358e-02
4.837770213655284124e+02	4.863669333511039805e-01	2.466846294413046203e-01	6.931068207431509420e-02	8.860605493208335848e-02	7.953820278097577245e-02	1.152516438045556729e-02	1.786681275533349295e-02
4.886147915791837022e+02	4.850349492618714620e-01	2.465092546501998216e-01	6.976674445026791183e-02	8.896318532703212378e-02	7.980351787545411635e-02	1.172303537053229379e-02	1.809779278021414473e-02
4.934525617928388783e+02	4.837223160293826485e-01	2.463317237926509196e-01	7.021950709373110666e-02	8.931363179635104510e-02	8.006438214126551656e-02	1.192048021813411039e-02	1.832643864405643711e-02
4.982903320064942250e+02	4.824286607440436692e-01	2.461521977181060639e-01	7.066899537461637792e-02	8.965749056232578951e-02	8.032088640948974179e-02	1.211748790611293092e-02	1.855276100087729571e-02
5.031281022201495148e+02	4.811536197550880800e-01	2.459708303158457121e-01	7.111523480266922215e-02	8.999485704281925957e-02	8.057311916149169362e-02	1.231404770339723440e-02	1.877677093426064966e-02
5.079658724338048046e+02	4.798968383913172486e-01	2.457877687917796039e-01	7.155825100399498817e-02	9.032582583340768856e-02	8.082116659893046062e-02	1.251014916164087595e-02	1.899847993450100650e-02
5.128036426474600376e+02	4.786579706913287047e-01	2.456031539344627757e-01	7.199806969884130214e-02	9.065049069101310808e-02	8.106511271154111242e-02	1.270578211180084342e-02	1.921789987658401380e-02
5.176414128611153274e+02	4.774366791428910073e-01	2.454171203707482540e-01	7.243471668058126811e-02	9.096894451896138378e-02	8.130503934276271660e-02	1.290093666065127327e-02	1.943504299897597792e-02
5.224791830747705035e+02	4.762326344311339499e-01	2.452297968114771354e-01	7.286821779584404246e-02	9.128127935339737375e-02	8.154102625328336906e-02	1.309560318724069597e-02	1.964992188319525726e-02
5.273169532884259070e+02	4.750455151952374666e-01	2.450413062875917147e-01	7.329859892574168423e-02	9.158758635099198409e-02	8.177315118257051652e-02	1.328977233929911315e-02	1.986254943413924903e-02
5.321547235020811968e+02	4.738750077933118754e-01	2.448517663770423680e-01	7.372588596814294570e-02	9.188795577787869928e-02	8.200148990845294861e-02	1.348343502960113773e-02	2.007293886114168771e-02
5.369924937157364866e+02	4.727208060751753593e-01	2.446612894228445134e-01	7.415010482094752664e-02	9.218247699975927467e-02	8.222611630481821421e-02	1.367658243229111746e-02	2.028110365973561507e-02
5.418302639293917764e+02	4.715826111627454131e-01	2.444699827426280447e-01	7.457128136631502313e-02	9.247123847312162248e-02	8.244710239748730130e-02	1.386920597917583146e-02	2.048705759409842619e-02
5.466680341430470662e+02	4.704601312377698630e-01	2.442779488300092783e-01	7.498944145580589693e-02	9.275432773751443594e-02	8.266451841832618552e-02	1.406129735599000868e-02	2.069081468015592298e-02
5.515058043567023560e+02	4.693530813366361132e-01	2.440852855481012718e-01	7.540461089639291514e-02	9.303183140882627378e-02	8.287843285765210399e-02	1.425284849863970443e-02	2.089238916932320209e-02
5.563435745703576458e+02	4.682611831520031020e-01	2.438920863154676599e-01	7.581681543730323103e-02	9.330383517351839573e-02	8.308891251499007924e-02	1.444385158942819262e-02	2.109179553286096021e-02
5.611813447840129356e+02	4.671841648410139936e-01	2.436984402848121345e-01	7.622608075765326119e-02	9.357042378376319303e-02	8.329602254823378904e-02	1.463429905326885279e-02	2.128904844682635161e-02
5.660191149976681118e+02	4.661217608398538492e-01	2.435044325146855926e-01	7.663243245483988830e-02	9.383168105344187604e-02	8.349982652126279603e-02	1.482418355388922387e-02	2.148416277759834098e-02
5.708568852113234016e+02	4.650737116844257391e-01	2.433101441344807381e-01	7.703589603365312843e-02	9.408768985495724602e-02	8.370038645006631917e-02	1.501349799003015226e-02	2.167715356795816770e-02
5.756946554249786914e+02	4.640397638369281874e-01	2.431156525029750659e-01	7.743649689607658149e-02	9.433853211681918205e-02	8.389776284742259116e-02	1.520223549164377921e-02	2.186803602370602714e-02
5.805324256386339812e+02	4.630196695181235667e-01	2.429210313606716132e-01	7.783426033174406511e-02	9.458428882196213972e-02	8.409201476618038962e-02	1.539038941609383385e-02	2.205682550079583054e-02
5.853701958522892710e+02	4.620131865450955444e-01	2.427263509761780624e-01	7.822921150902135967e-02	9.482504000675603950e-02	8.428319984118846919e-02	1.557795334436150661e-02	2.224353749297047073e-02
5.902079660659445608e+02	4.610200781743012954e-01	2.425316782868555676e-01	7.862137546668383770e-02	9.506086476067339419e-02	8.447137432991681794e-02	1.576492107725999819e-02	2.242818761988054840e-02
5.950457362795999643e+02	4.600401129497306285e-01	2.423370770339590141e-01	7.901077710616190297e-02	9.529184122657705092e-02	8.465659315181213451e-02	1.595128663166062166e-02	2.261079161567010332e-02
5.998835064932552541e+02	4.590730645559916168e-01	2.421426078924828751e-01	7.939744118432713604e-02	9.551804660159456117e-02	8.483890992642867390e-02	1.613704423673315708e-02	2.279136531801346024e-02
6.047212767069104302e+02	4.581187116761488709e-01	2.419483285959174168e-01	7.978139230679351379e-02	9.573955713854685745e-02	8.501837701037408268e-02	1.632218833020298784e-02	2.296992465758774388e-02
6.095590469205657200e+02	4.571768378541472555e-01	2.417542940561132059e-01	8.016265492170875084e-02	9.595644814789996979e-02	8.519504553310866535e-02	1.650671355462739187e-02	2.314648564796622718e-02
6.143968171342210098e+02	4.562472313616593445e-01	2.415605564784431558e-01	8.054125331401240651e-02	9.616879400021012547e-02	8.536896543163517703e-02	1.669061475369318717e-02	2.332106437591806997e-02
6.192345873478761860e+02	4.553296850692011288e-01	2.413671654724452442e-01	8.091721160013798375e-02	9.637666812903387947e-02	8.554018548411497502e-02	1.687388696853776501e-02	2.349367699210051091e-02
6.240723575615315895e+02	4.544239963213668743e-01	2.411741681581205943e-01	8.129055372313714889e-02	9.658014303427597813e-02	8.570875334244526522e-02	1.705652543409546043e-02	2.366433970213008275e-02
6.289101277751868793e+02	4.535299668160385766e-01	2.409816092680562294e-01	8.166130344820576870e-02	9.677929028594915717e-02	8.587471556383088900e-02	1.723852557547099484e-02	2.383306875801975006e-02
6.337478979888421691e+02	4.526474024874307944e-01	2.407895312455338444e-01	8.202948435859143406e-02	9.697418052832099122e-02	8.603811764138319385e-02	1.741988300434166650e-02	2.399988044996943445e-02
6.385856682024975726e+02	4.517761133928374084e-01	2.405979743387813563e-01	8.239511985186392939e-02	9.716488348442400835e-02	8.619900403377719900e-02	1.760059351538979452e-02	2.416479109849766632e-02
6.434234384161527487e+02	4.509159136029515791e-01	2.404069766915161444e-01	8.275823313653006552e-02	9.735146796090674015e-02	8.635741819399742059e-02	1.778065308276681813e-02	2.432781704690263266e-02
6.482612086298080385e+02	4.500666210956341673e-01	2.402165744299244732e-01	8.311884722897583400e-02	9.753400185320362792e-02	8.651340259720174952e-02	1.796005785659035223e-02	2.448897465404117901e-02
6.530989788434633283e+02	4.492280576530112146e-01	2.400268017462157677e-01	8.347698495071907698e-02	9.771255215100362046e-02	8.666699876773158173e-02	1.813880415947536490e-02	2.464828028741472901e-02
6.579367490571185044e+02	4.484000487617851305e-01	2.398376909788844658e-01	8.383266892595668540e-02	9.788718494399735459e-02	8.681824730529562328e-02	1.831688848310060458e-02	2.480575031655149476e-02
6.627745192707737942e+02	4.475824235166483422e-01	2.396492726898072634e-01	8.418592157939149001e-02	9.805796542788444703e-02	8.696718791035398799e-02	1.849430748481121350e-02	2.496140110667461817e-02
6.676122894844290840e+02	4.467750145266927708e-01	2.394615757382993482e-01	8.453676513432376027e-02	9.822495791062263448e-02	8.711385940872806710e-02	1.867105798425846772e-02	2.511524901264626866e-02
6.724500596980843738e+02	4.459776578247114376e-01	2.392746273522473877e-01	8.488522161099397445e-02	9.838822581890192820e-02	8.725829977546099847e-02	1.884713696007744160e-02	2.526731037317809722e-02
6.772878299117396637e+02	4.451901927792929481e-01	2.390884531964331261e-01	8.523131282516314966e-02	9.854783170482725452e-02	8.740054615795284088e-02	1.902254154660330820e-02	2.541760150529864815e-02
6.821256001253949535e+02	4.444124620096131517e-01	2.389030774381568911e-01	8.557506038691814476e-02	9.870383725279402443e-02	8.754063489839331025e-02	1.919726903062696569e-02	2.556613869906874253e-02
6.869633703390502433e+02	4.436443113028318841e-01	2.387185228102658707e-01	8.591648569969005667e-02	9.885630328654188004e-02	8.767860155551480961e-02	1.937131684819056246e-02	2.571293821253610098e-02
6.918011405527055331e+02	4.428855895340049753e-01	2.385348106716885241e-01	8.625560995947373355e-02	9.900528977637243488e-02	8.781448092568733266e-02	1.954468258142338585e-02	2.585801626692075736e-02
6.966389107663608229e+02	4.421361485884266473e-01	2.383519610655718268e-01	8.659245415423742764e-02	9.915085584651744943e-02	8.794830706337605775e-02	1.971736395541863474e-02	2.600138904202312085e-02
7.014766809800161127e+02	4.413958432863192560e-01	2.381699927751146917e-01	8.692703906351234577e-02	9.929305978264460486e-02	8.808011330098214353e-02	1.988935883515138836e-02	2.614307267184675168e-02
7.063144511936714025e+02	4.406645313097905525e-01	2.379889233771877999e-01	8.725938525815141178e-02	9.943195903948878756e-02	8.820993226808618304e-02	2.006066522243816347e-02	2.628308324042829755e-02
7.111522214073266923e+02	4.399420731319820255e-01	2.378087692938252451e-01	8.758951310024812309e-02	9.956761024859703268e-02	8.833779591011338417e-02	2.023128125293824006e-02	2.642143677786710707e-02
7.159899916209819821e+02	4.392283319483341053e-01	2.376295458416716466e-01	8.791744274320593966e-02	9.970006922617619116e-02	8.846373550643868433e-02	2.040120519319707851e-02	2.655814925654748776e-02
7.208277618346371582e+02	4.385231736098966215e-01	2.374512672794638346e-01	8.824319413194961492e-02	9.982939098103271736e-02	8.858778168794977093e-02	2.057043543773189737e-02	2.669323658754664194e-02
7.256655320482924481e+02	4.378264665586160675e-01	2.372739468536242957e-01	8.856678700326996168e-02	9.995562972259455781e-02	8.870996445408498021e-02	2.073897050615959581e-02	2.682671461722162601e-02
7.305033022619478515e+02	4.371380817645333927e-01	2.370975968420392932e-01	8.888824088629404541e-02	1.000788388690055791e-01	8.883031318936278342e-02	2.090680904036705534e-02	2.695859912396890781e-02
7.353410724756030277e+02	4.364578926648279844e-01	2.369222285960932706e-01	8.920757510307328331e-02	1.001990710552835007e-01	8.894885667941891672e-02	2.107394980172390062e-02	2.708890581515024931e-02
7.401788426892584312e+02	4.357857751046461670e-01	2.367478525810267631e-01	8.952480876928202436e-02	1.003163781415328110e-01	8.906562312656668423e-02	2.124039166833766035e-02	2.721765032417892624e-02
7.450166129029136073e+02	4.351216072796557088e-01	2.365744784146839863e-01	8.983996079501979648e-02	1.004308112212042997e-01	8.918064016489547774e-02	2.140613363235131794e-02	2.734484820776040062e-02
7.498543831165690108e+02	4.344652696802676073e-01	2.364021149047123016e-01	9.015304988571037903e-02	1.005424206293935308e-01	8.929393487492209847e-02	2.157117479728318590e-02	2.747051494328187071e-02
7.546921533302243006e+02	4.338166450374706939e-01	2.362307700842744274e-01	9.046409454309166376e-02	1.006512559511711508e-01	8.940553379780886989e-02	2.173551437540895484e-02	2.759466592634523055e-02
7.595299235438793630e+02	4.331756182702256597e-01	2.360604512463314042e-01	9.077311306629014254e-02	1.007573660299374702e-01	8.951546294916232216e-02	2.189915168518583727e-02	2.771731646843813776e-02
7.643676937575347665e+02	4.325420764343672064e-01	2.358911649765520480e-01	9.108012355297422091e-02	1.008607989757953488e-01	8.962374783242532672e-02	2.206208614871857029e-02	2.783848179473815895e-02
7.692054639711900563e+02	4.319159086729643660e-01	2.357229171849026250e-01	9.138514390058107006e-02	1.009616021739347530e-01	8.973041345187592055e-02	2.222431728926713146e-02	2.795817704204502444e-02
7.740432341848452324e+02	4.312970061680913014e-01	2.355557131359682643e-01	9.168819180761163257e-02	1.010598222930230300e-01	8.983548432524454674e-02	2.238584472879594917e-02	2.807641725683625300e-02
7.788810043985006359e+02	4.306852620939623510e-01	2.353895574780560107e-01	9.198928477498903578e-02	1.011555052935954324e-01	8.993898449596217370e-02	2.254666818556433361e-02	2.819321739344156710e-02
7.837187746121558121e+02	4.300805715713877930e-01	2.352244542711267872e-01	9.228844010747552784e-02	1.012486964364407022e-01	9.004093754505061720e-02	2.270678747175789228e-02	2.830859231233160550e-02
7.885565448258112156e+02	4.294828316235054233e-01	2.350604070136023405e-01	9.258567491514355097e-02	1.013394402909762321e-01	9.014136660266608425e-02	2.286620249116062820e-02	2.842255677851671103e-02
7.933943150394665054e+02	4.288919411327485331e-01	2.348974186680909959e-01	9.288100611489664982e-02	1.014277807436086143e-01	9.024029435930716603e-02	2.302491323686744334e-02	2.853512546005155734e-02
7.982320852531219089e+02	4.283078007990092084e-01	2.347354916860750207e-01	9.317445043203619048e-02	1.015137610060748152e-01	9.033774307669735493e-02	2.318291978903668990e-02	2.864631292664169063e-02
8.030698554667769713e+02	4.277303130989587032e-01	2.345746280315995080e-01	9.346602440187003202e-02	1.015974236237597722e-01	9.043373459835242489e-02	2.334022231268248482e-02	2.875613364834803121e-02
8.079076256804323748e+02	4.271593822464878620e-01	2.344148292040028891e-01	9.375574437135943129e-02	1.016788104839864287e-01	9.052829035984237549e-02	2.349682105550638875e-02	2.886460199438562954e-02
8.127453958940876646e+02	4.265949141542310086e-01	2.342560962597256269e-01	9.404362650080089203e-02	1.017579628242747392e-01	9.062143139875752929e-02	2.365271634576811277e-02	2.897173223201308240e-02
8.175831661077428407e+02	4.260368163961401056e-01	2.340984298332341174e-01	9.432968676553936394e-02	1.018349212405657012e-01	9.071317836438788640e-02	2.380790859019487130e-02	2.907753852550903212e-02
8.224209363213982442e+02	4.254849981710737139e-01	2.339418301570938830e-01	9.461394095770997437e-02	1.019097256954074604e-01	9.080355152712461797e-02	2.396239827192898561e-02	2.918203493523244263e-02
8.272587065350534203e+02	4.249393702673708306e-01	2.337862970812259189e-01	9.489640468800500384e-02	1.019824155261002674e-01	9.089257078759231667e-02	2.411618594851337033e-02	2.928523541676336661e-02
8.320964767487085965e+02	4.243998450283762436e-01	2.336318300913778900e-01	9.517709338746366265e-02	1.020530294527973308e-01	9.098025568552042808e-02	2.426927224991444129e-02	2.938715382012102931e-02
8.369342469623640000e+02	4.238663363188890920e-01	2.334784283268413196e-01	9.545602230928157406e-02	1.021216055865590416e-01	9.106662540836168995e-02	2.442165787658208062e-02	2.948780388905617236e-02
8.417720171760191761e+02	4.233387594925045461e-01	2.333260905974442745e-01	9.573320653063784047e-02	1.021881814373576669e-01	9.115169879966562860e-02	2.457334359754621833e-02	2.958719926041478848e-02
8.466097873896745796e+02	4.228170313598210717e-01	2.331748153998479400e-01	9.600866095453691740e-02	1.022527939220306548e-01	9.123549436721448136e-02	2.472433024854959333e-02	2.968535346357030480e-02
8.514475576033297557e+02	4.223010701574863579e-01	2.330246009331746193e-01	9.628240031166343527e-02	1.023154793721798711e-01	9.131803029092892821e-02	2.487461873021626010e-02	2.978227991992150880e-02
8.562853278169851592e+02	4.217907955180552615e-01	2.328754451139936066e-01	9.655443916224740186e-02	1.023762735420149922e-01	9.139932443055072409e-02	2.502421000625541445e-02	2.987799194245360085e-02
8.611230980306403353e+02	4.212861284406352325e-01	2.327273455906898048e-01	9.682479189793802288e-02	1.024352116161390686e-01	9.147939433310908752e-02	2.517310510170004886e-02	2.997250273535974341e-02
8.659608682442956251e+02	4.207869912622943520e-01	2.325802997572398167e-01	9.709347274368432257e-02	1.024923282172744698e-01	9.155825724017728484e-02	2.532130510118008396e-02	3.006582539372067153e-02
8.707986384579510286e+02	4.202933076302090010e-01	2.324343047664185480e-01	9.736049575962030245e-02	1.025476574139275870e-01	9.163593009492621011e-02	2.546881114722938586e-02	3.015797290323995669e-02
8.756364086716062047e+02	4.198050024745278441e-01	2.322893575424590795e-01	9.762587484295343065e-02	1.026012327279908765e-01	9.171242954898076172e-02	2.561562443862633320e-02	3.024895814003264807e-02
8.804741788852616082e+02	4.193220019819306477e-01	2.321454547931872670e-01	9.788962372985464400e-02	1.026530871422806773e-01	9.178777196908530223e-02	2.576174622876741330e-02	3.033879387046500842e-02
8.853119490989170117e+02	4.188442335698607244e-01	2.320025930216516319e-01	9.815175599734818346e-02	1.027032531080097622e-01	9.186197344358394690e-02	2.590717782407340672e-02	3.042749275104324191e-02
8.901497193125721878e+02	4.183716258614106343e-01	2.318607685372686966e-01	9.841228506520020847e-02	1.027517625521932737e-01	9.193504978872125977e-02	2.605192058242769906e-02	3.051506732834910821e-02
8.949874895262273640e+02	4.179041086608407674e-01	2.317199774665030243e-01	9.867122419780448295e-02	1.027986468849870355e-01	9.200701655476892227e-02	2.619597591164624442e-02	3.060153003902042410e-02
8.998252597398827675e+02	4.174416129297126576e-01	2.315802157630999503e-01	9.892858650606407844e-02	1.028439370069574588e-01	9.207788903198356467e-02	2.633934526797875042e-02	3.068689320977451701e-02
9.046630299535379436e+02	4.169840707636178201e-01	2.314414792178890734e-01	9.918438494926785920e-02	1.028876633162818660e-01	9.214768225640100618e-02	2.648203015464057480e-02	3.077116905747276712e-02
9.095008001671932334e+02	4.165314153694849031e-01	2.313037634681755494e-01	9.943863233696059734e-02	1.029298557158788152e-01	9.221641101547167763e-02	2.662403212037493458e-02	3.085436968922442708e-02
9.143385703808486369e+02	4.160835810434475035e-01	2.311670640067351457e-01	9.969134133080581606e-02	1.029705436204674251e-01	9.228408985354216720e-02	2.676535275804490036e-02	3.093650710252796032e-02
9.191763405945038130e+02	4.156405031492558799e-01	2.310313761904290719e-01	9.994252444644008415e-02	1.030097559635553273e-01	9.235073307718753843e-02	2.690599370325476650e-02	3.101759318544827781e-02
9.240141108081592165e+02	4.152021180972170766e-01	2.308966952484537150e-01	1.001921940553182344e-01	1.030475212043546196e-01	9.241635476039877783e-02	2.704595663300033564e-02	3.109763971682817305e-02
9.288518810218145063e+02	4.147683633236475265e-01	2.307630162902395421e-01	1.004403623865483680e-01	1.030838673346254480e-01	9.248096874962999370e-02	2.718524326434762495e-02	3.117665836653244274e-02
9.336896512354697961e+02	4.143391772708229781e-01	2.306303343130132744e-01	1.006870415287160064e-01	1.031188218854467015e-01	9.254458866870923783e-02	2.732385535313956379e-02	3.125466069572317707e-02
9.385274214491247449e+02	4.139144993674115369e-01	2.304986442090367627e-01	1.009322434316965444e-01	1.031524119339136264e-01	9.260722792361740507e-02	2.746179469273027363e-02	3.133165815716475178e-02
9.433651916627801484e+02	4.134942700093757195e-01	2.303679407725352513e-01	1.011759799084554073e-01	1.031846641097621531e-01	9.266889970713884650e-02	2.759906311274639562e-02	3.140766209555712063e-02
9.482029618764355519e+02	4.130784305413295887e-01	2.302382187063275742e-01	1.014182626368352186e-01	1.032156046019195306e-01	9.272961700338776259e-02	2.773566247787508446e-02	3.148268374789606888e-02
9.530407320900908417e+02	4.126669232383384234e-01	2.301094726281701919e-01	1.016591031613294643e-01	1.032452591649813955e-01	9.278939259221406777e-02	2.787159468667821383e-02	3.155673424385908865e-02
9.578785023037459041e+02	4.122596912881476561e-01	2.299816970768261692e-01	1.018985128948419333e-01	1.032736531256150114e-01	9.284823905349205708e-02	2.800686167043234948e-02	3.162982460621565489e-02
9.627162725174014213e+02	4.118566787738292545e-01	2.298548865178705880e-01	1.021365031204317375e-01	1.033008113888887469e-01	9.290616877129577456e-02	2.814146539199402844e-02	3.170196575126068422e-02
9.675540427310568248e+02	4.114578306568332788e-01	2.297290353492424664e-01	1.023730849930431508e-01	1.033267584445277665e-01	9.296319393796419195e-02	2.827540784468997315e-02	3.177316848926994841e-02
9.723918129447120009e+02	4.110630927604335683e-01	2.296041379065536514e-01	1.026082695412199874e-01	1.033515183730960019e-01	9.301932655805943140e-02	2.840869105123175128e-02	3.184344352497639474e-02
9.772295831583674044e+02	4.106724117535558438e-01	2.294801884681641480e-01	1.028420676688041047e-01	1.033751148521045299e-01	9.307457845222143200e-02	2.854131706265448584e-02	3.191280145806624224e-02
9.820673533720223531e+02	4.102857351349780135e-01	2.293571812600334880e-01	1.030744901566177651e-01	1.033975711620465365e-01	9.312896126092191917e-02	2.867328795727921639e-02	3.198125278369379210e-02
9.869051235856777566e+02	4.099030112178922436e-01	2.292351104603568834e-01	1.033055476641294573e-01	1.034189101923589371e-01	9.318248644812072989e-02	2.880460583969841892e-02	3.204880789301399469e-02
9.917428937993331601e+02	4.095241891148181379e-01	2.291139702039952375e-01	1.035352507311028264e-01	1.034391544473109575e-01	9.323516530482742204e-02	2.893527283978438586e-02	3.211547707373173938e-02
9.965806640129884499e+02	4.091492187228578103e-01	2.289937545867065938e-01	1.037636097792285911e-01	1.034583260518200376e-01	9.328700895257076298e-02	2.906529111171994931e-02	3.218127051066695804e-02
