5.805324256386339954e+01	7.942565193529146361e-01	1.632491842643859215e-01	1.631291093968503803e-02	7.050768574967226400e-03	1.924967456128277160e-02	2.791605186902821344e-16	8.670242197546826966e-31
6.289101277751868224e+01	7.850491215503627718e-01	1.693638520655476598e-01	1.695576663927195887e-02	8.464977045029166425e-03	2.014573199077653379e-02	6.370009837114333354e-05	7.590830387647364529e-05
6.772878299117397205e+01	7.761805752313541973e-01	1.750752507630277122e-01	1.760702009417313557e-02	9.899748865547576201e-03	2.106944556783512529e-02	1.297144184780405895e-04	1.573027528198379411e-04
7.256655320482924765e+01	7.676333836429942714e-01	1.804094038915149412e-01	1.826572829579023102e-02	1.135116201325254634e-02	2.201706530709872378e-02	1.980904233509305878e-04	2.442241192339293415e-04
7.740432341848452324e+01	7.593910999463255873e-01	1.853906423126163439e-01	1.893101391695711441e-02	1.281561083416803658e-02	2.298513236835209722e-02	2.688665156463846241e-04	3.366917991698779172e-04
8.224209363213981305e+01	7.514382605268338233e-01	1.900417148761710251e-01	1.960206095824387762e-02	1.428978389927872301e-02	2.397045886999960365e-02	3.420727727959514859e-04	4.347057899124074222e-04
8.707986384579510286e+01	7.437603226294030589e-01	1.943838918306131092e-01	2.027811068050585849e-02	1.577064334631736106e-02	2.497010905359254088e-02	4.177316306205598566e-04	5.382485221828498716e-04
9.191763405945040688e+01	7.363436060351932211e-01	1.984370614579216985e-01	2.095845780488674384e-02	1.725540560935843667e-02	2.598138171010191608e-02	4.958585188713207550e-04	6.472865569018024061e-04
9.675540427310566827e+01	7.291752385164183003e-01	2.022198203774981384e-01	2.164244696271792542e-02	1.874152344437458179e-02	2.700179378450616105e-02	5.764624519281147472e-04	7.617721557917524070e-04
1.015931744867609581e+02	7.222431048223006966e-01	2.057495579341596936e-01	2.232946937890860697e-02	2.022666916495766479e-02	2.802906508075368383e-02	6.595465776734354578e-04	8.816447344811240367e-04
1.064309447004162337e+02	7.155357989656390139e-01	2.090425350582008901e-01	2.301895977349771930e-02	2.170871900805499549e-02	2.906110399428993990e-02	7.451086873591377833e-04	1.006832206193186479e-03
1.112687149140715235e+02	7.090425795945277665e-01	2.121139579600222203e-01	2.371039346704477066e-02	2.318573855484825849e-02	3.009599420413144877e-02	8.331416890970640490e-04	1.137252223563418266e-03
1.161064851277267991e+02	7.027533282478778398e-01	2.149780469980450970e-01	2.440328367647666419e-02	2.465596913683344021e-02	3.113198226094701648e-02	9.236340474301519285e-04	1.272813325624737269e-03
1.209442553413820747e+02	6.966585103065746631e-01	2.176481010364108293e-01	2.509717898888583903e-02	2.611781516176656451e-02	3.216746601179017867e-02	1.016570191277728309e-03	1.413415996529132331e-03
1.257820255550373645e+02	6.907491384644293131e-01	2.201365575881992775e-01	2.579166100159572747e-02	2.756983229844397684e-02	3.320098380603558191e-02	1.111930892396538299e-03	1.558953642134480646e-03
1.306197957686926259e+02	6.850167385545946619e-01	2.224550490205012276e-01	2.648634211757635443e-02	2.901071646330698542e-02	3.423120443072408953e-02	1.209693616356918161e-03	1.709313490174660692e-03
1.354575659823479441e+02	6.794533175778739720e-01	2.246144550795524109e-01	2.718086348600933996e-02	3.043929355561753036e-02	3.525691772693329701e-02	1.309832847900756258e-03	1.864377419347551003e-03
1.402953361960032339e+02	6.740513337894057377e-01	2.266249519771973975e-01	2.787489307847112324e-02	3.185450989146136613e-02	3.627702584197792235e-02	1.412320392423859145e-03	2.024022722297361999e-03
1.451331064096584669e+02	6.688036687095996191e-01	2.284960582641262228e-01	2.856812389182857015e-02	3.325542329011459131e-02	3.729053507522278599e-02	1.517125655209507120e-03	2.188122807133308784e-03
1.499708766233137851e+02	6.637036009339790654e-01	2.302366777005369347e-01	2.926027226952589502e-02	3.464119476937291969e-02	3.829654827807369571e-02	1.624215899931770414e-03	2.356547841814333154e-03
1.548086468369690749e+02	6.587447816247865573e-01	2.318551393210597500e-01	2.995107633348769241e-02	3.601108080930544297e-02	3.929425777131106273e-02	1.733556487846092111e-03	2.529165345437972383e-03
1.596464170506243647e+02	6.539212115748759269e-01	2.333592348778673331e-01	3.064029451937329979e-02	3.736442614656870775e-02	4.028293874535984753e-02	1.845111098990240457e-03	2.705840730199179488e-03
1.644841872642796261e+02	6.492272197415743795e-01	2.347562538338304750e-01	3.132770420839452868e-02	3.870065706391520588e-02	4.126194311135864684e-02	1.958841936630561532e-03	2.886437797530656910e-03
1.693219574779349159e+02	6.446574431548941497e-01	2.360530160663062704e-01	3.201310044935420929e-02	4.001927514186445767e-02	4.223069377301037763e-02	2.074709916106109043e-03	3.070819191698895712e-03
1.741597276915902057e+02	6.402068081107242792e-01	2.372559024316127085e-01	3.269629476497944859e-02	4.131985144168535268e-02	4.318867929117779780e-02	2.192674839146306620e-03	3.258846813908472875e-03
1.789974979052454671e+02	6.358705125654822155e-01	2.383708833304008234e-01	3.337711403701223295e-02	4.260202109087558170e-02	4.413544891503728973e-02	2.312695554665963795e-03	3.450382199760244906e-03
1.838352681189008138e+02	6.316440096541605653e-01	2.394035454049397993e-01	3.405539946488372882e-02	4.386547824422711711e-02	4.507060795533283232e-02	2.434730106974371602e-03	3.645286862715909747e-03
1.886730383325560467e+02	6.275229922588132503e-01	2.403591164907373789e-01	3.473100559313786057e-02	4.510997139534477646e-02	4.599381347688726029e-02	2.558735872272537102e-03	3.843422606041062804e-03
1.935108085462113081e+02	6.235033785592922762e-01	2.412424889368876835e-01	3.540379940308745199e-02	4.633529901514570754e-02	4.690477028903643902e-02	2.684669684254104103e-03	4.044651805530530102e-03
1.983485787598666263e+02	6.195812985024999886e-01	2.420582414020373274e-01	3.607365946448237021e-02	4.754130549541957240e-02	4.780322721406143893e-02	2.812487949570849268e-03	4.248837665162619529e-03
2.031863489735219162e+02	6.157530811305933494e-01	2.428106592258501839e-01	3.674047514324629837e-02	4.872787737697877736e-02	4.868897361501072635e-02	2.942146753872606785e-03	4.455844447682238106e-03
2.080241191871772060e+02	6.120152427124613270e-01	2.435037534692991446e-01	3.740414586159756388e-02	4.989493984328207538e-02	4.956183616553425791e-02	3.073601959083816729e-03	4.665537681975914959e-03
2.128618894008324673e+02	6.083644756264373621e-01	2.441412787109958349e-01	3.806458040711134527e-02	5.104245346168046621e-02	5.042167584550068249e-02	3.206809292534374897e-03	4.877784348973982984e-03
2.176996596144877287e+02	6.047976379456064810e-01	2.447267496810462684e-01	3.872169628750642828e-02	5.217041115561562442e-02	5.126838514724239848e-02	3.341724428520915710e-03	5.092453047695896969e-03
2.225374298281430470e+02	6.013117436802422056e-01	2.452634568085800548e-01	3.937541912815110262e-02	5.327883539220543835e-02	5.210188547827591943e-02	3.478303062835837092e-03	5.309414142943380370e-03
2.273752000417983652e+02	5.979039536348771389e-01	2.457544807541051923e-01	4.002568210947973076e-02	5.436777557068238342e-02	5.292212474728215377e-02	3.616500980765145236e-03	5.528539896042213367e-03
2.322129702554535982e+02	5.945715668402832277e-01	2.462027059931753969e-01	4.067242544169626800e-02	5.543730559811406444e-02	5.372907512100608129e-02	3.756274119022363130e-03	5.749704579936546281e-03
2.370507404691088880e+02	5.913120125232316227e-01	2.466108335134979124e-01	4.131559587431293118e-02	5.648752163973495832e-02	5.452273094055307134e-02	3.897578622054150444e-03	5.972784579849205189e-03
2.418885106827641494e+02	5.881228425793226799e-01	2.469813926835349449e-01	4.195514623823327904e-02	5.751854003205925797e-02	5.530310678632278237e-02	4.040370893123787326e-03	6.197658480637051846e-03
2.467262808964194392e+02	5.850017245164400581e-01	2.473167523468464968e-01	4.259103501823951338e-02	5.853049534772998552e-02	5.607023568153482462e-02	4.184607640551138083e-03	6.424207141891741767e-03
2.515640511100747290e+02	5.819464348385000596e-01	2.476191311928648831e-01	4.322322595388397581e-02	5.952353860179290107e-02	5.682416742496702866e-02	4.330245919462001256e-03	6.652313761762798650e-03
2.564018213237300188e+02	5.789548528411428974e-01	2.478906074514682645e-01	4.385168766691652925e-02	6.049783558976925407e-02	5.756496704414950510e-02	4.477243169375743140e-03	6.881863930411380968e-03
2.612395915373852517e+02	5.760249547928594227e-01	2.481331279556152070e-01	4.447639331350176917e-02	6.145356534854102409e-02	5.829271336083916705e-02	4.625557247937723063e-03	7.112745673939229255e-03
2.660773617510405415e+02	5.731548084767756901e-01	2.483485166133999056e-01	4.509732025959502233e-02	6.239091873166049962e-02	5.900749766114263273e-02	4.775146461082079713e-03	7.344849489577695741e-03
2.709151319646958882e+02	5.703425680699292233e-01	2.485384823281773514e-01	4.571444977795288689e-02	6.331009709125420826e-02	5.970942246316270074e-02	4.925969589890949983e-03	7.578068372866122830e-03
2.757529021783511780e+02	5.675864693383800841e-01	2.487046264028735520e-01	4.632776676535432792e-02	6.421131105921282223e-02	6.039860037551752353e-02	5.077985914397946388e-03	7.812297837497059715e-03
2.805906723920064678e+02	5.648848251279086075e-01	2.488484494622287824e-01	4.693725947870176773e-02	6.509477942084580804e-02	6.107515304052415356e-02	5.231155234566725772e-03	8.047435928457413734e-03
2.854284426056617008e+02	5.622360211313689460e-01	2.489713579245094455e-01	4.754291928875906820e-02	6.596072807463471133e-02	6.173921015625177811e-02	5.385437888659595426e-03	8.283383229049607471e-03
2.902662128193169337e+02	5.596385119149993592e-01	2.490746700521584978e-01	4.814474045036475081e-02	6.680938907214359346e-02	6.239090857203581642e-02	5.540794769196302066e-03	8.520042862334778477e-03
2.951039830329722804e+02	5.570908171871390424e-01	2.491596216089208560e-01	4.874271988803537126e-02	6.764099973254246445e-02	6.303039145240510455e-02	5.697187336689304299e-03	8.757320487500891079e-03
2.999417532466276270e+02	5.545915182938785382e-01	2.492273711491777011e-01	4.933685699594490826e-02	6.845580182656989254e-02	6.365780750471081162e-02	5.854577631328954958e-03	8.995124291622143275e-03
3.047795234602828600e+02	5.521392549271743055e-01	2.492790049635355831e-01	4.992715345133285493e-02	6.925404082510731862e-02	6.427331026606082631e-02	6.012928282779952081e-03	9.233364977241994773e-03
3.096172936739380930e+02	5.497327220318976027e-01	2.493155417031417409e-01	5.051361304045585976e-02	7.003596520786099788e-02	6.487705744545678443e-02	6.172202518239200582e-03	9.471955746180503455e-03
3.144550638875934396e+02	5.473706668991663582e-01	2.493379367037238115e-01	5.109624149625590500e-02	7.080182582794916635e-02	6.546921031730555673e-02	6.332364168894748062e-03	9.710812279937025907e-03
3.192928341012487294e+02	5.450518864341287184e-01	2.493470860289765112e-01	5.167504634697223792e-02	7.155187532847424869e-02	6.604993316273327641e-02	6.493377674915679597e-03	9.949852717031909891e-03
3.241306043149040192e+02	5.427752245871332315e-01	2.493438302516327865e-01	5.225003677497521565e-02	7.228636760742321310e-02	6.661939275536928051e-02	6.655208089093730787e-03	1.018899762760511023e-02
3.289683745285592522e+02	5.405395699379398344e-01	2.493289579893547270e-01	5.282122348514749904e-02	7.300555732748487126e-02	6.717775788849084107e-02	6.817821079248878244e-03	1.042816998556583309e-02
3.338061447422145420e+02	5.383438534232927175e-01	2.493032092114578491e-01	5.338861858218241219e-02	7.370969946760280722e-02	6.772519894062836721e-02	6.981182929503227698e-03	1.066729513856501908e-02
3.386439149558698318e+02	5.361870461988040848e-01	2.492672783314330842e-01	5.395223545621061906e-02	7.439904891329680858e-02	6.826188747692574221e-02	7.145260540520118747e-03	1.090630077604185823e-02
3.434816851695251216e+02	5.340681576266838038e-01	2.492218170992507031e-01	5.451208867620512682e-02	7.507386008298605473e-02	6.878799588373202267e-02	7.310021428798471436e-03	1.114511689557618271e-02
3.483194553831804114e+02	5.319862333813951683e-01	2.491674373065144721e-01	5.506819389065049225e-02	7.573438658773398724e-02	6.930369703407150694e-02	7.475433725105957994e-03	1.138367576776070159e-02
3.531572255968357013e+02	5.299403536658310321e-01	2.491047133166794103e-01	5.562056773499620549e-02	7.638088092200968904e-02	6.980916398179699833e-02	7.641466172128584360e-03	1.162191189979033812e-02
3.579949958104909342e+02	5.279296315310800791e-01	2.490341844317447151e-01	5.616922774544549912e-02	7.701359418322316353e-02	7.030456968237978888e-02	7.808088121408666461e-03	1.185976199795039238e-02
3.628327660241463377e+02	5.259532112933011927e-01	2.489563571060891822e-01	5.671419227866052182e-02	7.763277581794432447e-02	7.079008673842822341e-02	7.975269529637991558e-03	1.209716492917080853e-02
3.676705362378016275e+02	5.240102670416429964e-01	2.488717070174154000e-01	5.725548043699224543e-02	7.823867339285742184e-02	7.126588716815568381e-02	8.142980954368075203e-03	1.233406168180043415e-02
3.725083064514568036e+02	5.221000012315326622e-01	2.487806810041183481e-01	5.779311199886924544e-02	7.883153238863524481e-02	7.173214219513937562e-02	8.311193549194885455e-03	1.257039532574259419e-02
3.773460766651120935e+02	5.202216433580268973e-01	2.486836988777834934e-01	5.832710735400361418e-02	7.941159601504117760e-02	7.218902205782420922e-02	8.479879058471227055e-03	1.280611097208177694e-02
3.821838468787673833e+02	5.183744487042577509e-01	2.485811551189497648e-01	5.885748744309467206e-02	7.997910504568279955e-02	7.263669583733106672e-02	8.649009811595997910e-03	1.304115573232039055e-02
3.870216170924226162e+02	5.165576971603240697e-01	2.484734204637409349e-01	5.938427370173203490e-02	8.053429767094856528e-02	7.307533130222641782e-02	8.818558716925890828e-03	1.327547867733451341e-02
3.918593873060780197e+02	5.147706921082795262e-01	2.483608433884710032e-01	5.990748800821951714e-02	8.107740936775965912e-02	7.350509476900264627e-02	8.988499255351700343e-03	1.350903079614831394e-02
3.966971575197332527e+02	5.130127593691458099e-01	2.482437514988642679e-01	6.042715263505937101e-02	8.160867278486330645e-02	7.392615097710324157e-02	9.158805473578196521e-03	1.374176495461811032e-02
4.015349277333884856e+02	5.112832462081411400e-01	2.481224528300964849e-01	6.094329020385369500e-02	8.212831764248118560e-02	7.433866297740712725e-02	9.329451977143597696e-03	1.397363585410905072e-02
4.063726979470438323e+02	5.095815203945570637e-01	2.479972370634580259e-01	6.145592364339561714e-02	8.263657064520876783e-02	7.474279203316089304e-02	9.500413923211895040e-03	1.420459999023992656e-02
4.112104681606991221e+02	5.079069693129463214e-01	2.478683766650594811e-01	6.196507615073822139e-02	8.313365540713754664e-02	7.513869753241712857e-02	9.671667013168705820e-03	1.443461561176475998e-02
4.160482383743544119e+02	5.062589991224945019e-01	2.477361279516472614e-01	6.247077115504263284e-02	8.361979238824342187e-02	7.552653691110190748e-02	9.843187485048990326e-03	1.466364267965334679e-02
4.208860085880095880e+02	5.046370339616520484e-01	2.476007320882637752e-01	6.297303228402018060e-02	8.409519884115117250e-02	7.590646558589515813e-02	1.001495210582267759e-02	1.489164282642708483e-02
4.257237788016648778e+02	5.030405151952841436e-01	2.474624160221786939e-01	6.347188333279543682e-02	8.456008876744668112e-02	7.627863689616394549e-02	1.018693816356225183e-02	1.511857931580081783e-02
4.305615490153201677e+02	5.014689007017762989e-01	2.473213933572278311e-01	6.396734823502861489e-02	8.501467288276677581e-02	7.664320205424161869e-02	1.035912345951435498e-02	1.534441700267641720e-02
4.353993192289755143e+02	4.999216641976900743e-01	2.471778651724257925e-01	6.445945103614611482e-02	8.545915858995030423e-02	7.700031010339475346e-02	1.053148630009573782e-02	1.556912229352907032e-02
4.402370894426308041e+02	4.983982945977215584e-01	2.470320207884663943e-01	6.494821586853825879e-02	8.589374995958466708e-02	7.735010788286592054e-02	1.070400548883216479e-02	1.579266310722287486e-02
4.450748596562860939e+02	4.968982954078534076e-01	2.468840384854885384e-01	6.543366692859246825e-02	8.631864771732868091e-02	7.769273999942301334e-02	1.087666031825739420e-02	1.601500883628833791e-02
4.499126298699413837e+02	4.954211841497276891e-01	2.467340861752643499e-01	6.591582845543862701e-02	8.673404923743693873e-02	7.802834880488562774e-02	1.104943056178787388e-02	1.623613030869064389e-02
4.547504000835967304e+02	4.939664918143892303e-01	2.465823220307611918e-01	6.639472471129174991e-02	8.714014854195127613e-02	7.835707437913673468e-02	1.122229646558747275e-02	1.645599975011406355e-02
4.595881702972519065e+02	4.925337623436665813e-01	2.464288950758352081e-01	6.687037996328458467e-02	8.753713630506314292e-02	7.867905451816199769e-02	1.139523874043532961e-02	1.667459074678479675e-02
4.644259405109071963e+02	4.911225521375675029e-01	2.462739457376354746e-01	6.734281846668978277e-02	8.792519986218659545e-02	7.899442472669203352e-02	1.156823855360875584e-02	1.689187820885151500e-02
4.692637107245624861e+02	4.897324295861666399e-01	2.461176063641278833e-01	6.781206444943789491e-02	8.830452322331415471e-02	7.930331821505280654e-02	1.174127752079203064e-02	1.710783833434020851e-02
4.741014809382177759e+02	4.883629746245596315e-01	2.459600017089930146e-01	6.827814209784358046e-02	8.867528709025918054e-02	7.960586589985765849e-02	1.191433769802099051e-02	1.732244857369751381e-02
4.789392511518730657e+02	4.870137783095462858e-01	2.458012493860024239e-01	6.874107554345867954e-02	8.903766887741691727e-02	7.990219640820066249e-02	1.208740157367231907e-02	1.753568759493428358e-02
4.837770213655284124e+02	4.856844424167892083e-01	2.456414602948433223e-01	6.920088885097530618e-02	8.939184273570320582e-02	8.019243608503567877e-02	1.226045206050567667e-02	1.774753524937916146e-02
4.886147915791837022e+02	4.843745790572733245e-01	2.454807390202311534e-01	6.965760600710795003e-02	8.973797957935519820e-02	8.047670900344798539e-02	1.243347248776593798e-02	1.795797253804997176e-02
4.934525617928388783e+02	4.830838103119634019e-01	2.453191842060309102e-01	7.011125091038787616e-02	9.007624711530114181e-02	8.075513697754707620e-02	1.260644659335214204e-02	1.816698157864892263e-02
4.982903320064942250e+02	4.818117678836261186e-01	2.451568889059952960e-01	7.056184736180778905e-02	9.040680987482860309e-02	8.102783957772849432e-02	1.277935851605901951e-02	1.837454557318603937e-02
5.031281022201495148e+02	4.805580927648469558e-01	2.449939409126237200e-01	7.100941905625843265e-02	9.072982924730031706e-02	8.129493414807177631e-02	1.295219278789637093e-02	1.858064877623373870e-02
5.079658724338048046e+02	4.793224349213319746e-01	2.448304230655473090e-01	7.145398957470304457e-02	9.104546351568583440e-02	8.155653582565799975e-02	1.312493432649101260e-02	1.878527646381410524e-02
5.128036426474600376e+02	4.781044529896409379e-01	2.446664135407547180e-01	7.189558237703905230e-02	9.135386789369479010e-02	8.181275756160717727e-02	1.329756842757538401e-02	1.898841490291921369e-02
5.176414128611153274e+02	4.769038139885504179e-01	2.445019861218871715e-01	7.233422079559952145e-02	9.165519456431377165e-02	8.206371014365022865e-02	1.347008075756651879e-02	1.919005132166362246e-02
5.224791830747705035e+02	4.757201930432948811e-01	2.443372104547516799e-01	7.276992802925053017e-02	9.194959271956401614e-02	8.230950222006432060e-02	1.364245734623854671e-02	1.939017388006728307e-02
5.273169532884259070e+02	4.745532731219791467e-01	2.441721522861267091e-01	7.320272713804278075e-02	9.223720860131157107e-02	8.255024032481350638e-02	1.381468457949149194e-02	1.958877164146602748e-02
5.321547235020811968e+02	4.734027447835000291e-01	2.440068736878644728e-01	7.363264103837931229e-02	9.251818554297421004e-02	8.278602890374826828e-02	1.398674919221878053e-02	1.978583454454608745e-02
5.369924937157364866e+02	4.722683059363533831e-01	2.438414332672292073e-01	7.405969249866335702e-02	9.279266401198232872e-02	8.301697034172920986e-02	1.415863826127543995e-02	1.998135337599822592e-02
5.418302639293917764e+02	4.711496616077420208e-01	2.436758863643493089e-01	7.448390413539236754e-02	9.306078165286180148e-02	8.324316499055044172e-02	1.433033919854870449e-02	2.017531974378642540e-02
5.466680341430470662e+02	4.700465237224351611e-01	2.435102852376048177e-01	7.490529840966747566e-02	9.332267333081790961e-02	8.346471119754778067e-02	1.450183974413241268e-02	2.036772605102549899e-02
5.515058043567023560e+02	4.689586108908615492e-01	2.433446792377180479e-01	7.532389762408869816e-02	9.357847117570901319e-02	8.368170533478613837e-02	1.467312795960628094e-02	2.055856547046134089e-02
5.563435745703576458e+02	4.678856482059520205e-01	2.431791149712652922e-01	7.573972392000877241e-02	9.382830462630786794e-02	8.389424182872902425e-02	1.484419222142092931e-02	2.074783191954714112e-02
5.611813447840129356e+02	4.668273670482741000e-01	2.430136364542817562e-01	7.615279927512007274e-02	9.407230047475707846e-02	8.410241319030038742e-02	1.501502121438925801e-02	2.093552003610838624e-02
5.660191149976681118e+02	4.657835048990291993e-01	2.428482852565871375e-01	7.656314550135082109e-02	9.431058291113315895e-02	8.430631004525701577e-02	1.518560392528456315e-02	2.112162515458911038e-02
5.708568852113234016e+02	4.647538051605089038e-01	2.426831006374197963e-01	7.697078424304852617e-02	9.454327356804081983e-02	8.450602116479581649e-02	1.535592963654561389e-02	2.130614328287151749e-02
5.756946554249786914e+02	4.637380169836297084e-01	2.425181196729288280e-01	7.737573697542968199e-02	9.477049156516607897e-02	8.470163349632717220e-02	1.552598792008868904e-02	2.148907107966080768e-02
5.805324256386339812e+02	4.627358951021889877e-01	2.423533773760379317e-01	7.777802500327662960e-02	9.499235355372323553e-02	8.489323219435089551e-02	1.569576863122644148e-02	2.167040583242674581e-02
5.853701958522892710e+02	4.617471996735052486e-01	2.421889068091618580e-01	7.817766945986344418e-02	9.520897376073633733e-02	8.508090065137725866e-02	1.586526190269327979e-02	2.185014543589338526e-02
5.902079660659445608e+02	4.607716961251253074e-01	2.420247391902251022e-01	7.857469130609393004e-02	9.542046403310155966e-02	8.526472052883996011e-02	1.603445813877685255e-02	2.202828837106806867e-02
5.950457362795999643e+02	4.598091550072998523e-01	2.418609039924036475e-01	7.896911132983616688e-02	9.562693388138183981e-02	8.544477178795339967e-02	1.620334800955506444e-02	2.220483368480073716e-02
5.998835064932552541e+02	4.588593518509465063e-01	2.416974290379829693e-01	7.936095014543895210e-02	9.582849052328967776e-02	8.562113272047011669e-02	1.637192244523796164e-02	2.237978096986444065e-02
6.047212767069104302e+02	4.579220670308341012e-01	2.415343405867010351e-01	7.975022819341630320e-02	9.602523892681862072e-02	8.579387997929895093e-02	1.654017263061372672e-02	2.255313034554786572e-02
6.095590469205657200e+02	4.569970856337385312e-01	2.413716634189203847e-01	8.013696574028741915e-02	9.621728185298782099e-02	8.596308860894787129e-02	1.670808999959791721e-02	2.272488243875057240e-02
6.143968171342210098e+02	4.560841973313350950e-01	2.412094209139516998e-01	8.052118287856024903e-02	9.640471989816783160e-02	8.612883207575895705e-02	1.687566622988497661e-02	2.289503836557165231e-02
6.192345873478761860e+02	4.551831962576032842e-01	2.410476351238306780e-01	8.090289952684749653e-02	9.658765153595920416e-02	8.629118229790623540e-02	1.704289323770107403e-02	2.306359971338241277e-02
6.240723575615315895e+02	4.542938808905356840e-01	2.408863268428303728e-01	8.128213543010463782e-02	9.676617315859878388e-02	8.645020967513007693e-02	1.720976317265711722e-02	2.323056852337376105e-02
6.289101277751868793e+02	4.534160539379513688e-01	2.407255156729729006e-01	8.165891015998054392e-02	9.694037911787130313e-02	8.660598311818451522e-02	1.737626841270086334e-02	2.339594727356889003e-02
6.337478979888421691e+02	4.525495222272279405e-01	2.405652200857884282e-01	8.203324311527156187e-02	9.711036176550702503e-02	8.675857007797650733e-02	1.754240155916689248e-02	2.355973886229195680e-02
6.385856682024975726e+02	4.516940965987744083e-01	2.404054574805518651e-01	8.240515352247072822e-02	9.727621149304814530e-02	8.690803657437849716e-02	1.770815543192324343e-02	2.372194659208341425e-02
6.434234384161527487e+02	4.508495918030777649e-01	2.402462442392148401e-01	8.277466043640428761e-02	9.743801677116946391e-02	8.705444722469769803e-02	1.787352306461342452e-02	2.388257415405276377e-02
6.482612086298080385e+02	4.500158264011666631e-01	2.400875957782348247e-01	8.314178274094832788e-02	9.759586418844080902e-02	8.719786527178756408e-02	1.803849769999250549e-02	2.404162561265951736e-02
6.530989788434633283e+02	4.491926226683407575e-01	2.399295265974920877e-01	8.350653914981862047e-02	9.774983848952045751e-02	8.733835261178898857e-02	1.820307278535596152e-02	2.419910539091324475e-02
6.579367490571185044e+02	4.483798065010263789e-01	2.397720503264714753e-01	8.386894820742750445e-02	9.790002261277114259e-02	8.747596982149008493e-02	1.836724196805989903e-02	2.435501825598361883e-02
6.627745192707737942e+02	4.475772073266232054e-01	2.396151797678756079e-01	8.422902828980180501e-02	9.804649772729116808e-02	8.761077618529543309e-02	1.853099909113128940e-02	2.450936930521155702e-02
6.676122894844290840e+02	4.467846580162161407e-01	2.394589269388258945e-01	8.458679760555652682e-02	9.818934326935550849e-02	8.774282972179657525e-02	1.869433818896685737e-02	2.466216395251252802e-02
6.724500596980843738e+02	4.460019948000324974e-01	2.393033031097962504e-01	8.494227419691885439e-02	9.832863697826239868e-02	8.787218720993754395e-02	1.885725348311915323e-02	2.481340791516329844e-02
6.772878299117396637e+02	4.452290571855301304e-01	2.391483188414171290e-01	8.529547594079824047e-02	9.846445493158288709e-02	8.799890421476978808e-02	1.901973937816844526e-02	2.496310720096338656e-02
6.821256001253949535e+02	4.444656878780093301e-01	2.389939840192773501e-01	8.564642054989761444e-02	9.859687157981139594e-02	8.812303511279251378e-02	1.918179045767902727e-02	2.511126809576277874e-02
6.869633703390502433e+02	4.437117327036462222e-01	2.388403078868438500e-01	8.599512557386206069e-02	9.872595978041689979e-02	8.824463311687513745e-02	1.934340148023847364e-02	2.525789715134735269e-02
6.918011405527055331e+02	4.429670405348504758e-01	2.386872990766115699e-01	8.634160840046097019e-02	9.885179083129516653e-02	8.836375030075956094e-02	1.950456737557844031e-02	2.540300117367379901e-02
6.966389107663608229e+02	4.422314632178553917e-01	2.385349656395889251e-01	8.668588625679997384e-02	9.897443450362312933e-02	8.848043762314114491e-02	1.966528324077560994e-02	2.554658721144576622e-02
7.014766809800161127e+02	4.415048555024529420e-01	2.383833150732174166e-01	8.702797621055967381e-02	9.909395907411774895e-02	8.859474495132758920e-02	1.982554433653133802e-02	2.568866254502321506e-02
7.063144511936714025e+02	4.407870749737906046e-01	2.382323543478177541e-01	8.736789517125786997e-02	9.921043135670207236e-02	8.870672108447590076e-02	1.998534608352860870e-02	2.582923467565703679e-02
7.111522214073266923e+02	4.400779819861515008e-01	2.380820899316491990e-01	8.770565989153254749e-02	9.932391673358209605e-02	8.881641377640846213e-02	2.014468405886488470e-02	2.596831131504110865e-02
7.159899916209819821e+02	4.393774395986418946e-01	2.379325278146633693e-01	8.804128696844290558e-02	9.943447918573856958e-02	8.892386975800936622e-02	2.030355399255945673e-02	2.610590037517414655e-02
7.208277618346371582e+02	4.386853135127157244e-01	2.377836735310287775e-01	8.837479284478608199e-02	9.954218132283831899e-02	8.902913475920308517e-02	2.046195176413390451e-02	2.624200995852378829e-02
7.256655320482924481e+02	4.380014720114670523e-01	2.376355321804970167e-01	8.870619381042717244e-02	9.964708441257047467e-02	8.913225353051801303e-02	2.061987339926432336e-02	2.637664834848552770e-02
7.305033022619478515e+02	4.373257859006269843e-01	2.374881084486783200e-01	8.903550600364057432e-02	9.974924840941297444e-02	8.923326986423756046e-02	2.077731506650391108e-02	2.650982400012921736e-02
7.353410724756030277e+02	4.366581284512018879e-01	2.373414066262886091e-01	8.936274541246057301e-02	9.984873198283553131e-02	8.933222661514232665e-02	2.093427307407460386e-02	2.664154553122601368e-02
7.401788426892584312e+02	4.359983753436954546e-01	2.371954306274272062e-01	8.968792787603943606e-02	9.994559254494536638e-02	8.942916572084690097e-02	2.109074386672638718e-02	2.677182171354875601e-02
7.450166129029136073e+02	4.353464046138579846e-01	2.370501840069405286e-01	9.001106908601139156e-02	1.000398862775823267e-01	8.952412822173524964e-02	2.124672402266305354e-02	2.690066146443894843e-02
7.498543831165690108e+02	4.347020965999091047e-01	2.369056699769236662e-01	9.033218458786070049e-02	1.001316681588703961e-01	8.961715428049901733e-02	2.140221025053296380e-02	2.702807383863357893e-02
7.546921533302243006e+02	4.340653338911834580e-01	2.367618914224083326e-01	9.065128978229275436e-02	1.002209919892327050e-01	8.970828320128323985e-02	2.155719938648365322e-02	2.715406802034520811e-02
7.595299235438793630e+02	4.334360012781504623e-01	2.366188509162828191e-01	9.096839992660654683e-02	1.003079104168774632e-01	8.979755344844420062e-02	2.171168839127896391e-02	2.727865331558888828e-02
7.643676937575347665e+02	4.328139857037609506e-01	2.364765507334872230e-01	9.128353013606747834e-02	1.003924749627622959e-01	8.988500266492441271e-02	2.186567434747743038e-02	2.740183914474951868e-02
7.692054639711900563e+02	4.321991762160771744e-01	2.363349928645238629e-01	9.159669538527932808e-02	1.004747360450448657e-01	8.997066769024980593e-02	2.201915445667072813e-02	2.752363503538355488e-02
7.740432341848452324e+02	4.315914639221427596e-01	2.361941790283208220e-01	9.190791050955426922e-02	1.005547430030272055e-01	9.005458457815442019e-02	2.217212603678094321e-02	2.764405061524889337e-02
7.788810043985006359e+02	4.309907419430523134e-01	2.360541106844841197e-01	9.221719020628015018e-02	1.006325441206021298e-01	9.013678861383800367e-02	2.232458651941547981e-02	2.776309560555707129e-02
7.837187746121558121e+02	4.303969053701814929e-01	2.359147890449719842e-01	9.252454903628391791e-02	1.007081866492094691e-01	9.021731433086195573e-02	2.247653344727842950e-02	2.788077981444197703e-02
7.885565448258112156e+02	4.298098512225401180e-01	2.357762150852224237e-01	9.283000142519069742e-02	1.007817168303101474e-01	9.029619552768926305e-02	2.262796447163719846e-02	2.799711313063935059e-02
7.933943150394665054e+02	4.292294784052127499e-01	2.356383895547638219e-01	9.313356166477736175e-02	1.008531799173862653e-01	9.037346528387407707e-02	2.277887734984334472e-02	2.811210551737154673e-02
7.982320852531219089e+02	4.286556876688522588e-01	2.355013129873359257e-01	9.343524391432032894e-02	1.009226201974754294e-01	9.044915597590663658e-02	2.292926994290641479e-02	2.822576700643214878e-02
8.030698554667769713e+02	4.280883815701932993e-01	2.353649857105477028e-01	9.373506220193672522e-02	1.009900810122471987e-01	9.052329929271933640e-02	2.307914021311971778e-02	2.833810769246508654e-02
8.079076256804323748e+02	4.275274644335547158e-01	2.352294078550962453e-01	9.403303042591837357e-02	1.010556047786299455e-01	9.059592625085965967e-02	2.322848622173696517e-02	2.844913772743310615e-02
8.127453958940876646e+02	4.269728423132997941e-01	2.350945793635698389e-01	9.432916235605813549e-02	1.011192330089961400e-01	9.066706720933584429e-02	2.337730612669868674e-02	2.855886731527047459e-02
8.175831661077428407e+02	4.264244229572258793e-01	2.349604999988571530e-01	9.462347163496814817e-02	1.011810063309142166e-01	9.073675188414100090e-02	2.352559818040739215e-02	2.866730670671504763e-02
8.224209363213982442e+02	4.258821157708548300e-01	2.348271693521825909e-01	9.491597177938940200e-02	1.012409645064750591e-01	9.080500936246171939e-02	2.367336072755045484e-02	2.877446619431476074e-02
8.272587065350534203e+02	4.253458317825978274e-01	2.346945868507872845e-01	9.520667618149253331e-02	1.012991464512009721e-01	9.087186811657663177e-02	2.382059220296969815e-02	2.888035610760389740e-02
8.320964767487085965e+02	4.248154836097685072e-01	2.345627517652738858e-01	9.549559811016909705e-02	1.013555902525451052e-01	9.093735601745098207e-02	2.396729112957672603e-02	2.898498680844447187e-02
8.369342469623640000e+02	4.242909854254198199e-01	2.344316632166319192e-01	9.578275071231343030e-02	1.014103331879895042e-01	9.100150034803283772e-02	2.411345611631298194e-02	2.908836868652823690e-02
8.417720171760191761e+02	4.237722529259799753e-01	2.343013201829600711e-01	9.606814701409442658e-02	1.014634117427490323e-01	9.106432781625659056e-02	2.425908585615363031e-02	2.919051215503493460e-02
8.466097873896745796e+02	4.232592032996650988e-01	2.341717215059004042e-01	9.635179992221734602e-02	1.015148616270893644e-01	9.112586456775963184e-02	2.440417912415430990e-02	2.929142764644243960e-02
8.514475576033297557e+02	4.227517551956461728e-01	2.340428658967988185e-01	9.663372222517507826e-02	1.015647177932664791e-01	9.118613619831751615e-02	2.454873477553984329e-02	2.939112560848466948e-02
8.562853278169851592e+02	4.222498286939483925e-01	2.339147519426053312e-01	9.691392659448894165e-02	1.016130144520952655e-01	9.124516776600351264e-02	2.469275174383400717e-02	2.948961650025312339e-02
8.611230980306403353e+02	4.217533452760633406e-01	2.337873781115264726e-01	9.719242558593867154e-02	1.016597850891546584e-01	9.130298380307780293e-02	2.483622903902948237e-02	2.958691078843805194e-02
8.659608682442956251e+02	4.212622277962530526e-01	2.336607427584424523e-01	9.746923164078154234e-02	1.017050624806367654e-01	9.135960832761200190e-02	2.497916574579715082e-02	2.968301894370543523e-02
8.707986384579510286e+02	4.207764004535270996e-01	2.335348441300998390e-01	9.774435708696042890e-02	1.017488787088471486e-01	9.141506485485412226e-02	2.512156102173384448e-02	2.977795143720585874e-02
8.756364086716062047e+02	4.202957887642742030e-01	2.334096803700906886e-01	9.801781414030077966e-02	1.017912651773635185e-01	9.146937640833961713e-02	2.526341409564775847e-02	2.987171873721167908e-02
8.804741788852616082e+02	4.198203195355308393e-01	2.332852495236281409e-01	9.828961490569626536e-02	1.018322526258599037e-01	9.152256553075355239e-02	2.540472426588072027e-02	2.996433130587879481e-02
8.853119490989170117e+02	4.193499208388682953e-01	2.331615495421281992e-01	9.855977137828322854e-02	1.018718711446031933e-01	9.157465429454918204e-02	2.554549089866649247e-02	3.005579959612954266e-02
8.901497193125721878e+02	4.188845219848834622e-01	2.330385782876063794e-01	9.882829544460365601e-02	1.019101501886289923e-01	9.162566431232802011e-02	2.568571342652435294e-02	3.014613404865325655e-02
8.949874895262273640e+02	4.184240534982751059e-01	2.329163335368979737e-01	9.909519888375675767e-02	1.019471185916035333e-01	9.167561674698639085e-02	2.582539134668720981e-02	3.023534508902113449e-02
8.998252597398827675e+02	4.179684470934913465e-01	2.327948129857100312e-01	9.936049336853916558e-02	1.019828045793782362e-01	9.172453232163362002e-02	2.596452421956345347e-02	3.032344312491216248e-02
9.046630299535379436e+02	4.175176356509330833e-01	2.326740142525126342e-01	9.962419046657355892e-02	1.020172357832434817e-01	9.177243132928640523e-02	2.610311166723187568e-02	3.041043854344690697e-02
9.095008001671932334e+02	4.170715531936979859e-01	2.325539348822765751e-01	9.988630164142585366e-02	1.020504392528879950e-01	9.181933364234463879e-02	2.624115337196889636e-02	3.049634170862604646e-02
9.143385703808486369e+02	4.166301348648516756e-01	2.324345723500642058e-01	1.001468382537109153e-01	1.020824414690702370e-01	9.186525872185288821e-02	2.637864907480743162e-02	3.058116295887064115e-02
9.191763405945038130e+02	4.161933169052122738e-01	2.323159240644805112e-01	1.004058115621867808e-01	1.021132683560079107e-01	9.191022562655265515e-02	2.651559857412669891e-02	3.066491260466117086e-02
9.240141108081592165e+02	4.157610366316348283e-01	2.321979873709896225e-01	1.006632327248373621e-01	1.021429452934916882e-01	9.195425302172963167e-02	2.665200172427228606e-02	3.074760092627250307e-02
9.288518810218145063e+02	4.153332324157826827e-01	2.320807595551036828e-01	1.009191127999438803e-01	1.021714971287291940e-01	9.199735918786067224e-02	2.678785843420585996e-02	3.082923817160192204e-02
9.336896512354697961e+02	4.149098436633736342e-01	2.319642378454482845e-01	1.011734627471447406e-01	1.021989481879250344e-01	9.203956202906474204e-02	2.692316866618384846e-02	3.090983455408756464e-02
9.385274214491247449e+02	4.144908107938886088e-01	2.318484194167111101e-01	1.014262934284841516e-01	1.022253222876027268e-01	9.208087908136225463e-02	2.705793243446443994e-02	3.098940025071455009e-02
9.433651916627801484e+02	4.140760752207311990e-01	2.317333013924775253e-01	1.016776156094493511e-01	1.022506427456740946e-01	9.212132752074697617e-02	2.719214980404236620e-02	3.106794540010623593e-02
9.482029618764355519e+02	4.136655793318269603e-01	2.316188808479587580e-01	1.019274399599967018e-01	1.022749323922617082e-01	9.216092417107475676e-02	2.732582088941079915e-02	3.114548010069807804e-02
9.530407320900908417e+02	4.132592664706504770e-01	2.315051548126164649e-01	1.021757770555664635e-01	1.022982135802798509e-01	9.219968551177307181e-02	2.745894585334977128e-02	3.122201440899161767e-02
9.578785023037459041e+02	4.128570809176710932e-01	2.313921202726885451e-01	1.024226373780865312e-01	1.023205081957792584e-01	9.223762768537542567e-02	2.759152490574062755e-02	3.129755833788622210e-02
9.627162725174014213e+02	4.124589678722054287e-01	2.312797741736197510e-01	1.026680313169650027e-01	1.023418376680608616e-01	9.227476650488457277e-02	2.772355830240581451e-02	3.137212185508625462e-02
9.675540427310568248e+02	4.120648734346674669e-01	2.311681134224012335e-01	1.029119691700719208e-01	1.023622229795637523e-01	9.231111746096833104e-02	2.785504634397358709e-02	3.144571488158133532e-02
9.723918129447120009e+02	4.116747445892063317e-01	2.310571348898225741e-01	1.031544611447098858e-01	1.023816846755323251e-01	9.234669572899190104e-02	2.798598937476701534e-02	3.151834729019760417e-02
9.772295831583674044e+02	4.112885291867216520e-01	2.309468354126398004e-01	1.033955173585740100e-01	1.024002428734673981e-01	9.238151617589018816e-02	2.811638778171678121e-02	3.159002890421770682e-02
9.820673533720223531e+02	4.109061759282485737e-01	2.308372117956628555e-01	1.036351478407009780e-01	1.024179172723663628e-01	9.241559336688393023e-02	2.824624199329725527e-02	3.166076949606751179e-02
9.869051235856777566e+02	4.105276343487014867e-01	2.307282608137656010e-01	1.038733625324075593e-01	1.024347271617569305e-01	9.244894157204310015e-02	2.837555247848536077e-02	3.173057878606741489e-02
9.917428937993331601e+02	4.101528548009698016e-01	2.306199792138209914e-01	1.041101712882184366e-01	1.024506914305289840e-01	9.248157477270105287e-02	2.850431974574171509e-02	3.179946644124633653e-02
9.965806640129884499e+02	4.097817884403562871e-01	2.305123637165651662e-01	1.043455838767835125e-01	1.024658285755694342e-01	9.251350666772280296e-02	2.863254434201355919e-02	3.186744207421645519e-02
