6.724500596980843738e+02	4.482056702892508460e-01	2.390867839450270260e-01	8.437141243669070423e-02	9.738120033072313053e-02	8.702422852103883222e-02	1.827833830686040328e-02	2.562226622470346535e-02
6.772878299117396637e+02	4.473338917108494739e-01	2.389067644434920423e-01	8.473646352587640984e-02	9.756163716773751104e-02	8.718242487215016601e-02	1.848593525545323690e-02	2.576278307873555024e-02
6.821256001253949535e+02	4.464725745750758867e-01	2.387274807713614666e-01	8.509914058995006469e-02	9.773880180374296123e-02	8.733800197286879785e-02	1.869210261727324504e-02	2.590179772402196809e-02
6.869633703390502433e+02	4.456215815439286132e-01	2.385489350081310966e-01	8.545946100013084024e-02	9.791274226406719572e-02	8.749100746975194132e-02	1.889685305283879055e-02	2.603931971544597851e-02
6.918011405527055331e+02	4.447807772404674953e-01	2.383711291236785823e-01	8.581744197976531874e-02	9.808350590357359233e-02	8.764148796048137902e-02	1.910019908234647859e-02	2.617535876398160294e-02
6.966389107663608229e+02	4.439500282171638945e-01	2.381940649804051013e-01	8.617310060586627629e-02	9.825113941610964796e-02	8.778948902079146410e-02	1.930215308750250422e-02	2.630992472645561631e-02
7.014766809800161127e+02	4.431292029248545816e-01	2.380177443353383715e-01	8.652645381063078789e-02	9.841568884381407534e-02	8.793505523064232277e-02	1.950272731332629295e-02	2.644302759568804839e-02
7.063144511936714025e+02	4.423181716822868759e-01	2.378421688421986091e-01	8.687751838293823747e-02	9.857719958628466395e-02	8.807823019966018463e-02	1.970193386992696166e-02	2.657467749099888879e-02
7.111522214073266923e+02	4.415168066462405450e-01	2.376673400534273783e-01	8.722631096982853827e-02	9.873571640960934759e-02	8.821905659186647652e-02	1.989978473425306135e-02	2.670488464906903628e-02
7.159899916209819821e+02	4.407249817822141980e-01	2.374932594221804416e-01	8.757284807796072990e-02	9.889128345526283781e-02	8.835757614971610774e-02	2.009629175181608732e-02	2.683365941514401221e-02
7.208277618346371582e+02	4.399425728356627929e-01	2.373199283042852492e-01	8.791714607505245194e-02	9.904394424887098813e-02	8.849382971746554138e-02	2.029146663838822182e-02	2.696101223456914137e-02
7.256655320482924481e+02	4.391694573037747684e-01	2.371473479601638179e-01	8.825922119130068244e-02	9.919374170884515118e-02	8.862785726388977547e-02	2.048532098167477403e-02	2.708695364464543121e-02
7.305033022619478515e+02	4.384055144077755317e-01	2.369755195567214145e-01	8.859908952078388022e-02	9.934071815488870749e-02	8.875969790436752382e-02	2.067786624296172673e-02	2.721149426679562999e-02
7.353410724756030277e+02	4.376506250657467012e-01	2.368044441692019886e-01	8.893676702284596114e-02	9.948491531637773666e-02	8.888938992235287384e-02	2.086911375873889279e-02	2.733464479903024297e-02
7.401788426892584312e+02	4.369046718659490569e-01	2.366341227830107141e-01	8.927226952346237199e-02	9.962637434061814845e-02	8.901697079025132353e-02	2.105907474229904916e-02	2.745641600870369833e-02
7.450166129029136073e+02	4.361675390406380415e-01	2.364645562955046132e-01	8.960561271658862292e-02	9.976513580098117506e-02	8.914247718971744783e-02	2.124776028531347866e-02	2.757681872555105274e-02
7.498543831165690108e+02	4.354391124403608759e-01	2.362957455177513433e-01	8.993681216549148649e-02	9.990123970491911198e-02	8.926594503139113901e-02	2.143518135938437749e-02	2.769586383499603524e-02
7.546921533302243006e+02	4.347192795087255202e-01	2.361276911762574815e-01	9.026588330406327965e-02	1.000347255018635972e-01	8.938740947408865822e-02	2.162134881757443380e-02	2.781356227172143009e-02
7.595299235438793630e+02	4.340079292576295988e-01	2.359603939146659446e-01	9.059284143811933976e-02	1.001656320910079417e-01	8.950690494346434656e-02	2.180627339591408725e-02	2.792992501349312456e-02
7.643676937575347665e+02	4.333049522429408551e-01	2.357938542954242100e-01	9.091770174667906934e-02	1.002939978289758144e-01	8.962446515015834447e-02	2.198996571488675417e-02	2.804496307522938436e-02
7.692054639711900563e+02	4.326102405406180296e-01	2.356280728014227555e-01	9.124047928323091028e-02	1.004198605373777670e-01	8.974012310744525212e-02	2.217243628089244842e-02	2.815868750330727602e-02
7.740432341848452324e+02	4.319236877232637273e-01	2.354630498376052705e-01	9.156118897698130310e-02	1.005432575102576248e-01	8.985391114839819116e-02	2.235369548769016237e-02	2.827110937009822897e-02
7.788810043985006359e+02	4.312451888370988362e-01	2.352987857325503640e-01	9.187984563408804761e-02	1.006642255214304504e-01	8.996586094258228472e-02	2.253375361781934788e-02	2.838223976872521551e-02
7.837187746121558121e+02	4.305746403793502264e-01	2.351352807400259870e-01	9.219646393887832858e-02	1.007828008317139257e-01	9.007600351229114177e-02	2.271262084400086853e-02	2.849208980803403721e-02
7.885565448258112156e+02	4.299119402760426811e-01	2.349725350405165725e-01	9.251105845505146197e-02	1.008990191960546928e-01	9.018436924833968249e-02	2.289030723051776670e-02	2.860067060777162981e-02
7.933943150394665054e+02	4.292569878601861233e-01	2.348105487427235016e-01	9.282364362686693071e-02	1.010129158705514174e-01	9.029098792542597507e-02	2.306682273457618879e-02	2.870799329396436089e-02
7.982320852531219089e+02	4.286096838503500317e-01	2.346493218850394247e-01	9.313423378031762678e-02	1.011245256193763487e-01	9.039588871707461559e-02	2.324217720764679487e-02	2.881406899448965553e-02
8.030698554667769713e+02	4.279699303296166102e-01	2.344888544369972405e-01	9.344284312428867423e-02	1.012338827215968212e-01	9.049910021017373851e-02	2.341638039678697880e-02	2.891890883483439964e-02
8.079076256804323748e+02	4.273376307249051598e-01	2.343291463006935693e-01	9.374948575170213849e-02	1.013410209778982662e-01	9.060065041911727346e-02	2.358944194594422492e-02	2.902252393403381356e-02
8.127453958940876646e+02	4.267126897866589386e-01	2.341701973121876890e-01	9.405417564064773306e-02	1.014459737172105636e-01	9.070056679956392531e-02	2.376137139724089978e-02	2.912492540078468264e-02
8.175831661077428407e+02	4.260950135688880147e-01	2.340120072428760745e-01	9.435692665549971769e-02	1.015487738032388593e-01	9.079887626182392424e-02	2.393217819224081888e-02	2.922612432972705385e-02
8.224209363213982442e+02	4.254845094095596747e-01	2.338545758008432340e-01	9.465775254802034910e-02	1.016494536409007499e-01	9.089560518388403731e-02	2.410187167319784510e-02	2.932613179788859728e-02
8.272587065350534203e+02	4.248810859113298366e-01	2.336979026321890640e-01	9.495666695844993954e-02	1.017480451826710819e-01	9.099077942408158315e-02	2.427046108428685886e-02	2.942495886128616497e-02
8.320964767487085965e+02	4.242846529226079189e-01	2.335419873223333054e-01	9.525368341658385640e-02	1.018445799348357689e-01	9.108442433343720557e-02	2.443795557281732908e-02	2.952261655167912058e-02
8.369342469623640000e+02	4.236951215189487807e-01	2.333868293972972963e-01	9.554881534283655997e-02	1.019390889636562769e-01	9.117656476765641227e-02	2.460436419042984907e-02	2.961911587346923586e-02
8.417720171760191761e+02	4.231124039847644069e-01	2.332324283249637698e-01	9.584207604929295687e-02	1.020316029014459724e-01	9.126722509880920431e-02	2.476969589427585605e-02	2.971446780074215796e-02
8.466097873896745796e+02	4.225364137953491195e-01	2.330787835163147526e-01	9.613347874074720800e-02	1.021221519525597476e-01	9.135642922669715005e-02	2.493395954818081531e-02	2.980868327444548271e-02
8.514475576033297557e+02	4.219670655992118213e-01	2.329258943266480919e-01	9.642303651572922685e-02	1.022107658992983531e-01	9.144420058991684086e-02	2.509716392379114994e-02	2.990177319969880912e-02
8.562853278169851592e+02	4.214042752007090553e-01	2.327737600567729992e-01	9.671076236751903477e-02	1.022974741077286726e-01	9.153056217662822180e-02	2.525931770170516608e-02	2.999374844323113992e-02
8.611230980306403353e+02	4.208479595429728826e-01	2.326223799541849990e-01	9.699666918514913971e-02	1.023823055334212445e-01	9.161553653503651251e-02	2.542042947258826152e-02	3.008461983094120815e-02
8.659608682442956251e+02	4.202980366911273080e-01	2.324717532142206999e-01	9.728076975439518825e-02	1.024652887271064045e-01	9.169914578359561474e-02	2.558050773827260857e-02	3.017439814557643790e-02
8.707986384579510286e+02	4.197544258157875907e-01	2.323218789811924145e-01	9.756307675875493246e-02	1.025464518402501163e-01	9.178141162094112515e-02	2.573956091284162681e-02	3.026309412452642469e-02
8.756364086716062047e+02	4.192170471768368878e-01	2.321727563495035729e-01	9.784360278041580317e-02	1.026258226305509502e-01	9.186235533556064148e-02	2.589759732369944362e-02	3.035071845772687252e-02
8.804741788852616082e+02	4.186858221074745146e-01	2.320243843647447624e-01	9.812236030121133934e-02	1.027034284673591924e-01	9.194199781520867587e-02	2.605462521262559214e-02	3.043728178567010889e-02
8.853119490989170117e+02	4.181606729985305471e-01	2.318767620247706440e-01	9.839936170356625156e-02	1.027792963370194601e-01	9.202035955607364148e-02	2.621065273681518620e-02	3.052279469751844471e-02
8.901497193125721878e+02	4.176415232830412716e-01	2.317298882807589111e-01	9.867461927143085509e-02	1.028534528481378357e-01	9.209746067170379580e-02	2.636568796990481495e-02	3.060726772931668394e-02
8.949874895262273640e+02	4.171282974210805961e-01	2.315837620382505124e-01	9.894814519120456731e-02	1.029259242367748517e-01	9.217332090169907954e-02	2.651973890298432376e-02	3.069071136230029986e-02
8.998252597398827675e+02	4.166209208848419832e-01	2.314383821581721956e-01	9.921995155264880240e-02	1.029967363715652146e-01	9.224795962017538764e-02	2.667281344559477296e-02	3.077313602129582923e-02
9.046630299535379436e+02	4.161193201439666867e-01	2.312937474578415642e-01	9.949005034978949946e-02	1.030659147587656421e-01	9.232139584400782251e-02	2.682491942671275456e-02	3.085455207321020910e-02
9.095008001671932334e+02	4.156234226511125729e-01	2.311498567119545655e-01	9.975845348180920058e-02	1.031334845472316325e-01	9.239364824085896655e-02	2.697606459572129967e-02	3.093496982560584377e-02
9.143385703808486369e+02	4.151331568277595863e-01	2.310067086535563252e-01	1.000251727539291646e-01	1.031994705333244278e-01	9.246473513699866864e-02	2.712625662336754298e-02	3.101439952535830352e-02
9.191763405945038130e+02	4.146484520502468074e-01	2.308643019749950509e-01	1.002902198782812532e-01	1.032638971657491994e-01	9.253467452492068757e-02	2.727550310270739770e-02	3.109285135739365061e-02
9.240141108081592165e+02	4.141692386360367739e-01	2.307226353288596432e-01	1.005536064747701019e-01	1.033267885503253297e-01	9.260348407076221533e-02	2.742381155003741425e-02	3.117033544350254412e-02
9.288518810218145063e+02	4.136954478302030114e-01	2.305817073289010977e-01	1.008153440719255500e-01	1.033881684546901075e-01	9.267118112153192866e-02	2.757118940581403457e-02	3.124686184122824062e-02
9.336896512354697961e+02	4.132270117921357788e-01	2.304415165509383079e-01	1.010754441077454241e-01	1.034480603129364906e-01	9.273778271215168956e-02	2.771764403556042575e-02	3.132244054282587453e-02
9.385274214491247449e+02	4.127638635824624758e-01	2.303020615337479093e-01	1.013339179305288856e-01	1.035064872301861699e-01	9.280330557231725175e-02	2.786318273076108382e-02	3.139708147429026014e-02
9.433651916627801484e+02	4.123059371501783255e-01	2.301633407799391351e-01	1.015907767997004940e-01	1.035634719870987541e-01	9.286776613318308005e-02	2.800781270974439519e-02	3.147079449444983162e-02
9.482029618764355519e+02	4.118531673199836152e-01	2.300253527568135725e-01	1.018460318866250131e-01	1.036190370443181713e-01	9.293118053387611210e-02	2.815154111855336372e-02	3.154358939412413992e-02
9.530407320900908417e+02	4.114054897798230526e-01	2.298880958972099875e-01	1.020996942754132941e-01	1.036732045468570368e-01	9.299356462784338917e-02	2.829437503180462499e-02	3.161547589534259572e-02
9.578785023037459041e+02	4.109628410686240185e-01	2.297515686003347157e-01	1.023517749637190555e-01	1.037259963284200420e-01	9.305493398903799673e-02	2.843632145353599747e-02	3.168646365062209591e-02
9.627162725174014213e+02	4.105251585642299417e-01	2.296157692325777600e-01	1.026022848635269324e-01	1.037774339156672110e-01	9.311530391794801964e-02	2.857738731804267823e-02	3.175656224230142405e-02
9.675540427310568248e+02	4.100923804715241316e-01	2.294806961283148705e-01	1.028512348019318678e-01	1.038275385324179539e-01	9.317468944747277215e-02	2.871757949070231214e-02	3.182578118193012118e-02
9.723918129447120009e+02	4.096644458107422948e-01	2.293463475906956650e-01	1.030986355219098427e-01	1.038763311037966958e-01	9.323310534865059118e-02	2.885690476878903163e-02	3.189412990970987710e-02
9.772295831583674044e+02	4.092412944059688473e-01	2.292127218924183696e-01	1.033444976830802942e-01	1.039238322603210640e-01	9.329056613624227279e-02	2.899536988227674125e-02	3.196161779398636049e-02
9.820673533720223531e+02	4.088228668738140281e-01	2.290798172764910434e-01	1.035888318624600124e-01	1.039700623419333864e-01	9.334708607417427362e-02	2.913298149463166425e-02	3.202825413078952410e-02
9.869051235856777566e+02	4.084091046122683699e-01	2.289476319569797302e-01	1.038316485552090163e-01	1.040150414019763436e-01	9.340267918084538268e-02	2.926974620359446347e-02	3.209404814342060180e-02
9.917428937993331601e+02	4.079999497897316973e-01	2.288161641197438145e-01	1.040729581753681438e-01	1.040587892111136531e-01	9.345735923430079084e-02	2.940567054195194693e-02	3.215900898208384762e-02
9.965806640129884499e+02	4.075953453342129884e-01	2.286854119231584992e-01	1.043127710565887323e-01	1.041013252611964757e-01	9.351113977727720794e-02	2.954076097829863926e-02	3.222314572356137219e-02
