8.224209363213981305e+01	7.484735040242151971e-01	1.938049258342362524e-01	2.049270449477957889e-02	1.343549676037391651e-02	2.384418547290299492e-02	3.732268631311488011e-19	7.644702947810809020e-23
8.707986384579510286e+01	7.412289340488783518e-01	1.974102012178829968e-01	2.113988719034023619e-02	1.512231810033119912e-02	2.495395831119889482e-02	8.296356591762097722e-05	1.125541519586203086e-04
9.191763405945040688e+01	7.341970087014588753e-01	2.008126267103566287e-01	2.179162266856256649e-02	1.678907800780463436e-02	2.606078059017698581e-02	1.684386337090580503e-04	2.312612744391902796e-04
9.675540427310566827e+01	7.273693622721871810e-01	2.040228321810759471e-01	2.244735561569438653e-02	1.843533871931986312e-02	2.716355980186190358e-02	2.564067012749410963e-04	3.559612950937220436e-04
1.015931744867609581e+02	7.207380137581060886e-01	2.070508917513564362e-01	2.310656334392905201e-02	2.006071831160405328e-02	2.826129055708119162e-02	3.468465437946572456e-04	4.864923206365177064e-04
1.064309447004162337e+02	7.142953477986938582e-01	2.099063529659849492e-01	2.376875402765386835e-02	2.166488701591820845e-02	2.935304926660445984e-02	4.397344450485096029e-04	6.226910666040925534e-04
1.112687149140715235e+02	7.080340965893183736e-01	2.125982644290825840e-01	2.443346503338891113e-02	2.324756374404754120e-02	3.043798912101495363e-02	5.350444144870570174e-04	7.643932551685094076e-04
1.161064851277267991e+02	7.019473227215720090e-01	2.151352019852314224e-01	2.510026133846066099e-02	2.480851281437192538e-02	3.151533535309070794e-02	6.327483908488933237e-04	9.114339829324442184e-04
1.209442553413820747e+02	6.960284029022113517e-01	2.175252935225692741e-01	2.576873403371676002e-02	2.634754086705927770e-02	3.258438076734038874e-02	7.328164330846231346e-04	1.063648060526351663e-03
1.257820255550373645e+02	6.902710125049604795e-01	2.197762424705080320e-01	2.643849890583613305e-02	2.786449395801286755e-02	3.364448152216076987e-02	8.352168993036214331e-04	1.220870325725998242e-03
1.306197957686926259e+02	6.846691109118331342e-01	2.218953500608970286e-01	2.710919509502360616e-02	2.935925482176003284e-02	3.469505315086097996e-02	9.399166144211915010e-04	1.382935931712074530e-03
1.354575659823479441e+02	6.792169276029040859e-01	2.238895364178217773e-01	2.778048382410073375e-02	3.083174029399699673e-02	3.573556680853526291e-02	1.046881027146855016e-03	1.549680612002282513e-03
1.402953361960032339e+02	6.739089489556177037e-01	2.257653605377881179e-01	2.845204719521512993e-02	3.228189888500342802e-02	3.676554573246398200e-02	1.156074356919596950e-03	1.720940923499949702e-03
1.451331064096584669e+02	6.687399057167539018e-01	2.275290392187837019e-01	2.912358705059040626e-02	3.370970849561286120e-02	3.778456190438267415e-02	1.267459731362851434e-03	1.896554469021567626e-03
1.499708766233137851e+02	6.637047611121118518e-01	2.291864649936221909e-01	2.979482389392767647e-02	3.511517426787238993e-02	3.879223290358470300e-02	1.380999314800745309e-03	2.076360100588450514e-03
1.548086468369690749e+02	6.587986995608007268e-01	2.307432231200526318e-01	3.046549586924879663e-02	3.649832656294852568e-02	3.978821894041500995e-02	1.496654428347523073e-03	2.260198104694716159e-03
1.596464170506243647e+02	6.540171159627609088e-01	2.322046076773467971e-01	3.113535779414110596e-02	3.785921905923707309e-02	4.077222006027313855e-02	1.614385662054076791e-03	2.447910370694782786e-03
1.644841872642796261e+02	6.493556055297825536e-01	2.335756368164551844e-01	3.180418024452404818e-02	3.919792696401434851e-02	4.174397350877445678e-02	1.734152979568999789e-03	2.639340543388326524e-03
1.693219574779349159e+02	6.448099541318478289e-01	2.348610672083368267e-01	3.247174868821027516e-02	4.051454533232654726e-02	4.270325124922104421e-02	1.855915815746502981e-03	2.834334160818979213e-03
1.741597276915902057e+02	6.403761291320958504e-01	2.360654077327161982e-01	3.313786266467796948e-02	4.180918748715404393e-02	4.364985762400949015e-02	1.979633167609806416e-03	3.032738778244745224e-03
1.789974979052454671e+02	6.360502706851084431e-01	2.371929324472901446e-01	3.380233500860749252e-02	4.308198353520968638e-02	4.458362715205329424e-02	2.105263679056157671e-03	3.234404079183007558e-03
1.838352681189008138e+02	6.318286834745379110e-01	2.382476928752972067e-01	3.446499111486515943e-02	4.433307897303474798e-02	4.550442245472388625e-02	2.232765719668383317e-03	3.439181974380925259e-03
1.886730383325560467e+02	6.277078288673543227e-01	2.392335296473611650e-01	3.512566824273884170e-02	4.556263337834507571e-02	4.641213230321821620e-02	2.362097457977774262e-03	3.646926689512796239e-03
1.935108085462113081e+02	6.236843174631753195e-01	2.401540835316270661e-01	3.578421485734673696e-02	4.677081918185282267e-02	4.730666978064278216e-02	2.493216929504080397e-03	3.857494842359447760e-03
1.983485787598666263e+02	6.197549020182705481e-01	2.410128058844124566e-01	3.644049000624998563e-02	4.795782051504811350e-02	4.818797055246603483e-02	2.626082099880392220e-03	4.070745510180770639e-03
2.031863489735219162e+02	6.159164707248984127e-01	2.418129685518979610e-01	3.709436272940423718e-02	4.912383212966955903e-02	4.905599123933348377e-02	2.760650923353668174e-03	4.286540287950982644e-03
2.080241191871772060e+02	6.121660408276431431e-01	2.425576732517705780e-01	3.774571150068376651e-02	5.026905838482420563e-02	4.991070788656405688e-02	2.896881396935540448e-03	4.504743338086973636e-03
2.128618894008324673e+02	6.085007525593780775e-01	2.432498604622088112e-01	3.839442369930497201e-02	5.139371229793709278e-02	5.075211452495340808e-02	3.034731610462799815e-03	4.725221432263020452e-03
2.176996596144877287e+02	6.049178633803894423e-01	2.438923178441532447e-01	3.904039510956468922e-02	5.249801465591796140e-02	5.158022181780011484e-02	3.174159792812555805e-03	4.947843985870135040e-03
2.225374298281430470e+02	6.014147425050526685e-01	2.444876882214389591e-01	3.968352944739250016e-02	5.358219318312910234e-02	5.239505578934610525e-02	3.315124354503398880e-03	5.172483085645262005e-03
2.273752000417983652e+02	5.979888657012701891e-01	2.450384771420694718e-01	4.032373791229549448e-02	5.464648176292472015e-02	5.319665663008280032e-02	3.457583926901023567e-03	5.399013510964279818e-03
2.322129702554535982e+02	5.946378103486481548e-01	2.455470600426843675e-01	4.096093876334910844e-02	5.569111970970760939e-02	5.398507757462089190e-02	3.601497398234545979e-03	5.627312749263283127e-03
2.370507404691088880e+02	5.913592507421249200e-01	2.460156890371100191e-01	4.159505691795884613e-02	5.671635108861606406e-02	5.476038384805519826e-02	3.746823946618221129e-03	5.857261006024762177e-03
2.418885106827641494e+02	5.881509536284524886e-01	2.464464993487812949e-01	4.222602357218519648e-02	5.772242408011141190e-02	5.552265167697643944e-02	3.893523070262339212e-03	6.088741209738983071e-03
2.467262808964194392e+02	5.850107739635921345e-01	2.468415154057784777e-01	4.285377584148776509e-02	5.870959038688568915e-02	5.627196736149122497e-02	4.041554615046761070e-03	6.321639012226079948e-03
2.515640511100747290e+02	5.819366508797058080e-01	2.472026566162360828e-01	4.347825642080523079e-02	5.967810468065035123e-02	5.700842640480905527e-02	4.190878799620789165e-03	6.555842784680882863e-03
2.564018213237300188e+02	5.789266038510131329e-01	2.475317428409428699e-01	4.409941326294501696e-02	6.062822408650054423e-02	5.773213269714239787e-02	4.341456238183835116e-03	6.791243609780426432e-03
2.612395915373852517e+02	5.759787290483456834e-01	2.478304995790669985e-01	4.471719927431078850e-02	6.156020770267580516e-02	5.844319775084322321e-02	4.493247961092615775e-03	7.027735270173182669e-03
2.660773617510405415e+02	5.730911958727551436e-01	2.481005628820991404e-01	4.533157202704726080e-02	6.247431615365791474e-02	5.914173998386704212e-02	4.646215433432353790e-03	7.265214233649354078e-03
2.709151319646958882e+02	5.702622436590376598e-01	2.483434840103114771e-01	4.594249348673070527e-02	6.337081117465971636e-02	5.982788404881408256e-02	4.800320571681641543e-03	7.503579635272998073e-03
2.757529021783511780e+02	5.674901785405065402e-01	2.485607338452765214e-01	4.654992975477915268e-02	6.424995522566599726e-02	6.050176020494771323e-02	4.955525758593272954e-03	7.742733256739181037e-03
2.805906723920064678e+02	5.647733704668018717e-01	2.487537070712757259e-01	4.715385082480066242e-02	6.511201113328887735e-02	6.116350373073201757e-02	5.111793856406336364e-03	7.982579503202849244e-03
2.854284426056617008e+02	5.621102503669472839e-01	2.489237261377522104e-01	4.775423035213868794e-02	6.595724175879601192e-02	6.181325437456537675e-02	5.269088218498289670e-03	8.223025377810482678e-03
2.902662128193169337e+02	5.594993074502699892e-01	2.490720450143200926e-01	4.835104543591330073e-02	6.678590969076089734e-02	6.245115584151377658e-02	5.427372699579501719e-03	8.463980454150872579e-03
2.951039830329722804e+02	5.569390866381833671e-01	2.491998527492382542e-01	4.894427641289376268e-02	6.759827696087021554e-02	6.307735531396838069e-02	5.586611664526825935e-03	8.705356846827523934e-03
2.999417532466276270e+02	5.544281861201962869e-01	2.493082768416791661e-01	4.953390666257334596e-02	6.839460478150452549e-02	6.369200300426566819e-02	5.746769995947234935e-03	8.947069180342066136e-03
3.047795234602828600e+02	5.519652550278520975e-01	2.493983864375809434e-01	5.011992242285043947e-02	6.917515330378549987e-02	6.429525173741644506e-02	5.907813100557256572e-03	9.189034556465754122e-03
3.096172936739380930e+02	5.495489912206317218e-01	2.494711953583542974e-01	5.070231261575153248e-02	6.994018139485558283e-02	6.488725656219185289e-02	6.069706914458978392e-03	9.431172520264499703e-03
3.144550638875934396e+02	5.471781391781627146e-01	2.495276649712272476e-01	5.128106868266160689e-02	7.068994643322464022e-02	6.546817438891153196e-02	6.232417907388695943e-03	9.673405024931951840e-03
3.192928341012487294e+02	5.448514879933661348e-01	2.495687069095486321e-01	5.185618442855569749e-02	7.142470412108352373e-02	6.603816365236984953e-02	6.395913086009822127e-03	9.915656395574809143e-03
3.241306043149040192e+02	5.425678694614530784e-01	2.495951856509322775e-01	5.242765587475214234e-02	7.214470831254564398e-02	6.659738399842297929e-02	6.560159996317492352e-03	1.015785329208483689e-02
3.289683745285592522e+02	5.403261562599475099e-01	2.496079209607087179e-01	5.299548111973354653e-02	7.285021085683617004e-02	6.714599599284128140e-02	6.725126725218315629e-03	1.039992467122291542e-02
3.338061447422145420e+02	5.381252602151551656e-01	2.496076902077589144e-01	5.355966020760533075e-02	7.354146145550342906e-02	6.768416085110874614e-02	6.890781901344998975e-03	1.064180174803183200e-02
3.386439149558698318e+02	5.359641306507417768e-01	2.495952305594300868e-01	5.412019500378466991e-02	7.421870753277905186e-02	6.821204018792441370e-02	7.057094695162003349e-03	1.088341795668642392e-02
3.434816851695251216e+02	5.338417528143015733e-01	2.495712410618828037e-01	5.467708907753415087e-02	7.488219411826281535e-02	6.872979578523007171e-02	7.224034818415070794e-03	1.112470891088203871e-02
3.483194553831804114e+02	5.317571463780129681e-01	2.495363846118828222e-01	5.523034759097483065e-02	7.553216374115480358e-02	6.923758937765381316e-02	7.391572522974297448e-03	1.136561236385509772e-02
3.531572255968357013e+02	5.297093640096782741e-01	2.494912898257351241e-01	5.577997719423274242e-02	7.616885633530104394e-02	6.973558245432119607e-02	7.559678599117439918e-03	1.160606816812281838e-02
3.579949958104909342e+02	5.276974900106343735e-01	2.494365528107576335e-01	5.632598592639133372e-02	7.679250915436108826e-02	7.022393607604415777e-02	7.728324373297334841e-03	1.184601823502275456e-02
3.628327660241463377e+02	5.257206390172017851e-01	2.493727388444076098e-01	5.686838312193950862e-02	7.740335669644500538e-02	7.070281070695330627e-02	7.897481705434644325e-03	1.208540649412688517e-02
3.676705362378016275e+02	5.237779547625124321e-01	2.493003839659048426e-01	5.740717932242146021e-02	7.800163063760436055e-02	7.117236605969165519e-02	8.067122985774641958e-03	1.232417885259934863e-02
3.725083064514568036e+02	5.218686088957167346e-01	2.492199964849409755e-01	5.794238619301009252e-02	7.858755977359740963e-02	7.163276095333746818e-02	8.237221131344379249e-03	1.256228315456163133e-02
3.773460766651120935e+02	5.199917998557256338e-01	2.491320584118219827e-01	5.847401644374049245e-02	7.916136996938157033e-02	7.208415318327052179e-02	8.407749582044331954e-03	1.279966914052410587e-02
3.821838468787673833e+02	5.181467517967882630e-01	2.490370268131631704e-01	5.900208375515387377e-02	7.972328411581793006e-02	7.252669940224078238e-02	8.578682296406524993e-03	1.303628840693810305e-02
3.870216170924226162e+02	5.163327135633446474e-01	2.489353350970384682e-01	5.952660270811575144e-02	8.027352209310203990e-02	7.296055501194009807e-02	8.749993747049133672e-03	1.327209436591839098e-02
3.918593873060780197e+02	5.145489577117249302e-01	2.488273942312805576e-01	6.004758871758452549e-02	8.081230074046388823e-02	7.338587406441721139e-02	8.921658915855702754e-03	1.350704220518179378e-02
3.966971575197332527e+02	5.127947795763866390e-01	2.487135938984345318e-01	6.056505797011850489e-02	8.133983383170570458e-02	7.380280917271400676e-02	9.093653288905299142e-03	1.374108884824385909e-02
4.015349277333884856e+02	5.110694963785064049e-01	2.485943035906828524e-01	6.107902736492080292e-02	8.185633205617207087e-02	7.421151143013618445e-02	9.265952851178321445e-03	1.397419291491185968e-02
4.063726979470438323e+02	5.093724463748461329e-01	2.484698736478851977e-01	6.158951445823194343e-02	8.236200300477011793e-02	7.461213033760499824e-02	9.438534081061039985e-03	1.420631468210906481e-02
4.112104681606991221e+02	5.077029880449259736e-01	2.483406362417112934e-01	6.209653741089027346e-02	8.285705116068002585e-02	7.500481373856847378e-02	9.611373944670506195e-03	1.443741604506200253e-02
4.160482383743544119e+02	5.060604993146322617e-01	2.482069063086887184e-01	6.260011493888974210e-02	8.334167789441764007e-02	7.538970776098054272e-02	9.784449890020032251e-03	1.466746047887950918e-02
4.208860085880095880e+02	5.044443768144879492e-01	2.480689824348383532e-01	6.310026626677378569e-02	8.381608146293025030e-02	7.576695676588439399e-02	9.957739841044128612e-03	1.489641300054956805e-02
4.257237788016648778e+02	5.028540351708976619e-01	2.479271476944306107e-01	6.359701108371232370e-02	8.428045701242629917e-02	7.613670330216362747e-02	1.013122219150057804e-02	1.512424013137734363e-02
4.305615490153201677e+02	5.012889063287712110e-01	2.477816704452619478e-01	6.409036950211731420e-02	8.473499658465696860e-02	7.649908806704960873e-02	1.030487579876609994e-02	1.535090985988537236e-02
4.353993192289755143e+02	4.997484389040054986e-01	2.476328050827250604e-01	6.458036201865983983e-02	8.517988912638496668e-02	7.685424987199748759e-02	1.047867997754097120e-02	1.557639160519463765e-02
4.402370894426308041e+02	4.982320975643851346e-01	2.474807927548268449e-01	6.506700947755901521e-02	8.561532050179139486e-02	7.720232561356607515e-02	1.065261449347694282e-02	1.580065618090308391e-02
4.450748596562860939e+02	4.967393624375316397e-01	2.473258620401948549e-01	6.555033303601963401e-02	8.604147350758679924e-02	7.754345024895759053e-02	1.082665955674179913e-02	1.602367575947618791e-02
4.499126298699413837e+02	4.952697285446038822e-01	2.471682295910059279e-01	6.603035413170271761e-02	8.645852789060663734e-02	7.787775677589399426e-02	1.100079581553298734e-02	1.624542383716234134e-02
4.547504000835967304e+02	4.938227052585147936e-01	2.470081007426692954e-01	6.650709445211834547e-02	8.686666036768486698e-02	7.820537621652530469e-02	1.117500434955183940e-02	1.646587519944405983e-02
4.595881702972519065e+02	4.923978157854936311e-01	2.468456700919992031e-01	6.698057590583682275e-02	8.726604464761189561e-02	7.852643760508332127e-02	1.134926666344917255e-02	1.668500588703443477e-02
4.644259405109071963e+02	4.909945966688809005e-01	2.466811220455229769e-01	6.745082059541920860e-02	8.765685145499516051e-02	7.884106797901124786e-02	1.152356468025220008e-02	1.690279316242680741e-02
4.692637107245624861e+02	4.896125973140992294e-01	2.465146313394816491e-01	6.791785079197396047e-02	8.803924855585193443e-02	7.914939237331559962e-02	1.169788073478198430e-02	1.711921547700413423e-02
4.741014809382177759e+02	4.882513795337971585e-01	2.463463635330004065e-01	6.838168891125100124e-02	8.841340078477433195e-02	7.945153381790218128e-02	1.187219756707002388e-02	1.733425243871334828e-02
4.789392511518730657e+02	4.869105171122116715e-01	2.461764754758279106e-01	6.884235749118948477e-02	8.877947007351706665e-02	7.974761333767176053e-02	1.204649831578186170e-02	1.754788478030873747e-02
4.837770213655284124e+02	4.855895953878444637e-01	2.460051157519696219e-01	6.929987917083996196e-02	8.913761548086708564e-02	8.003774995516507729e-02	1.222076651165505262e-02	1.776009432816724742e-02
4.886147915791837022e+02	4.842882108535916941e-01	2.458324251004717076e-01	6.975427667058570202e-02	8.948799322366428333e-02	8.032206069555920813e-02	1.239498607095820999e-02	1.797086397167770369e-02
4.934525617928388783e+02	4.830059707735090968e-01	2.456585368145455806e-01	7.020557277359230908e-02	8.983075670884986541e-02	8.060066059382950399e-02	1.256914128897738438e-02	1.818017763320479291e-02
4.982903320064942250e+02	4.817424928154362407e-01	2.454835771201607231e-01	7.065379030841799357e-02	9.016605656642748268e-02	8.087366270390267120e-02	1.274321683353546106e-02	1.838802023862795565e-02
5.031281022201495148e+02	4.804974046987417480e-01	2.453076655351747182e-01	7.109895213272099390e-02	9.049404068322966510e-02	8.114117810963716870e-02	1.291719773854983766e-02	1.859437768845438252e-02
5.079658724338048046e+02	4.792703438564879237e-01	2.451309152100127620e-01	7.154108111800382142e-02	9.081485423738892837e-02	8.140331593747728023e-02	1.309106939763318711e-02	1.879923682950467370e-02
5.128036426474600376e+02	4.780609571113477174e-01	2.449534332508564449e-01	7.198020013533705519e-02	9.112863973341986390e-02	8.166018337063687960e-02	1.326481755774170518e-02	1.900258542716894150e-02
5.176414128611153274e+02	4.768689003646411906e-01	2.447753210262511303e-01	7.241633204200878526e-02	9.143553703782450470e-02	8.191188566467766385e-02	1.343842831287483594e-02	1.920441213823053175e-02
5.224791830747705035e+02	4.756938382978879165e-01	2.445966744579933794e-01	7.284949966904839813e-02	9.173568341513951840e-02	8.215852616435531663e-02	1.361188809783013889e-02	1.940470648425399181e-02
5.273169532884259070e+02	4.745354440863034928e-01	2.444175842971149093e-01	7.327972580957642368e-02	9.202921356434889955e-02	8.240020632161505765e-02	1.378518368201657289e-02	1.960345882553332295e-02
5.321547235020811968e+02	4.733933991236948247e-01	2.442381363857371313e-01	7.370703320793431379e-02	9.231625965559163427e-02	8.263702571462544499e-02	1.395830216332921703e-02	1.980066033559611111e-02
5.369924937157364866e+02	4.722673927582368703e-01	2.440584119055292101e-01	7.413144454955120088e-02	9.259695136709811258e-02	8.286908206774658281e-02	1.413123096208807397e-02	1.999630297625866818e-02
5.418302639293917764e+02	4.711571220386381320e-01	2.438784876134645063e-01	7.455298245150601688e-02	9.287141592229429532e-02	8.309647127233545094e-02	1.430395781504340338e-02	2.019037947322693122e-02
5.466680341430470662e+02	4.700622914702264898e-01	2.436984360655342352e-01	7.497166945374651725e-02	9.313977812701668135e-02	8.331928740829767921e-02	1.447647076944968449e-02	2.038288329223747475e-02
5.515058043567023560e+02	4.689826127805099554e-01	2.435183258290420094e-01	7.538752801092822586e-02	9.340216040678520071e-02	8.353762276630059824e-02	1.464875817721015758e-02	2.057380861573268951e-02
5.563435745703576458e+02	4.679178046937882418e-01	2.433382216840707934e-01	7.580058048483849509e-02	9.365868284408540578e-02	8.375156787056844965e-02	1.482080868909357516e-02	2.076315032006389658e-02
5.611813447840129356e+02	4.668675927144121940e-01	2.431581848146830982e-01	7.621084913737279087e-02	9.390946321561449706e-02	8.396121150218582851e-02	1.499261124902463542e-02	2.095090395321585683e-02
5.660191149976681118e+02	4.658317089183071080e-01	2.429782729903849914e-01	7.661835612403188056e-02	9.415461702944949440e-02	8.416664072284008036e-02	1.516415508844937143e-02	2.113706571304594869e-02
5.708568852113234016e+02	4.648098917523951767e-01	2.427985407383580763e-01	7.702312348791055807e-02	9.439425756209890439e-02	8.436794089893864812e-02	1.533542972077655241e-02	2.132163242603105080e-02
5.756946554249786914e+02	4.638018858415686174e-01	2.426190395069358630e-01	7.742517315414984558e-02	9.462849589540235640e-02	8.456519572604136170e-02	1.550642493589601129e-02	2.150460152651500687e-02
5.805324256386339812e+02	4.628074418028840231e-01	2.424398178207773369e-01	7.782452692482637324e-02	9.485744095324552538e-02	8.475848725355183966e-02	1.567713079477461857e-02	2.168597103644937657e-02
5.853701958522892710e+02	4.618263160666617462e-01	2.422609214281661594e-01	7.822120647425390150e-02	9.508119953806018487e-02	8.494789590961650261e-02	1.584753762413052686e-02	2.186573954562003042e-02
5.902079660659445608e+02	4.608582707041913862e-01	2.420823934408415923e-01	7.861523334467319934e-02	9.529987636708198151e-02	8.513350052618266772e-02	1.601763601118610589e-02	2.204390619235208765e-02
5.950457362795999643e+02	4.599030732617570560e-01	2.419042744667463385e-01	7.900662894230808808e-02	9.551357410834063200e-02	8.531537836417148191e-02	1.618741679849990817e-02	2.222047064468551936e-02
5.998835064932552541e+02	4.589604966007110876e-01	2.417266027360563119e-01	7.939541453376633418e-02	9.572239341635960241e-02	8.549360513872408807e-02	1.635687107887784722e-02	2.239543308201371111e-02
6.047212767069104302e+02	4.580303187433372725e-01	2.415494142208381156e-01	7.978161124276539340e-02	9.592643296754452265e-02	8.566825504448272177e-02	1.652599019036373601e-02	2.256879417717723088e-02
6.095590469205657200e+02	4.571123227242560594e-01	2.413727427486624111e-01	8.016524004716418794e-02	9.612578949524096250e-02	8.583940078087133607e-02	1.669476571130908485e-02	2.274055507900495793e-02
6.143968171342210098e+02	4.562062964471377269e-01	2.411966201104836782e-01	8.054632177628273659e-02	9.632055782444493008e-02	8.600711357734311391e-02	1.686318945552212414e-02	2.291071739529471768e-02
6.192345873478761860e+02	4.553120325464986018e-01	2.410210761630812160e-01	8.092487710849292915e-02	9.651083090615029947e-02	8.617146321856451741e-02	1.703125346749583338e-02	2.307928317622559219e-02
6.240723575615315895e+02	4.544293282543676593e-01	2.408461389263407137e-01	8.130092656906429127e-02	9.669669985131941481e-02	8.633251806950820173e-02	1.719895001771469534e-02	2.324625489819395069e-02
6.289101277751868793e+02	4.535579852716192795e-01	2.406718346756410443e-01	8.167449052824958533e-02	9.687825396446456128e-02	8.649034510042921675e-02	1.736627159803983897e-02	2.341163544806539737e-02
6.337478979888421691e+02	4.526978096437783705e-01	2.404981880295972152e-01	8.204558919959591134e-02	9.705558077682929774e-02	8.664500991170112632e-02	1.753321091717213037e-02	2.357542810783477133e-02
6.385856682024975726e+02	4.518486116411138398e-01	2.403252220333977340e-01	8.241424263846779119e-02	9.722876607916000613e-02	8.679657675849043741e-02	1.769976089619277118e-02	2.373763653968631246e-02
6.434234384161527487e+02	4.510102056428419437e-01	2.401529582379615113e-01	8.278047074076932965e-02	9.739789395405924755e-02	8.694510857524979930e-02	1.786591466418080074e-02	2.389826477144624262e-02
6.482612086298080385e+02	4.501824100252739269e-01	2.399814167751287142e-01	8.314429324185343417e-02	9.756304680791358375e-02	8.709066700001218131e-02	1.803166555390699199e-02	2.405731718242002520e-02
6.530989788434633283e+02	4.493650470537453034e-01	2.398106164290877695e-01	8.350572971560657476e-02	9.772430540238963292e-02	8.723331239846965346e-02	1.819700709760342996e-02	2.421479848960652118e-02
6.579367490571185044e+02	4.485579427781746786e-01	2.396405747042310574e-01	8.386479957369823157e-02	9.788174888549321107e-02	8.737310388782212889e-02	1.836193302280813774e-02	2.437071373428146767e-02
6.627745192707737942e+02	4.477609269321061181e-01	2.394713078896215930e-01	8.422152206498480231e-02	9.803545482218706253e-02	8.751009936038271764e-02	1.852643724828400076e-02	2.452506826894265343e-02
6.676122894844290840e+02	4.469738328350950640e-01	2.393028311202433644e-01	8.457591627505836596e-02	9.818549922456383527e-02	8.764435550692782628e-02	1.869051388001125025e-02	2.467786774460925883e-02
6.724500596980843738e+02	4.461964972983052946e-01	2.391351584351991411e-01	8.492800112593107409e-02	9.833195658157162233e-02	8.777592783978112323e-02	1.885415720725270791e-02	2.482911809846795673e-02
6.772878299117396637e+02	4.454287605331894717e-01	2.389683028330114867e-01	8.527779537584646852e-02	9.847489988829015439e-02	8.790487071562202992e-02	1.901736169869097659e-02	2.497882554185835990e-02
6.821256001253949535e+02	4.446704660631319306e-01	2.388022763241734459e-01	8.562531761920978701e-02	9.861440067475622795e-02	8.803123735801021699e-02	1.918012199863674411e-02	2.512699654859056053e-02
6.869633703390502433e+02	4.439214606379382477e-01	2.386370899810899560e-01	8.597058628662924973e-02	9.875052903433809148e-02	8.815507987961854197e-02	1.934243292330731917e-02	2.527363784358754167e-02
6.918011405527055331e+02	4.431815941510601209e-01	2.384727539855410750e-01	8.631361964506127638e-02	9.888335365165851210e-02	8.827644930416808644e-02	1.950428945717451110e-02	2.541875639184534852e-02
6.966389107663608229e+02	4.424507195594510334e-01	2.383092776737933960e-01	8.665443579805261198e-02	9.901294183006710548e-02	8.839539558805974140e-02	1.966568674938098948e-02	2.556235938770401103e-02
7.014766809800161127e+02	4.417286928059500628e-01	2.381466695794788591e-01	8.699305268607292196e-02	9.913935951866316432e-02	8.851196764169741438e-02	1.982662011022416626e-02	2.570445424442228260e-02
7.063144511936714025e+02	4.410153727440984661e-01	2.379849374743535362e-01	8.732948808693169473e-02	9.926267133887013705e-02	8.862621335049895854e-02	1.998708500770669805e-02	2.584504858404936337e-02
7.111522214073266923e+02	4.403106210652963370e-01	2.378240884070437766e-01	8.766375961627363711e-02	9.938294061056407447e-02	8.873817959559152091e-02	2.014707706415263741e-02	2.598415022758687742e-02
7.159899916209819821e+02	4.396143022282106294e-01	2.376641287398814084e-01	8.799588472814713624e-02	9.950022937775811205e-02	8.884791227418864512e-02	2.030659205288834826e-02	2.612176718543449475e-02
7.208277618346371582e+02	4.389262833903510019e-01	2.375050641839242527e-01	8.832588071564061172e-02	9.961459843384586066e-02	8.895545631964731081e-02	2.046562589498715848e-02	2.625790764811262654e-02
7.256655320482924481e+02	4.382464343417313835e-01	2.373468998322534051e-01	8.865376471158176175e-02	9.972610734640648122e-02	8.906085572120313321e-02	2.062417465607684422e-02	2.639257997725579993e-02
7.305033022619478515e+02	4.375746274405417080e-01	2.371896401916341046e-01	8.897955368929538755e-02	9.983481448157512095e-02	8.916415354338312615e-02	2.078223454320896404e-02	2.652579269687041150e-02
7.353410724756030277e+02	4.369107375507540469e-01	2.370332892126224278e-01	8.930326446341513291e-02	9.994077702798200014e-02	8.926539194509555686e-02	2.093980190178907838e-02	2.665755448485057633e-02
7.401788426892584312e+02	4.362546419815938603e-01	2.368778503181956652e-01	8.962491369074525316e-02	1.000440510202641742e-01	8.936461219839683667e-02	2.109687321256689674e-02	2.678787416474602556e-02
7.450166129029136073e+02	4.356062204288078665e-01	2.367233264309808460e-01	8.994451787116847230e-02	1.001446913621541063e-01	8.946185470693600317e-02	2.125344508868538818e-02	2.691676069777600155e-02
7.498543831165690108e+02	4.349653549176634160e-01	2.365697199991510513e-01	9.026209334859629230e-02	1.002427518491490754e-01	8.955715902407762607e-02	2.140951427278788705e-02	2.704422317508329773e-02
7.546921533302243006e+02	4.343319297476181395e-01	2.364170330210567383e-01	9.057765631195834055e-02	1.003382851907662493e-01	8.965056387070434452e-02	2.156507763418225726e-02	2.717027081022259025e-02
7.595299235438793630e+02	4.337058314385993651e-01	2.362652670686549161e-01	9.089122279622756373e-02	1.004313430323877238e-01	8.974210715270056204e-02	2.172013216606109853e-02	2.729491293187743389e-02
7.643676937575347665e+02	4.330869486788370692e-01	2.361144233097962342e-01	9.120280868347808989e-02	1.005219759767006504e-01	8.983182597811913139e-02	2.187467498277715847e-02	2.741815897680028452e-02
7.692054639711900563e+02	4.324751722741952964e-01	2.359645025294271059e-01	9.151242970397305276e-02	1.006102336047370593e-01	8.991975667403319383e-02	2.202870331717286800e-02	2.754001848297009045e-02
7.740432341848452324e+02	4.318703950989492557e-01	2.358155051497604626e-01	9.182010143727951934e-02	1.006961644965186226e-01	9.000593480307547689e-02	2.218221451796318494e-02	2.766050108296212728e-02
7.788810043985006359e+02	4.312725120479593000e-01	2.356674312494668466e-01	9.212583931340809218e-02	1.007798162513113688e-01	9.009039517966763166e-02	2.233520604717072547e-02	2.777961649752468815e-02
7.837187746121558121e+02	4.306814199901916607e-01	2.355202805819341938e-01	9.242965861397468841e-02	1.008612355074956779e-01	9.017317188594249633e-02	2.248767547761231292e-02	2.789737452935761586e-02
7.885565448258112156e+02	4.300970177235413638e-01	2.353740525926426019e-01	9.273157447338238601e-02	1.009404679620567596e-01	9.025429828736211690e-02	2.263962049043599309e-02	2.801378505708746608e-02
7.933943150394665054e+02	4.295192059309120292e-01	2.352287464356976332e-01	9.303160188002103370e-02	1.010175583897010010e-01	9.033380704803488370e-02	2.279103887270765225e-02	2.812885802943445451e-02
7.982320852531219089e+02	4.289478871375106417e-01	2.350843609895642283e-01	9.332975567748277856e-02	1.010925506616035946e-01	9.041173014573491984e-02	2.294192851504628025e-02	2.824260345956625118e-02
8.030698554667769713e+02	4.283829656693160515e-01	2.349408948720401458e-01	9.362605056579155482e-02	1.011654877637928468e-01	9.048809888662723289e-02	2.309228740930706000e-02	2.835503141963389290e-02
8.079076256804323748e+02	4.278243476126818989e-01	2.347983464545067012e-01	9.392050110264472951e-02	1.012364118151767439e-01	9.056294391970221014e-02	2.324211364631133953e-02	2.846615203548515452e-02
8.127453958940876646e+02	4.272719407750370513e-01	2.346567138754924453e-01	9.421312170466547564e-02	1.013053640852171478e-01	9.063629525092314898e-02	2.339140541362265402e-02	2.857597548155080269e-02
8.175831661077428407e+02	4.267256546466465239e-01	2.345159950535831983e-01	9.450392664866401338e-02	1.013723850112572544e-01	9.070818225709052773e-02	2.354016099336796522e-02	2.868451197589923923e-02
8.224209363213982442e+02	4.261854003633984700e-01	2.343761876997108862e-01	9.479293007290641448e-02	1.014375142155077292e-01	9.077863369942681948e-02	2.368837876010317436e-02	2.879177177545522506e-02
8.272587065350534203e+02	4.256510906705843200e-01	2.342372893288512392e-01	9.508014597838965187e-02	1.015007905216969430e-01	9.084767773688606773e-02	2.383605717872221835e-02	2.889776517137833400e-02
8.320964767487085965e+02	4.251226398876390422e-01	2.340992972711595510e-01	9.536558823012152020e-02	1.015622519713911820e-01	9.091534193919170725e-02	2.398319480240877419e-02	2.900250248459699393e-02
8.369342469623640000e+02	4.245999638738117699e-01	2.339622086825718095e-01	9.564927055840417858e-02	1.016219358399899214e-01	9.098165329960720971e-02	2.412979027062987780e-02	2.910599406149399701e-02
8.417720171760191761e+02	4.240829799947359868e-01	2.338260205548973458e-01	9.593120656012044112e-02	1.016798786524017312e-01	9.104663824744316236e-02	2.427584230717058297e-02	2.920825026973948926e-02
8.466097873896745796e+02	4.235716070898720709e-01	2.336907297254272042e-01	9.621140970002137194e-02	1.017361161984064316e-01	9.111032266030526239e-02	2.442134971820890052e-02	2.930928149426751533e-02
8.514475576033297557e+02	4.230657654407931068e-01	2.335563328860828236e-01	9.648989331201457409e-02	1.017906835477087601e-01	9.117273187608694596e-02	2.456631139043023715e-02	2.940909813339227449e-02
8.562853278169851592e+02	4.225653767402892114e-01	2.334228265921264034e-01	9.676667060045196500e-02	1.018436150646888916e-01	9.123389070471135676e-02	2.471072628918054986e-02	2.950771059506038241e-02
8.611230980306403353e+02	4.220703640622638364e-01	2.332902072704542973e-01	9.704175464141637231e-02	1.018949444228552659e-01	9.129382343962610946e-02	2.485459345665749428e-02	2.960512929323542639e-02
8.659608682442956251e+02	4.215806518323978458e-01	2.331584712274940296e-01	9.731515838400602025e-02	1.019447046190049694e-01	9.135255386905577479e-02	2.499791201013877931e-02	2.970136464441130303e-02
8.707986384579510286e+02	4.210961657995583862e-01	2.330276146567236417e-01	9.758689465161628218e-02	1.019929279870969846e-01	9.141010528701559723e-02	2.514068114024705508e-02	2.979642706425077864e-02
8.756364086716062047e+02	4.206168330079283479e-01	2.328976336458317697e-01	9.785697614321779703e-02	1.020396462118433184e-01	9.146650050409099730e-02	2.528290010925054662e-02	2.989032696434590700e-02
8.804741788852616082e+02	4.201425817698367648e-01	2.327685241835354690e-01	9.812541543463058902e-02	1.020848903420234072e-01	9.152176185798679975e-02	2.542456824939878096e-02	2.998307474909695305e-02
8.853119490989170117e+02	4.196733416392666172e-01	2.326402821660724096e-01	9.839222497979323301e-02	1.021286908035267671e-01	9.157591122385050353e-02	2.556568496129269646e-02	3.007468081270656818e-02
8.901497193125721878e+02	4.192090433860218845e-01	2.325129034033831532e-01	9.865741711202692665e-02	1.021710774121289134e-01	9.162897002437342397e-02	2.570624971228843009e-02	3.016515553628603200e-02
8.949874895262273640e+02	4.187496189705329219e-01	2.323863836249980830e-01	9.892100404529341473e-02	1.022120793860056415e-01	9.168095923967412020e-02	2.584626203493414418e-02	3.025450928507046264e-02
8.998252597398827675e+02	4.182950015192813953e-01	2.322607184856429752e-01	9.918299787544695989e-02	1.022517253579905000e-01	9.173189941696782701e-02	2.598572152543919891e-02	3.034275240573995960e-02
9.046630299535379436e+02	4.178451253008273469e-01	2.321359035705770346e-01	9.944341058147911083e-02	1.022900433875802984e-01	9.178181068002620735e-02	2.612462784217505288e-02	3.042989522384373369e-02
9.095008001671932334e+02	4.173999257024200160e-01	2.320119344006757178e-01	9.970225402675671200e-02	1.023270609726935898e-01	9.183071273843121385e-02	2.626298070420722899e-02	3.051594804132429922e-02
9.143385703808486369e+02	4.169593392071757054e-01	2.318888064372705837e-01	9.995953996025196131e-02	1.023628050611867651e-01	9.187862489662708410e-02	2.640077988985773880e-02	3.060092113413896350e-02
9.191763405945038130e+02	4.165233033718060973e-01	2.317665150867578572e-01	1.002152800177648073e-01	1.023973020621324198e-01	9.192556606277443865e-02	2.653802523529734392e-02	3.068482474997580658e-02
9.240141108081592165e+02	4.160917568048822512e-01	2.316450557049861969e-01	1.004694857231370059e-01	1.024305778568646436e-01	9.197155475741017328e-02	2.667471663316702338e-02	3.076766910606150776e-02
9.288518810218145063e+02	4.156646391456171319e-01	2.315244236014345203e-01	1.007221684894576141e-01	1.024626578097957569e-01	9.201660912191722552e-02	2.681085403122812974e-02	3.084946438705837846e-02
9.336896512354697961e+02	4.152418910431540655e-01	2.314046140431895715e-01	1.009733396202597416e-01	1.024935667790090460e-01	9.206074692680772664e-02	2.694643743104055758e-02	3.093022074304805843e-02
9.385274214491247449e+02	4.148234541363448602e-01	2.312856222587325317e-01	1.012230103107081974e-01	1.025233291266317709e-01	9.210398557982356349e-02	2.708146688666843160e-02	3.100994828759935998e-02
9.433651916627801484e+02	4.144092710340055996e-01	2.311674434415439405e-01	1.014711916487779364e-01	1.025519687289928733e-01	9.214634213385776429e-02	2.721594250341270380e-02	3.108865709591787305e-02
9.482029618764355519e+02	4.139992852956355662e-01	2.310500727535350074e-01	1.017178946164228881e-01	1.025795089865696175e-01	9.218783329470053856e-02	2.734986443657013225e-02	3.116635720307490628e-02
9.530407320900908417e+02	4.135934414125869707e-01	2.309335053283138317e-01	1.019631300907352933e-01	1.026059728337274934e-01	9.222847542861344061e-02	2.748323289021811430e-02	3.124305860231349138e-02
9.578785023037459041e+02	4.131916847896729417e-01	2.308177362742939720e-01	1.022069088450951180e-01	1.026313827482572966e-01	9.226828456973529269e-02	2.761604811602483625e-02	3.131877124342918178e-02
9.627162725174014213e+02	4.127939617272018413e-01	2.307027606776526907e-01	1.024492415503094889e-01	1.026557607607136713e-01	9.230727642732330929e-02	2.774831041208417406e-02	3.139350503122345648e-02
9.675540427310568248e+02	4.124002194034261382e-01	2.305885736051460910e-01	1.026901387757421513e-01	1.026791284635589496e-01	9.234546639283283676e-02	2.788002012177493230e-02	3.146726982402756750e-02
9.723918129447120009e+02	4.120104058573947903e-01	2.304751701067873915e-01	1.029296109904325185e-01	1.027015070201163782e-01	9.238286954683905261e-02	2.801117763264384525e-02	3.154007543229476324e-02
9.772295831583674044e+02	4.116244699721978151e-01	2.303625452183950539e-01	1.031676685642046176e-01	1.027229171733364532e-01	9.241950066580412182e-02	2.814178337531187887e-02	3.161193161725884410e-02
9.820673533720223531e+02	4.112423614585931086e-01	2.302506939640165673e-01	1.034043217687655031e-01	1.027433792543802904e-01	9.245537422869291866e-02	2.827183782240335827e-02	3.168284808965706606e-02
9.869051235856777566e+02	4.108640308390048568e-01	2.301396113582335479e-01	1.036395807787933027e-01	1.027629131910236804e-01	9.249050442344051992e-02	2.840134148749744528e-02	3.175283450851543177e-02
9.917428937993331601e+02	4.104894294318839898e-01	2.300292924083538193e-01	1.038734556730146336e-01	1.027815385158855344e-01	9.252490515327481402e-02	2.853029492410149789e-02	3.182190047999455818e-02
9.965806640129884499e+02	4.101185093364202450e-01	2.299197321164955510e-01	1.041059564352715683e-01	1.027992743744842452e-01	9.255859004289712644e-02	2.865869872464588825e-02	3.189005555629420563e-02
