9.191763405945040688e+01	7.337195741114258540e-01	2.009781130106870761e-01	2.198720313565949436e-02	1.691844090213508872e-02	2.641851090208719582e-02	5.695269987027766121e-15	2.228942816706525507e-25
9.675540427310566827e+01	7.269268030708567752e-01	2.041563524404879371e-01	2.264278599489457505e-02	1.857110358314896861e-02	2.750278577584790857e-02	9.077563655383139875e-05	1.312355602103182383e-04
1.015931744867609581e+02	7.203278057570532411e-01	2.071558136811113005e-01	2.330162225708826140e-02	2.020156260239119178e-02	2.858289231392982174e-02	1.839794181601279923e-04	2.681660322664264221e-04
1.064309447004162337e+02	7.139151478141941842e-01	2.099857678007798767e-01	2.396323774492959205e-02	2.180960233004701487e-02	2.965786788291441267e-02	2.795889714289220515e-04	4.106295177064368850e-04
1.112687149140715235e+02	7.076817300027429258e-01	2.126550067873517191e-01	2.462718625346974055e-02	2.339504810047141059e-02	3.072682809788140901e-02	3.775795927173945452e-04	5.584632273658156646e-04
1.161064851277267991e+02	7.016207718572634588e-01	2.151718684073214982e-01	2.529304804893823741e-02	2.495776341011996663e-02	3.178896204811752779e-02	4.779244534298229992e-04	7.115038368098728543e-04
1.209442553413820747e+02	6.957257961710621164e-01	2.175442597707645531e-01	2.596042844652405104e-02	2.649764727705050671e-02	3.284352778940831386e-02	5.805947926301436267e-04	8.695878145606167732e-04
1.257820255550373645e+02	6.899906142651013319e-01	2.197796796697103483e-01	2.662895646298842414e-02	2.801463175319872378e-02	3.388984808855349806e-02	6.855600976822853179e-04	1.032551724765771962e-03
1.306197957686926259e+02	6.844093120008366560e-01	2.218852397539088916e-01	2.729828354019238346e-02	2.950867958109927927e-02	3.492730640650762441e-02	7.927882735895172518e-04	1.200232505865899812e-03
1.354575659823479441e+02	6.789762364987264043e-01	2.238676846046151192e-01	2.796808233582659745e-02	3.097978198716711332e-02	3.595534310726847954e-02	9.022458016678664003e-04	1.372467726728645622e-03
1.402953361960032339e+02	6.736859835261395091e-01	2.257334107638510889e-01	2.863804557782534399e-02	3.242795660407375019e-02	3.697345188031926633e-02	1.013897888154384171e-03	1.549095821636900993e-03
1.451331064096584669e+02	6.685333855202753028e-01	2.274884847736075300e-01	2.930788497913024843e-02	3.385324551515125902e-02	3.798117636507744588e-02	1.127708603318590234e-03	1.729956305439875157e-03
1.499708766233137851e+02	6.635135002134862070e-01	2.291386602766031511e-01	2.997733020964379186e-02	3.525571341413342996e-02	3.897810696641646616e-02	1.243641011614688352e-03	1.914889970102463986e-03
1.548086468369690749e+02	6.586215998300868346e-01	2.306893942275259346e-01	3.064612792237776315e-02	3.663544587390072521e-02	3.996387785090724232e-02	1.361657293383045997e-03	2.103739063818686750e-03
1.596464170506243647e+02	6.538531608253328464e-01	2.321458622611275169e-01	3.131404083095842145e-02	3.799254771823382115e-02	4.093816411397666749e-02	1.481718858581880646e-03	2.296347453789098110e-03
1.644841872642796261e+02	6.492038541387741279e-01	2.335129732611215259e-01	3.198084683579851401e-02	3.932714149090081601e-02	4.190067910870154400e-02	1.603786453003994399e-03	2.492560773699796940e-03
1.693219574779349159e+02	6.446695359356234833e-01	2.347953831715425266e-01	3.264633819638691759e-02	4.063936601670669474e-02	4.285117192745034609e-02	1.727820257408706900e-03	2.692226556881727184e-03
1.741597276915902057e+02	6.402462388111481717e-01	2.359975080900495181e-01	3.331032074728000614e-02	4.192937504942099297e-02	4.378942502805265730e-02	1.853779979975734085e-03	2.895194356073256623e-03
1.789974979052454671e+02	6.359301634343859089e-01	2.371235366805960199e-01	3.397261315550510058e-02	4.319733600177191879e-02	4.471525199661960381e-02	1.981624942465625479e-03	3.101315850656316542e-03
1.838352681189008138e+02	6.317176706087097582e-01	2.381774419409365962e-01	3.463304621720603854e-02	4.444342875295299172e-02	4.562849543955814491e-02	2.111314160450400781e-03	3.310444942186567107e-03
1.886730383325560467e+02	6.276052737279348426e-01	2.391629923585896766e-01	3.529146219147460961e-02	4.566784452933247973e-02	4.652902499771972844e-02	2.242806417958179751e-03	3.522437838990929906e-03
1.935108085462113081e+02	6.235896316077552681e-01	2.400837624871204612e-01	3.594771416941872078e-02	4.687078485428732011e-02	4.741673547600049748e-02	2.376060336856805188e-03	3.737153130561286611e-03
1.983485787598666263e+02	6.196675416733495867e-01	2.409431429729464447e-01	3.660166547662048464e-02	4.805246056330214621e-02	4.829154508206702501e-02	2.511034441283679398e-03	3.954451852431034066e-03
2.031863489735219162e+02	6.158359334849797806e-01	2.417443500612921903e-01	3.725318910723376259e-02	4.921309088068173687e-02	4.915339376821935280e-02	2.647687217412180837e-03	4.174197542181361589e-03
2.080241191871772060e+02	6.120918625843519978e-01	2.424904346084257034e-01	3.790216718806219132e-02	5.035290255442152058e-02	5.000224167072337550e-02	2.785977168829102419e-03	4.396256287186497101e-03
2.128618894008324673e+02	6.084325046453921138e-01	2.431842906258939174e-01	3.854849047104579735e-02	5.147212904596699945e-02	5.083806764124764593e-02	2.925862867782456130e-03	4.620496764671586445e-03
2.176996596144877287e+02	6.048551499139375176e-01	2.438286633811328485e-01	3.919205785266608594e-02	5.257100977176921291e-02	5.166086786532696901e-02	3.067303002544707457e-03	4.846790274623262625e-03
2.225374298281430470e+02	6.013571979216449925e-01	2.444261570775564107e-01	3.983277591885780317e-02	5.364978939371019967e-02	5.247065456304702419e-02	3.210256421122994423e-03	5.075010766061185431e-03
2.273752000417983652e+02	5.979361524601726208e-01	2.449792421360225680e-01	4.047055851408914301e-02	5.470871715563051241e-02	5.326745476740196023e-02	3.354682171535080734e-03	5.305034857148822544e-03
2.322129702554535982e+02	5.945896168024125128e-01	2.454902620984333872e-01	4.110532633334232355e-02	5.574804626334060181e-02	5.405130917602081475e-02	3.500539538857695872e-03	5.536741849593357877e-03
2.370507404691088880e+02	5.913152891582355020e-01	2.459614401731429756e-01	4.173700653579273667e-02	5.676803330563953004e-02	5.482227107218974604e-02	3.647788079242451909e-03	5.770013737757848787e-03
2.418885106827641494e+02	5.881109583528505436e-01	2.463948854408207489e-01	4.236553237904774200e-02	5.776893771399867206e-02	5.558040531131590301e-02	3.796387651083680485e-03	6.004735212883410313e-03
2.467262808964194392e+02	5.849744997165010618e-01	2.467925987384450848e-01	4.299084287286572548e-02	5.875102125869530179e-02	5.632578736918598949e-02	3.946298443512285051e-03	6.240793662795308776e-03
2.515640511100747290e+02	5.819038711747924753e-01	2.471564782381813763e-01	4.361288245133262270e-02	5.971454757930114848e-02	5.705850244856888048e-02	4.097481002379976464e-03	6.478079167444267088e-03
2.564018213237300188e+02	5.788971095295067926e-01	2.474883247370229800e-01	4.423160066252640465e-02	6.065978174754500102e-02	5.777864464089754737e-02	4.249896253889090710e-03	6.716484490612949568e-03
2.612395915373852517e+02	5.759523269202720952e-01	2.477898466722476545e-01	4.484695187475107314e-02	6.158698986067635828e-02	5.848631613994158263e-02	4.403505526014483973e-03	6.955905068097474782e-03
2.660773617510405415e+02	5.730677074579575425e-01	2.480626648769558296e-01	4.545889499846940407e-02	6.249643866355915345e-02	5.918162650454825147e-02	4.558270567855781177e-03	7.196238992654761975e-03
2.709151319646958882e+02	5.702415040211293862e-01	2.483083170892133040e-01	4.606739322310947349e-02	6.338839519782149545e-02	5.986469196768791357e-02	4.714153567050480796e-03	7.437386995988619527e-03
2.757529021783511780e+02	5.674720352073516771e-01	2.485282622276166753e-01	4.667241376796319591e-02	6.426312647647856868e-02	6.053563478918915636e-02	4.871117165371040975e-03	7.679252428030495722e-03
2.805906723920064678e+02	5.647576824315341248e-01	2.487238844454305320e-01	4.727392764643582879e-02	6.512089918253292919e-02	6.119458264969036831e-02	5.029124472622135272e-03	7.921741233754860459e-03
2.854284426056617008e+02	5.620968871639349107e-01	2.488964969748128919e-01	4.787190944294429651e-02	6.596197939013810629e-02	6.184166808346872740e-02	5.188139078947660507e-03	8.164761927754081439e-03
2.902662128193169337e+02	5.594881483007988487e-01	2.490473457720447925e-01	4.846633710179903270e-02	6.678663230698930753e-02	6.247702794793429104e-02	5.348125065650866268e-03	8.408225566783444904e-03
2.951039830329722804e+02	5.569300196609773268e-01	2.491776129741104795e-01	4.905719172743865097e-02	6.759512203667847330e-02	6.310080292769706944e-02	5.509047014625066338e-03	8.652045720473521689e-03
2.999417532466276270e+02	5.544211076022140805e-01	2.492884201764360708e-01	4.964445739541990116e-02	6.838771135982045501e-02	6.371313707122874814e-02	5.670870016486849810e-03	8.896138440394437547e-03
3.047795234602828600e+02	5.519600687511061476e-01	2.493808315410829535e-01	5.022812097359665578e-02	6.916466153282319063e-02	6.431417735824844495e-02	5.833559677498417924e-03	9.140422227644660544e-03
3.096172936739380930e+02	5.495456078410541068e-01	2.494558567442081709e-01	5.080817195295130734e-02	6.992623210323664629e-02	6.490407329606380504e-02	5.997082125360693114e-03	9.384817999125640020e-03
3.144550638875934396e+02	5.471764756528093576e-01	2.495144537711439237e-01	5.138460228756997622e-02	7.067268074067485639e-02	6.548297654319507055e-02	6.161404013954166481e-03	9.629249052653060179e-03
3.192928341012487294e+02	5.448514670524985393e-01	2.495575315670143790e-01	5.195740624327963714e-02	7.140426308236079433e-02	6.605104055870179847e-02	6.326492527099942219e-03	9.873641031045401334e-03
3.241306043149040192e+02	5.425694191222713014e-01	2.495859525503939524e-01	5.252658025449055690e-02	7.212123259239677786e-02	6.660842027571747814e-02	6.492315381409293276e-03	1.011792188532114299e-02
3.289683745285592522e+02	5.403292093789610062e-01	2.496005349971219534e-01	5.309212278881118852e-02	7.282384043391329498e-02	6.715527179777995570e-02	6.658840828286012765e-03	1.036202183712702993e-02
3.338061447422145420e+02	5.381297540763864129e-01	2.496020553010162568e-01	5.365403421902554398e-02	7.351233535329614044e-02	6.769175211662269154e-02	6.826037655142107308e-03	1.060587334051141771e-02
3.386439149558698318e+02	5.359700065871431107e-01	2.495912501178783605e-01	5.421231670204432890e-02	7.418696357573680011e-02	6.821801885016527678e-02	6.993875185883817978e-03	1.084941104314892345e-02
3.434816851695251216e+02	5.338489558599485152e-01	2.495688183988491460e-01	5.476697406446168204e-02	7.484796871139327845e-02	6.873422999951137036e-02	7.162323280721608239e-03	1.109257174711508927e-02
3.483194553831804114e+02	5.317656249488000864e-01	2.495354233188586124e-01	5.531801169436852128e-02	7.549559167148857386e-02	6.924054372382748568e-02	7.331352335354555071e-03	1.133529436930285662e-02
3.531572255968357013e+02	5.297190696104009389e-01	2.494916941056144200e-01	5.586543643909182982e-02	7.613007059371212915e-02	6.973711813203870014e-02	7.500933279576614890e-03	1.157751990156603676e-02
3.579949958104909342e+02	5.277083769664852042e-01	2.494382277742898946e-01	5.640925650854657775e-02	7.675164077632513904e-02	7.022411109033574461e-02	7.671037575349374388e-03	1.181919137066878532e-02
3.628327660241463377e+02	5.257326642278464801e-01	2.493755907728041343e-01	5.694948138390334980e-02	7.736053462040493045e-02	7.070168004454431554e-02	7.841637214383231913e-03	1.206025379811428641e-02
3.676705362378016275e+02	5.237910774770372369e-01	2.493043205423314534e-01	5.748612173129027253e-02	7.795698157969542519e-02	7.116998185645953545e-02	8.012704715266430119e-03	1.230065415992035588e-02
3.725083064514568036e+02	5.218827905068582629e-01	2.492249269974364800e-01	5.801918932026274567e-02	7.854120811756108711e-02	7.162917265329860061e-02	8.184213120178966683e-03	1.254034134640455433e-02
3.773460766651120935e+02	5.200070037119046695e-01	2.491378939300022688e-01	5.854869694678829090e-02	7.911343767057067711e-02	7.207940768947207477e-02	8.356135991226140008e-03	1.277926612203655540e-02
3.821838468787673833e+02	5.181629430305737527e-01	2.490436803409017963e-01	5.907465836050713320e-02	7.967389061826402052e-02	7.252084121991859977e-02	8.528447406424397373e-03	1.301738108541096971e-02
3.870216170924226162e+02	5.163498589350703494e-01	2.489427217031575934e-01	5.959708819604174479e-02	8.022278425868092921e-02	7.295362638429032931e-02	8.701121955370092961e-03	1.325464062938957500e-02
3.918593873060780197e+02	5.145670254670710042e-01	2.488354311601397584e-01	6.011600190814038458e-02	8.076033278925548453e-02	7.337791510131612405e-02	8.874134734619912313e-03	1.349100090145788008e-02
3.966971575197332527e+02	5.128137393168252789e-01	2.487222006621673809e-01	6.063141571045104622e-02	8.128674729270198018e-02	7.379385797270772429e-02	9.047461342809873935e-03	1.372641976433720476e-02
4.015349277333884856e+02	5.110893189435860018e-01	2.486034020447038251e-01	6.114334651773275370e-02	8.180223572754045935e-02	7.420160419600939361e-02	9.221077875538191693e-03	1.396085675688993333e-02
4.063726979470438323e+02	5.093931037353648383e-01	2.484793880511699804e-01	6.165181189132153822e-02	8.230700292293045839e-02	7.460130148582587439e-02	9.394960920035626620e-03	1.419427305535227515e-02
4.112104681606991221e+02	5.077244532061131466e-01	2.483504933032424367e-01	6.215682998767770723e-02	8.280125057750066520e-02	7.499309600289527644e-02	9.569087549645494475e-03	1.442663143492579729e-02
4.160482383743544119e+02	5.060827462285210077e-01	2.482170352213547981e-01	6.265841950985030773e-02	8.328517726188083836e-02	7.537713229050349573e-02	9.743435318134052031e-03	1.465789623175604156e-02
4.208860085880095880e+02	5.044673803007186930e-01	2.480793148979781870e-01	6.315659966170331097e-02	8.375897842465952758e-02	7.575355321776623685e-02	9.917982253850640695e-03	1.488803330532388093e-02
4.257237788016648778e+02	5.028777708452535355e-01	2.479376179261240931e-01	6.365139010475623360e-02	8.422284640150755342e-02	7.612249992933069198e-02	1.009270685375573788e-02	1.511701000127266790e-02
4.305615490153201677e+02	5.013133505387927791e-01	2.477922151853848287e-01	6.414281091749925168e-02	8.467697042722248379e-02	7.648411180107553275e-02	1.026758807733382101e-02	1.534479511469186847e-02
4.353993192289755143e+02	4.997735686710840231e-01	2.476433635877070827e-01	6.463088255705108642e-02	8.512153665046445772e-02	7.683852640141138057e-02	1.044260534040687693e-02	1.557135885387564422e-02
4.402370894426308041e+02	4.982578905317769369e-01	2.474913067849796033e-01	6.511562582303377644e-02	8.555672815096691808e-02	7.718587945780722159e-02	1.061773850886330202e-02	1.579667280457278111e-02
4.450748596562860939e+02	4.967657968237788602e-01	2.473362758404084039e-01	6.559706182354599346e-02	8.598272495901927714e-02	7.752630482818965996e-02	1.079296789231595256e-02	1.602070989474237844e-02
4.499126298699413837e+02	4.952967831018854072e-01	2.471784898655496054e-01	6.607521194312226953e-02	8.639970407703075062e-02	7.785993447688246971e-02	1.096827423770214104e-02	1.624344435982792018e-02
4.547504000835967304e+02	4.938503592354877569e-01	2.470181566247737215e-01	6.655009781257149870e-02	8.680783950299614249e-02	7.818689845477316824e-02	1.114363872283754067e-02	1.646485170856068839e-02
4.595881702972519065e+02	4.924260488942198144e-01	2.468554731088425658e-01	6.702174128059387725e-02	8.720730225569565952e-02	7.850732488341176374e-02	1.131904294993507469e-02	1.668490868930179796e-02
4.644259405109071963e+02	4.910233890554629999e-01	2.466906260791925376e-01	6.749016438708062282e-02	8.759826040147067339e-02	7.882133994276382949e-02	1.149446893909908916e-02	1.690359325693081838e-02
4.692637107245624861e+02	4.896419295326825960e-01	2.465237925844359079e-01	6.795538933800564230e-02	8.798087908242779864e-02	7.912906786235673895e-02	1.166989912180440257e-02	1.712088454028742879e-02
4.741014809382177759e+02	4.882812325236183804e-01	2.463551404505126552e-01	6.841743848182370302e-02	8.835532054593236984e-02	7.943063091557299449e-02	1.184531633436910862e-02	1.733676281017134876e-02
4.789392511518730657e+02	4.869408721774010074e-01	2.461848287458514306e-01	6.887633428729329765e-02	8.872174417526147716e-02	7.972614941685937651e-02	1.202070381142933062e-02	1.755120944790462129e-02
4.837770213655284124e+02	4.856204341797136781e-01	2.460130082228273174e-01	6.933209932264763897e-02	8.908030652129485250e-02	8.001574172163425369e-02	1.219604517942355151e-02	1.776420691445923170e-02
4.886147915791837022e+02	4.843195153551584919e-01	2.458398217367380179e-01	6.978475623604046829e-02	8.943116133512946098e-02	8.029952422868860684e-02	1.237132445009354008e-02	1.797573872015189797e-02
4.934525617928388783e+02	4.830377232860316172e-01	2.456654046434557648e-01	7.023432773719762157e-02	8.977445960151150817e-02	8.057761138488846175e-02	1.254652601400835579e-02	1.818578939490717722e-02
4.982903320064942250e+02	4.817746759467484985e-01	2.454898851768528290e-01	7.068083658020905824e-02	9.011034957298592885e-02	8.085011569199791748e-02	1.272163463411740865e-02	1.839434445908889187e-02
5.031281022201495148e+02	4.805300013531988990e-01	2.453133848070418177e-01	7.112430554739904154e-02	9.043897680467022360e-02	8.111714771545326663e-02	1.289663543933804342e-02	1.860139039489928578e-02
5.079658724338048046e+02	4.793033372263458824e-01	2.451360185804171143e-01	7.156475743421596147e-02	9.076048418956582375e-02	8.137881609492865487e-02	1.307151391818271204e-02	1.880691461834442871e-02
5.128036426474600376e+02	4.780943306694175887e-01	2.449578954424334321e-01	7.200221503508599796e-02	9.107501199432556371e-02	8.163522755654388507e-02	1.324625591243033633e-02	1.901090545176383623e-02
5.176414128611153274e+02	4.769026378580708547e-01	2.447791185440088002e-01	7.243670113017794399e-02	9.138269789540170995e-02	8.188648692657377048e-02	1.342084761084606261e-02	1.921335209692148424e-02
5.224791830747705035e+02	4.757279237429382079e-01	2.445997855323933101e-01	7.286823847302933976e-02	9.168367701550379778e-02	8.213269714652761400e-02	1.359527554295329212e-02	1.941424460865504367e-02
5.273169532884259070e+02	4.745698617639963479e-01	2.444199888273009824e-01	7.329684977898656695e-02	9.197808196030080041e-02	8.237395928947510715e-02	1.376952657286142738e-02	1.961357386907934541e-02
5.321547235020811968e+02	4.734281335762229315e-01	2.442398158830615396e-01	7.372255771441407757e-02	9.226604285530624894e-02	8.261037257750333818e-02	1.394358789315253665e-02	1.981133156233990528e-02
5.369924937157364866e+02	4.723024287860337345e-01	2.440593494375092598e-01	7.414538488663051374e-02	9.254768738288964014e-02	8.284203440019596854e-02	1.411744701882979708e-02	2.000751014991167948e-02
5.418302639293917764e+02	4.711924446980173542e-01	2.438786677482887577e-01	7.456535383453130605e-02	9.282314081936131334e-02	8.306904033403372800e-02	1.429109178133023718e-02	2.020210284643789850e-02
5.466680341430470662e+02	4.700978860715069318e-01	2.436978448172232858e-01	7.498248701985998910e-02	9.309252607208193253e-02	8.329148416262084631e-02	1.446451032260414639e-02	2.039510359610349072e-02
5.515058043567023560e+02	4.690184648865521888e-01	2.435169506033562359e-01	7.539680681909204096e-02	9.335596371655101311e-02	8.350945789764872840e-02	1.463769108926315198e-02	2.058650704953725319e-02
5.563435745703576458e+02	4.679539001188746106e-01	2.433360512252468189e-01	7.580833551589710728e-02	9.361357203343281808e-02	8.372305180051382856e-02	1.481062282679878120e-02	2.077630854123663218e-02
5.611813447840129356e+02	4.669039175234095396e-01	2.431552091530689297e-01	7.621709529414746886e-02	9.386546704548062725e-02	8.393235440451224383e-02	1.498329457387311166e-02	2.096450406750869494e-02
5.660191149976681118e+02	4.658682494260573681e-01	2.429744833910354729e-01	7.662310823144205529e-02	9.411176255432379678e-02	8.413745253753837638e-02	1.515569565668290278e-02	2.115109026492070776e-02
5.708568852113234016e+02	4.648466345232846741e-01	2.427939296506424205e-01	7.702639629311713865e-02	9.435257017708434391e-02	8.433843134522026053e-02	1.532781568339836378e-02	2.133606438925343685e-02
5.756946554249786914e+02	4.638388176892332404e-01	2.426136005152017827e-01	7.742698132671609057e-02	9.458799938279317809e-02	8.453537431442850747e-02	1.549964453867760938e-02	2.151942429495020889e-02
5.805324256386339812e+02	4.628445497900100514e-01	2.424335455961082186e-01	7.782488505689259817e-02	9.481815752857759849e-02	8.472836329710006775e-02	1.567117237825764800e-02	2.170116841505448022e-02
5.853701958522892710e+02	4.618635875048484607e-01	2.422538116812612274e-01	7.822012908072235871e-02	9.504314989559513316e-02	8.491747853432224380e-02	1.584238962362255823e-02	2.188129574162867366e-02
5.902079660659445608e+02	4.608956931538448765e-01	2.420744428760431832e-01	7.861273486340039640e-02	9.526307972468994745e-02	8.510279868062607667e-02	1.601328695674944513e-02	2.205980580664683097e-02
5.950457362795999643e+02	4.599406345319880796e-01	2.418954807372324656e-01	7.900272373430156092e-02	9.547804825175079668e-02	8.528440082844174208e-02	1.618385531493255619e-02	2.223669866335352407e-02
5.998835064932552541e+02	4.589981847492142775e-01	2.417169644002116757e-01	7.939011688338379336e-02	9.568815474275127464e-02	8.546236053267236565e-02	1.635408588568584842e-02	2.241197486808145858e-02
6.047212767069104302e+02	4.580681220762302663e-01	2.415389306998121655e-01	7.977493535791412016e-02	9.589349652845460814e-02	8.563675183534522062e-02	1.652397010172420785e-02	2.258563546252007753e-02
6.095590469205657200e+02	4.571502297958618399e-01	2.413614142851191469e-01	8.015720005949876492e-02	9.609416903876739913e-02	8.580764729030271321e-02	1.669349963602332829e-02	2.275768195642748418e-02
6.143968171342210098e+02	4.562442960596945207e-01	2.411844477285436383e-01	8.053693174139980870e-02	9.629026583672803397e-02	8.597511798789854442e-02	1.686266639695826325e-02	2.292811631077787404e-02
6.192345873478761860e+02	4.553501137497850126e-01	2.410080616294534017e-01	8.091415100612159295e-02	9.648187865211699243e-02	8.613923357966642158e-02	1.703146252352049847e-02	2.309694092133677754e-02
6.240723575615315895e+02	4.544674803452322664e-01	2.408322847126383448e-01	8.128887830325105812e-02	9.666909741467773209e-02	8.630006230293173208e-02	1.719988038061334018e-02	2.326415860265627564e-02
6.289101277751868793e+02	4.535961977934058198e-01	2.406571439218732067e-01	8.166113392753696076e-02	9.685201028693814218e-02	8.645767100533885419e-02	1.736791255442531740e-02	2.342977257248245182e-02
6.337478979888421691e+02	4.527360723856403979e-01	2.404826645088254666e-01	8.203093801719400779e-02	9.703070369662378236e-02	8.661212516926863891e-02	1.753555184788123736e-02	2.359378643656729474e-02
6.385856682024975726e+02	4.518869146372116452e-01	2.403088701175448705e-01	8.239831055241819691e-02	9.720526236865509317e-02	8.676348893612322033e-02	1.770279127617049170e-02	2.375620417387733219e-02
6.434234384161527487e+02	4.510485391714198489e-01	2.401357828647577297e-01	8.276327135410102565e-02	9.737576935672222211e-02	8.691182513045664360e-02	1.786962406235205122e-02	2.391703012219128718e-02
6.482612086298080385e+02	4.502207646076136216e-01	2.399634234161785729e-01	8.312584008273024572e-02	9.754230607443153955e-02	8.705719528393210394e-02	1.803604363303569491e-02	2.407626896407906100e-02
6.530989788434633283e+02	4.494034134529938385e-01	2.397918110590404328e-01	8.348603623746603253e-02	9.770495232601938973e-02	8.719965965908790806e-02	1.820204361413881727e-02	2.423392571325446235e-02
6.579367490571185044e+02	4.485963119980470593e-01	2.396209637710345619e-01	8.384387915538168978e-02	9.786378633662913551e-02	8.733927727289622633e-02	1.836761782671815155e-02	2.439000570129410891e-02
6.627745192707737942e+02	4.477992902154619981e-01	2.394508982858408463e-01	8.419938801085889712e-02	9.801888478214858258e-02	8.747610592009991137e-02	1.853276028287580840e-02	2.454451456471496568e-02
6.676122894844290840e+02	4.470121816623908728e-01	2.392816301554209490e-01	8.455258181512778637e-02	9.817032281860529896e-02	8.761020219631417139e-02	1.869746518173881142e-02	2.469745823240309876e-02
6.724500596980843738e+02	4.462348233859235735e-01	2.391131738092372172e-01	8.490347941594268699e-02	9.831817411111848370e-02	8.774162152088121891e-02	1.886172690551143546e-02	2.484884291338631396e-02
6.772878299117396637e+02	4.454670558316474738e-01	2.389455426105518421e-01	8.525209949738521420e-02	9.846251086240628836e-02	8.787041815946729229e-02	1.902554001559951871e-02	2.499867508494330731e-02
6.821256001253949535e+02	4.447087227551722588e-01	2.387787489099534588e-01	8.559846057978631739e-02	9.860340384084834153e-02	8.799664524639233543e-02	1.918889924880596773e-02	2.514696148104220152e-02
6.869633703390502433e+02	4.439596711365051962e-01	2.386128040962505192e-01	8.594258101975971176e-02	9.874092240810358745e-02	8.812035480668410636e-02	1.935179951359659867e-02	2.529370908110125174e-02
6.918011405527055331e+02	4.432197510971648824e-01	2.384477186448629160e-01	8.628447901033961531e-02	9.887513454628432674e-02	8.824159777784905401e-02	1.951423588643544024e-02	2.543892509906475405e-02
6.966389107663608229e+02	4.424888158199299926e-01	2.382835021638384787e-01	8.662417258121557495e-02	9.900610688468743092e-02	8.836042403135371814e-02	1.967620360818864156e-02	2.558261697278717967e-02
7.014766809800161127e+02	4.417667214711205048e-01	2.381201634376121923e-01	8.696167959905831690e-02	9.913390472608467341e-02	8.847688239381062969e-02	1.983769808059607231e-02	2.572479235371862016e-02
7.063144511936714025e+02	4.410533271253163079e-01	2.379577104686218525e-01	8.729701776793015455e-02	9.925859207257389794e-02	8.859102066786425644e-02	1.999871486280971333e-02	2.586545909688487202e-02
7.111522214073266923e+02	4.403484946924197119e-01	2.377961505168871836e-01	8.763020462977438862e-02	9.938023165099363343e-02	8.870288565277277548e-02	2.015924966799789719e-02	2.600462525115542281e-02
7.159899916209819821e+02	4.396520888469756527e-01	2.376354901376539208e-01	8.796125756497809312e-02	9.949888493790386146e-02	8.881252316468221664e-02	2.031929836001451078e-02	2.614229904979280261e-02
7.208277618346371582e+02	4.389639769596627716e-01	2.374757352171995017e-01	8.829019379300340198e-02	9.961461218413598939e-02	8.891997805659040965e-02	2.047885695013213284e-02	2.627848890127679193e-02
7.256655320482924481e+02	4.382840290308770981e-01	2.373168910068923776e-01	8.861703037308205078e-02	9.972747243891535995e-02	8.902529423799872277e-02	2.063792159383827374e-02	2.641320338039718565e-02
7.305033022619478515e+02	4.376121176263290113e-01	2.371589621555911520e-01	8.894178420496880177e-02	9.983752357355994700e-02	8.912851469424971917e-02	2.079648858769367337e-02	2.654645121960877430e-02
7.353410724756030277e+02	4.369481178145813716e-01	2.370019527404669535e-01	8.926447202974946427e-02	9.994482230475899842e-02	8.922968150555007916e-02	2.095455436625175138e-02	2.667824130064241211e-02
7.401788426892584312e+02	4.362919071064566556e-01	2.368458662963266737e-01	8.958511043069926350e-02	1.000494242174357618e-01	8.932883586567824663e-02	2.111211549903821774e-02	2.680858264636613170e-02
7.450166129029136073e+02	4.356433653962460961e-01	2.366907058435118449e-01	8.990371583418772794e-02	1.001513837871985529e-01	8.942601810037645316e-02	2.126916868758993440e-02	2.693748441289030293e-02
7.498543831165690108e+02	4.350023749046552646e-01	2.365364739144437678e-01	9.022030451062658385e-02	1.002507544023844427e-01	8.952126768542777169e-02	2.142571076255202905e-02	2.706495588191102503e-02
7.546921533302243006e+02	4.343688201234248147e-01	2.363831725788815563e-01	9.053489257545700719e-02	1.003475883857002787e-01	8.961462326441885229e-02	2.158173868083233110e-02	2.719100645328598881e-02
7.595299235438793630e+02	4.337425877615659342e-01	2.362308034679573565e-01	9.084749599017315214e-02	1.004419370154657903e-01	8.970612266618926967e-02	2.173724952281216871e-02	2.731564563783714719e-02
7.643676937575347665e+02	4.331235666931535500e-01	2.360793677970484394e-01	9.115813056337884746e-02	1.005338505464634241e-01	8.979580292196927271e-02	2.189224048961260424e-02	2.743888305037471900e-02
7.692054639711900563e+02	4.325116479066229980e-01	2.359288663875440395e-01	9.146681195187454649e-02	1.006233782304000179e-01	8.988370028220714347e-02	2.204670890041510178e-02	2.756072840293699241e-02
7.740432341848452324e+02	4.319067244555174212e-01	2.357792996875610891e-01	9.177355566177193558e-02	1.007105683359852677e-01	8.996985023308867735e-02	2.220065218983579766e-02	2.768119149824067871e-02
7.788810043985006359e+02	4.313086914106348813e-01	2.356306677916609194e-01	9.207837704963343917e-02	1.007954681686321768e-01	9.005428751275056098e-02	2.235406790535232266e-02	2.780028222333656013e-02
7.837187746121558121e+02	4.307174458135282769e-01	2.354829704596155260e-01	9.238129132363437357e-02	1.008781240897845821e-01	9.013704612719049269e-02	2.250695370478234675e-02	2.791801054346528671e-02
7.885565448258112156e+02	4.301328866313101629e-01	2.353362071342704476e-01	9.268231354474548711e-02	1.009585815358770566e-01	9.021815936587650187e-02	2.265930735381288877e-02	2.803438649610833291e-02
7.933943150394665054e+02	4.295549147127195044e-01	2.351903769585483306e-01	9.298145862793356919e-02	1.010368850369324917e-01	9.029765981705838163e-02	2.281112672357948207e-02	2.814942018522914244e-02
7.982320852531219089e+02	4.289834327454062901e-01	2.350454787916352595e-01	9.327874134337844902e-02	1.011130782348025892e-01	9.037557938278428793e-02	2.296240978829432872e-02	2.826312177569968373e-02
8.030698554667769713e+02	4.284183452143944248e-01	2.349015112243898473e-01	9.357417631770409416e-02	1.011872039010567187e-01	9.045194929362573855e-02	2.311315462292250211e-02	2.837550148790764226e-02
8.079076256804323748e+02	4.278595583616819908e-01	2.347584725940130013e-01	9.386777803522235175e-02	1.012593039545244822e-01	9.052680012311413449e-02	2.326335940090536875e-02	2.848656959253965948e-02
8.127453958940876646e+02	4.273069801469429052e-01	2.346163609980142783e-01	9.415956083918752828e-02	1.013294194784973151e-01	9.060016180189260637e-02	2.341302239193033055e-02	2.859633640553607345e-02
8.175831661077428407e+02	4.267605202092918382e-01	2.344751743075092487e-01	9.444953893306019810e-02	1.013975907375946339e-01	9.067206363158643312e-02	2.356214195974602396e-02	2.870481228321269257e-02
8.224209363213982442e+02	4.262200898300791407e-01	2.343349101798802014e-01	9.473772638177889449e-02	1.014638571942996365e-01	9.074253429839575225e-02	2.371071656002215339e-02	2.881200761754531062e-02
8.272587065350534203e+02	4.256856018966808652e-01	2.341955660708312237e-01	9.502413711303824007e-02	1.015282575251706398e-01	9.081160188641441977e-02	2.385874473825309178e-02	2.891793283161268185e-02
8.320964767487085965e+02	4.251569708672527370e-01	2.340571392458667965e-01	9.530878491857210089e-02	1.015908296367326463e-01	9.087929389067871122e-02	2.400622512770443986e-02	2.902259837519379285e-02
8.369342469623640000e+02	4.246341127364164358e-01	2.339196267912221072e-01	9.559168345544076517e-02	1.016516106810550490e-01	9.094563722994983279e-02	2.415315644740171838e-02	2.912601472051538562e-02
8.417720171760191761e+02	4.241169450018485998e-01	2.337830256242711957e-01	9.587284624732085592e-02	1.017106370710205293e-01	9.101065825923396191e-02	2.429953750016037792e-02	2.922819235814573188e-02
8.466097873896745796e+02	4.236053866317441852e-01	2.336473325034384430e-01	9.615228668579693661e-02	1.017679444952903495e-01	9.107438278204413318e-02	2.444536717065635967e-02	2.932914179303079336e-02
8.514475576033297557e+02	4.230993580331257053e-01	2.335125440376370765e-01	9.643001803165388020e-02	1.018235679329715787e-01	9.113683606240759183e-02	2.459064442353640217e-02	2.942887354066892058e-02
8.562853278169851592e+02	4.225987810209729800e-01	2.333786566952574248e-01	9.670605341616893280e-02	1.018775416679911783e-01	9.119804283662290290e-02	2.473536830156732036e-02	2.952739812342044731e-02
8.611230980306403353e+02	4.221035787881467494e-01	2.332456668127268207e-01	9.698040584240272266e-02	1.019298993031821782e-01	9.125802732477072965e-02	2.487953792382353868e-02	2.962472606694843691e-02
8.659608682442956251e+02	4.216136758760825609e-01	2.331135706026613297e-01	9.725308818648838172e-02	1.019806737740872604e-01	9.131681324198247240e-02	2.502315248391204922e-02	2.972086789678714952e-02
8.707986384579510286e+02	4.211289981462303378e-01	2.329823641616290408e-01	9.752411319891789165e-02	1.020298973624846200e-01	9.137442380947061182e-02	2.516621124823415628e-02	2.981583413503465646e-02
8.756364086716062047e+02	4.206494727522170907e-01	2.328520434775432635e-01	9.779349350582515477e-02	1.020776017096411276e-01	9.143088176532514211e-02	2.530871355428322006e-02	2.990963529716628155e-02
8.804741788852616082e+02	4.201750281127117348e-01	2.327226044367036728e-01	9.806124161026491537e-02	1.021238178292979831e-01	9.148620937507977169e-02	2.545065880897769486e-02	3.000228188896551795e-02
8.853119490989170117e+02	4.197055938849686973e-01	2.325940428305016960e-01	9.832736989348708767e-02	1.021685761203935533e-01	9.154042844205227680e-02	2.559204648702877519e-02	3.009378440356921813e-02
8.901497193125721878e+02	4.192411009390321630e-01	2.324663543618063211e-01	9.859189061620579619e-02	1.022119063795283306e-01	9.159356031746287985e-02	2.573287612934197638e-02	3.018415331862383394e-02
8.949874895262273640e+02	4.187814813325798635e-01	2.323395346510455373e-01	9.885481591986265693e-02	1.022538378131769427e-01	9.164562591033466321e-02	2.587314734145192141e-02	3.027339909354971950e-02
8.998252597398827675e+02	4.183266682863877040e-01	2.322135792419977585e-01	9.911615782788382734e-02	1.022943990496517630e-01	9.169664569718011249e-02	2.601285979198973003e-02	3.036153216691038492e-02
9.046630299535379436e+02	4.178765961603975176e-01	2.320884836073067725e-01	9.937592824693025628e-02	1.023336181508229387e-01	9.174663973147764717e-02	2.615201321118230601e-02	3.044856295388384884e-02
9.095008001671932334e+02	4.174312004303690760e-01	2.319642431537336236e-01	9.963413896814091175e-02	1.023715226235994841e-01	9.179562765294216331e-02	2.629060738938290842e-02	3.053450184383313046e-02
9.143385703808486369e+02	4.169904176651005878e-01	2.318408532271575007e-01	9.989080166836832031e-02	1.024081394311758958e-01	9.184362869659339068e-02	2.642864217563238236e-02	3.061935919797317135e-02
9.191763405945038130e+02	4.165541855042005359e-01	2.317183091173375398e-01	1.001459279114064321e-01	1.024434950040488679e-01	9.189066170162610292e-02	2.656611747625039002e-02	3.070314534713136645e-02
9.240141108081592165e+02	4.161224426363946405e-01	2.315966060624468914e-01	1.003995291492100067e-01	1.024776152508085764e-01	9.193674512008591371e-02	2.670303325345608700e-02	3.078587058959911249e-02
9.288518810218145063e+02	4.156951287783536286e-01	2.314757392533894620e-01	1.006516167231056719e-01	1.025105255687087796e-01	9.198189702535435053e-02	2.683938952401759837e-02	3.086754518907171979e-02
9.336896512354697961e+02	4.152721846540260997e-01	2.313557038379096820e-01	1.009022018649941427e-01	1.025422508540202171e-01	9.202613512044717503e-02	2.697518635792974309e-02	3.094817937267417551e-02
9.385274214491247449e+02	4.148535519744623867e-01	2.312364949245050427e-01	1.011512956985433087e-01	1.025728155121713309e-01	9.206947674612950272e-02	2.711042387711942378e-02	3.102778332907025691e-02
9.433651916627801484e+02	4.144391734181159248e-01	2.311181075861502565e-01	1.013989092403721343e-01	1.026022434676807649e-01	9.211193888885152448e-02	2.724510225417809198e-02	3.110636720665260410e-02
9.482029618764355519e+02	4.140289926116081376e-01	2.310005368638422263e-01	1.016450534012250662e-01	1.026305581738854722e-01	9.215353818850822998e-02	2.737922171112076516e-02	3.118394111181140016e-02
9.530407320900908417e+02	4.136229541109446850e-01	2.308837777699738747e-01	1.018897389871366715e-01	1.026577826224687046e-01	9.219429094602697716e-02	2.751278251817104725e-02	3.126051510727931998e-02
9.578785023037459041e+02	4.132210033831700269e-01	2.307678252915448258e-01	1.021329767005864780e-01	1.026839393527916450e-01	9.223421313078619677e-02	2.764578499257160787e-02	3.133609921055056230e-02
9.627162725174014213e+02	4.128230867884479238e-01	2.306526743932164336e-01	1.023747771416439190e-01	1.027090504610328747e-01	9.227332038786890955e-02	2.777822949741959660e-02	3.141070339237173048e-02
9.675540427310568248e+02	4.124291515625573834e-01	2.305383200202185956e-01	1.026151508091029674e-01	1.027331376091391857e-01	9.231162804515422038e-02	2.791011644052651675e-02	3.148433757530247346e-02
9.723918129447120009e+02	4.120391457997916174e-01	2.304247571011149576e-01	1.028541081016066672e-01	1.027562220335918874e-01	9.234915112025048056e-02	2.804144627330198286e-02	3.155701163234379825e-02
9.772295831583674044e+02	4.116530184362492406e-01	2.303119805504328099e-01	1.030916593187611724e-01	1.027783245539919954e-01	9.238590432727322721e-02	2.817221948966093861e-02	3.162873538563201747e-02
9.820673533720223531e+02	4.112707192335077200e-01	2.301999852711646144e-01	1.033278146622395588e-01	1.027994655814681718e-01	9.242190208347111913e-02	2.830243662495382506e-02	3.169951860519636816e-02
9.869051235856777566e+02	4.108921987626682482e-01	2.300887661571462961e-01	1.035625842368748661e-01	1.028196651269109585e-01	9.245715851570336652e-02	2.843209825491921361e-02	3.176937100777841444e-02
9.917428937993331601e+02	4.105174083887623282e-01	2.299783180953183792e-01	1.037959780517427322e-01	1.028389428090367569e-01	9.249168746677144393e-02	2.856120499465846299e-02	3.183830225571128436e-02
9.965806640129884499e+02	4.101463002555104098e-01	2.298686359678751012e-01	1.040280060212333130e-01	1.028573178622851358e-01	9.252550250160859746e-02	2.868975749763192154e-02	3.190632195585699216e-02
