0.000000000000000000e+00	1.007175797214645785e+00	1.103491056013133890e-07	2.008682996569434103e-14	1.079766594974199449e-14	1.484780160057333040e-15	8.247583533373669800e-14	6.719121214809765576e-25
9.675540427310567182e+00	9.573876840712031155e-01	4.490998051319858297e-02	3.155956899011246215e-04	5.395605718924663440e-04	2.110049811471828772e-06	2.199690300569845727e-03	1.821286367289554542e-03
1.935108085462113081e+01	9.131509662361095847e-01	8.456875826776451277e-02	1.057732404121017062e-03	1.229028910845128336e-03	4.168269381314457772e-06	4.241179768950553708e-03	2.924073706694102666e-03
2.902662128193169622e+01	8.738289945856195784e-01	1.195783566228743877e-01	2.044981979918643594e-03	1.943492521513960928e-03	6.186410318907848346e-06	6.139989417906552456e-03	3.633906025714265034e-03
3.870216170924226162e+01	8.388596310935821920e-01	1.504717186238947735e-01	3.145766609354746710e-03	2.654552863403717572e-03	8.172753962062832470e-06	7.909925163753779576e-03	4.126140455915158420e-03
4.837770213655283413e+01	8.077459239576521011e-01	1.777207715941376831e-01	4.286748350150476269e-03	3.351318327440151214e-03	1.013416550120471727e-05	9.563275438403765968e-03	4.497735730581062762e-03
5.805324256386339954e+01	7.800482180331229642e-01	2.017434397834973747e-01	5.429369772605517619e-03	4.029318500392792789e-03	1.207652306344101430e-05	1.111098476502427046e-02	4.802500186160199580e-03
6.772878299117397205e+01	7.553773639511778271e-01	2.229098377195415093e-01	6.554373697994210664e-03	4.687232670777934443e-03	1.400492183202266400e-05	1.256280673372801165e-02	5.070287868815121987e-03
7.740432341848452324e+01	7.333888120993959925e-01	2.415477459025843210e-01	7.653008247789317049e-03	5.325338574353837701e-03	1.592380930085921092e-05	1.392743909131204973e-02	5.317639839130281626e-03
8.707986384579510286e+01	7.137774419288090977e-01	2.579474552947008670e-01	8.722144218599193685e-03	5.944686308570822780e-03	1.783708432386745392e-05	1.521264318659787222e-02	5.553699542264946970e-03
9.675540427310566827e+01	6.962730156896668188e-01	2.723660551968976051e-01	9.761582782778209857e-03	6.546653823440671920e-03	1.974817370523159648e-05	1.642534966833791160e-02	5.783502229040254038e-03
1.064309447004162337e+02	6.806361703037036026e-01	2.850312294865256502e-01	1.077258022455706253e-02	7.132711416614080820e-03	2.166009387593227861e-05	1.757175206687384972e-02	6.009803971716628362e-03
1.161064851277267991e+02	6.666548775743397215e-01	2.961446181522763843e-01	1.175704724367151663e-02	7.704301013980402978e-03	2.357550209830113508e-05	1.865738967710662069e-02	6.234098400393938907e-03
1.257820255550373645e+02	6.541413146010999213e-01	3.058847942187336577e-01	1.271712123653861992e-02	8.262778116169933185e-03	2.549673991522925987e-05	1.968722098322750816e-02	6.457181668182114878e-03
1.354575659823479441e+02	6.429290949591445203e-01	3.144099002401501419e-01	1.365494403699575934e-02	8.809387564309335492e-03	2.742587057548944693e-05	2.066568871551796235e-02	6.679466177173680463e-03
1.451331064096584669e+02	6.328708179951789692e-01	3.218599833902707208e-01	1.457255215987050302e-02	9.345257198064761683e-03	2.936471159366377341e-05	2.159677750028350662e-02	6.901154608604723531e-03
1.548086468369690749e+02	6.238358990988653874e-01	3.283590636576145805e-01	1.547182804195217781e-02	9.871400651401093448e-03	3.131486326214270361e-05	2.248406495159424243e-02	7.122336299177189911e-03
1.644841872642796261e+02	6.157086484055805942e-01	3.340169656803234077e-01	1.635448381012245475e-02	1.038872450923424180e-02	3.327773372319051500e-05	2.333076695511109716e-02	7.343040469771789508e-03
1.741597276915902057e+02	6.083865693011100140e-01	3.389309412480092654e-01	1.722206189969704634e-02	1.089803725024017511e-02	3.525456107503816721e-05	2.413977780776948440e-02	7.563265495965702974e-03
1.838352681189008138e+02	6.017788514791266863e-01	3.431871064000495686e-01	1.807594394433804583e-02	1.140005861663131483e-02	3.724643289589548334e-05	2.491370580082632319e-02	7.782994889998983909e-03
1.935108085462113081e+02	5.958050362478489737e-01	3.468617143102066258e-01	1.891736329129760363e-02	1.189542871954420503e-02	3.925430350593390707e-05	2.565490476642303536e-02	8.002205925040401999e-03
2.031863489735219162e+02	5.903938343642979314e-01	3.500222827233663847e-01	1.974741866888345826e-02	1.238471655278834335e-02	4.127900923960993402e-05	2.636550204826936319e-02	8.220874197021737009e-03
2.128618894008324673e+02	5.854820789465828845e-01	3.527285925644447206e-01	2.056708772916457720e-02	1.286842778369982378e-02	4.332128196339822117e-05	2.704742330436997813e-02	8.438975953641451866e-03
2.225374298281430470e+02	5.810137980187320972e-01	3.550335724396868620e-01	2.137723984303292399e-02	1.334701179306845009e-02	4.538176104370706245e-05	2.770241450308559214e-02	8.656489205217204191e-03
2.322129702554535982e+02	5.769393930130495285e-01	3.569840820682466109e-01	2.217864787860422335e-02	1.382086798838958776e-02	4.746100394444022506e-05	2.833206143253636650e-02	8.873394179096157769e-03
2.418885106827641494e+02	5.732149111205896430e-01	3.586216061920390885e-01	2.297199888193733955e-02	1.429035143922357393e-02	4.955949561210122909e-05	2.893780700679837031e-02	9.089673427666797312e-03
2.515640511100747290e+02	5.698014007656405644e-01	3.599828691923230295e-01	2.375790367578994519e-02	1.475577789305990671e-02	5.167765678770421298e-05	2.952096661996895036e-02	9.305311760296836043e-03
2.612395915373852517e+02	5.666643407063337579e-01	3.611003794727598581e-01	2.453690543899668397e-02	1.521742823186027563e-02	5.381585136851537869e-05	3.008274177050351827e-02	9.520296092044284661e-03
2.709151319646958882e+02	5.637731343491856340e-01	3.620029116335591324e-01	2.530948734897658231e-02	1.567555242727963760e-02	5.597439292841027773e-05	3.062423215283061398e-02	9.734615259106873392e-03
2.805906723920064678e+02	5.611006618267755375e-01	3.627159335444650190e-01	2.607607937550937907e-02	1.613037304855273468e-02	5.815355049310153967e-05	3.114644639075809379e-02	9.948259827313172057e-03
2.902662128193169337e+02	5.586228832391851862e-01	3.632619846122522311e-01	2.683706431222787972e-02	1.658208837231992666e-02	6.035355365543787140e-05	3.165031156725985062e-02	1.016122190696653813e-02
2.999417532466276270e+02	5.563184872138970949e-01	3.636610108190992952e-01	2.759278312705703076e-02	1.703087513884598420e-02	6.257459710620940773e-05	3.213668168758480187e-02	1.037349498027680811e-02
3.096172936739380930e+02	5.541685796067185032e-01	3.639306614710915988e-01	2.834353970614259671e-02	1.747689099445692493e-02	6.481684464725865410e-05	3.260634519699865536e-02	1.058507374381181809e-02
3.192928341012487294e+02	5.521564077578511309e-01	3.640865520317844717e-01	2.908960505873814384e-02	1.792027665572049761e-02	6.708043274605440559e-05	3.306003166062302517e-02	1.079595396640402501e-02
3.289683745285592522e+02	5.502671162411686412e-01	3.641424969159110514e-01	2.983122104361319096e-02	1.836115782697667759e-02	6.936547368412223789e-05	3.349841770057231799e-02	1.100613236194145778e-02
3.386439149558698318e+02	5.484875305088466879e-01	3.641107156755798990e-01	3.056860367107290186e-02	1.879964689929123495e-02	7.167205834573593128e-05	3.392213227472551385e-02	1.121560647600560422e-02
3.483194553831804114e+02	5.468059652445470542e-01	3.640020156191540734e-01	3.130194602874829257e-02	1.923584445574129387e-02	7.400025868797096998e-05	3.433176137184737464e-02	1.142437458514146409e-02
3.579949958104909342e+02	5.452120546024445957e-01	3.638259535556521151e-01	3.203142087395236676e-02	1.966984060512034713e-02	7.635012992852445435e-05	3.472785218925017459e-02	1.163243560751934386e-02
3.676705362378016275e+02	5.436966018318761806e-01	3.635909790498469962e-01	3.275718293058536151e-02	2.010171616364005154e-02	7.872171248354608653e-05	3.511091685163716253e-02	1.183978902379811959e-02
3.773460766651120935e+02	5.422514460730391006e-01	3.633045613007252483e-01	3.347937092427577532e-02	2.053154370197721873e-02	8.111503368404086585e-05	3.548143572308116306e-02	1.204643480708485898e-02
3.870216170924226162e+02	5.408693443621752639e-01	3.629733015145884534e-01	3.419810938561933938e-02	2.095938847303661923e-02	8.353010929614049218e-05	3.583986035816791316e-02	1.225237336098375374e-02
3.966971575197332527e+02	5.395438671087815496e-01	3.626030324302791374e-01	3.491351024797993002e-02	2.138530923404664483e-02	8.596694486765084613e-05	3.618661613308610248e-02	1.245760546482659048e-02
4.063726979470438323e+02	5.382693055058861420e-01	3.621989064646391476e-01	3.562567426330048859e-02	2.180935897505058285e-02	8.842553692072219207e-05	3.652210459279835869e-02	1.266213222527212169e-02
4.160482383743544119e+02	5.370405895102532412e-01	3.617654737785702679e-01	3.633469225669774816e-02	2.223158556447907622e-02	9.090587400822188662e-05	3.684670554630941480e-02	1.286595503354965100e-02
4.257237788016648778e+02	5.358532151851096437e-01	3.613067514154928439e-01	3.704064623824348396e-02	2.265203232126904165e-02	9.340793764938028080e-05	3.716077893840098734e-02	1.306907552770237430e-02
4.353993192289755143e+02	5.347031803359315605e-01	3.608262845324003987e-01	3.774361038823427494e-02	2.307073852191325603e-02	9.593170315850224974e-05	3.746466652297161110e-02	1.327149555925818958e-02
4.450748596562860939e+02	5.335869274920082006e-01	3.603272006271444061e-01	3.844365193039032957e-02	2.348773984986743044e-02	9.847714037896034055e-05	3.775869336025812484e-02	1.347321716382029501e-02
4.547504000835967304e+02	5.325012933947219640e-01	3.598122575623374231e-01	3.914083190577457433e-02	2.390306879389312786e-02	1.010442143332904044e-04	3.804316915767986390e-02	1.367424253512752180e-02
4.644259405109071963e+02	5.314434642493444105e-01	3.592838860948118218e-01	3.983520585876249714e-02	2.431675500116362368e-02	1.036328857989739655e-04	3.831838947180105787e-02	1.387457400218560129e-02
4.741014809382177759e+02	5.304109360820503660e-01	3.587442275385726576e-01	4.052682444509924514e-02	2.472882559029420529e-02	1.062431118183969548e-04	3.858463678691731458e-02	1.407421400911595608e-02
4.837770213655284124e+02	5.294014796190633643e-01	3.581951671174327112e-01	4.121573397093382385e-02	2.513930542886898614e-02	1.088748461505039810e-04	3.884218148400966214e-02	1.427316509740911461e-02
4.934525617928388783e+02	5.284131091714530104e-01	3.576383634999711902e-01	4.190197687070534860e-02	2.554821737951391836e-02	1.115280396708089218e-04	3.909128271224834861e-02	1.447142989030548305e-02
5.031281022201495148e+02	5.274440550681128714e-01	3.570752749531662107e-01	4.258559213085641448e-02	2.595558251810348160e-02	1.142026407256611686e-04	3.933218917384537217e-02	1.466901107905802318e-02
5.128036426474600376e+02	5.264927392317079180e-01	3.565071825011942863e-01	4.326661566555251720e-02	2.636142032727843698e-02	1.168985954459931354e-04	3.956513983182946559e-02	1.486591141085940974e-02
5.224791830747705035e+02	5.255577535386702914e-01	3.559352104317299315e-01	4.394508064988025819e-02	2.676574886808959913e-02	1.196158480251773552e-04	3.979036454923168264e-02	1.506213367824116647e-02
5.321547235020811968e+02	5.246378406453283683e-01	3.553603444529591093e-01	4.462101781537264333e-02	2.716858493226066359e-02	1.223543409650932104e-04	4.000808466720791323e-02	1.525768070977434089e-02
5.418302639293917764e+02	5.237318769985684908e-01	3.547834477698776912e-01	4.529445571215552635e-02	2.756994417727889543e-02	1.251140152940343852e-04	4.021851352877270358e-02	1.545255536192076222e-02
5.515058043567023560e+02	5.228388577815996641e-01	3.542052753177544755e-01	4.596542094151944563e-02	2.796984124626990253e-02	1.278948107596736500e-04	4.042185695406375762e-02	1.564676051190127051e-02
5.611813447840129356e+02	5.219578835738836187e-01	3.536264863634585032e-01	4.663393836228628409e-02	2.836828987438958644e-02	1.306966659999341538e-04	4.061831367238766949e-02	1.584029905146261061e-02
5.708568852113234016e+02	5.210881485295340010e-01	3.530476556612727745e-01	4.730003127395571855e-02	2.876530298326836210e-02	1.335195186942904474e-04	4.080807571570485570e-02	1.603317388143823269e-02
5.805324256386339812e+02	5.202289299008391321e-01	3.524692833284915894e-01	4.796372157927545482e-02	2.916089276486762832e-02	1.363633056977349163e-04	4.099132877768639494e-02	1.622538790701030451e-02
5.902079660659445608e+02	5.193795787533674879e-01	3.518918035872095063e-01	4.862502992857757611e-02	2.955507075595301819e-02	1.392279631593891997e-04	4.116825254201048750e-02	1.641694403359084467e-02
5.998835064932552541e+02	5.185395117366511375e-01	3.513155925019794679e-01	4.928397584795567166e-02	2.994784790425168014e-02	1.421134266275144299e-04	4.133902098315356960e-02	1.660784516324931986e-02
6.095590469205657200e+02	5.177082037899795042e-01	3.507409748281981599e-01	4.994057785312094877e-02	3.033923462723888201e-02	1.450196311424736535e-04	4.150380264256608998e-02	1.679809419162242926e-02
6.192345873478761860e+02	5.168851816765946960e-01	3.501682300729500041e-01	5.059485355056529687e-02	3.072924086439140362e-02	1.479465113190226680e-04	4.166276088279894513e-02	1.698769400524913556e-02
6.289101277751868793e+02	5.160700182517689028e-01	3.495975978584167643e-01	5.124681972747386488e-02	3.111787612364962791e-02	1.508940014191472660e-04	4.181605412185970122e-02	1.717664747928062188e-02
6.385856682024975726e+02	5.152623273810378324e-01	3.490292826676597571e-01	5.189649243166490067e-02	3.150514952274557912e-02	1.538620354165272667e-04	4.196383604982348303e-02	1.736495747552056421e-02
6.482612086298080385e+02	5.144617594344313982e-01	3.484634580434617934e-01	5.254388704268876664e-02	3.189106982597916112e-02	1.568505470535828440e-04	4.210625582949770185e-02	1.755262684075634474e-02
6.579367490571185044e+02	5.136679972910065395e-01	3.479002703028359900e-01	5.318901833508907218e-02	3.227564547695847830e-02	1.598594698919507775e-04	4.224345828274039816e-02	1.773965840534627580e-02
6.676122894844290840e+02	5.128807527954958312e-01	3.473398418226537609e-01	5.383190053471434422e-02	3.265888462776119633e-02	1.628887373571402198e-04	4.237558406385439486e-02	1.792605498203202891e-02
6.772878299117396637e+02	5.120997636155247834e-01	3.467822739455048708e-01	5.447254736886730786e-02	3.304079516492199747e-02	1.659382827780328648e-04	4.250276982132283193e-02	1.811181936494891606e-02
6.869633703390502433e+02	5.113247904537427946e-01	3.462276495492882522e-01	5.511097211098927445e-02	3.342138473260463510e-02	1.690080394218160503e-04	4.262514834901205002e-02	1.829695432880997993e-02
6.966389107663608229e+02	5.105556145744213348e-01	3.456760353190614921e-01	5.574718762049733767e-02	3.380066075327671504e-02	1.720979405248703224e-04	4.274284872784459011e-02	1.848146262824247252e-02
7.063144511936714025e+02	5.097920356086947935e-01	3.451274837552701369e-01	5.638120637832187698e-02	3.417863044616867296e-02	1.752079193200730615e-04	4.285599645883549080e-02	1.866534699725791446e-02
7.159899916209819821e+02	5.090338696067066016e-01	3.445820349485784750e-01	5.701304051862950834e-02	3.455530084376653988e-02	1.783379090609273478e-04	4.296471358828793385e-02	1.884861014883904007e-02
7.256655320482924481e+02	5.082809473085513341e-01	3.440397181480669420e-01	5.764270185716114520e-02	3.493067880655966601e-02	1.814878430428785137e-04	4.306911882585817697e-02	1.903125477462888973e-02
7.353410724756030277e+02	5.075331126091067180e-01	3.435005531465024076e-01	5.827020191656603204e-02	3.530477103623929497e-02	1.846576546221393637e-04	4.316932765612333661e-02	1.921328354470909841e-02
7.450166129029136073e+02	5.067902211946980762e-01	3.429645515036743308e-01	5.889555194906925806e-02	3.567758408752171040e-02	1.878472772323080931e-04	4.326545244421770714e-02	1.939469910745578521e-02
7.546921533302243006e+02	5.060521393320507322e-01	3.424317176263915741e-01	5.951876295677181739e-02	3.604912437874982500e-02	1.910566443990311736e-04	4.335760253604315634e-02	1.957550408946300002e-02
7.643676937575347665e+02	5.053187427922219976e-01	3.419020497216059273e-01	6.013984570984819839e-02	3.641939820140958212e-02	1.942856897529340638e-04	4.344588435350574263e-02	1.975570109552470324e-02
7.740432341848452324e+02	5.045899158941733464e-01	3.413755406372454559e-01	6.075881076287647370e-02	3.678841172868210774e-02	1.975343470410172847e-04	4.353040148518332042e-02	1.993529270866740977e-02
7.837187746121558121e+02	5.038655506543989748e-01	3.408521786036726176e-01	6.137566846950895383e-02	3.715617102313877040e-02	2.008025501366931783e-04	4.361125477278661455e-02	2.011428149022652032e-02
7.933943150394665054e+02	5.031455460305744865e-01	3.403319478872047776e-01	6.199042899566806902e-02	3.752268204367407295e-02	2.040902330486180343e-04	4.368854239373905907e-02	2.029266997996019214e-02
8.030698554667769713e+02	5.024298072485622324e-01	3.398148293658241337e-01	6.260310233143101533e-02	3.788795065176066984e-02	2.073973299284574451e-04	4.376235994016738212e-02	2.047046069619536460e-02
8.127453958940876646e+02	5.017182452033276396e-01	3.393008010360481497e-01	6.321369830174811133e-02	3.825198261710116565e-02	2.107237750777059639e-04	4.383280049456533128e-02	2.064765613600113778e-02
8.224209363213982442e+02	5.010107759253968895e-01	3.387898384589003165e-01	6.382222657612354744e-02	3.861478362274283621e-02	2.140695029536693805e-04	4.389995470236669750e-02	2.082425877538533407e-02
8.320964767487085965e+02	5.003073201054403230e-01	3.382819151520167766e-01	6.442869667737234629e-02	3.897635926971403791e-02	2.174344481747048866e-04	4.396391084164060631e-02	2.100027106951055100e-02
8.417720171760191761e+02	4.996078026704132147e-01	3.377770029341147784e-01	6.503311798955487000e-02	3.933671508123433996e-02	2.208185455248035112e-04	4.402475489010092280e-02	2.117569545292646155e-02
8.514475576033297557e+02	4.989121524054322410e-01	3.372750722273375468e-01	6.563549976517826789e-02	3.969585650654459952e-02	2.242217299575902296e-04	4.408257058960357577e-02	2.135053433981552382e-02
8.611230980306403353e+02	4.982203016162303766e-01	3.367760923223584446e-01	6.623585113174459971e-02	4.005378892439787064e-02	2.276439365998075598e-04	4.413743950828871027e-02	2.152479012424960217e-02
8.707986384579510286e+02	4.975321858276194886e-01	3.362800316105664655e-01	6.683418109771593896e-02	4.041051764624763870e-02	2.310851007543420312e-04	4.418944110051024887e-02	2.169846518045531400e-02
8.804741788852616082e+02	4.968477435139126430e-01	3.357868577871609417e-01	6.743049855795922587e-02	4.076604791916547954e-02	2.345451579028452434e-04	4.423865276468211261e-02	2.187156186308618355e-02
8.901497193125721878e+02	4.961669158577157179e-01	3.352965380285436447e-01	6.802481229872639479e-02	4.112038492851685656e-02	2.380240437079956476e-04	4.428514989915888211e-02	2.204408250749996523e-02
8.998252597398827675e+02	4.954896465339093115e-01	3.348090391470076033e-01	6.861713100221886186e-02	4.147353380042051452e-02	2.415216940154421685e-04	4.432900595625813983e-02	2.221602943003960634e-02
9.095008001671932334e+02	4.948158815160029755e-01	3.343243277253775125e-01	6.920746325078040717e-02	4.182549960401391737e-02	2.450380448554658527e-04	4.437029249452250496e-02	2.238740492831668358e-02
9.191763405945038130e+02	4.941455689023622200e-01	3.338423702339537447e-01	6.979581753075711492e-02	4.217628735354488761e-02	2.485730324443912831e-04	4.440907922931108809e-02	2.255821128149609542e-02
9.288518810218145063e+02	4.934786587600963892e-01	3.333631331318376856e-01	7.038220223605880232e-02	4.252590201030719691e-02	2.521265931857771142e-04	4.444543408180252203e-02	2.272845075058117434e-02
9.385274214491247449e+02	4.928151029846438158e-01	3.328865829544820354e-01	7.096662567145285705e-02	4.287434848443595625e-02	2.556986636714093908e-04	4.447942322648526514e-02	2.289812557869827167e-02
9.482029618764355519e+02	4.921548551733146981e-01	3.324126863890935479e-01	7.154909605561741992e-02	4.322163163657687796e-02	2.592891806821217204e-04	4.451111113720475354e-02	2.306723799138020448e-02
9.578785023037459041e+02	4.914978705112499346e-01	3.319414103393315552e-01	7.212962152397835169e-02	4.356775627944182300e-02	2.628980811884608641e-04	4.454056063183167713e-02	2.323579019684788444e-02
9.675540427310568248e+02	4.908441056684279546e-01	3.314727219805767011e-01	7.270821013135130018e-02	4.391272717926197194e-02	2.665253023512156112e-04	4.456783291561095678e-02	2.340378438628963609e-02
9.772295831583674044e+02	4.901935187065081245e-01	3.310065888068992046e-01	7.328486985440818557e-02	4.425654905714825754e-02	2.701707815218247640e-04	4.459298762324645504e-02	2.357122273413776031e-02
9.869051235856777566e+02	4.895460689944342025e-01	3.305429786707251849e-01	7.385960859398497946e-02	4.459922659036812120e-02	2.738344562426775703e-04	4.461608285977275434e-02	2.373810739834196493e-02
9.965806640129884499e+02	4.889017171318456034e-01	3.300818598160834560e-01	7.443243417724608457e-02	4.494076441354626777e-02	2.775162642473189630e-04	4.463717524026183242e-02	2.390444052063932581e-02
