0.000000000000000000e+00	1.018156653795962097e+00	9.451543948027728583e-36	3.183624849389560764e-37	2.506538396189083088e-39	5.936014864934378592e-36	1.172379277761866163e-36	3.726560553268947682e-34
9.675540427310567182e+00	8.841360310698946900e-01	1.237778663745967844e-01	1.831183048447664399e-03	7.117442889847332187e-04	3.080126621120048494e-03	3.594457170112611618e-03	1.025245222805486666e-03
1.935108085462113081e+01	7.906693181718804642e-01	2.073902971083087243e-01	5.252462276636600189e-03	1.894559645932642096e-03	5.698986293776573883e-03	5.234822597479912853e-03	2.016207701947111443e-03
2.902662128193169622e+01	7.249668403709577102e-01	2.635030395092380351e-01	9.214725083982274259e-03	3.416472581928363828e-03	7.972943819688309980e-03	6.102543008126615036e-03	2.980089422040570028e-03
3.870216170924226162e+01	6.782921300160721367e-01	3.008006230844100237e-01	1.331713929652390653e-02	5.177917252233073600e-03	9.985122579256053635e-03	6.661982633811429008e-03	3.921738933655280826e-03
4.837770213655283413e+01	6.446711257558909169e-01	3.252337729680201406e-01	1.741050549163018421e-02	7.105752064125695974e-03	1.179526068877205167e-02	7.095766458035664831e-03	4.844470369487133624e-03
5.805324256386339954e+01	6.200161328308529951e-01	3.408783332924625320e-01	2.144234003941873634e-02	9.146807072861721719e-03	1.344664496694572553e-02	7.475817853482653527e-03	5.750577739937314317e-03
6.772878299117397205e+01	6.015290597733495837e-01	3.505252547722882417e-01	2.539664699203266623e-02	1.126250964142382939e-02	1.497095830815481886e-02	7.830555601458484907e-03	6.641668707254085036e-03
7.740432341848452324e+01	5.872940223074731847e-01	3.560852912412563742e-01	2.927069661387817281e-02	1.342480254455472033e-02	1.639166093161082555e-02	8.171294335905163880e-03	7.518885821283148585e-03
8.707986384579510286e+01	5.759988770147643766e-01	3.588663774450254751e-01	3.306620879767197679e-02	1.561316843139146440e-02	1.772634985128524604e-02	8.502617194735511211e-03	8.383055061087439294e-03
9.675540427310566827e+01	5.667447452150929932e-01	3.597636564038294016e-01	3.678610319874649898e-02	1.781250199111253027e-02	1.898840892223115431e-02	8.826451737106636927e-03	9.234786327842275933e-03
1.064309447004162337e+02	5.589156697930737216e-01	3.593896301267472948e-01	4.043337237957065483e-02	2.001160071229233367e-02	2.018816690637776842e-02	9.143672151608880222e-03	1.007454172629088443e-02
1.161064851277267991e+02	5.520893997473294013e-01	3.581632868957050908e-01	4.401074470194218935e-02	2.220209654886807008e-02	2.133371417726452265e-02	9.454729655392325738e-03	1.090268206945994162e-02
1.257820255550373645e+02	5.459763167416665786e-01	3.563711301738721748e-01	4.752062671907853614e-02	2.437769832240412049e-02	2.243148216117856961e-02	9.759901088474319530e-03	1.171949858928722672e-02
1.354575659823479441e+02	5.403776231274197706e-01	3.542089651607449596e-01	5.096513394977503220e-02	2.653365210656096970e-02	2.348665741704761625e-02	1.005938746493711781e-02	1.252523456947609616e-02
1.451331064096584669e+02	5.351567152605546385e-01	3.518105090578013128e-01	5.434614139990423531e-02	2.866635441595578176e-02	2.450348004495929086e-02	1.035335351327308986e-02	1.332010010351311613e-02
1.548086468369690749e+02	5.302195835091626508e-01	3.492669793257426880e-01	5.766533132668121009e-02	3.077307270617784737e-02	2.548546080852727089e-02	1.064194395987856992e-02	1.410428215979118646e-02
1.644841872642796261e+02	5.255013922803776216e-01	3.466405046493177267e-01	6.092423249522866541e-02	3.285174151462237624e-02	2.643554081413734130e-02	1.092529059947903655e-02	1.487795144279864187e-02
1.741597276915902057e+02	5.209572912599652605e-01	3.439733064586041333e-01	6.412425081637414259e-02	3.490081219711074767e-02	2.735621032515528350e-02	1.120351567141168909e-02	1.564126706734014077e-02
1.838352681189008138e+02	5.165561236533077194e-01	3.412939846994835214e-01	6.726669282010343254e-02	3.691914089062921234e-02	2.824959827763705994e-02	1.147673371415972032e-02	1.639437974064061887e-02
1.935108085462113081e+02	5.122761179567096868e-01	3.386218210127391326e-01	7.035278358518361197e-02	3.890590395522705580e-02	2.911754060180818393e-02	1.174505275717627022e-02	1.713743392711735217e-02
2.031863489735219162e+02	5.081019378361976147e-01	3.359697245391960463e-01	7.338368050003159226e-02	4.086053334986129715e-02	2.996163305685343309e-02	1.200857519364546995e-02	1.787056932017581923e-02
2.128618894008324673e+02	5.040226619023346899e-01	3.333462484170623408e-01	7.636048391792332746e-02	4.278266661744531407e-02	3.078327262323673000e-02	1.226739847542452147e-02	1.859392184253438537e-02
2.225374298281430470e+02	5.000304001925672814e-01	3.307569700518891431e-01	7.928424549705084812e-02	4.467210769773415774e-02	3.158369033879366433e-02	1.252161569166392041e-02	1.930762432626225572e-02
2.322129702554535982e+02	4.961193466188412171e-01	3.282054358182688314e-01	8.215597480403523389e-02	4.652879586273245271e-02	3.236397765556783823e-02	1.277131606087254616e-02	2.001180697564310107e-02
2.418885106827641494e+02	4.922851299339258691e-01	3.256938075743227579e-01	8.497664460269858944e-02	4.835278082249311327e-02	3.312510782615320920e-02	1.301658535324443436e-02	2.070659768312316587e-02
2.515640511100747290e+02	4.885243691071951555e-01	3.232233050457131718e-01	8.774719513638655488e-02	5.014420257891565730e-02	3.386795342712745766e-02	1.325750625446427827e-02	2.139212224615882202e-02
2.612395915373852517e+02	4.848343686729545410e-01	3.207945084734235563e-01	9.046853763066860232e-02	5.190327497990938205e-02	3.459330084204816080e-02	1.349415867950260264e-02	2.206850451745424879e-02
2.709151319646958882e+02	4.812129099306706737e-01	3.184075656109178198e-01	9.314155718485477020e-02	5.363027219322676065e-02	3.530186232229871185e-02	1.372662004336833858e-02	2.273586651062388733e-02
2.805906723920064678e+02	4.776581077868123359e-01	3.160623332519518769e-01	9.576711517878132296e-02	5.532551751093946896e-02	3.599428609655300898e-02	1.395496549473649803e-02	2.339432847618642952e-02
2.902662128193169337e+02	4.741683125523591391e-01	3.137584739507682241e-01	9.834605129093931808e-02	5.698937403440827026e-02	3.667116489198903734e-02	1.417926811755367694e-02	2.404400895794324769e-02
2.999417532466276270e+02	4.707420425313551537e-01	3.114955220789766832e-01	1.008791852018532526e-01	5.862223689126239146e-02	3.733304315097620701e-02	1.439959910504344867e-02	2.468502483649363810e-02
3.096172936739380930e+02	4.673779377010707781e-01	3.092729289014107263e-01	1.033673180402811531e-01	6.022452671116627909e-02	3.798042316768630161e-02	1.461602790994639620e-02	2.531749136439908829e-02
3.192928341012487294e+02	4.640747278417137744e-01	3.070900932984911846e-01	1.058112336176307428e-01	6.179668414354375083e-02	3.861377032427233680e-02	1.482862237431739269e-02	2.594152219599151626e-02
3.289683745285592522e+02	4.608312105670911984e-01	3.049463826713449954e-01	1.082116994868002335e-01	6.333916524322109887e-02	3.923351757195252254e-02	1.503744884175449090e-02	2.655722941379611360e-02
3.386439149558698318e+02	4.576462361410905677e-01	3.028411471342754013e-01	1.105694678546333132e-01	6.485243758284331417e-02	3.984006927572499718e-02	1.524257225454272308e-02	2.716472355285030199e-02
3.483194553831804114e+02	4.545186969464199978e-01	3.007737291191364681e-01	1.128852763717464319e-01	6.633697697652927994e-02	4.043380452053427915e-02	1.544405623785516553e-02	2.776411362373897018e-02
3.579949958104909342e+02	4.514475201441964791e-01	2.987434698453048654e-01	1.151598488192296932e-01	6.779326471942488663e-02	4.101507996008790097e-02	1.564196317285740379e-02	2.835550713485939303e-02
3.676705362378016275e+02	4.484316625232608322e-01	2.967497136497437293e-01	1.173938957083463103e-01	6.922178526392334941e-02	4.158423227615494489e-02	1.583635426030461160e-02	2.893901011422678540e-02
3.773460766651120935e+02	4.454701068533125641e-01	2.947918108573673868e-01	1.195881148066471750e-01	7.062302426631694718e-02	4.214158030531861554e-02	1.602728957599824575e-02	2.951472713099951087e-02
3.870216170924226162e+02	4.425618592718407740e-01	2.928691196568221633e-01	1.217431916017217980e-01	7.199746694823033755e-02	4.268742688125019141e-02	1.621482811927699857e-02	3.008276131681814763e-02
3.966971575197332527e+02	4.397059473826859799e-01	2.909810072996150132e-01	1.238597997120115118e-01	7.334559672588557289e-02	4.322206043321191044e-02	1.639902785555098427e-02	3.064321438699945527e-02
4.063726979470438323e+02	4.369014188453516634e-01	2.891268508398152637e-01	1.259386012526301779e-01	7.466789406745402702e-02	4.374575637537029410e-02	1.657994575374506507e-02	3.119618666159394357e-02
4.160482383743544119e+02	4.341473403035647216e-01	2.873060375626678709e-01	1.279802471629081506e-01	7.596483554475616518e-02	4.425877831637243381e-02	1.675763781939402716e-02	3.174177708629699612e-02
4.257237788016648778e+02	4.314427965491229866e-01	2.855179652033407178e-01	1.299853775013488366e-01	7.723689305060520149e-02	4.476137911432243044e-02	1.693215912402631571e-02	3.228008325319379340e-02
4.353993192289755143e+02	4.287868898496460246e-01	2.837620420248148645e-01	1.319546217128247378e-01	7.848453315733026903e-02	4.525380179864856717e-02	1.710356383138176423e-02	3.281120142131403045e-02
4.450748596562860939e+02	4.261787393911720123e-01	2.820376868019114358e-01	1.338885988721144060e-01	7.970821659559980399e-02	4.573628037726060191e-02	1.727190522093035099e-02	3.333522653697165716e-02
4.547504000835967304e+02	4.236174808018553506e-01	2.803443287434062570e-01	1.357879179072666309e-01	8.090839783570577537e-02	4.620904054476838996e-02	1.743723570909158291e-02	3.385225225386630926e-02
4.644259405109071963e+02	4.211022657335187214e-01	2.786814073739138364e-01	1.376531778057583644e-01	8.208552475605458698e-02	4.667230030529317258e-02	1.759960686849619191e-02	3.436237095292532517e-02
4.741014809382177759e+02	4.186322614850192525e-01	2.770483723902166240e-01	1.394849678059700282e-01	8.324003838581314763e-02	4.712627052149077206e-02	1.775906944558206663e-02	3.486567376186840150e-02
4.837770213655284124e+02	4.162066506563338875e-01	2.754446835019378481e-01	1.412838675761253215e-01	8.437237271053850407e-02	4.757115539977104651e-02	1.791567337677371641e-02	3.536225057447992676e-02
4.934525617928388783e+02	4.138246308256711137e-01	2.738698102632068365e-01	1.430504473825229828e-01	8.548295453122627119e-02	4.800715292029806430e-02	1.806946780345784764e-02	3.585219006957707233e-02
5.031281022201495148e+02	4.114854142442496698e-01	2.723232318997534374e-01	1.447852682486123477e-01	8.657220336858784115e-02	4.843445521915593771e-02	1.822050108593633450e-02	3.633557972966466182e-02
5.128036426474600376e+02	4.091882275449975626e-01	2.708044371343683587e-01	1.464888821062334534e-01	8.764053140554335652e-02	4.885324892903639832e-02	1.836882081651075582e-02	3.681250585927028918e-02
5.224791830747705035e+02	4.069323114625328364e-01	2.693129240126533319e-01	1.481618319401414585e-01	8.868834346192606966e-02	4.926371548392114580e-02	1.851447383182975789e-02	3.728305360295552234e-02
5.321547235020811968e+02	4.047169205625529842e-01	2.678481997302975537e-01	1.498046519267656751e-01	8.971603699625836648e-02	4.966603139247378895e-02	1.865750622461063296e-02	3.774730696300105520e-02
5.418302639293917764e+02	4.025413229792927372e-01	2.664097804626583965e-01	1.514178675680083741e-01	9.072400213020115345e-02	5.006036848420441360e-02	1.879796335482956243e-02	3.820534881676530825e-02
5.515058043567023560e+02	4.004048001600766238e-01	2.649971911971166216e-01	1.530019958207639863e-01	9.171262169191435332e-02	5.044689413191023181e-02	1.893588986046060296e-02	3.865726093371752575e-02
5.611813447840129356e+02	3.983066466162496488e-01	2.636099655684722709e-01	1.545575452227335445e-01	9.268227127511201313e-02	5.082577145341406200e-02	1.907132966783088579e-02	3.910312399214754125e-02
5.708568852113234016e+02	3.962461696799494670e-01	2.622476456975140757e-01	1.560850160150195620e-01	9.363331931106373685e-02	5.119715949520842191e-02	1.920432600164918152e-02	3.954301759555552825e-02
5.805324256386339812e+02	3.942226892663097115e-01	2.609097820328077355e-01	1.575849002619084116e-01	9.456612715119580570e-02	5.156121340025672517e-02	1.933492139475572608e-02	3.997702028872585078e-02
5.902079660659445608e+02	3.922355376407726801e-01	2.595959331956940175e-01	1.590576819681827347e-01	9.548104915829022654e-02	5.191808456189686560e-02	1.946315769763358461e-02	4.040520957348973929e-02
5.998835064932552541e+02	3.902840591912557500e-01	2.583056658284532681e-01	1.605038371942495712e-01	9.637843280457564221e-02	5.226792076552824046e-02	1.958907608771526254e-02	4.082766192418207929e-02
6.095590469205657200e+02	3.883676102049578027e-01	2.570385544455732196e-01	1.619238341693235161e-01	9.725861877525789068e-02	5.261086631953652143e-02	1.971271707851261074e-02	4.124445280279816217e-02
6.192345873478761860e+02	3.864855586496314666e-01	2.557941812880455412e-01	1.633181334028626919e-01	9.812194107625539508e-02	5.294706217671481252e-02	1.983412052859339150e-02	4.165565667385633802e-02
6.289101277751868793e+02	3.846372839591655213e-01	2.545721361806125849e-01	1.646871877944219853e-01	9.896872714509151459e-02	5.327664604727135739e-02	1.995332565042374010e-02	4.206134701897290551e-02
6.385856682024975726e+02	3.828221768233446842e-01	2.533720163918831703e-01	1.660314427420588046e-01	9.979929796405595521e-02	5.359975250436892213e-02	2.007037101909241172e-02	4.246159635115567821e-02
6.482612086298080385e+02	3.810396389816670393e-01	2.521934264972384709e-01	1.673513362494015722e-01	1.006139681748839942e-01	5.391651308301606549e-02	2.018529458092971351e-02	4.285647622882276381e-02
6.579367490571185044e+02	3.792890830211089748e-01	2.510359782444510079e-01	1.686472990314717701e-01	1.014130461943206774e-01	5.422705637302241422e-02	2.029813366203162689e-02	4.324605726955308566e-02
6.676122894844290840e+02	3.775699321777384876e-01	2.498992904219424771e-01	1.699197546193311759e-01	1.021968343300368592e-01	5.453150810663759396e-02	2.040892497669756500e-02	4.363040916357537741e-02
6.772878299117396637e+02	3.758816201420822067e-01	2.487829887296101605e-01	1.711691194636132396e-01	1.029656288964506811e-01	5.482999124141289121e-02	2.051770463578838147e-02	4.400960068700198596e-02
6.869633703390502433e+02	3.742235908681596501e-01	2.476867056521545041e-01	1.723958030369839023e-01	1.037197203300815052e-01	5.512262603875588141e-02	2.062450815500991089e-02	4.438369971481413018e-02
6.966389107663608229e+02	3.725952983861013923e-01	2.466100803348444115e-01	1.736002079355677685e-01	1.044593933041264716e-01	5.540953013858841703e-02	2.072937046312597897e-02	4.475277323360498521e-02
7.063144511936714025e+02	3.709962066182719287e-01	2.455527584616595538e-01	1.747827299793668909e-01	1.051849268420034372e-01	5.569081863046685538e-02	2.083232591010392848e-02	4.511688735408680290e-02
7.159899916209819821e+02	3.694257891988225739e-01	2.445143921357522954e-01	1.759437583116921500e-01	1.058965944296503259e-01	5.596660412147891339e-02	2.093340827519475644e-02	4.547610732336833383e-02
7.256655320482924481e+02	3.678835292966017301e-01	2.434946397621744474e-01	1.770836754976225225e-01	1.065946641264097772e-01	5.623699680119302602e-02	2.103265077494933036e-02	4.583049753700849799e-02
7.353410724756030277e+02	3.663689194413532468e-01	2.424931659328164735e-01	1.782028576215013149e-01	1.072793986743616756e-01	5.650210450390271560e-02	2.113008607117157489e-02	4.618012155085229886e-02
7.450166129029136073e+02	3.648814613531353723e-01	2.415096413135098263e-01	1.793016743834762727e-01	1.079510556059942589e-01	5.676203276837987061e-02	2.122574627880904896e-02	4.652504209265460877e-02
7.546921533302243006e+02	3.634206657748959568e-01	2.405437425332438706e-01	1.803804891950866185e-01	1.086098873501288309e-01	5.701688489532555359e-02	2.131966297378095829e-02	4.686532107349750120e-02
7.643676937575347665e+02	3.619860523081403492e-01	2.395951520754523445e-01	1.814396592738973801e-01	1.092561413360334660e-01	5.726676200268568384e-02	2.141186720074342992e-02	4.720101959900652178e-02
7.740432341848452324e+02	3.605771492516318677e-01	2.386635581713248133e-01	1.824795357371812032e-01	1.098900600956787543e-01	5.751176307897988560e-02	2.150238948079148324e-02	4.753219798037118526e-02
7.837187746121558121e+02	3.591934934430637272e-01	2.377486546951010637e-01	1.835004636946443168e-01	1.105118813641025183e-01	5.775198503477561862e-02	2.159125981909715275e-02	4.785891574517478486e-02
7.933943150394665054e+02	3.578346301036473553e-01	2.368501410613070290e-01	1.845027823401939604e-01	1.111218381778637382e-01	5.798752275242552434e-02	2.167850771248298197e-02	4.818123164803856523e-02
8.030698554667769713e+02	3.565001126855577573e-01	2.359677221238935252e-01	1.854868250427436915e-01	1.117201589715756394e-01	5.821846913417363240e-02	2.176416215692998646e-02	4.849920368108491531e-02
8.127453958940876646e+02	3.551895027221836920e-01	2.351011080772382744e-01	1.864529194360515230e-01	1.123070676725167194e-01	5.844491514872520582e-02	2.184825165501928096e-02	4.881288908422438955e-02
8.224209363213982442e+02	3.539023696811273156e-01	2.342500143589753836e-01	1.874013875075874469e-01	1.128827837933260164e-01	5.866694987636571906e-02	2.193080422330630219e-02	4.912234435527091519e-02
8.320964767487085965e+02	3.526382908199020005e-01	2.334141615546150017e-01	1.883325456864249625e-01	1.134475225227944140e-01	5.888466055270628885e-02	2.201184739962679451e-02	4.942762525988967509e-02
8.417720171760191761e+02	3.513968510442764814e-01	2.325932753039191281e-01	1.892467049301533588e-01	1.140014948147693163e-01	5.909813261112555061e-02	2.209140825033353503e-02	4.972878684138175298e-02
8.514475576033297557e+02	3.501776427692165350e-01	2.317870862089986272e-01	1.901441708108057571e-01	1.145449074751937052e-01	5.930744972397192921e-02	2.216951337746293771e-02	5.002588343030964224e-02
8.611230980306403353e+02	3.489802657823736776e-01	2.309953297440986708e-01	1.910252435998001375e-01	1.150779632473038494e-01	5.951269384258444511e-02	2.224618892583062058e-02	5.031896865396763563e-02
8.707986384579510286e+02	3.478043271100746403e-01	2.302177461670403269e-01	1.918902183518895743e-01	1.156008608950130911e-01	5.971394523618556160e-02	2.232146059005507555e-02	5.060809544570075286e-02
8.804741788852616082e+02	3.466494408857637155e-01	2.294540804322859895e-01	1.927393849881191001e-01	1.161137952845103932e-01	5.991128252969513124e-02	2.239535362150870540e-02	5.089331605407598075e-02
8.901497193125721878e+02	3.455152282208526771e-01	2.287040821055987827e-01	1.935730283777870320e-01	1.166169574641049977e-01	6.010478274051081482e-02	2.246789283519544378e-02	5.117468205190930236e-02
8.998252597398827675e+02	3.444013170779334221e-01	2.279675052802646873e-01	1.943914284194092068e-01	1.171105347423485876e-01	6.029452131429684225e-02	2.253910261655429903e-02	5.145224434515199841e-02
9.095008001671932334e+02	3.433073421463092023e-01	2.272441084948489121e-01	1.951948601206844880e-01	1.175947107644684658e-01	6.048057215982016732e-02	2.260900692818820085e-02	5.172605318163950305e-02
9.191763405945038130e+02	3.422329447198013685e-01	2.265336546524570338e-01	1.959835936774619591e-01	1.180696655871448092e-01	6.066300768287020279e-02	2.267762931651758421e-02	5.199615815970595745e-02
9.288518810218145063e+02	3.411777725767891623e-01	2.258359109414728727e-01	1.967578945517086120e-01	1.185355757516660946e-01	6.084189881929617794e-02	2.274499291835829426e-02	5.226260823666761812e-02
9.385274214491247449e+02	3.401414798624419755e-01	2.251506487577455695e-01	1.975180235484793601e-01	1.189926143554967813e-01	6.101731506719372533e-02	2.281112046742326399e-02	5.252545173717811794e-02
9.482029618764355519e+02	3.391237269731022796e-01	2.244776436281988863e-01	1.982642368918896281e-01	1.194409511222911807e-01	6.118932451827066576e-02	2.287603430074772182e-02	5.278473636145834119e-02
9.578785023037459041e+02	3.381241804427808639e-01	2.238166751358360573e-01	1.989967863000928761e-01	1.198807524703875277e-01	6.135799388842000379e-02	2.293975636503758214e-02	5.304050919340382031e-02
9.675540427310568248e+02	3.371425128317238618e-01	2.231675268461142947e-01	1.997159190592646960e-01	1.203121815798159355e-01	6.152338854752683467e-02	2.300230822294078298e-02	5.329281670857230480e-02
9.772295831583674044e+02	3.361784026170146489e-01	2.225299862346638569e-01	2.004218780965970614e-01	1.207353984578535405e-01	6.168557254853404559e-02	2.306371105924142489e-02	5.354170478205403511e-02
9.869051235856777566e+02	3.352315340851722558e-01	2.219038446163263956e-01	2.011149020523053943e-01	1.211505600031597685e-01	6.184460865579083366e-02	2.312398568697656559e-02	5.378721869622739293e-02
9.965806640129884499e+02	3.343015972267096014e-01	2.212888970754882945e-01	2.017952253506523075e-01	1.215578200685240445e-01	6.200055837270658510e-02	2.318315255347563886e-02	5.402940314840213448e-02
