0.000000000000000000e+00	1.036918255620311147e+00	-9.999999999999998473e-03	-9.999999999999998473e-03	-9.146946808148854677e-03	-9.999999999999998473e-03	6.322299674365751800e-04	-1.824720513007458940e-03
9.675540427310567182e+00	8.954088946523210968e-01	1.173293783157443870e-01	-4.080468959299588839e-03	-6.780669322628487747e-03	-5.299384953942863803e-03	1.236981882907906786e-03	-1.235913348511014477e-03
1.935108085462113081e+01	7.991249415115407873e-01	2.011997225157082236e-01	1.119492928778801841e-03	-4.502669918571060304e-03	-1.492836433040885475e-03	1.766687999260791158e-03	-6.365203370852379888e-04
2.902662128193169622e+01	7.330519371736472500e-01	2.560734229692339103e-01	5.826921520305229987e-03	-2.266912744745841653e-03	1.666629048125543031e-03	2.244930569955050186e-03	-1.811026992978794110e-05
3.870216170924226162e+01	6.871669028119712364e-01	2.916043451808769671e-01	1.019319895602491602e-02	-4.673272973158316967e-05	4.350259079198667139e-03	2.687467429892988636e-03	6.233775383580757211e-04
4.837770213655283413e+01	6.547788540373573607e-01	3.142365205875508050e-01	1.431925051711510632e-02	2.172202343608466146e-03	6.677876343602678552e-03	3.104833123993489073e-03	1.289281313363309454e-03
5.805324256386339954e+01	6.314210369337536211e-01	3.282713241059060372e-01	1.827235802422575578e-02	4.396506543802273723e-03	8.734226298208127778e-03	3.504075256480140236e-03	1.979291104215310203e-03
6.772878299117397205e+01	6.141114571086037088e-01	3.365798490534656628e-01	2.209737787280157892e-02	6.628084416989211622e-03	1.057999267773983634e-02	3.889913570060690978e-03	2.692143566930555159e-03
7.740432341848452324e+01	6.008592568649935295e-01	3.410784396716537437e-01	2.582422472997180155e-02	8.866077419180433405e-03	1.225923944967798052e-02	4.265513677142051922e-03	3.426066453971571453e-03
8.707986384579510286e+01	5.903352043973197905e-01	3.430461236247520640e-01	2.947286308604402105e-02	1.110810985102154286e-02	1.380445510631343915e-02	4.633003557657000560e-03	4.179058643483340649e-03
9.675540427310566827e+01	5.816517334017767826e-01	3.433365076204707989e-01	3.305663577662335678e-02	1.335107456205295029e-02	1.523998591524456173e-02	4.993818344372018443e-03	4.949062646050859243e-03
1.064309447004162337e+02	5.742161113792190186e-01	3.425192237888910474e-01	3.658448286092167573e-02	1.559161779521244309e-02	1.658438467120954690e-02	5.348930483804950967e-03	5.734067287332538648e-03
1.161064851277267991e+02	5.676324238930695598e-01	3.409743489717046994e-01	4.006242019310782276e-02	1.782642868107467068e-02	1.785202768212672958e-02	5.699003381062099638e-03	6.532165464445718363e-03
1.257820255550373645e+02	5.616361452008770128e-01	3.389554319743441901e-01	4.349452417401494103e-02	2.005240305762652497e-02	1.905423652658852149e-02	6.044493967229057005e-03	7.341583365911021584e-03
1.354575659823479441e+02	5.560504614577470583e-01	3.366315656862515771e-01	4.688358717223174016e-02	2.226672747510546196e-02	2.020006340757037055e-02	6.385721170508174005e-03	8.160691897176913789e-03
1.451331064096584669e+02	5.507571145553824543e-01	3.341154710391223137e-01	5.023155337380626195e-02	2.446691343689560982e-02	2.129684692377506808e-02	6.722911626662753624e-03	8.988007310946871664e-03
1.548086468369690749e+02	5.456769390279211374e-01	3.314822434766716008e-01	5.353980829168838995e-02	2.665080145205116213e-02	2.235061025596262602e-02	7.056230195672747244e-03	9.822185566623727743e-03
1.644841872642796261e+02	5.407568694528938069e-01	3.287818664057145512e-01	5.680937078736959106e-02	2.881654754898652082e-02	2.336635042442664068e-02	7.385800335797679250e-03	1.066201331140250244e-02
1.741597276915902057e+02	5.359612671660852756e-01	3.260475639569669903e-01	6.004102018796938361e-02	3.096260033401286582e-02	2.434825161085567985e-02	7.711717706917867871e-03	1.150639730378321367e-02
1.838352681189008138e+02	5.312661302990535628e-01	3.233013763962512277e-01	6.323538022554373028e-02	3.308767368012478782e-02	2.529984501165932070e-02	8.034059254015589457e-03	1.235435339994306325e-02
1.935108085462113081e+02	5.266552285621305396e-01	3.205578816054838187e-01	6.639297428157982239e-02	3.519071817275857411e-02	2.622413060235545892e-02	8.352889273343128140e-03	1.320499576893995920e-02
2.031863489735219162e+02	5.221175228862967588e-01	3.178266790408710296e-01	6.951426158695861446e-02	3.727089316864182211e-02	2.712367140894193090e-02	8.668263464296546358e-03	1.405752671058454160e-02
2.128618894008324673e+02	5.176454427745447173e-01	3.151140476357862097e-01	7.259966080410602818e-02	3.932754050749562996e-02	2.800066764359762997e-02	8.980231636559856886e-03	1.491122726450118570e-02
2.225374298281430470e+02	5.132337362230716682e-01	3.124240523122165381e-01	7.564956526830415862e-02	4.136016039883814305e-02	2.885701586111578953e-02	9.288839519490188837e-03	1.576544868355476275e-02
2.322129702554535982e+02	5.088787018693273767e-01	3.097592824442981785e-01	7.866435273190247601e-02	4.336838968434197222e-02	2.969435678956081071e-02	9.594129972123747671e-03	1.661960477503678091e-02
2.418885106827641494e+02	5.045776763042734148e-01	3.071213446585753792e-01	8.164439149999029588e-02	4.535198248179329178e-02	3.051411445632381050e-02	9.896143792991397847e-03	1.747316507264365035e-02
2.515640511100747290e+02	5.003286917282806501e-01	3.045111916639733352e-01	8.459004420981580674e-02	4.731079310452677988e-02	3.131752851657179648e-02	1.019492026271805012e-02	1.832564878070484099e-02
2.612395915373852517e+02	4.961302473283527581e-01	3.019293416418303844e-01	8.750167008265495594e-02	4.924476109050763412e-02	3.210568119272030896e-02	1.049049750817830293e-02	1.917661942234688902e-02
2.709151319646958882e+02	4.919811565778978713e-01	2.993760245946968657e-01	9.037962619507412809e-02	5.115389814846664496e-02	3.287951988223167948e-02	1.078291274747364588e-02	2.002568012075041023e-02
2.805906723920064678e+02	4.878804452258043711e-01	2.968512799494220089e-01	9.322426812930452444e-02	5.303827682191502441e-02	3.363987624043125735e-02	1.107220245529867697e-02	2.087246944441544308e-02
2.902662128193169337e+02	4.838272831296754339e-01	2.943550216310203416e-01	9.603595023820730991e-02	5.489802067720850332e-02	3.438748236386889034e-02	1.135840247511396214e-02	2.171665775149693098e-02
2.999417532466276270e+02	4.798209386875618709e-01	2.918870814310032813e-01	9.881502567801306314e-02	5.673329583379059515e-02	3.512298456685263720e-02	1.164154809576463043e-02	2.255794397360527323e-02
3.096172936739380930e+02	4.758607483605100108e-01	2.894472378941685409e-01	1.015618463076353173e-01	5.854430366996914853e-02	3.584695514474504907e-02	1.192167410432320995e-02	2.339605278523999160e-02
3.192928341012487294e+02	4.719460962735774756e-01	2.870352355450874193e-01	1.042767625175296670e-01	6.033127455398508421e-02	3.655990244260093336e-02	1.219881482302261934e-02	2.423073211078801553e-02
3.289683745285592522e+02	4.680764005487902946e-01	2.846507976717497224e-01	1.069601230275628867e-01	6.209446246646706941e-02	3.726227948997502815e-02	1.247300413553298175e-02	2.506175092651320366e-02
3.386439149558698318e+02	4.642511041355872337e-01	2.822936348133717188e-01	1.096122746780186924e-01	6.383414039591192579e-02	3.795449141755589256e-02	1.274427550609183446e-02	2.588889732005382124e-02
3.483194553831804114e+02	4.604696686467180111e-01	2.799634503849086631e-01	1.122335622279325429e-01	6.555059640321179992e-02	3.863690183541770851e-02	1.301266199383269498e-02	2.671197677456972966e-02
3.579949958104909342e+02	4.567315702032124225e-01	2.776599443939774536e-01	1.148243281685795147e-01	6.724413026430048346e-02	3.930983832381439863e-02	1.327819626387932890e-02	2.753081064882752921e-02
3.676705362378016275e+02	4.530362966229586896e-01	2.753828158876662768e-01	1.173849125559149748e-01	6.891505061168071156e-02	3.997359716392288875e-02	1.354091059625366425e-02	2.834523482819394438e-02
3.773460766651120935e+02	4.493833455083724449e-01	2.731317645543464567e-01	1.199156528632770030e-01	7.056367250596327911e-02	4.062844741657876263e-02	1.380083689329842517e-02	2.915509852475481681e-02
3.870216170924226162e+02	4.457722229361685273e-01	2.709064917639020798e-01	1.224168838541652982e-01	7.219031537768408335e-02	4.127463444096168832e-02	1.405800668608382133e-02	2.996026320762567793e-02
3.966971575197332527e+02	4.422024425507630196e-01	2.687067012352509776e-01	1.248889374740597968e-01	7.379530128767079755e-02	4.191238293172411949e-02	1.431245114011275681e-02	3.076060164700978108e-02
4.063726979470438323e+02	4.386735249286229377e-01	2.665320994569658208e-01	1.273321427597987610e-01	7.537895346122037987e-02	4.254189954171846283e-02	1.456420106053556499e-02	3.155599705772929586e-02
4.160482383743544119e+02	4.351849971248291093e-01	2.643823959447413885e-01	1.297468257648489443e-01	7.694159505743228267e-02	4.316337514788103763e-02	1.481328689701601024e-02	3.234634232984243130e-02
4.257237788016648778e+02	4.317363923424706873e-01	2.622573033914078477e-01	1.321333094987681700e-01	7.848354814032625082e-02	4.377698680967640615e-02	1.505973874834407554e-02	3.313153933559782882e-02
4.353993192289755143e+02	4.283272496851075473e-01	2.601565377464967188e-01	1.344919138792206870e-01	8.000513282295450279e-02	4.438289946255327689e-02	1.530358636685997913e-02	3.391149830339855453e-02
4.450748596562860939e+02	4.249571139656478924e-01	2.580798182499104976e-01	1.368229556950136538e-01	8.150666655968522023e-02	4.498126738292141519e-02	1.554485916273318051e-02	3.468613725067940662e-02
4.547504000835967304e+02	4.216255355537531502e-01	2.560268674359523766e-01	1.391267485787569536e-01	8.298846356526472234e-02	4.557223545607028831e-02	1.578358620812616089e-02	3.545538146866766827e-02
4.644259405109071963e+02	4.183320702497476673e-01	2.539974111184549188e-01	1.414036029878880940e-01	8.445083434223138452e-02	4.615594027408536498e-02	1.601979624126341137e-02	3.621916305292045141e-02
4.741014809382177759e+02	4.150762791769361804e-01	2.519911783640769176e-01	1.436538261929425908e-01	8.589408530081565907e-02	4.673251108706952955e-02	1.625351767041980852e-02	3.697742047433062035e-02
4.837770213655284124e+02	4.118577286868598253e-01	2.500079014584022374e-01	1.458777222720806233e-01	8.731851845767095444e-02	4.730207062775478727e-02	1.648477857783825842e-02	3.773009818598459936e-02
4.934525617928388783e+02	4.086759902737869821e-01	2.480473158678597467e-01	1.480755921110017137e-01	8.872443120168863051e-02	4.786473582681717576e-02	1.671360672358365371e-02	3.847714626185337605e-02
5.031281022201495148e+02	4.055306404959178046e-01	2.461091601994148115e-01	1.502477334074875381e-01	9.011211611679562083e-02	4.842061843382154673e-02	1.694002954933825078e-02	3.921852006381562616e-02
5.128036426474600376e+02	4.024212609015777042e-01	2.441931761592795735e-01	1.523944406799116191e-01	9.148186085305246018e-02	4.896982555666790082e-02	1.716407418214220548e-02	3.995417993395970757e-02
5.224791830747705035e+02	3.993474379592122370e-01	2.422991085114248044e-01	1.545160052791393068e-01	9.283394803859318367e-02	4.951246013064055512e-02	1.738576743808211561e-02	4.068409090949903772e-02
5.321547235020811968e+02	3.963087629903580544e-01	2.404267050363748381e-01	1.566127154033191970e-01	9.416865522600273430e-02	5.004862132663565749e-02	1.760513582592978035e-02	4.140822245797099593e-02
5.418302639293917764e+02	3.933048321050121587e-01	2.385757164905688288e-01	1.586848561151328330e-01	9.548625486763645531e-02	5.057840490682773832e-02	1.782220555073296686e-02	4.212654823068025939e-02
5.515058043567023560e+02	3.903352461389859585e-01	2.367458965664469284e-01	1.607327093611281565e-01	9.678701431516914533e-02	5.110190353490209891e-02	1.803700251735963073e-02	4.283904583259932897e-02
5.611813447840129356e+02	3.873996105929493616e-01	2.349370018533377402e-01	1.627565539928119975e-01	9.807119583933533724e-02	5.161920704700254103e-02	1.824955233399681506e-02	4.354569660715740254e-02
5.708568852113234016e+02	3.844975355729468025e-01	2.331487917991746373e-01	1.647566657892220454e-01	9.933905666640324705e-02	5.213040268870099830e-02	1.845988031560532455e-02	4.424648543453813671e-02
5.805324256386339812e+02	3.816286357322222211e-01	2.313810286730371979e-01	1.667333174807358875e-01	1.005908490284248558e-01	5.263557532256877419e-02	1.866801148733111815e-02	4.494140054227107467e-02
5.902079660659445608e+02	3.787925302142298722e-01	2.296334775284970819e-01	1.686867787739086133e-01	1.018268202247348819e-01	5.313480761030213440e-02	1.887397058787428430e-02	4.563043332704429939e-02
5.998835064932552541e+02	3.759888425967339298e-01	2.279059061677370102e-01	1.706173163771582402e-01	1.030472126925415094e-01	5.362818017281423266e-02	1.907778207281638633e-02	4.631357818678984162e-02
6.095590469205657200e+02	3.732172008369203930e-01	2.261980851064091524e-01	1.725251940271436413e-01	1.042522640847708126e-01	5.411577173123915258e-02	1.927947011790690640e-02	4.699083236220111259e-02
6.192345873478761860e+02	3.704772372174593431e-01	2.245097875391948994e-01	1.744106725157006099e-01	1.054422073536000620e-01	5.459765923139121152e-02	1.947905862230952037e-02	4.766219578693554892e-02
6.289101277751868793e+02	3.677685882934645378e-01	2.228407893060324607e-01	1.762740097172208753e-01	1.066172708383513607e-01	5.507391795387575617e-02	1.967657121180878960e-02	4.832767094583739764e-02
6.385856682024975726e+02	3.650908948403089882e-01	2.211908688589768468e-01	1.781154606163736498e-01	1.077776783566186392e-01	5.554462161174830714e-02	1.987203124197796031e-02	4.898726274058682467e-02
6.482612086298080385e+02	3.624438018022568819e-01	2.195598072296615078e-01	1.799352773360845259e-01	1.089236492976756454e-01	5.600984243736040202e-02	2.006546180130841517e-02	4.964097836224379973e-02
6.579367490571185044e+02	3.598269582418812673e-01	2.179473879973324868e-01	1.817337091656974213e-01	1.100553987173611692e-01	5.646965125980777517e-02	2.025688571430139112e-02	5.028882717020963233e-02
6.676122894844290840e+02	3.572400172902377435e-01	2.163533972574281372e-01	1.835110025892560393e-01	1.111731374337661254e-01	5.692411757420401397e-02	2.044632554452248049e-02	5.093082057717665534e-02
6.772878299117396637e+02	3.546826360977688997e-01	2.147776235906806996e-01	1.852674013138500275e-01	1.122770721231566432e-01	5.737330960383706796e-02	2.063380359761948779e-02	5.156697193967830356e-02
6.869633703390502433e+02	3.521544757859177976e-01	2.132198580327172022e-01	1.870031462979789838e-01	1.133674054156618566e-01	5.781729435612265738e-02	2.081934192430412445e-02	5.219729645388849343e-02
6.966389107663608229e+02	3.496552013994277397e-01	2.116798940441405319e-01	1.887184757798934520e-01	1.144443359903348362e-01	5.825613767314502534e-02	2.100296232329806542e-02	5.282181105635152391e-02
7.063144511936714025e+02	3.471844818593108339e-01	2.101575274810716931e-01	1.904136253058790196e-01	1.155080586692647932e-01	5.868990427746891697e-02	2.118468634424388805e-02	5.344053432935197412e-02
7.159899916209819821e+02	3.447419899164685386e-01	2.086525565661374870e-01	1.920888277584529014e-01	1.165587645104769893e-01	5.911865781381452079e-02	2.136453529058129561e-02	5.405348641065934462e-02
7.256655320482924481e+02	3.423274021059459216e-01	2.071647818598885693e-01	1.937443133844482246e-01	1.175966408994073009e-01	5.954246088710762885e-02	2.154253022238916335e-02	5.466068890740423403e-02
7.353410724756030277e+02	3.399403987018070894e-01	2.056940062326339802e-01	1.953803098229637825e-01	1.186218716387810318e-01	5.996137509734866811e-02	2.171869195919384765e-02	5.526216481386265339e-02
7.450166129029136073e+02	3.375806636726165211e-01	2.042400348366796570e-01	1.969970421331612709e-01	1.196346370367620121e-01	6.037546107168506593e-02	2.189304108274417113e-02	5.585793843294235839e-02
7.546921533302243006e+02	3.352478846375134269e-01	2.028026750789600208e-01	1.985947328218937158e-01	1.206351139932691774e-01	6.078477849402013494e-02	2.206559793975358674e-02	5.644803530118102514e-02
7.643676937575347665e+02	3.329417528228675316e-01	2.013817365940510640e-01	2.001736018711518239e-01	1.216234760843836471e-01	6.118938613244764152e-02	2.223638264460986100e-02	5.703248211707948045e-02
7.740432341848452324e+02	3.306619630195036241e-01	1.999770312175563058e-01	2.017338667653172934e-01	1.225998936447918464e-01	6.158934186476289901e-02	2.240541508205280002e-02	5.761130667260630500e-02
7.837187746121558121e+02	3.284082135404846614e-01	1.985883729598554026e-01	2.032757425182128708e-01	1.235645338482287831e-01	6.198470270226830864e-02	2.257271490982033432e-02	5.818453778772067486e-02
7.933943150394665054e+02	3.261802061794429330e-01	1.972155779802078346e-01	2.047994416999418255e-01	1.245175607859012462e-01	6.237552481206286997e-02	2.273830156126344093e-02	5.875220524777094444e-02
8.030698554667769713e+02	3.239776461694484078e-01	1.958584645612031772e-01	2.063051744635096274e-01	1.254591355428840149e-01	6.276186353798043904e-02	2.290219424793024650e-02	5.931433974363513328e-02
8.127453958940876646e+02	3.218002421424062121e-01	1.945168530835508780e-01	2.077931485712229132e-01	1.263894162724930048e-01	6.314377342032022333e-02	2.306441196211976227e-02	5.987097281447806979e-02
8.224209363213982442e+02	3.196477060889725275e-01	1.931905660012022130e-01	2.092635694208604680e-01	1.273085582686483141e-01	6.352130821449471221e-02	2.322497347940556331e-02	6.042213679300727919e-02
8.320964767487085965e+02	3.175197533189811905e-01	1.918794278167980372e-01	2.107166400716133092e-01	1.282167140362480418e-01	6.389452090870414991e-02	2.338389736112986284e-02	6.096786475311646164e-02
8.417720171760191761e+02	3.154161024223717802e-01	1.905832650574361409e-01	2.121525612697907071e-01	1.291140333595791889e-01	6.426346374073310663e-02	2.354120195686828718e-02	6.150819045981190114e-02
8.514475576033297557e+02	3.133364752306115331e-01	1.893019062507516614e-01	2.135715314742895887e-01	1.300006633687975088e-01	6.462818821395245605e-02	2.369690540686577446e-02	6.204314832132258595e-02
8.611230980306403353e+02	3.112805967786029249e-01	1.880351819013057202e-01	2.149737468818262165e-01	1.308767486045119277e-01	6.498874511259999931e-02	2.385102564444392323e-02	6.257277334330033081e-02
8.707986384579510286e+02	3.092481952670693701e-01	1.867829244672759292e-01	2.163594014519285569e-01	1.317424310805121179e-01	6.534518451640405901e-02	2.400358039838014837e-02	6.309710108502086801e-02
8.804741788852616082e+02	3.072390020254108234e-01	1.855449683374442993e-01	2.177286869316887585e-01	1.325978503446803569e-01	6.569755581460631766e-02	2.415458719525902589e-02	6.361616761750149562e-02
8.901497193125721878e+02	3.052527514750235094e-01	1.843211498084769695e-01	2.190817928802750447e-01	1.334431435381308595e-01	6.604590771943365246e-02	2.430406336179611118e-02	6.413000948345493057e-02
8.998252597398827675e+02	3.032891810930752885e-01	1.831113070624914296e-01	2.204189066932036312e-01	1.342784454526200488e-01	6.639028827906302832e-02	2.445202602713463305e-02	6.463866365900304556e-02
9.095008001671932334e+02	3.013480313767309404e-01	1.819152801449057666e-01	2.217402136263697809e-01	1.351038885862736738e-01	6.673074489011802946e-02	2.459849212511536209e-02	6.514216751707761766e-02
9.191763405945038130e+02	2.994290458078195938e-01	1.807329109425664382e-01	2.230458968198396064e-01	1.359196031976753483e-01	6.706732430973164072e-02	2.474347839651998629e-02	6.564055879243854696e-02
9.288518810218145063e+02	2.975319708179388623e-01	1.795640431621495503e-01	2.243361373214022847e-01	1.367257173583628360e-01	6.740007266720569878e-02	2.488700139128832006e-02	6.613387554824358416e-02
9.385274214491247449e+02	2.956565557539886924e-01	1.784085223088312799e-01	2.256111141098841311e-01	1.375223570037770737e-01	6.772903547529435242e-02	2.502907747070967290e-02	6.662215614410590958e-02
9.482029618764355519e+02	2.938025528441285950e-01	1.772661956652237247e-01	2.268710041182253612e-01	1.383096459827094504e-01	6.805425764113584575e-02	2.516972280958869324e-02	6.710543920557934805e-02
9.578785023037459041e+02	2.919697171641527644e-01	1.761369122705722656e-01	2.281159822563201545e-01	1.390877061052920860e-01	6.837578347685445423e-02	2.530895339838599642e-02	6.758376359501322428e-02
9.675540427310568248e+02	2.901578066042768134e-01	1.750205229002096963e-01	2.293462214336221827e-01	1.398566571895748512e-01	6.869365670985208561e-02	2.544678504533386468e-02	6.805716838372140309e-02
9.772295831583674044e+02	2.883665818363298494e-01	1.739168800452645658e-01	2.305618925815161313e-01	1.406166171067332049e-01	6.900792049280718432e-02	2.558323337852735913e-02	6.852569282541264017e-02
9.869051235856777566e+02	2.865958062813469542e-01	1.728258378926188221e-01	2.317631646754569341e-01	1.413677018249486772e-01	6.931861741339705174e-02	2.571831384799110401e-02	6.898937633083138121e-02
9.965806640129884499e+02	2.848452460775565132e-01	1.717472523051120914e-01	2.329502047568781931e-01	1.421100254520039907e-01	6.962578950375784836e-02	2.585204172772206238e-02	6.944825844356025679e-02
