0.000000000000000000e+00	1.036646107874265921e+00	-9.999999999999998473e-03	-9.999999999999998473e-03	-9.184751063301356891e-03	-9.999999999999998473e-03	5.875400692021364281e-04	-1.418685466683487252e-03
9.675540427310567182e+00	8.953165617755385330e-01	1.171658321618310322e-01	-3.996526930267010370e-03	-6.784579006558577249e-03	-5.308986243828778262e-03	1.200969563973496241e-03	-9.630599072055533519e-04
1.935108085462113081e+01	7.991088186777456359e-01	2.009729984045160456e-01	1.267129649686097106e-03	-4.485318859689554211e-03	-1.505197336762469041e-03	1.735643272599471029e-03	-4.638623946121224906e-04
2.902662128193169622e+01	7.330582175757274221e-01	2.558357035745406072e-01	6.022894678389793116e-03	-2.237196570752431318e-03	1.655651815402462519e-03	2.216193299360713284e-03	7.874704081443044531e-05
3.870216170924226162e+01	6.871699119564173008e-01	2.913805653193703438e-01	1.042573018483234151e-02	-1.087755562185826683e-05	4.343009341752922942e-03	2.659116545428788069e-03	6.627556213031403440e-04
4.837770213655283413e+01	6.547682835141953595e-01	3.140367099641256932e-01	1.457920832974880961e-02	2.209885076080255785e-03	6.675500367930686796e-03	3.075473336610693321e-03	1.285150824791288747e-03
5.805324256386339954e+01	6.313945555764634010e-01	3.280977553524110912e-01	1.855258918288169023e-02	4.433083634624538673e-03	8.737078520668909581e-03	3.472690122334412197e-03	1.942459024098783411e-03
6.772878299117397205e+01	6.140705355149566058e-01	3.364310805777064872e-01	2.239222497421047842e-02	6.661617215484355072e-03	1.058791105487402046e-02	3.855763762040141825e-03	2.631078314210708903e-03
7.740432341848452324e+01	6.008068856638489885e-01	3.409515277600663752e-01	2.612917535361406612e-02	8.895345545314077562e-03	1.227173351190074049e-02	4.228066108375975671e-03	3.347477470362495659e-03
8.707986384579510286e+01	5.902747088234248096e-01	3.429377741332571006e-01	2.978429226327588761e-02	1.113241092957437464e-02	1.382083505469264631e-02	4.591881605264054068e-03	4.088308603993792180e-03
9.675540427310566827e+01	5.815862075960422928e-01	3.432436277802866087e-01	3.337161498803516146e-02	1.337007811970049309e-02	1.525945151656401232e-02	4.948766544276917215e-03	4.850464868577110053e-03
1.064309447004162337e+02	5.741481915034359895e-01	3.424391456807538425e-01	3.690063675445275082e-02	1.560525803844488996e-02	1.660608645677077999e-02	5.299789185844778865e-03	5.631103793779504083e-03
1.161064851277267991e+02	5.675642374027801695e-01	3.409048819867811497e-01	4.037781778533316990e-02	1.783482540357209101e-02	1.787510886431968593e-02	5.645690291130216372e-03	6.427649679565978699e-03
1.257820255550373645e+02	5.615693443025193687e-01	3.388948332794262663e-01	4.380759518432945226e-02	2.005580306282367040e-02	1.907786135464177232e-02	5.986990479091711809e-03	7.237783750650139507e-03
1.354575659823479441e+02	5.559862904446708498e-01	3.365784774309386052e-01	4.719305685556969554e-02	2.226546108156601811e-02	2.022343589974474887e-02	6.324062052802632145e-03	8.059427648189825683e-03
1.451331064096584669e+02	5.506964848495119469e-01	3.340688497031054083e-01	5.053639111818505891e-02	2.446136215956922974e-02	2.131922272094933027e-02	6.657177081197131717e-03	8.890723780964221792e-03
1.548086468369690749e+02	5.456204994031251809e-01	3.314412935453416309e-01	5.383918658010187347e-02	2.664137402544906885e-02	2.237130353644619166e-02	6.986539609788853036e-03	9.730014713229560852e-03
1.644841872642796261e+02	5.407050663846476590e-01	3.287459833272235454e-01	5.710263206170754224e-02	2.880366221819969513e-02	2.338473726950030668e-02	7.312307260517421532e-03	1.057582289168605867e-02
1.741597276915902057e+02	5.359143941402781941e-01	3.260162875614510680e-01	6.032764981545349348e-02	3.094667188180714318e-02	2.436377082910751862e-02	7.634605735246133111e-03	1.142683145013854117e-02
1.838352681189008138e+02	5.312243667755119914e-01	3.232743541458353853e-01	6.351498423882753763e-02	3.306910404865294473e-02	2.531199716177673711e-02	7.953538571385787223e-03	1.228186647149159122e-02
1.935108085462113081e+02	5.266186700423890477e-01	3.205348403056780260e-01	6.666526089993850268e-02	3.516988982189251517e-02	2.623247576214132737e-02	8.269193719185026839e-03	1.313988086225739531e-02
2.031863489735219162e+02	5.220862037115207022e-01	3.178074034663103675e-01	6.977902576803927948e-02	3.724816452076706863e-02	2.712782609893375080e-02	8.581647989857936476e-03	1.399993985805276370e-02
2.128618894008324673e+02	5.176193531788750857e-01	3.150983646150499751e-01	7.285677125143386057e-02	3.930324298249935483e-02	2.800030121087027785e-02	8.890970076057717192e-03	1.486120809869557677e-02
2.225374298281430470e+02	5.132128349546233315e-01	3.124118190182348376e-01	7.589895344857774950e-02	4.133459665808861261e-02	2.885184655198570758e-02	9.197222613906427119e-03	1.572293816806518557e-02
2.322129702554535982e+02	5.088629254514180911e-01	3.097503778653769024e-01	7.890600355161433987e-02	4.334183278932165345e-02	2.968414768175785950e-02	9.500463600554096694e-03	1.658446047343886329e-02
2.418885106827641494e+02	5.045669457843913186e-01	3.071156634402815722e-01	8.187833536255011146e-02	4.532467573922128318e-02	3.049866937678562609e-02	9.800747377483588069e-03	1.744517433276825819e-02
2.515640511100747290e+02	5.003229175685531827e-01	3.045086396976284804e-01	8.481635022877846708e-02	4.728295042064079717e-02	3.129668803686561085e-02	1.009812532041325789e-02	1.830454014060179518e-02
2.612395915373852517e+02	4.961293329328896329e-01	3.019298329271281611e-01	8.772044026854257381e-02	4.921656769652039271e-02	3.207931876772850827e-02	1.039264633026405760e-02	1.916207249040817115e-02
2.709151319646958882e+02	4.919850008272123598e-01	2.993794790239225345e-01	9.059099046594065729e-02	5.112551158986061023e-02	3.284753817734840237e-02	1.068435718862713150e-02	2.001733414056975843e-02
2.805906723920064678e+02	4.878889442919774888e-01	2.968576217532780115e-01	9.342838002098331762e-02	5.300982812824258511e-02	3.360220367677281550e-02	1.097330282039929439e-02	2.086993072182787359e-02
2.902662128193169337e+02	4.838403317727899555e-01	2.943641782961311515e-01	9.623298321079662432e-02	5.486961564794099605e-02	3.434406989889417922e-02	1.125952649234467778e-02	2.171950609458376397e-02
2.999417532466276270e+02	4.798384311792956436e-01	2.918989829514831436e-01	9.900516993181664172e-02	5.670501639064923910e-02	3.507380271854899229e-02	1.154306996701796872e-02	2.256573827466963958e-02
3.096172936739380930e+02	4.758825791404092120e-01	2.894618162582459631e-01	1.017453060353802480e-01	5.851620923793513646e-02	3.579199126056015201e-02	1.182397362522950510e-02	2.340833585572104844e-02
3.192928341012487294e+02	4.719721604139699989e-01	2.870524243860091973e-01	1.044537535308914383e-01	6.030340344248766304e-02	3.649915820911971837e-02	1.210227656602964538e-02	2.424703486497350666e-02
3.289683745285592522e+02	4.681065940828119665e-01	2.846705320326668454e-01	1.071308707053339748e-01	6.206683322959642701e-02	3.719576867557786160e-02	1.237801669036129107e-02	2.508159599713279814e-02
3.386439149558698318e+02	4.642853242872693187e-01	2.823158509906597557e-01	1.097770121910357360e-01	6.380675315629831534e-02	3.788223783765078123e-02	1.265123077262135694e-02	2.591180217794588139e-02
3.483194553831804114e+02	4.605078139909259405e-01	2.799880858249430560e-01	1.123925290024154339e-01	6.552343412876600326e-02	3.855893752807441205e-02	1.292195452308133111e-02	2.673745641527487671e-02
3.579949958104909342e+02	4.567735407752380739e-01	2.776869376259085143e-01	1.149777685550584932e-01	6.721715999057273350e-02	3.922620192254940019e-02	1.319022264324071388e-02	2.755837990091314360e-02
3.676705362378016275e+02	4.530819939918684369e-01	2.754121064800724161e-01	1.175330746756033662e-01	6.888822460536279946e-02	3.988433245383458253e-02	1.345606887558955210e-02	2.837441033114981512e-02
3.773460766651120935e+02	4.494326728241622715e-01	2.731632930874071663e-01	1.200587876077299498e-01	7.053692936719095641e-02	4.053360205988756904e-02	1.371952604884632554e-02	2.918540041825672116e-02
3.870216170924226162e+02	4.458250849578957453e-01	2.709401998113729615e-01	1.225552440174606933e-01	7.216358108042081332e-02	4.117425885816896475e-02	1.398062611945426019e-02	2.999121656870758559e-02
3.966971575197332527e+02	4.422587456607846024e-01	2.687425313523699177e-01	1.250227769996399840e-01	7.376849015867256720e-02	4.180652932498664376e-02	1.423940020992188124e-02	3.079173770710542934e-02
4.063726979470438323e+02	4.387331771366252964e-01	2.665699951717021010e-01	1.274617160865960663e-01	7.535196909897740047e-02	4.243062104757730491e-02	1.449587864445468777e-02	3.158685422754822086e-02
4.160482383743544119e+02	4.352479080643056886e-01	2.644223017506868723e-01	1.298723872594476636e-01	7.691433119312415800e-02	4.304672510713489220e-02	1.475009098222582714e-02	3.237646705655589791e-02
4.257237788016648778e+02	4.318024732615796113e-01	2.622991647412196703e-01	1.322551129621840904e-01	7.845588944326618852e-02	4.365501814290916743e-02	1.500206604856213315e-02	3.316048681376011081e-02
4.353993192289755143e+02	4.283964134333218543e-01	2.602003010452150766e-01	1.346102121184485356e-01	7.997695565328075129e-02	4.425566414058351716e-02	1.525183196426932973e-02	3.393883305836183778e-02
4.450748596562860939e+02	4.250292749772431322e-01	2.581254308477562986e-01	1.369380001508434530e-01	8.147783967121695337e-02	4.484881598221305415e-02	1.549941617328095926e-02	3.471143361092712820e-02
4.547504000835967304e+02	4.217006098289117766e-01	2.560742776203960291e-01	1.392387890025207076e-01	8.295884876150622089e-02	4.543461678991148750e-02	1.574484546878578139e-02	3.547822394144894975e-02
4.644259405109071963e+02	4.184099753338700878e-01	2.540465681054703828e-01	1.415128871607978511e-01	8.442028708850375651e-02	4.601320109109296314e-02	1.598814601796519005e-02	3.623914661578062774e-02
4.741014809382177759e+02	4.151569341386083245e-01	2.520420322885725817e-01	1.437605996825410681e-01	8.586245529543763688e-02	4.658469582929930519e-02	1.622934338545403699e-02	3.699415079356785374e-02
4.837770213655284124e+02	4.119410540948270083e-01	2.500604033638685331e-01	1.459822282210668509e-01	8.728565016501584062e-02	4.714922124138701265e-02	1.646846255562354339e-02	3.774319177169198347e-02
4.934525617928388783e+02	4.087619081732076221e-01	2.481014176953017236e-01	1.481780710543323942e-01	8.869016434982233965e-02	4.770689161903789166e-02	1.670552795377298547e-02	3.848623056800579839e-02
5.031281022201495148e+02	4.056190743841143753e-01	2.461648147756522464e-01	1.503484231142057370e-01	9.007628616226194540e-02	4.825781597012991642e-02	1.694056346630708546e-02	3.922323354080944208e-02
5.128036426474600376e+02	4.025121357034595060e-01	2.442503371847022653e-01	1.524935760166280518e-01	9.144429941522258520e-02	4.880209859340817191e-02	1.717359245996756198e-02	3.995417204009262674e-02
5.224791830747705035e+02	3.994406800025113169e-01	2.423577305472917054e-01	1.546138180925015759e-01	9.279448330584183502e-02	4.933983957808299459e-02	1.740463780018037393e-02	4.067902208707092210e-02
5.321547235020811968e+02	3.964042999807941836e-01	2.404867434917409286e-01	1.567094344191571342e-01	9.412711233581873282e-02	4.987113523841561757e-02	1.763372186857414120e-02	4.139776407897990951e-02
5.418302639293917764e+02	3.934025931014805133e-01	2.386371276089196414e-01	1.587807068522722742e-01	9.544245626262287674e-02	5.039607849199640582e-02	1.786086657971996949e-02	4.211038251646885555e-02
5.515058043567023560e+02	3.904351615288471633e-01	2.368086374121127213e-01	1.608279140581288236e-01	9.674078007674000168e-02	5.091475918924892596e-02	1.808609339713845160e-02	4.281686575126443517e-02
5.611813447840129356e+02	3.875016120674857345e-01	2.350010302977532661e-01	1.628513315461123379e-01	9.802234400077411425e-02	5.142726440067921234e-02	1.830942334861561036e-02	4.351720575206025066e-02
5.708568852113234016e+02	3.846015561030383112e-01	2.332140665070434049e-01	1.648512317013696993e-01	9.928740350681408700e-02	5.193367866751282674e-02	1.853087704086607557e-02	4.421139788683615957e-02
5.805324256386339812e+02	3.817346095442868403e-01	2.314475090884518804e-01	1.668278838175522305e-01	1.005362093489805125e-01	5.243408422060311797e-02	1.875047467357874101e-02	4.489944072002718944e-02
5.902079660659445608e+02	3.789003927664641447e-01	2.297011238610622286e-01	1.687815541295819843e-01	1.017690076085071560e-01	5.292856117183814685e-02	1.896823605287737205e-02	4.558133582314947974e-02
5.998835064932552541e+02	3.760985305556836522e-01	2.279746793787338355e-01	1.707125058463873912e-01	1.029860397490899443e-01	5.341718768170523185e-02	1.918418060422623708e-02	4.625708759765419925e-02
6.095590469205657200e+02	3.733286520544057407e-01	2.262679468950364314e-01	1.726209991835623847e-01	1.041875426805637106e-01	5.390004010618076880e-02	1.939832738480864321e-02	4.692670310892277374e-02
6.192345873478761860e+02	3.705903907078723636e-01	2.245807003289169157e-01	1.745072913959102301e-01	1.053737488292481594e-01	5.437719312568758262e-02	1.961069509540430689e-02	4.759019193044081164e-02
6.289101277751868793e+02	3.678833842114558883e-01	2.229127162310581278e-01	1.763716368098377507e-01	1.065448862135483510e-01	5.484871985849401610e-02	1.982130209178979696e-02	4.824756599729639051e-02
6.385856682024975726e+02	3.652072744588735209e-01	2.212637737508922342e-01	1.782142868555723347e-01	1.077011785236045432e-01	5.531469196061023635e-02	2.003016639568453230e-02	4.889883946824289535e-02
6.482612086298080385e+02	3.625617074912277360e-01	2.196336546042337301e-01	1.800354900991771867e-01	1.088428452039668926e-01	5.577517971396189767e-02	2.023730570526363973e-02	4.954402859564916578e-02
6.579367490571185044e+02	3.599463334468374631e-01	2.180221430414996664e-01	1.818354922743450064e-01	1.099701015384262071e-01	5.623025210438235832e-02	2.044273740525743080e-02	5.018315160273203318e-02
6.676122894844290840e+02	3.573608065118292210e-01	2.164290258164879854e-01	1.836145363139525255e-01	1.110831587362663131e-01	5.667997689075846002e-02	2.064647857665619785e-02	5.081622856752941036e-02
6.772878299117396637e+02	3.548047848714602215e-01	2.148540921556876815e-01	1.853728623813622745e-01	1.121822240193183495e-01	5.712442066648591721e-02	2.084854600603794003e-02	5.144328131312767005e-02
6.869633703390502433e+02	3.522779306621500739e-01	2.132971337280958890e-01	1.871107079014596164e-01	1.132675007092971420e-01	5.756364891423587649e-02	2.104895619453559658e-02	5.206433330370580786e-02
6.966389107663608229e+02	3.497799099241979959e-01	2.117579446155210265e-01	1.888283075914153342e-01	1.143391883149845883e-01	5.799772605490022964e-02	2.124772536645944468e-02	5.267940954600131703e-02
7.063144511936714025e+02	3.473103925551658810e-01	2.102363212833519290e-01	1.905258934911661373e-01	1.153974826188983727e-01	5.842671549146737781e-02	2.144486947758957041e-02	5.328853649584069929e-02
7.159899916209819821e+02	3.448690522639081824e-01	2.087320625517751771e-01	1.922036949936068162e-01	1.164425757631468855e-01	5.885067964847986305e-02	2.164040422315238396e-02	5.389174196941058648e-02
7.256655320482924481e+02	3.424555665252332903e-01	2.072449695674243864e-01	1.938619388744890482e-01	1.174746563342254357e-01	5.926968000763843669e-02	2.183434504549459226e-02	5.448905505897461143e-02
7.353410724756030277e+02	3.400696165351785871e-01	2.057748457754470794e-01	1.955008493220234400e-01	1.184939094465541493e-01	5.968377714004195062e-02	2.202670714146726452e-02	5.508050605276731959e-02
7.450166129029136073e+02	3.377108871668864087e-01	2.043214968919753738e-01	1.971206479661814504e-01	1.195005168245979604e-01	6.009303073548735719e-02	2.221750546953204716e-02	5.566612635881917209e-02
7.546921533302243006e+02	3.353790669270666491e-01	2.028847308769883839e-01	1.987215539076962190e-01	1.204946568834423526e-01	6.049749962919793306e-02	2.240675475660101890e-02	5.624594843248716808e-02
7.643676937575347665e+02	3.330738479130333496e-01	2.014643579075554303e-01	2.003037837467603333e-01	1.214765048077269816e-01	6.089724182629870780e-02	2.259446950462107306e-02	5.682000570748381441e-02
7.740432341848452324e+02	3.307949257703036161e-01	2.000601903514489521e-01	2.018675516114206148e-01	1.224462326288637548e-01	6.129231452431627841e-02	2.278066399691326335e-02	5.738833253021315833e-02
7.837187746121558121e+02	3.285419996507473739e-01	1.986720427411183543e-01	2.034130691856697037e-01	1.234040093004866445e-01	6.168277413394324810e-02	2.296535230427707713e-02	5.795096409723726749e-02
7.933943150394665054e+02	3.263147721712771343e-01	1.972997317480154611e-01	2.049405457372349970e-01	1.243500007720975131e-01	6.206867629827604593e-02	2.314854829086907331e-02	5.850793639570943394e-02
8.030698554667769713e+02	3.241129493730685041e-01	1.959430761572635016e-01	2.064501881450660492e-01	1.252843700608873567e-01	6.245007591070747544e-02	2.333026561986498854e-02	5.905928614662183523e-02
8.127453958940876646e+02	3.219362406813005006e-01	1.946018968426618811e-01	2.079422009265211868e-01	1.262072773217245980e-01	6.282702713163136610e-02	2.351051775891396106e-02	5.960505075072620312e-02
8.224209363213982442e+02	3.197843588654077362e-01	1.932760167420193298e-01	2.094167862642556666e-01	1.271188799153120108e-01	6.319958340409642661e-02	2.368931798539319206e-02	6.014526823699518909e-02
8.320964767487085965e+02	3.176570199998350330e-01	1.919652608328091814e-01	2.108741440328122940e-01	1.280193324745228789e-01	6.356779746852829482e-02	2.386667939147093381e-02	6.067997721350087276e-02
8.417720171760191761e+02	3.155539434252854769e-01	1.906694561081395678e-01	2.123144718249170004e-01	1.289087869689339583e-01	6.393172137662350707e-02	2.404261488898539606e-02	6.120921682059452668e-02
8.514475576033297557e+02	3.134748517104550269e-01	1.893884315530331708e-01	2.137379649774815427e-01	1.297873927675782801e-01	6.429140650450557160e-02	2.421713721414690129e-02	6.173302668627893286e-02
8.611230980306403353e+02	3.114194706142446312e-01	1.881220181210103704e-01	2.151448165973152971e-01	1.306552966999461329e-01	6.464690356522193038e-02	2.439025893207017945e-02	6.225144688367085372e-02
8.707986384579510286e+02	3.093875290484431329e-01	1.868700487109704045e-01	2.165352175865488948e-01	1.315126431152656983e-01	6.499826262065031002e-02	2.456199244114352573e-02	6.276451789045733864e-02
8.804741788852616082e+02	3.073787590408729731e-01	1.856323581443653226e-01	2.179093566677719751e-01	1.323595739400986737e-01	6.534553309287438605e-02	2.473234997724119838e-02	6.327228055025480025e-02
8.901497193125721878e+02	3.053928956989916954e-01	1.844087831426614865e-01	2.192674204088878587e-01	1.331962287342870199e-01	6.568876377508103825e-02	2.490134361778519045e-02	6.377477603578499132e-02
8.998252597398827675e+02	3.034296771739429799e-01	1.831991623050840956e-01	2.206095932476875576e-01	1.340227447452909670e-01	6.602800284202497982e-02	2.506898528566227358e-02	6.427204581378637149e-02
9.095008001671932334e+02	3.014888446250494347e-01	1.820033360866400995e-01	2.219360575161460070e-01	1.348392569609571379e-01	6.636329786010083942e-02	2.523528675300194118e-02	6.476413161158382781e-02
9.191763405945038130e+02	2.995701421847412615e-01	1.808211467764143932e-01	2.232469934644432663e-01	1.356458981607584213e-01	6.669469579705773754e-02	2.540025964482067397e-02	6.525107538524349549e-02
9.288518810218145063e+02	2.976733169239144661e-01	1.796524384761360726e-01	2.245425792847134117e-01	1.364427989655469797e-01	6.702224303138724915e-02	2.556391544253770048e-02	6.573291928924329675e-02
9.385274214491247449e+02	2.957981188177123411e-01	1.784970570790094246e-01	2.258229911345237539e-01	1.372300878858616346e-01	6.734598536141178649e-02	2.572626548736730093e-02	6.620970564759298682e-02
9.482029618764355519e+02	2.939443007117233941e-01	1.773548502488061784e-01	2.270884031600874930e-01	1.380078913688315423e-01	6.766596801409731354e-02	2.588732098359235179e-02	6.668147692634093793e-02
9.578785023037459041e+02	2.921116182885912793e-01	1.762256673992153577e-01	2.283389875192125551e-01	1.387763338437172922e-01	6.798223565361138920e-02	2.604709300172377770e-02	6.714827570740755647e-02
9.675540427310568248e+02	2.902998300350294048e-01	1.751093596734461522e-01	2.295749144039891387e-01	1.395355377661304241e-01	6.829483238964517700e-02	2.620559248155028206e-02	6.761014466368860110e-02
9.772295831583674044e+02	2.885086972092359980e-01	1.740057799240806446e-01	2.307963520632191623e-01	1.402856236609715257e-01	6.860380178551575558e-02	2.636283023508262380e-02	6.806712653537352886e-02
9.869051235856777566e+02	2.867379838087021904e-01	1.729147826931725362e-01	2.320034668245902765e-01	1.410267101641270171e-01	6.890918686606353760e-02	2.651881694939646483e-02	6.851926410742724405e-02
9.965806640129884499e+02	2.849874565384102887e-01	1.718362241925883160e-01	2.331964231165969959e-01	1.417589140629629541e-01	6.921103012535760601e-02	2.667356318937773307e-02	6.896660018818533133e-02
