1.548086468369690749e+02	5.753301383478350850e-01	3.088621178415725255e-01	5.098607951210998301e-02	2.688690965353296783e-02	1.973381694925058563e-02	8.401556808822896807e-03	9.327676534612371756e-03
1.596464170506243647e+02	5.700087407056951827e-01	3.100719236475564800e-01	5.276613329875164821e-02	2.794001714899682631e-02	2.060674463408653651e-02	8.483708187673503001e-03	9.651028024976263109e-03
1.644841872642796261e+02	5.649183832582076459e-01	3.110960378725358133e-01	5.452706016684377016e-02	2.899368407560433403e-02	2.143485899225616720e-02	8.568639695591911618e-03	9.989631586696729945e-03
1.693219574779349159e+02	5.600434397503502026e-01	3.119482416706678696e-01	5.626960496029212444e-02	3.004709913276576785e-02	2.222180122876469058e-02	8.656130430331431674e-03	1.034197847456424200e-02
1.741597276915902057e+02	5.553693936452781532e-01	3.126413316550075705e-01	5.799446295373954924e-02	3.109953181074218836e-02	2.297090911257986326e-02	8.745977745268314341e-03	1.070668872512069852e-02
1.789974979052454671e+02	5.508827589419241777e-01	3.131871900657022811e-01	5.970228336780340761e-02	3.215032519351998519e-02	2.368524202258215361e-02	8.837995706068316193e-03	1.108250035013611488e-02
1.838352681189008138e+02	5.465710066490033769e-01	3.135968499351004524e-01	6.139367263352737969e-02	3.319888938142104978e-02	2.436760394554523743e-02	8.932013676675270436e-03	1.146825942646377550e-02
1.886730383325560467e+02	5.424224965109947227e-01	3.138805556067562064e-01	6.306919742396134565e-02	3.424469548112973188e-02	2.502056459231981680e-02	9.027875023911920496e-03	1.186291100866287800e-02
1.935108085462113081e+02	5.384264136106103882e-01	3.140478189398221431e-01	6.472938746950265831e-02	3.528727011517184681e-02	2.564647878499610317e-02	9.125435930861349257e-03	1.226549079677211398e-02
1.983485787598666263e+02	5.345727094991380435e-01	3.141074715066510814e-01	6.637473817244260443e-02	3.632619040687658923e-02	2.624750425549685073e-02	9.224564310004028725e-03	1.267511749712747771e-02
2.031863489735219162e+02	5.308520475309831399e-01	3.140677130694498609e-01	6.800571303505825727e-02	3.736107940051902609e-02	2.682561798471835152e-02	9.325138807826548887e-03	1.309098581918148076e-02
2.080241191871772060e+02	5.272557521019008986e-01	3.139361566014207128e-01	6.962274591456441009e-02	3.839160187970498683e-02	2.738263120091173966e-02	9.427047893298835107e-03	1.351236005593495736e-02
2.128618894008324673e+02	5.237757615119043031e-01	3.137198700988754196e-01	7.122624311728907587e-02	3.941746055014713063e-02	2.792020314640916018e-02	9.530189023241871643e-03	1.393856819986971120e-02
2.176996596144877287e+02	5.204045841937947614e-01	3.134254154132125048e-01	7.281658534355217594e-02	4.043839255581266334e-02	2.843985371298163312e-02	9.634467878182279357e-03	1.436899655020063352e-02
2.225374298281430470e+02	5.171352580667978316e-01	3.130588843153097045e-01	7.439412949390643293e-02	4.145416630002121683e-02	2.894297503800628835e-02	9.739797662817489821e-03	1.480308477087770996e-02
2.273752000417983652e+02	5.139613127919829827e-01	3.126259319897108369e-01	7.595921034663848104e-02	4.246457854545426097e-02	2.943084214616334404e-02	9.846098465699676047e-03	1.524032136208704202e-02
2.322129702554535982e+02	5.108767347221263577e-01	3.121318081419005575e-01	7.751214211571988422e-02	4.346945176922318438e-02	2.990462271452589207e-02	9.953296673191398825e-03	1.568023951104930910e-02
2.370507404691088880e+02	5.078759343534978710e-01	3.115813858888788479e-01	7.905321989774233282e-02	4.446863175114770805e-02	3.036538603259966024e-02	1.006132443315439773e-02	1.612241329071582505e-02
2.418885106827641494e+02	5.049537161008261776e-01	3.109791885910988540e-01	8.058272101576058333e-02	4.546198537523472166e-02	3.081411122307195841e-02	1.017011916420804303e-02	1.656645417753628904e-02
2.467262808964194392e+02	5.021052502294749420e-01	3.103294147725544905e-01	8.210090626740108866e-02	4.644939862603312403e-02	3.125169478369767967e-02	1.027962310673825180e-02	1.701200786183703142e-02
2.515640511100747290e+02	4.993260467907296718e-01	3.096359612653286075e-01	8.360802108406868716e-02	4.743077476308626278e-02	3.167895750584873160e-02	1.038978291215393243e-02	1.745875132652084313e-02
2.564018213237300188e+02	4.966119314171142940e-01	3.089024447051869626e-01	8.510429660759551151e-02	4.840603265812024741e-02	3.209665082074653064e-02	1.050054926717815598e-02	1.790639017179499956e-02
2.612395915373852517e+02	4.939590228448850762e-01	3.081322214957737948e-01	8.658995069022308588e-02	4.937510528090584966e-02	3.250546262025421490e-02	1.061187655022778793e-02	1.835465616546685594e-02
2.660773617510405415e+02	4.913637120403460123e-01	3.073284063505742347e-01	8.806518882338812415e-02	5.033793832092225279e-02	3.290602259529627760e-02	1.072372251717981437e-02	1.880330500003002392e-02
2.709151319646958882e+02	4.888226428154477388e-01	3.064938895140255082e-01	8.953020500039156337e-02	5.129448893304267010e-02	3.329890713147191927e-02	1.083604801404713588e-02	1.925211423931025290e-02
2.757529021783511780e+02	4.863326938263206611e-01	3.056313527559240684e-01	9.098518251766773979e-02	5.224472459646192085e-02	3.368464379820967913e-02	1.094881671429256097e-02	1.970088143886018772e-02
2.805906723920064678e+02	4.838909618559905645e-01	3.047432842265617170e-01	9.243029471903393968e-02	5.318862207700298522e-02	3.406371546485253976e-02	1.106199487869890218e-02	2.014942242559617305e-02
2.854284426056617008e+02	4.814947462895859953e-01	3.038319922537870421e-01	9.386570568698733574e-02	5.412616648377926998e-02	3.443656407434299987e-02	1.117555113588649882e-02	2.059756972336776459e-02
2.902662128193169337e+02	4.791415346968964650e-01	3.028996181573973545e-01	9.529157088482666238e-02	5.505735041195927021e-02	3.480359410267824111e-02	1.128945628172876164e-02	2.104517111225016196e-02
2.951039830329722804e+02	4.768289894432262699e-01	3.019481481508900500e-01	9.670803775310563011e-02	5.598217316408490157e-02	3.516517573000835922e-02	1.140368309606241970e-02	2.149208831035930717e-02
2.999417532466276270e+02	4.745549352551357014e-01	3.009794243956064874e-01	9.811524626367507107e-02	5.690064004304103140e-02	3.552164774713923584e-02	1.151820617522314114e-02	2.193819576791633530e-02
3.047795234602828600e+02	4.723173476729077835e-01	2.999951552676652367e-01	9.951332943433825740e-02	5.781276171036497935e-02	3.587332021926153275e-02	1.163300177906020395e-02	2.238337956413898738e-02
3.096172936739380930e+02	4.701143423264479981e-01	2.989969248937749402e-01	1.009024138069279375e-01	5.871855360412658181e-02	3.622047692694422422e-02	1.174804769119665651e-02	2.282753639831872766e-02
3.144550638875934396e+02	4.679441649758443456e-01	2.979862020080171203e-01	1.022826198914131152e-01	5.961803541110552440e-02	3.656337760279272653e-02	1.186332309140487873e-02	2.327057266715941083e-02
3.192928341012487294e+02	4.658051822620158933e-01	2.969643481779767891e-01	1.036540625784575509e-01	6.051123058844679742e-02	3.690225998066631180e-02	1.197880843906234255e-02	2.371240362111148511e-02
3.241306043149040192e+02	4.636958731167741266e-01	2.959326254451477567e-01	1.050168515226791582e-01	6.139816593039090775e-02	3.723734167296607889e-02	1.209448536673941345e-02	2.415295259303979619e-02
3.289683745285592522e+02	4.616148207852411867e-01	2.948922034213388721e-01	1.063710914986986666e-01	6.227887117605628020e-02	3.756882189023399987e-02	1.221033658305080080e-02	2.459215029311741588e-02
3.338061447422145420e+02	4.595607054169303374e-01	2.938441658798318090e-01	1.077168827319174016e-01	6.315337865459948186e-02	3.789688301613600846e-02	1.232634578397548593e-02	2.502993416434675517e-02
3.386439149558698318e+02	4.575322971849136167e-01	2.927895168772783885e-01	1.090543212058252415e-01	6.402172296439782861e-02	3.822169204982926033e-02	1.244249757191704352e-02	2.546624779357596624e-02
3.434816851695251216e+02	4.555284498953996453e-01	2.917291864397623113e-01	1.103834989475111911e-01	6.488394068319074115e-02	3.854340192672856685e-02	1.255877738183774905e-02	2.590104037330706599e-02
3.483194553831804114e+02	4.535480950527348010e-01	2.906640358440659155e-01	1.117045042929304122e-01	6.574007010638291404e-02	3.886215272778168611e-02	1.267517141385629369e-02	2.633426620998521178e-02
3.531572255968357013e+02	4.515902363473381365e-01	2.895948625229710083e-01	1.130174221333696827e-01	6.659015101095691613e-02	3.917807278653191033e-02	1.279166657175060187e-02	2.676588427481903579e-02
3.579949958104909342e+02	4.496539445364016729e-01	2.885224046213687443e-01	1.143223341444512681e-01	6.743422444266557181e-02	3.949127970248261787e-02	1.290825040685462596e-02	2.719585779351287383e-02
3.628327660241463377e+02	4.477383526893399801e-01	2.874473452280453811e-01	1.156193189989190434e-01	6.827233252437954480e-02	3.980188126857729658e-02	1.302491106688137903e-02	2.762415387159488506e-02
3.676705362378016275e+02	4.458426517719734083e-01	2.863703163062380486e-01	1.169084525643624833e-01	6.910451828365142546e-02	4.010997631996433138e-02	1.314163724924429302e-02	2.805074315230355469e-02
3.725083064514568036e+02	4.439660865452868532e-01	2.852919023444105417e-01	1.181898080869510925e-01	6.993082549772915157e-02	4.041565551062447498e-02	1.325841815848541848e-02	2.847559950425012157e-02
3.773460766651120935e+02	4.421079517563289429e-01	2.842126437471690914e-01	1.194634563621759238e-01	7.075129855440705218e-02	4.071900202389566042e-02	1.337524346745237042e-02	2.889869973630858693e-02
3.821838468787673833e+02	4.402675886004198680e-01	2.831330399848209223e-01	1.207294658935234855e-01	7.156598232724588338e-02	4.102009222243131054e-02	1.349210328189655479e-02	2.932002333739958805e-02
3.870216170924226162e+02	4.384443814353203295e-01	2.820535525187581327e-01	1.219879030399414060e-01	7.237492206382338533e-02	4.131899624267010990e-02	1.360898810819319120e-02	2.973955223903114106e-02
3.918593873060780197e+02	4.366377547293968098e-01	2.809746075186267400e-01	1.232388321528939679e-01	7.317816328579600238e-02	4.161577853847517328e-02	1.372588882390933344e-02	3.015727059863971063e-02
3.966971575197332527e+02	4.348471702270998440e-01	2.798965983861037010e-01	1.244823157037486527e-01	7.397575169966134900e-02	4.191049837821421431e-02	1.384279665096962118e-02	3.057316460194041408e-02
4.015349277333884856e+02	4.330721243162607426e-01	2.788198880990486184e-01	1.257184144021820660e-01	7.476773311721016113e-02	4.220321029919844869e-02	1.395970313119096473e-02	3.098722228264684520e-02
4.063726979470438323e+02	4.313121455828207718e-01	2.777448113888158487e-01	1.269471873062446299e-01	7.555415338474737175e-02	4.249396452307233063e-02	1.407660010397709938e-02	3.139943335805982227e-02
4.112104681606991221e+02	4.295667925396305376e-01	2.766716767626030138e-01	1.281686919246774747e-01	7.633505832024481408e-02	4.278280733544811976e-02	1.419347968598201094e-02	3.180978907915186366e-02
4.160482383743544119e+02	4.278356515169118302e-01	2.756007683818656462e-01	1.293829843120333223e-01	7.711049365766353691e-02	4.306978143280504323e-02	1.431033425256768819e-02	3.221828209389079878e-02
4.208860085880095880e+02	4.261183347028588697e-01	2.745323478070418877e-01	1.305901191571129938e-01	7.788050499775292512e-02	4.335492623942154705e-02	1.442715642089682608e-02	3.262490632265285101e-02
4.257237788016648778e+02	4.244144783236789009e-01	2.734666556181021835e-01	1.317901498651934677e-01	7.864513776469655992e-02	4.363827819687830789e-02	1.454393903451488973e-02	3.302965684467358554e-02
4.305615490153201677e+02	4.227237409531333645e-01	2.724039129197612930e-01	1.329831286344890784e-01	7.940443716803258223e-02	4.391987102845812396e-02	1.466067514928864716e-02	3.343252979457479040e-02
4.353993192289755143e+02	4.210458019423516940e-01	2.713443227395602730e-01	1.341691065272558880e-01	8.015844816932826689e-02	4.419973598057431313e-02	1.477735802057981475e-02	3.383352226808757773e-02
4.402370894426308041e+02	4.193803599613469268e-01	2.702880713264420032e-01	1.353481335359206505e-01	8.090721545313653285e-02	4.447790204318129853e-02	1.489398109154307058e-02	3.423263223616735546e-02
4.450748596562860939e+02	4.177271316442733862e-01	2.692353293569011430e-01	1.365202586445875554e-01	8.165078340180584315e-02	4.475439615095732487e-02	1.501053798244737260e-02	3.462985846676523011e-02
4.499126298699413837e+02	4.160858503310351231e-01	2.681862530552850399e-01	1.376855298862521559e-01	8.238919607375422283e-02	4.502924336689941021e-02	1.512702248092837910e-02	3.502520045358359368e-02
4.547504000835967304e+02	4.144562648983802222e-01	2.671409852343536451e-01	1.388439943960270428e-01	8.312249718485476002e-02	4.530246704983303258e-02	1.524342853308786883e-02	3.541865835120136530e-02
4.595881702972519065e+02	4.128381386741058479e-01	2.660996562617728434e-01	1.399956984606629262e-01	8.385073009261247157e-02	4.557408900721286044e-02	1.535975023536344415e-02	3.581023291600752417e-02
4.644259405109071963e+02	4.112312484284530445e-01	2.650623849578098712e-01	1.411406875646287196e-01	8.457393778284287567e-02	4.584412963447511563e-02	1.547598182709859251e-02	3.619992545242976811e-02
4.692637107245624861e+02	4.096353834371930791e-01	2.640292794291260181e-01	1.422790064329946258e-01	8.529216285858941260e-02	4.611260804209598579e-02	1.559211768374936351e-02	3.658773776398958899e-02
4.741014809382177759e+02	4.080503446112988541e-01	2.630004378432128087e-01	1.434106990713455154e-01	8.600544753104227835e-02	4.637954217141342095e-02	1.570815231066953824e-02	3.697367210875574656e-02
4.789392511518730657e+02	4.064759436884582966e-01	2.619759491476937874e-01	1.445358088029360111e-01	8.671383361224350994e-02	4.664494890018004020e-02	1.582408033742139369e-02	3.735773115880512696e-02
4.837770213655284124e+02	4.049120024820258568e-01	2.609558937384148791e-01	1.456543783032823169e-01	8.741736250938381136e-02	4.690884413873351588e-02	1.593989651256379203e-02	3.773991796333397292e-02
4.886147915791837022e+02	4.033583521833216667e-01	2.599403440799650244e-01	1.467664496323733692e-01	8.811607522051537189e-02	4.717124291759547394e-02	1.605559569887375637e-02	3.812023591509363513e-02
4.934525617928388783e+02	4.018148327134782871e-01	2.589293652820118252e-01	1.478720642646700334e-01	8.881001233152191476e-02	4.743215946724141374e-02	1.617117286896148365e-02	3.849868871985337448e-02
4.982903320064942250e+02	4.002812921213085851e-01	2.579230156345949654e-01	1.489712631170496682e-01	8.949921401420282696e-02	4.769160729072113164e-02	1.628662310124244506e-02	3.887528036861878644e-02
5.031281022201495148e+02	3.987575860239164216e-01	2.569213471052960163e-01	1.500640865748412434e-01	9.018372002534189025e-02	4.794959922975132460e-02	1.640194157623348081e-02	3.925001511235805263e-02
5.079658724338048046e+02	3.972435770870079708e-01	2.559244058009967904e-01	1.511505745160870440e-01	9.086356970664449806e-02	4.820614752484918969e-02	1.651712357314273280e-02	3.962289743901031835e-02
5.128036426474600376e+02	3.957391345420763207e-01	2.549322323967447845e-01	1.522307663341561368e-01	9.153880198543805358e-02	4.846126387002747116e-02	1.663216446672604112e-02	3.999393205256984024e-02
5.176414128611153274e+02	3.942441337378352895e-01	2.539448625340647303e-01	1.533047009588270337e-01	9.220945537604149922e-02	4.871495946252678289e-02	1.674705972438495644e-02	4.036312385405830400e-02
5.224791830747705035e+02	3.927584557234640728e-01	2.529623271908899018e-01	1.543724168759476323e-01	9.287556798171900385e-02	4.896724504802053152e-02	1.686180490348365008e-02	4.073047792421384539e-02
5.273169532884259070e+02	3.912819868613980345e-01	2.519846530251303451e-01	1.554339521457732409e-01	9.353717749714157703e-02	4.921813096169046220e-02	1.697639564886423147e-02	4.109599950774069088e-02
5.321547235020811968e+02	3.898146184675638226e-01	2.510118626937544728e-01	1.564893444200763373e-01	9.419432121128826219e-02	4.946762716553664702e-02	1.709082769054178982e-02	4.145969399897719149e-02
5.369924937157364866e+02	3.883562464771042055e-01	2.500439751491240759e-01	1.575386309581153221e-01	9.484703601072556889e-02	4.971574328225455280e-02	1.720509684156221533e-02	4.182156692885258958e-02
5.418302639293917764e+02	3.869067711337799143e-01	2.490810059142006261e-01	1.585818486415423723e-01	9.549535838321045189e-02	4.996248862598322293e-02	1.731919899600737819e-02	4.218162395301453677e-02
5.466680341430470662e+02	3.854660967013629480e-01	2.481229673381259715e-01	1.596190339883261367e-01	9.613932442156748748e-02	5.020787223020233697e-02	1.743313012713375992e-02	4.253987084101981675e-02
5.515058043567023560e+02	3.840341311954570402e-01	2.471698688335721983e-01	1.606502231657582491e-01	9.677896982779671253e-02	5.045190287303193133e-02	1.754688628563187344e-02	4.289631346649048355e-02
5.563435745703576458e+02	3.826107861342912253e-01	2.462217170971574831e-01	1.616754520026089659e-01	9.741432991737297709e-02	5.069458910016671344e-02	1.766046359799497423e-02	4.325095779814627089e-02
5.611813447840129356e+02	3.811959763071375851e-01	2.452785163141318336e-01	1.626947560004916027e-01	9.804543962370192156e-02	5.093593924565666120e-02	1.777385826498668886e-02	4.360380989163230303e-02
5.660191149976681118e+02	3.797896195590989565e-01	2.443402683484517390e-01	1.637081703444921710e-01	9.867233350270193659e-02	5.117596145072731556e-02	1.788706656019815530e-02	4.395487588206836715e-02
5.708568852113234016e+02	3.783916365911021429e-01	2.434069729192818166e-01	1.647157299131150332e-01	9.929504573748443308e-02	5.141466368081628463e-02	1.800008482868613313e-02	4.430416197725275257e-02
5.756946554249786914e+02	3.770019507740153819e-01	2.424786277648894872e-01	1.657174692875941768e-01	9.991361014310840005e-02	5.165205374098715690e-02	1.811290948568438502e-02	4.465167445145967057e-02
5.805324256386339812e+02	3.756204879758852644e-01	2.415552287948282695e-01	1.667134227606135166e-01	1.005280601713875871e-01	5.188813928986783092e-02	1.822553701538135243e-02	4.499741963977486880e-02
5.853701958522892710e+02	3.742471764013605706e-01	2.406367702312431633e-01	1.677036243444788299e-01	1.011384289157317151e-01	5.212292785224749425e-02	1.833796396975783533e-02	4.534140393291919563e-02
5.902079660659445608e+02	3.728819464424359409e-01	2.397232447400709787e-01	1.686881077787791283e-01	1.017447491160049233e-01	5.235642683045467483e-02	1.845018696747896536e-02	4.568363377251426216e-02
5.950457362795999643e+02	3.715247305397112454e-01	2.388146435528544775e-01	1.696669065375739638e-01	1.023470531633869918e-01	5.258864351462799042e-02	1.856220269283530636e-02	4.602411564674888794e-02
5.998835064932552541e+02	3.701754630534181412e-01	2.379109565798377679e-01	1.706400538361396990e-01	1.029453731052248494e-01	5.281958509198142471e-02	1.867400789472851985e-02	4.636285608640843686e-02
6.047212767069104302e+02	3.688340801435203709e-01	2.370121725149625103e-01	1.716075826373055502e-01	1.035397406498630574e-01	5.304925865515688205e-02	1.878559938569730400e-02	4.669986166123310523e-02
6.095590469205657200e+02	3.675005196582424305e-01	2.361182789333413912e-01	1.725695256574085179e-01	1.041301871714439414e-01	5.327767120974869625e-02	1.889697404097993860e-02	4.703513897657391613e-02
6.143968171342210098e+02	3.661747210304273081e-01	2.352292623817431871e-01	1.735259153718935743e-01	1.047167437146692553e-01	5.350482968107705267e-02	1.900812879760994598e-02	4.736869467031845637e-02
6.192345873478761860e+02	3.648566251811681815e-01	2.343451084625868541e-01	1.744767840205843357e-01	1.052994409995161723e-01	5.373074092028060078e-02	1.911906065354186668e-02	4.770053541006081393e-02
6.240723575615315895e+02	3.635461744301952680e-01	2.334658019119059402e-01	1.754221636126465644e-01	1.058783094259018176e-01	5.395541170979221979e-02	1.922976666680438484e-02	4.803066789049265095e-02
6.289101277751868793e+02	3.622433124125398751e-01	2.325913266717122008e-01	1.763620859312668154e-01	1.064533790782912770e-01	5.417884876825600216e-02	1.934024395467831905e-02	4.835909883099440143e-02
6.337478979888421691e+02	3.609479840010283991e-01	2.317216659571566528e-01	1.772965825380652949e-01	1.070246797302449315e-01	5.440105875493862070e-02	1.945048969289725829e-02	4.868583497340781691e-02
6.385856682024975726e+02	3.596601352341928237e-01	2.308568023188579954e-01	1.782256847772619446e-01	1.075922408489017323e-01	5.462204827368310339e-02	1.956050111486887580e-02	4.901088307997255450e-02
6.434234384161527487e+02	3.583797132492128057e-01	2.299967177007423424e-01	1.791494237796127653e-01	1.081560915993956956e-01	5.484182387644898765e-02	1.967027551091506815e-02	4.933424993141139608e-02
6.482612086298080385e+02	3.571066662195322983e-01	2.291413934937131247e-01	1.800678304661322282e-01	1.087162608492033000e-01	5.506039206647868334e-02	1.977981022752940687e-02	4.965594232515004730e-02
6.530989788434633283e+02	3.558409432968184793e-01	2.282908105854481728e-01	1.809809355516166229e-01	1.092727771724203434e-01	5.527775930112627245e-02	1.988910266665038992e-02	4.997596707365883906e-02
6.579367490571185044e+02	3.545824945569551190e-01	2.274449494065989841e-01	1.818887695479823041e-01	1.098256688539669124e-01	5.549393199438168445e-02	1.999815028494924402e-02	5.029433100290489622e-02
6.627745192707737942e+02	3.533312709497837822e-01	2.266037899736486616e-01	1.827913627674313257e-01	1.103749638937197158e-01	5.570891651912016768e-02	2.010695059313113639e-02	5.061104095090440680e-02
6.676122894844290840e+02	3.520872242523271911e-01	2.257673119286654762e-01	1.836887453254565372e-01	1.109206900105713656e-01	5.592271920910422273e-02	2.021550115524876901e-02	5.092610376636565184e-02
6.724500596980843738e+02	3.508503070252474432e-01	2.249354945761737889e-01	1.845809471436971883e-01	1.114628746464163683e-01	5.613534636076265849e-02	2.032379958802742193e-02	5.123952630741440001e-02
6.772878299117396637e+02	3.496204725723094930e-01	2.241083169173467560e-01	1.854679979526552003e-01	1.120015449700640375e-01	5.634680423476907951e-02	2.043184356020065137e-02	5.155131544039407571e-02
6.821256001253949535e+02	3.483976749026375663e-01	2.232857576817115219e-01	1.863499272942815976e-01	1.125367278810786714e-01	5.655709905744018412e-02	2.053963079185594509e-02	5.186147803873378953e-02
6.869633703390502433e+02	3.471818686955652766e-01	2.224677953565443733e-01	1.872267645244422296e-01	1.130684500135474002e-01	5.676623702197222676e-02	2.064715905378963073e-02	5.217002098187813880e-02
6.918011405527055331e+02	3.459730092678966473e-01	2.216544082141194694e-01	1.880985388152706383e-01	1.135967377397766320e-01	5.697422428953224233e-02	2.075442616687052030e-02	5.247695115427315760e-02
6.966389107663608229e+02	3.447710525434063977e-01	2.208455743369648339e-01	1.889652791574158441e-01	1.141216171739177776e-01	5.718106699021921480e-02	2.086143000141175985e-02	5.278227544440347585e-02
7.014766809800161127e+02	3.435759550244216753e-01	2.200412716412665504e-01	1.898270143621925421e-01	1.146431141755231975e-01	5.738677122390879737e-02	2.096816847655046459e-02	5.308600074387616330e-02
7.063144511936714025e+02	3.423876737653365199e-01	2.192414778985539159e-01	1.906837730636394834e-01	1.151612543530337179e-01	5.759134306099394224e-02	2.107463955963469540e-02	5.338813394654715050e-02
7.111522214073266923e+02	3.412061663479238893e-01	2.184461707557872334e-01	1.915355837204930356e-01	1.156760630671984647e-01	5.779478854303263941e-02	2.118084126561746786e-02	5.368868194768673663e-02
7.159899916209819821e+02	3.400313908583164069e-01	2.176553277539624853e-01	1.923824746180810008e-01	1.161875654344285830e-01	5.799711368331279121e-02	2.128677165645748506e-02	5.398765164318074933e-02
7.208277618346371582e+02	3.388633058655385888e-01	2.168689263453382199e-01	1.932244738701425490e-01	1.166957863300858433e-01	5.819832446734345827e-02	2.139242884052631327e-02	5.428504992876456714e-02
7.256655320482924481e+02	3.377018704014808637e-01	2.160869439093831279e-01	1.940616094205783737e-01	1.172007503917076726e-01	5.839842685328053978e-02	2.149781097202174349e-02	5.458088369928729144e-02
7.305033022619478515e+02	3.365470439422126869e-01	2.153093577675351811e-01	1.948939090451365930e-01	1.177024820221698048e-01	5.859742677229447944e-02	2.160291625038716912e-02	5.487515984800370172e-02
7.353410724756030277e+02	3.353987863905411038e-01	2.145361451968573197e-01	1.957214003530380053e-01	1.182010053927879112e-01	5.879533012888651933e-02	2.170774291973676801e-02	5.516788526589198882e-02
7.401788426892584312e+02	3.342570580597258867e-01	2.137672834426681268e-01	1.965441107885448346e-01	1.186963444463596251e-01	5.899214280115969156e-02	2.181228926828635353e-02	5.545906684099519146e-02
7.450166129029136073e+02	3.331218196582697022e-01	2.130027497302207917e-01	1.973620676324766010e-01	1.191885229001483637e-01	5.918787064104975154e-02	2.191655362778971439e-02	5.574871145778480946e-02
7.498543831165690108e+02	3.319930322757080887e-01	2.122425212754982249e-01	1.981752980036767531e-01	1.196775642488102087e-01	5.938251947452116708e-02	2.202053437298038749e-02	5.603682599654494917e-02
7.546921533302243006e+02	3.308706573693279140e-01	2.114865752951871070e-01	1.989838288604328376e-01	1.201634917672652486e-01	5.957609510173229872e-02	2.212422992101866978e-02	5.632341733277573814e-02
7.595299235438793630e+02	3.297546567517489202e-01	2.107348890158901311e-01	1.997876870018535089e-01	1.206463285135149083e-01	5.976860329717386539e-02	2.222763873094386541e-02	5.660849233661469082e-02
7.643676937575347665e+02	3.286449925793079596e-01	2.099874396826301171e-01	2.005868990692049603e-01	1.211260973314062239e-01	5.996004980978411614e-02	2.233075930313162955e-02	5.689205787227499117e-02
7.692054639711900563e+02	3.275416273411889123e-01	2.092442045666969286e-01	2.013814915472093570e-01	1.216028208533447841e-01	6.015044036304388608e-02	2.243359017875635325e-02	5.717412079749975562e-02
7.740432341848452324e+02	3.264445238492463264e-01	2.085051609728845179e-01	2.021714907653074655e-01	1.220765215029573775e-01	6.033978065505436056e-02	2.253612993925855484e-02	5.745468796303131870e-02
7.788810043985006359e+02	3.253536452284732094e-01	2.077702862461608957e-01	2.029569228988882257e-01	1.225472214977056801e-01	6.052807635860001784e-02	2.263837720581717006e-02	5.773376621209477810e-02
7.837187746121558121e+02	3.242689549080680078e-01	2.070395577778123553e-01	2.037378139704864588e-01	1.230149428514522719e-01	6.071533312119901243e-02	2.274033063882676189e-02	5.801136237989516775e-02
7.885565448258112156e+02	3.231904166130591394e-01	2.063129530110990872e-01	2.045141898509515443e-01	1.234797073769801357e-01	6.090155656514301824e-02	2.284198893737955302e-02	5.828748329312755799e-02
7.933943150394665054e+02	3.221179943564475012e-01	2.055904494464575738e-01	2.052860762605880907e-01	1.239415366884668579e-01	6.108675228752823844e-02	2.294335083875228068e-02	5.856213576949952093e-02
7.982320852531219089e+02	3.210516524318302034e-01	2.048720246462818473e-01	2.060534987702707377e-01	1.244004522039146993e-01	6.127092586027919202e-02	2.304441511789782210e-02	5.883532661726555146e-02
8.030698554667769713e+02	3.199913554064728327e-01	2.041576562393141447e-01	2.068164828025342294e-01	1.248564751475376988e-01	6.145408283016671330e-02	2.314518058694157998e-02	5.910706263477284034e-02
8.079076256804323748e+02	3.189370681147979392e-01	2.034473219246728803e-01	2.075750536326406437e-01	1.253096265521067010e-01	6.163622871882123988e-02	2.324564609468260032e-02	5.937735061001813558e-02
8.127453958940876646e+02	3.178887556522608238e-01	2.027409994755436928e-01	2.083292363896245836e-01	1.257599272612538177e-01	6.181736902274267975e-02	2.334581052609937396e-02	5.964619732021524123e-02
8.175831661077428407e+02	3.168463833695862597e-01	2.020386667425583538e-01	2.090790560573180246e-01	1.262073979317367700e-01	6.199750921330760695e-02	2.344567280186034622e-02	5.991360953137282730e-02
8.224209363213982442e+02	3.158099168673400015e-01	2.013403016568836024e-01	2.098245374753557324e-01	1.266520590356647047e-01	6.217665473677476407e-02	2.354523187783908247e-02	6.017959399788232189e-02
8.272587065350534203e+02	3.147793219908119333e-01	2.006458822330408065e-01	2.105657053401622791e-01	1.270939308626860831e-01	6.235481101428951012e-02	2.364448674463409325e-02	6.044415746211551782e-02
8.320964767487085965e+02	3.137545648251900965e-01	1.999553865714759626e-01	2.113025842059218506e-01	1.275330335221395717e-01	6.253198344188788671e-02	2.374343642709325977e-02	6.070730665403169246e-02
8.369342469623640000e+02	3.127356116910038897e-01	1.992687928608979364e-01	2.120351984855314287e-01	1.279693869451692945e-01	6.270817739050082995e-02	2.384207998384291552e-02	6.096904829079402566e-02
8.417720171760191761e+02	3.117224291398190128e-01	1.985860793804020141e-01	2.127635724515388183e-01	1.284030108868047804e-01	6.288339820595900687e-02	2.394041650682151440e-02	6.122938907639514233e-02
8.466097873896745796e+02	3.107149839501662236e-01	1.979072245013936970e-01	2.134877302370656038e-01	1.288339249280067988e-01	6.305765120899868570e-02	2.403844512081785081e-02	6.148833570129146747e-02
8.514475576033297557e+02	3.097132431236874761e-01	1.972322066893277548e-01	2.142076958367161443e-01	1.292621484776797780e-01	6.323094169526895236e-02	2.413616498301390106e-02	6.174589484204634493e-02
8.562853278169851592e+02	3.087171738814848410e-01	1.965610045052757215e-01	2.149234931074734678e-01	1.296877007746518873e-01	6.340327493534056447e-02	2.423357528253217499e-02	6.200207316098169802e-02
8.611230980306403353e+02	3.077267436606582751e-01	1.958935966073341861e-01	2.156351457695823426e-01	1.301106008896230903e-01	6.357465617471677599e-02	2.433067523998762305e-02	6.225687730583807922e-02
8.659608682442956251e+02	3.067419201110186400e-01	1.952299617518857278e-01	2.163426774074204417e-01	1.305308677270823337e-01	6.374509063384617424e-02	2.442746410704405707e-02	6.251031390944301880e-02
8.707986384579510286e+02	3.057626710919648105e-01	1.945700787947230170e-01	2.170461114703578220e-01	1.309485200271945093e-01	6.391458350813773726e-02	2.452394116597508486e-02	6.276238958938744339e-02
8.756364086716062047e+02	3.047889646695128296e-01	1.939139266920460458e-01	2.177454712736057452e-01	1.313635763676577473e-01	6.408313996797841694e-02	2.462010572922949947e-02	6.301311094771012977e-02
8.804741788852616082e+02	3.038207691134674482e-01	1.932614845013421734e-01	2.184407799990547294e-01	1.317760551655318968e-01	6.425076515875302596e-02	2.471595713900116842e-02	6.326248457058998576e-02
8.853119490989170117e+02	3.028580528947258377e-01	1.926127313821567877e-01	2.191320606961028039e-01	1.321859746790387535e-01	6.441746420086677527e-02	2.481149476680334989e-02	6.351051702804617893e-02
8.901497193125721878e+02	3.019007846827043151e-01	1.919676465967636858e-01	2.198193362824740760e-01	1.325933530093348078e-01	6.458324218977036513e-02	2.490671801304744290e-02	6.375721487364578721e-02
8.949874895262273640e+02	3.009489333428808089e-01	1.913262095107415017e-01	2.205026295450282503e-01	1.329982081022570151e-01	6.474810419598769906e-02	2.500162630662615404e-02	6.400258464421909599e-02
8.998252597398827675e+02	3.000024679344439060e-01	1.906883995934638698e-01	2.211819631405610165e-01	1.334005577500421702e-01	6.491205526514626234e-02	2.509621910450101842e-02	6.424663285958223669e-02
9.046630299535379436e+02	2.990613577080424856e-01	1.900541964185094856e-01	2.218573595965962764e-01	1.338004195930205531e-01	6.507510041801012335e-02	2.519049589129434760e-02	6.448936602226723602e-02
9.095008001671932334e+02	2.981255721036280004e-01	1.894235796639977265e-01	2.225288413121702114e-01	1.341978111212843716e-01	6.523724465051547461e-02	2.528445617888544147e-02	6.473079061725928174e-02
9.143385703808486369e+02	2.971950807483845769e-01	1.887965291128559653e-01	2.231964305586073005e-01	1.345927496763316411e-01	6.539849293380890771e-02	2.537809950601119247e-02	6.497091311174098271e-02
9.191763405945038130e+02	2.962698534547398843e-01	1.881730246530231299e-01	2.238601494802888725e-01	1.349852524526857500e-01	6.555885021428813075e-02	2.547142543787094329e-02	6.520973995484385943e-02
9.240141108081592165e+02	2.953498602184521649e-01	1.875530462775947260e-01	2.245200200954144132e-01	1.353753364994917108e-01	6.571832141364522539e-02	2.556443356573563294e-02	6.544727757740666230e-02
9.288518810218145063e+02	2.944350712167684292e-01	1.869365740849133484e-01	2.251760642967557680e-01	1.357630187220889295e-01	6.587691142891237417e-02	2.565712350656119620e-02	6.568353239174054559e-02
9.336896512354697961e+02	2.935254568066482106e-01	1.863235882786092590e-01	2.258283038524045161e-01	1.361483158835616880e-01	6.603462513250998867e-02	2.574949490260615773e-02	6.591851079140088887e-02
9.385274214491247449e+02	2.926209875230498247e-01	1.857140691675943645e-01	2.264767604065126561e-01	1.365312446062671992e-01	6.619146737229716915e-02	2.584154742105346236e-02	6.615221915096601568e-02
9.433651916627801484e+02	2.917216340772748606e-01	1.851079971660135048e-01	2.271214554800271568e-01	1.369118213733420686e-01	6.634744297162444016e-02	2.593328075363645485e-02	6.638466382582222658e-02
9.482029618764355519e+02	2.908273673553659622e-01	1.845053527931562187e-01	2.277624104714179309e-01	1.372900625301875233e-01	6.650255672938873430e-02	2.602469461626898475e-02	6.661585115195536866e-02
9.530407320900908417e+02	2.899381584165561243e-01	1.839061166733320096e-01	2.283996466574000350e-01	1.376659842859335736e-01	6.665681342009041610e-02	2.611578874867966776e-02	6.684578744574888598e-02
9.578785023037459041e+02	2.890539784917651733e-01	1.833102695357119727e-01	2.290331851936498464e-01	1.380396027148830251e-01	6.681021779389255399e-02	2.620656291405019933e-02	6.707447900378799011e-02
9.627162725174014213e+02	2.881747989821407119e-01	1.827177922141395294e-01	2.296630471155156061e-01	1.384109337579351451e-01	6.696277457668201039e-02	2.629701689865774836e-02	6.730193210267004789e-02
9.675540427310568248e+02	2.873005914576408082e-01	1.821286656469125187e-01	2.302892533387223550e-01	1.387799932239899281e-01	6.711448847013254393e-02	2.638715051152137198e-02	6.752815299882124200e-02
9.723918129447120009e+02	2.864313276556560983e-01	1.815428708765392252e-01	2.309118246600714297e-01	1.391467967913329051e-01	6.726536415176974371e-02	2.647696358405243755e-02	6.775314792831897692e-02
9.772295831583674044e+02	2.855669794796680261e-01	1.809603890494698997e-01	2.315307817581346572e-01	1.395113600090010231e-01	6.741540627503779526e-02	2.656645596970899637e-02	6.797692310672034943e-02
9.820673533720223531e+02	2.847075189979422216e-01	1.803812014158064636e-01	2.321461451939434428e-01	1.398736982981302335e-01	6.756461946936789809e-02	2.665562754365412637e-02	6.819948472889643398e-02
9.869051235856777566e+02	2.838529184422534102e-01	1.798052893289916743e-01	2.327579354116725840e-01	1.402338269532844017e-01	6.771300834024836235e-02	2.674447820241818152e-02	6.842083896887221628e-02
9.917428937993331601e+02	2.830031502066417404e-01	1.792326342454796662e-01	2.333661727393193663e-01	1.405917611437667580e-01	6.786057746929617662e-02	2.683300786356488873e-02	6.864099197967227228e-02
9.965806640129884499e+02	2.821581868461968678e-01	1.786632177243891728e-01	2.339708773893776628e-01	1.409475159149136125e-01	6.800733141433028262e-02	2.692121646536134449e-02	6.885994989317198445e-02
