1.935108085462113081e+02	5.188807429550255090e-01	3.320831451447292526e-01	6.516984327992142445e-02	3.592603274803910646e-02	2.750977071394773363e-02	8.435642580751703812e-03	1.197935622120307152e-02
1.983485787598666263e+02	5.166621572367166015e-01	3.306864658962760384e-01	6.673763905500056104e-02	3.696270379238535131e-02	2.789136846500222047e-02	8.576068441232920919e-03	1.246813075700422581e-02
2.031863489735219162e+02	5.144562524987218444e-01	3.292976085257636742e-01	6.829661971321243641e-02	3.799236294176213530e-02	2.827069979272403555e-02	8.716104607540142019e-03	1.295488556389365851e-02
2.080241191871772060e+02	5.122629557937004030e-01	3.279165291911322333e-01	6.984683475299628685e-02	3.901506255965933589e-02	2.864777831069640138e-02	8.855750491437297880e-03	1.343962254399595595e-02
2.128618894008324673e+02	5.100821945988976980e-01	3.265431842961531439e-01	7.138833339459423055e-02	4.003085456997974856e-02	2.902261754969075180e-02	8.995005530376338695e-03	1.392234370392599584e-02
2.176996596144877287e+02	5.079138968136210908e-01	3.251775304890497931e-01	7.292116458161730652e-02	4.103979046116417589e-02	2.939523095818246876e-02	9.133869187146384516e-03	1.440305115283657331e-02
2.225374298281430470e+02	5.057579907567313349e-01	3.238195246611262901e-01	7.444537698260274283e-02	4.204192129027432140e-02	2.976563190286327792e-02	9.272340949526962708e-03	1.488174710049296710e-02
2.273752000417983652e+02	5.036144051641480157e-01	3.224691239454037794e-01	7.596101899256237078e-02	4.303729768703398045e-02	3.013383366915028949e-02	9.410420329945268225e-03	1.535843385537411822e-02
2.322129702554535982e+02	5.014830691863726431e-01	3.211262857152644701e-01	7.746813873452240706e-02	4.402596985782900041e-02	3.049984946169173941e-02	9.548106865137415480e-03	1.583311382280008436e-02
2.370507404691088880e+02	4.993639123860252882e-01	3.197909675831032139e-01	7.896678406105436809e-02	4.500798758966637753e-02	3.086369240486947635e-02	9.685400115813631514e-03	1.630578950308543898e-02
2.418885106827641494e+02	4.972568647353969307e-01	3.184631273989865785e-01	8.045700255579750493e-02	4.598340025409296955e-02	3.122537554329814571e-02	9.822299666327345344e-03	1.677646348971830251e-02
2.467262808964194392e+02	4.951618566140171263e-01	3.171427232493196358e-01	8.193884153497257850e-02	4.695225681107435128e-02	3.158491184232118526e-02	9.958805124348126675e-03	1.724513846756466767e-02
2.515640511100747290e+02	4.930788188062366073e-01	3.158297134555203001e-01	8.341234804888705834e-02	4.791460581283403519e-02	3.194231418850355941e-02	1.009491612053844967e-02	1.771181721109770998e-02
2.564018213237300188e+02	4.910076824988242050e-01	3.145240565727005499e-01	8.487756888343189754e-02	4.887049540765370931e-02	3.229759539012132946e-02	1.023063230823420891e-02	1.817650258265176427e-02
2.612395915373852517e+02	4.889483792785795369e-01	3.132257113883559208e-01	8.633455056156975893e-02	4.981997334363478386e-02	3.265076817764803185e-02	1.036595336312896680e-02	1.863919753070066368e-02
2.660773617510405415e+02	4.869008411299594608e-01	3.119346369210614922e-01	8.778333934481501177e-02	5.076308697242165602e-02	3.300184520423796175e-02	1.050087898296188718e-02	1.909990508816014274e-02
2.709151319646958882e+02	4.848650004327197949e-01	3.106507924191758696e-01	8.922398123470516584e-02	5.169988325288717157e-02	3.335083904620626122e-02	1.063540888720930673e-02	1.955862837071397839e-02
2.757529021783511780e+02	4.828407899595711927e-01	3.093741373595520483e-01	9.065652197426415926e-02	5.263040875478067204e-02	3.369776220350591961e-02	1.076954281677991454e-02	2.001537057516358450e-02
2.805906723920064678e+02	4.808281428738495067e-01	3.081046314462557167e-01	9.208100704945726411e-02	5.355470966233898122e-02	3.404262710020174165e-02	1.090328053371348617e-02	2.047013497780077532e-02
2.854284426056617008e+02	4.788269927272004178e-01	3.068422346092904984e-01	9.349748169063798464e-02	5.447283177786079594e-02	3.438544608494119997e-02	1.103662182088314438e-02	2.092292493280337867e-02
2.902662128193169337e+02	4.768372734572786653e-01	3.055869070033307433e-01	9.490599087398648992e-02	5.538482052524484889e-02	3.472623143142225532e-02	1.116956648170109624e-02	2.137374387065344578e-02
2.951039830329722804e+02	4.748589193854605983e-01	3.043386090064608696e-01	9.630657932294019175e-02	5.629072095349218346e-02	3.506499533885817227e-02	1.130211433982781719e-02	2.182259529657773825e-02
2.999417532466276270e+02	4.728918652145717161e-01	3.030973012189225879e-01	9.769929150961614850e-02	5.719057774017299867e-02	3.540174993243932339e-02	1.143426523888463504e-02	2.226948278901021844e-02
3.047795234602828600e+02	4.709360460266273085e-01	3.018629444618683433e-01	9.908417165622543377e-02	5.808443519485846640e-02	3.573650726379203751e-02	1.156601904216968471e-02	2.271440999807631742e-02
3.096172936739380930e+02	4.689913972805879183e-01	3.006354997761221393e-01	1.004612637364794836e-01	5.897233726251776414e-02	3.606927931143445731e-02	1.169737563237718825e-02	2.315738064409860256e-02
3.144550638875934396e+02	4.670578548101273486e-01	2.994149284209475237e-01	1.018306114769886583e-01	5.985432752688081559e-02	3.640007798122946170e-02	1.182833491132002576e-02	2.359839851612367118e-02
3.192928341012487294e+02	4.651353548214153810e-01	2.982011918728220135e-01	1.031922583586527414e-01	6.073044921376710703e-02	3.672891510683472943e-02	1.195889679965555889e-02	2.403746747046996840e-02
3.241306043149040192e+02	4.632238338909135389e-01	2.969942518242186247e-01	1.045462476180436806e-01	6.160074519438086399e-02	3.705580245014981206e-02	1.208906123661467741e-02	2.447459142929622397e-02
3.289683745285592522e+02	4.613232289631845617e-01	2.957940701823945084e-01	1.058926222487805296e-01	6.246525798857299056e-02	3.738075170176041045e-02	1.221882817973401342e-02	2.490977437919031715e-02
3.338061447422145420e+02	4.594334773487153134e-01	2.946006090681858591e-01	1.072314250028966603e-01	6.332402976807018080e-02	3.770377448137974402e-02	1.234819760459131797e-02	2.534302036977827480e-02
3.386439149558698318e+02	4.575545167217527909e-01	2.934138308148098173e-01	1.085626983921990779e-01	6.417710235967145904e-02	3.802488233828710262e-02	1.247716950454393764e-02	2.577433351235312170e-02
3.434816851695251216e+02	4.556862851181534557e-01	2.922336979666735335e-01	1.098864846896203673e-01	6.502451724841254443e-02	3.834408675176359527e-02	1.260574389047036496e-02	2.620371797852339563e-02
3.483194553831804114e+02	4.538287209332461103e-01	2.910601732781890605e-01	1.112028259305627570e-01	6.586631558069838688e-02	3.866139913152505381e-02	1.273392079051484035e-02	2.663117799888101156e-02
3.531572255968357013e+02	4.519817629197070419e-01	2.898932197125956844e-01	1.125117639142347303e-01	6.670253816740427666e-02	3.897683081815219580e-02	1.286170024983494461e-02	2.705671786168827378e-02
3.579949958104909342e+02	4.501453501854490447e-01	2.887328004407884174e-01	1.138133402049800597e-01	6.753322548694563887e-02	3.929039308351802567e-02	1.298908233035218386e-02	2.748034191158377562e-02
3.628327660241463377e+02	4.483194221915225430e-01	2.875788788401531515e-01	1.151075961335993603e-01	6.835841768831719956e-02	3.960209713121246727e-02	1.311606711050548706e-02	2.790205454830694057e-02
3.676705362378016275e+02	4.465039187500300932e-01	2.864314184934084184e-01	1.163945727986641226e-01	6.917815459410152357e-02	3.991195409696429025e-02	1.324265468500764216e-02	2.832186022544099652e-02
3.725083064514568036e+02	4.446987800220534859e-01	2.852903831874537000e-01	1.176743110678234588e-01	6.999247570344740987e-02	4.021997504906033721e-02	1.336884516460458243e-02	2.873976344917409526e-02
3.773460766651120935e+02	4.429039465155931721e-01	2.841557369122240662e-01	1.189468515791033548e-01	7.080142019501847739e-02	4.052617098876205859e-02	1.349463867583751593e-02	2.915576877707841755e-02
3.821838468787673833e+02	4.411193590835207345e-01	2.830274438595512532e-01	1.202122347421986648e-01	7.160502692991223272e-02	4.083055285071934826e-02	1.362003536080788439e-02	2.956988081690695505e-02
3.870216170924226162e+02	4.393449589215435713e-01	2.819054684220311802e-01	1.214705007397577918e-01	7.240333445454984196e-02	4.113313150338181179e-02	1.374503537694507505e-02	2.998210422540781295e-02
3.918593873060780197e+02	4.375806875661818474e-01	2.807897751918980167e-01	1.227216895286601522e-01	7.319638100353710597e-02	4.143391774940731465e-02	1.386963889677688896e-02	3.039244370715577306e-02
3.966971575197332527e+02	4.358264868927583247e-01	2.796803289599040232e-01	1.239658408412863816e-01	7.398420450249675040e-02	4.173292232606794216e-02	1.399384610770273811e-02	3.080090401340089198e-02
4.015349277333884856e+02	4.340822991133996833e-01	2.785770947142064968e-01	1.252029941867814078e-01	7.476684257087254371e-02	4.203015590565339910e-02	1.411765721176950518e-02	3.120748994093394679e-02
4.063726979470438323e+02	4.323480667750507211e-01	2.774800376392601020e-01	1.264331888523104463e-01	7.554433252470531268e-02	4.232562909587180011e-02	1.424107242545007666e-02	3.161220633096849253e-02
4.112104681606991221e+02	4.306237327575001550e-01	2.763891231147159178e-01	1.276564639043077931e-01	7.631671137938131344e-02	4.261935244024788599e-02	1.436409197942449534e-02	3.201505806803930931e-02
4.160482383743544119e+02	4.289092402714186347e-01	2.753043167143266468e-01	1.288728581897187475e-01	7.708401585235326314e-02	4.291133641851873487e-02	1.448671611836370617e-02	3.241605007891706219e-02
4.208860085880095880e+02	4.272045328564086919e-01	2.742255842048579306e-01	1.300824103372343610e-01	7.784628236583415739e-02	4.320159144702691301e-02	1.460894510071587132e-02	3.281518733153888923e-02
4.257237788016648778e+02	4.255095543790664014e-01	2.731528915450054940e-01	1.312851587585192881e-01	7.860354704946440063e-02	4.349012787911113453e-02	1.473077919849522313e-02	3.321247483395486921e-02
4.305615490153201677e+02	4.238242490310550892e-01	2.720862048843187830e-01	1.324811416494327543e-01	7.935584574295230509e-02	4.377695600549440930e-02	1.485221869707343233e-02	3.360791763328997706e-02
4.353993192289755143e+02	4.221485613271904747e-01	2.710254905621305999e-01	1.336703969912425849e-01	8.010321399868838843e-02	4.406208605466974820e-02	1.497326389497343965e-02	3.400152081472144344e-02
4.402370894426308041e+02	4.204824361035378044e-01	2.699707151064922317e-01	1.348529625518324893e-01	8.084568708433373385e-02	4.434552819328339834e-02	1.509391510366577156e-02	3.439328950047131767e-02
4.450748596562860939e+02	4.188258185155198099e-01	2.689218452331152420e-01	1.360288758869022674e-01	8.158329998538256522e-02	4.462729252651560785e-02	1.521417264736724638e-02	3.478322884881396293e-02
4.499126298699413837e+02	4.171786540360372109e-01	2.678788478443187571e-01	1.371981743411617161e-01	8.231608740769952304e-02	4.490738909845898297e-02	1.533403686284210560e-02	3.517134405309840783e-02
4.547504000835967304e+02	4.155408884535997105e-01	2.668416900279828585e-01	1.383608950495172352e-01	8.304408378003171054e-02	4.518582789249447201e-02	1.545350809920550787e-02	3.555764034078526259e-02
4.595881702972519065e+02	4.139124678704686477e-01	2.658103390565077495e-01	1.395170749382522446e-01	8.376732325649585698e-02	4.546261883166487910e-02	1.557258671772936490e-02	3.594212297249799876e-02
4.644259405109071963e+02	4.122933387008111961e-01	2.647847623857788601e-01	1.406667507262006622e-01	8.448583971904088941e-02	4.573777177904608804e-02	1.569127309165050180e-02	3.632479724108857860e-02
4.692637107245624861e+02	4.106834476688652757e-01	2.637649276541376153e-01	1.418099589259138316e-01	8.519966677988614900e-02	4.601129653811583675e-02	1.580956760598109523e-02	3.670566847071700389e-02
4.741014809382177759e+02	4.090827418071159571e-01	2.627508026813581421e-01	1.429467358448208436e-01	8.590883778393547388e-02	4.628320285312025051e-02	1.592747065732140824e-02	3.708474201594479103e-02
4.789392511518730657e+02	4.074911684544825219e-01	2.617423554676295283e-01	1.440771175863825304e-01	8.661338581116745372e-02	4.655350040943794648e-02	1.604498265367474211e-02	3.746202326084212275e-02
4.837770213655284124e+02	4.059086752545170707e-01	2.607395541925441318e-01	1.452011400512385197e-01	8.731334367900214777e-02	4.682219883394187626e-02	1.616210401426460344e-02	3.783751761810849601e-02
4.886147915791837022e+02	4.043352101536135113e-01	2.597423672140910522e-01	1.463188389383482946e-01	8.800874394464432149e-02	4.708930769535885769e-02	1.627883516935407435e-02	3.821123052820668553e-02
4.934525617928388783e+02	4.027707213992276492e-01	2.587507630676558201e-01	1.474302497461254524e-01	8.869961890740375721e-02	4.735483650462685851e-02	1.639517656006735102e-02	3.858316745850990520e-02
4.982903320064942250e+02	4.012151575381079915e-01	2.577647104650251930e-01	1.485354077735658029e-01	8.938600061099255534e-02	4.761879471524992774e-02	1.651112863821340565e-02	3.895333390246191047e-02
5.031281022201495148e+02	3.996684674145370986e-01	2.567841782933979466e-01	1.496343481213690818e-01	9.006792084579991198e-02	4.788119172365098986e-02	1.662669186611178199e-02	3.932173537874995156e-02
5.079658724338048046e+02	3.981306001685839258e-01	2.558091356144009398e-01	1.507271056930541142e-01	9.074541115114452550e-02	4.814203686952228667e-02	1.674186671642049692e-02	3.968837743049036942e-02
5.128036426474600376e+02	3.966015052343665470e-01	2.548395516631108415e-01	1.518137151960680942e-01	9.141850281750479867e-02	4.840133943617370982e-02	1.685665367196597861e-02	4.005326562442667465e-02
5.176414128611153274e+02	3.950811323383251472e-01	2.538753958470812422e-01	1.528942111428891193e-01	9.208722688872722495e-02	4.865910865087881565e-02	1.697105322557507234e-02	4.041640555013997771e-02
5.224791830747705035e+02	3.935694314975057839e-01	2.529166377453753722e-01	1.539686278521230356e-01	9.275161416421305594e-02	4.891535368521871679e-02	1.708506587990908654e-02	4.077780281927152056e-02
5.273169532884259070e+02	3.920663530178544187e-01	2.519632471076042046e-01	1.550369994495936210e-01	9.341169520108348612e-02	4.917008365542381576e-02	1.719869214729980583e-02	4.113746306475728198e-02
5.321547235020811968e+02	3.905718474925209960e-01	2.510151938529696647e-01	1.560993598694270235e-01	9.406750031632374331e-02	4.942330762271329725e-02	1.731193254958750954e-02	4.149539194007440673e-02
5.369924937157364866e+02	3.890858658001743464e-01	2.500724480693136687e-01	1.571557428551297875e-01	9.471905958890597388e-02	4.967503459363253882e-02	1.742478761796093303e-02	4.185159511849933373e-02
5.418302639293917764e+02	3.876083591033266940e-01	2.491349800121723523e-01	1.582061819606609687e-01	9.536640286189160265e-02	4.992527352038836352e-02	1.753725789279917888e-02	4.220607829237744968e-02
5.466680341430470662e+02	3.861392788466682657e-01	2.482027601038354347e-01	1.592507105514981147e-01	9.600955974451293173e-02	5.017403330118215543e-02	1.764934392351551543e-02	4.255884717240417114e-02
5.515058043567023560e+02	3.846785767554125046e-01	2.472757589324109662e-01	1.602893618056973613e-01	9.664855961423456099e-02	5.042132278054091421e-02	1.776104626840310091e-02	4.290990748691721202e-02
5.563435745703576458e+02	3.832262048336506632e-01	2.463539472508953498e-01	1.613221687149473949e-01	9.728343161879447754e-02	5.066715074964617954e-02	1.787236549448254289e-02	4.325926498120000185e-02
5.611813447840129356e+02	3.817821153627165565e-01	2.454372959762486095e-01	1.623491640856176421e-01	9.791420467822549434e-02	5.091152594666088771e-02	1.798330217735132769e-02	4.360692541679604683e-02
5.660191149976681118e+02	3.803462608995614169e-01	2.445257761884747361e-01	1.633703805398004083e-01	9.854090748685676027e-02	5.115445705705415347e-02	1.809385690103508526e-02	4.395289457083404600e-02
5.708568852113234016e+02	3.789185942751379099e-01	2.436193591297072525e-01	1.643858505163471873e-01	9.916356851529586902e-02	5.139595271392404657e-02	1.820403025784063378e-02	4.429717823536373500e-02
5.756946554249786914e+02	3.774990685927944178e-01	2.427180162032999966e-01	1.653956062718992537e-01	9.978221601239166405e-02	5.163602149831827970e-02	1.831382284821083187e-02	4.463978221670222846e-02
5.805324256386339812e+02	3.760876372266788170e-01	2.418217189729228722e-01	1.663996798819122047e-01	1.003968780071779199e-01	5.187467193955289102e-02	1.842323528058121065e-02	4.498071233479074282e-02
5.853701958522892710e+02	3.746842538201519690e-01	2.409304391616626240e-01	1.673981032416750336e-01	1.010075823107981913e-01	5.211191251552893533e-02	1.853226817123830236e-02	4.531997442256156805e-02
5.902079660659445608e+02	3.732888722842104268e-01	2.400441486511290523e-01	1.683909080673230974e-01	1.016143565184119413e-01	5.234775165304713512e-02	1.864092214417976956e-02	4.565757432531517696e-02
5.950457362795999643e+02	3.719014467959189663e-01	2.391628194805656971e-01	1.693781258968457548e-01	1.022172280110820730e-01	5.258219772812061654e-02	1.874919783097616505e-02	4.599351790010727109e-02
5.998835064932552541e+02	3.705219317968526105e-01	2.382864238459658501e-01	1.703597880910878992e-01	1.028162239576443648e-01	5.281525906628559835e-02	1.885709587063444728e-02	4.632781101514574229e-02
6.047212767069104302e+02	3.691502819915475353e-01	2.374149340991933976e-01	1.713359258347464109e-01	1.034113713165585730e-01	5.304694394291020049e-02	1.896461690946313339e-02	4.666045954919726541e-02
6.095590469205657200e+02	3.677864523459615786e-01	2.365483227471087968e-01	1.723065701373605041e-01	1.040026968377417427e-01	5.327726058350121946e-02	1.907176160093908973e-02	4.699146939100357079e-02
6.143968171342210098e+02	3.664303980859444088e-01	2.356865624506996049e-01	1.732717518342966057e-01	1.045902270643837284e-01	5.350621716400907196e-02	1.917853060557598438e-02	4.732084643870711899e-02
6.192345873478761860e+02	3.650820746957159635e-01	2.348296260242162536e-01	1.742315015877279050e-01	1.051739883347451721e-01	5.373382181113074696e-02	1.928492459079434243e-02	4.764859659928615682e-02
6.240723575615315895e+02	3.637414379163548817e-01	2.339774864343124039e-01	1.751858498876081027e-01	1.057540067839381481e-01	5.396008260261087736e-02	1.939094423079319382e-02	4.797472578799892584e-02
6.289101277751868793e+02	3.624084437442954276e-01	2.331301167991903511e-01	1.761348270526398863e-01	1.063303083456895309e-01	5.418500756754093123e-02	1.949659020642329973e-02	4.829923992783703712e-02
6.337478979888421691e+02	3.610830484298340748e-01	2.322874903877509001e-01	1.770784632312378259e-01	1.069029187540874865e-01	5.440860468665650873e-02	1.960186320506193333e-02	4.862214494898778328e-02
6.385856682024975726e+02	3.597652084756440272e-01	2.314495806187484017e-01	1.780167884024858316e-01	1.074718635453109500e-01	5.463088189263276551e-02	1.970676392048922171e-02	4.894344678830529066e-02
6.434234384161527487e+02	3.584548806352998440e-01	2.306163610599502867e-01	1.789498323770893351e-01	1.080371680593426170e-01	5.485184707037798341e-02	1.981129305276599015e-02	4.926315138879040767e-02
6.482612086298080385e+02	3.571520219118100026e-01	2.297878054273012893e-01	1.798776247983220056e-01	1.085988574416653779e-01	5.507150805732531629e-02	1.991545130811311903e-02	4.958126469907925271e-02
6.530989788434633283e+02	3.558565895561586756e-01	2.289638875840926679e-01	1.808001951429672738e-01	1.091569566449424600e-01	5.528987264372269006e-02	2.001923939879242040e-02	4.989779267294020687e-02
6.579367490571185044e+02	3.545685410658561687e-01	2.281445815401355603e-01	1.817175727222542225e-01	1.097114904306813327e-01	5.550694857292086393e-02	2.012265804298894734e-02	5.021274126877933036e-02
6.627745192707737942e+02	3.532878341834979063e-01	2.273298614509394466e-01	1.826297866827886196e-01	1.102624833708817920e-01	5.572274354165972221e-02	2.022570796469476059e-02	5.052611644915406403e-02
6.676122894844290840e+02	3.520144268953325772e-01	2.265197016168951361e-01	1.835368660074784275e-01	1.108099598496681271e-01	5.593726520035277594e-02	2.032838989359419396e-02	5.083792418029505628e-02
6.724500596980843738e+02	3.507482774298379402e-01	2.257140764824620560e-01	1.844388395164542338e-01	1.113539440649056883e-01	5.615052115336979788e-02	2.043070456495046580e-02	5.114817043163609467e-02
6.772878299117396637e+02	3.494893442563059005e-01	2.249129606353604816e-01	1.853357358679844080e-01	1.118944600298019537e-01	5.636251895931779915e-02	2.053265271949376164e-02	5.145686117535196169e-02
6.821256001253949535e+02	3.482375860834358572e-01	2.241163288057679559e-01	1.862275835593851792e-01	1.124315315744922744e-01	5.657326613132018095e-02	2.063423510331065941e-02	5.176400238590412456e-02
6.869633703390502433e+02	3.469929618579363773e-01	2.233241558655205683e-01	1.871144109279255230e-01	1.129651823476104378e-01	5.678277013729414457e-02	2.073545246773497025e-02	5.206960003959418964e-02
6.918011405527055331e+02	3.457554307631352519e-01	2.225364168273183674e-01	1.879962461517269423e-01	1.134954358178442702e-01	5.699103840022635981e-02	2.083630556923992891e-02	5.237366011412497580e-02
6.966389107663608229e+02	3.445249522175980461e-01	2.217530868439354652e-01	1.888731172506584177e-01	1.140223152754763908e-01	5.719807829844694019e-02	2.093679516933172335e-02	5.267618858816909555e-02
7.014766809800161127e+02	3.433014858737544750e-01	2.209741412074344713e-01	1.897450520872258073e-01	1.145458438339101714e-01	5.740389716590166974e-02	2.103692203444434625e-02	5.297719144094502342e-02
7.063144511936714025e+02	3.420849916165336069e-01	2.201995553483854784e-01	1.906120783674568886e-01	1.150660444311812636e-01	5.760850229242254344e-02	2.113668693583579256e-02	5.327667465180042916e-02
7.111522214073266923e+02	3.408754295620065600e-01	2.194293048350891007e-01	1.914742236417807386e-01	1.155829398314546785e-01	5.781190092399661473e-02	2.123609064948552352e-02	5.357464419980276227e-02
7.159899916209819821e+02	3.396727600560379146e-01	2.186633653728043136e-01	1.923315153059027838e-01	1.160965526265076292e-01	5.801410026303312900e-02	2.133513395599323861e-02	5.387110606333701118e-02
7.208277618346371582e+02	3.384769436729446190e-01	2.179017128029802353e-01	1.931839806016745209e-01	1.166069052371982440e-01	5.821510746862906815e-02	2.143381764047890686e-02	5.416606621971041535e-02
7.256655320482924481e+02	3.372879412141635558e-01	2.171443231024924592e-01	1.940316466179583810e-01	1.171140199149203892e-01	5.841492965683293959e-02	2.153214249248407153e-02	5.445953064476421329e-02
7.305033022619478515e+02	3.361057137069262679e-01	2.163911723828836065e-01	1.948745402914879576e-01	1.176179187430446277e-01	5.861357390090699698e-02	2.163010930587436903e-02	5.475150531249213526e-02
7.353410724756030277e+02	3.349302224029424568e-01	2.156422368896080133e-01	1.957126884077231010e-01	1.181186236383455213e-01	5.881104723158776110e-02	2.172771887874330385e-02	5.504199619466573767e-02
7.401788426892584312e+02	3.337614287770904742e-01	2.148974930012810258e-01	1.965461176017004596e-01	1.186161563524154305e-01	5.900735663734495151e-02	2.182497201331722730e-02	5.533100926046634338e-02
7.450166129029136073e+02	3.325992945261161959e-01	2.141569172289319589e-01	1.973748543588789428e-01	1.191105384730648947e-01	5.920250906463880164e-02	2.192186951586151678e-02	5.561855047612356689e-02
7.498543831165690108e+02	3.314437815673397236e-01	2.134204862152617732e-01	1.981989250159806315e-01	1.196017914257097442e-01	5.939651141817576391e-02	2.201841219658793800e-02	5.590462580456034836e-02
7.546921533302243006e+02	3.302948520373691910e-01	2.126881767339044438e-01	1.990183557618270538e-01	1.200899364747451681e-01	5.958937056116259817e-02	2.211460086956318349e-02	5.618924120504431574e-02
7.595299235438793630e+02	3.291524682908228416e-01	2.119599656886929639e-01	1.998331726381703533e-01	1.205749947249067505e-01	5.978109331555889888e-02	2.221043635261858717e-02	5.647240263284551698e-02
7.643676937575347665e+02	3.280165928990585456e-01	2.112358301129290683e-01	2.006434015405202387e-01	1.210569871226186561e-01	5.997168646232806793e-02	2.230591946726095953e-02	5.675411603890036238e-02
7.692054639711900563e+02	3.268871886489106982e-01	2.105157471686572856e-01	2.014490682189659376e-01	1.215359344573291450e-01	6.016115674168664301e-02	2.240105103858458513e-02	5.703438736948162474e-02
7.740432341848452324e+02	3.257642185414348912e-01	2.097996941459428499e-01	2.022501982789936259e-01	1.220118573628334313e-01	6.034951085335220344e-02	2.249583189518429907e-02	5.731322256587461500e-02
7.788810043985006359e+02	3.246476457906598556e-01	2.090876484621539133e-01	2.030468171822993606e-01	1.224847763185842042e-01	6.053675545678959685e-02	2.259026286906973616e-02	5.759062756405920747e-02
7.837187746121558121e+02	3.235374338223469537e-01	2.083795876612476727e-01	2.038389502475973780e-01	1.229547116509896731e-01	6.072289717145570864e-02	2.268434479558061045e-02	5.786660829439783243e-02
7.885565448258112156e+02	3.224335462727571655e-01	2.076754894130604101e-01	2.046266226514237008e-01	1.234216835346995389e-01	6.090794257704269105e-02	2.277807851330312244e-02	5.814117068132921423e-02
7.933943150394665054e+02	3.213359469874250696e-01	2.069753315126017235e-01	2.054098594289353319e-01	1.238857119938787804e-01	6.109189821371969337e-02	2.287146486398741393e-02	5.841432064306786159e-02
7.982320852531219089e+02	3.202446000199404286e-01	2.062790918793523387e-01	2.061886854747050635e-01	1.243468169034696175e-01	6.127477058237305180e-02	2.296450469246610199e-02	5.868606409130920631e-02
8.030698554667769713e+02	3.191594696307368806e-01	2.055867485565665287e-01	2.069631255435116779e-01	1.248050179904415385e-01	6.145656614484503594e-02	2.305719884657385019e-02	5.895640693094028606e-02
8.079076256804323748e+02	3.180805202858879577e-01	2.048982797105776410e-01	2.077332042511255694e-01	1.252603348350296297e-01	6.163729132417104101e-02	2.314954817706795301e-02	5.922535505975595749e-02
8.127453958940876646e+02	3.170077166559100990e-01	2.042136636301081776e-01	2.084989460750902857e-01	1.257127868719613850e-01	6.181695250481537840e-02	2.324155353754999223e-02	5.949291436818045925e-02
8.175831661077428407e+02	3.159410236145727691e-01	2.035328787255833161e-01	2.092603753554993229e-01	1.261623933916719287e-01	6.199555603290556743e-02	2.333321578438845439e-02	5.975909073899436652e-02
8.224209363213982442e+02	3.148804062377160151e-01	2.028559035284485390e-01	2.100175162957688413e-01	1.266091735415079966e-01	6.217310821646514912e-02	2.342453577664239256e-02	6.002389004706679826e-02
8.272587065350534203e+02	3.138258298020742965e-01	2.021827166904910378e-01	2.107703929634057727e-01	1.270531463269206351e-01	6.234961532564509828e-02	2.351551437598603869e-02	6.028731815909279396e-02
8.320964767487085965e+02	3.127772597841082525e-01	2.015132969831648080e-01	2.115190292907717651e-01	1.274943306126468112e-01	6.252508359295377849e-02	2.360615244663441872e-02	6.054938093333583904e-02
8.369342469623640000e+02	3.117346618588426321e-01	2.008476232969195752e-01	2.122634490758427417e-01	1.279327451238798097e-01	6.269951921348547452e-02	2.369645085526993211e-02	6.081008421937541403e-02
8.417720171760191761e+02	3.106980018987115510e-01	2.001856746405337173e-01	2.130036759829643522e-01	1.283684084474290554e-01	6.287292834514744688e-02	2.378641047096986816e-02	6.106943385785952583e-02
8.466097873896745796e+02	3.096672459724103543e-01	1.995274301404505179e-01	2.137397335436029555e-01	1.288013390328689722e-01	6.304531710888570950e-02	2.387603216513489723e-02	6.132743568026215175e-02
8.514475576033297557e+02	3.086423603437544183e-01	1.988728690401184440e-01	2.144716451570923832e-01	1.292315551936770723e-01	6.321669158890926010e-02	2.396531681141845366e-02	6.158409550864551302e-02
8.562853278169851592e+02	3.076233114705447247e-01	1.982219706993350872e-01	2.151994340913766790e-01	1.296590751083616933e-01	6.338705783291305462e-02	2.405426528565710043e-02	6.183941915542711526e-02
8.611230980306403353e+02	3.066100660034402625e-01	1.975747145935947136e-01	2.159231234837486468e-01	1.300839168215790487e-01	6.355642185229946894e-02	2.414287846580174743e-02	6.209341242315154219e-02
8.659608682442956251e+02	3.056025907848368139e-01	1.969310803134393939e-01	2.166427363415839302e-01	1.305060982452401763e-01	6.372478962239851163e-02	2.423115723184980641e-02	6.234608110426680810e-02
8.707986384579510286e+02	3.046008528477526234e-01	1.962910475638141305e-01	2.173582955430713448e-01	1.309256371596072832e-01	6.389216708268655176e-02	2.431910246577822718e-02	6.259743098090531088e-02
8.756364086716062047e+02	3.036048194147207280e-01	1.956545961634250097e-01	2.180698238379388532e-01	1.313425512143803486e-01	6.405856013700375606e-02	2.440671505147742545e-02	6.284746782466932302e-02
8.804741788852616082e+02	3.026144578966876719e-01	1.950217060441016559e-01	2.187773438481756538e-01	1.317568579297733466e-01	6.422397465377024939e-02	2.449399587468606074e-02	6.309619739642088887e-02
8.853119490989170117e+02	3.016297358919186045e-01	1.943923572501625729e-01	2.194808780687499961e-01	1.321685746975807263e-01	6.438841646620076242e-02	2.458094582292670235e-02	6.334362544607614887e-02
8.901497193125721878e+02	3.006506211849095944e-01	1.937665299377846206e-01	2.201804488683229977e-01	1.325777187822339831e-01	6.455189137251812759e-02	2.466756578544232470e-02	6.358975771240389652e-02
8.949874895262273640e+02	2.996770817453053848e-01	1.931442043743756554e-01	2.208760784899586327e-01	1.329843073218484051e-01	6.471440513616533163e-02	2.475385665313366290e-02	6.383459992282847217e-02
8.998252597398827675e+02	2.987090857268242527e-01	1.925253609379509179e-01	2.215677890518295001e-01	1.333883573292603542e-01	6.487596348601631924e-02	2.483981931849739422e-02	6.407815779323684791e-02
9.046630299535379436e+02	2.977466014661889759e-01	1.919099801165126684e-01	2.222556025479186792e-01	1.337898856930548330e-01	6.503657211658547821e-02	2.492545467556513475e-02	6.432043702778976468e-02
9.095008001671932334e+02	2.967895974820642380e-01	1.912980425074336521e-01	2.229395408487177821e-01	1.341889091785836707e-01	6.519623668823579243e-02	2.501076361984325841e-02	6.456144331873711617e-02
9.143385703808486369e+02	2.958380424740001402e-01	1.906895288168437008e-01	2.236196257019208433e-01	1.345854444289743823e-01	6.535496282738575968e-02	2.509574704825351735e-02	6.480118234623716278e-02
9.191763405945038130e+02	2.948919053213822083e-01	1.900844198590198597e-01	2.242958787331144344e-01	1.349795079661297026e-01	6.551275612671506043e-02	2.518040585907446033e-02	6.503965977817978417e-02
9.240141108081592165e+02	2.939511550823874497e-01	1.894826965557800669e-01	2.249683214464639203e-01	1.353711161917179329e-01	6.566962214536878339e-02	2.526474095188363522e-02	6.527688127001370078e-02
9.288518810218145063e+02	2.930157609929464613e-01	1.888843399358801356e-01	2.256369752253958305e-01	1.357602853881543781e-01	6.582556640916063795e-02	2.534875322750056517e-02	6.551285246457745626e-02
9.336896512354697961e+02	2.920856924657121434e-01	1.882893311344141229e-01	2.263018613332762330e-01	1.361470317195734858e-01	6.598059441077469556e-02	2.543244358793050885e-02	6.574757899193423016e-02
9.385274214491247449e+02	2.911609190890338539e-01	1.876976513922180012e-01	2.269630009140856108e-01	1.365313712327924922e-01	6.613471160996604870e-02	2.551581293630893546e-02	6.598106646921038376e-02
9.433651916627801484e+02	2.902414106259382787e-01	1.871092820552768543e-01	2.276204149930896037e-01	1.369133198582659638e-01	6.628792343376006813e-02	2.559886217684681844e-02	6.621332050043768347e-02
9.482029618764355519e+02	2.893271370131157427e-01	1.865242045741351828e-01	2.282741244775063072e-01	1.372928934110316246e-01	6.644023527665059159e-02	2.568159221477661625e-02	6.644434667639918801e-02
9.530407320900908417e+02	2.884180683599130157e-01	1.859424005033106786e-01	2.289241501571693815e-01	1.376701075916477168e-01	6.659165250079680798e-02	2.576400395629900586e-02	6.667415057447867444e-02
9.578785023037459041e+02	2.875141749473316133e-01	1.853638515007111909e-01	2.295705127051879679e-01	1.380449779871217031e-01	6.674218043621889251e-02	2.584609830853033807e-02	6.690273775851357518e-02
9.627162725174014213e+02	2.866154272270324266e-01	1.847885393270550791e-01	2.302132326786023864e-01	1.384175200718306131e-01	6.689182438099250394e-02	2.592787617945082126e-02	6.713011377865150953e-02
9.675540427310568248e+02	2.857217958203457919e-01	1.842164458452945630e-01	2.308523305190364472e-01	1.387877492084328979e-01	6.704058960144204660e-02	2.600933847785339911e-02	6.735628417121009015e-02
9.723918129447120009e+02	2.848332515172881108e-01	1.836475530200427642e-01	2.314878265533461266e-01	1.391556806487720122e-01	6.718848133233275288e-02	2.609048611329332565e-02	6.758125445854014368e-02
9.772295831583674044e+02	2.839497652755832990e-01	1.830818429170034400e-01	2.321197409942642731e-01	1.395213295347718097e-01	6.733550477706158610e-02	2.617131999603845502e-02	6.780503014889237290e-02
9.820673533720223531e+02	2.830713082196907315e-01	1.825192977024042429e-01	2.327480939410420668e-01	1.398847108993239718e-01	6.748166510784694982e-02	2.625184103702019739e-02	6.802761673628712757e-02
9.869051235856777566e+02	2.821978516398387371e-01	1.819598996424330872e-01	2.333729053800865094e-01	1.402458396671670271e-01	6.762696746591723151e-02	2.633205014778513750e-02	6.824901970038750598e-02
9.917428937993331601e+02	2.813293669910638117e-01	1.814036311026776260e-01	2.339941951855947222e-01	1.406047306557578480e-01	6.777141696169822205e-02	2.641194824044735753e-02	6.846924450637563442e-02
9.965806640129884499e+02	2.804658258922553271e-01	1.808504745475680020e-01	2.346119831201843031e-01	1.409613985761348220e-01	6.791501867499931400e-02	2.649153622764140875e-02	6.868829660483202759e-02
