2.080241191871772060e+02	5.043413690205559297e-01	3.365361396842644348e-01	6.938270350261498132e-02	3.867479671874574088e-02	2.912058835239145216e-02	8.513281659574510607e-03	1.312165743413804160e-02
2.128618894008324673e+02	5.027554403643428316e-01	3.345888546132125829e-01	7.092442592486743191e-02	3.969656121861209197e-02	2.945284989451479180e-02	8.657362157248289086e-03	1.361504219948705963e-02
2.176996596144877287e+02	5.011374532861980757e-01	3.326899258845702478e-01	7.245891277264128461e-02	4.071168621042058067e-02	2.978548212166882286e-02	8.801156807607344798e-03	1.410591928917868422e-02
2.225374298281430470e+02	4.994908002577422290e-01	3.308361694400281938e-01	7.398607519792395337e-02	4.172018603205011889e-02	3.011833251504872702e-02	8.944652347514665466e-03	1.459432058197720344e-02
2.273752000417983652e+02	4.978186037926201069e-01	3.290246464545344973e-01	7.550583503093510895e-02	4.272207813650634456e-02	3.045126018928786052e-02	9.087836558295137729e-03	1.508027621010605591e-02
2.322129702554535982e+02	4.961237375525935911e-01	3.272526442078748654e-01	7.701812392501136695e-02	4.371738279507172281e-02	3.078413502767397489e-02	9.230698186132403615e-03	1.556381467792716800e-02
2.370507404691088880e+02	4.944088458056200563e-01	3.255176584496521364e-01	7.852288256837657021e-02	4.470612282489961481e-02	3.111683688273698262e-02	9.373226868636523948e-03	1.604496297236316857e-02
2.418885106827641494e+02	4.926763613645859241e-01	3.238173771410655655e-01	8.002005995757503765e-02	4.568832333909689930e-02	3.144925483720412834e-02	9.515413067101829644e-03	1.652374666565570652e-02
2.467262808964194392e+02	4.909285221253180120e-01	3.221496654659943837e-01	8.150961272775254784e-02	4.666401151749443449e-02	3.178128652070458249e-02	9.657248004011846632e-03	1.700019001100929600e-02
2.515640511100747290e+02	4.891673863132340316e-01	3.205125520122835692e-01	8.299150453534639982e-02	4.763321639644739480e-02	3.211283747796151583e-02	9.798723605382746171e-03	1.747431603162944574e-02
2.564018213237300188e+02	4.873948465394554175e-01	3.189042160318661390e-01	8.446570548909158871e-02	4.859596867613846793e-02	3.244382058453839507e-02	9.939832447568602847e-03	1.794614660362649911e-02
2.612395915373852517e+02	4.856126427593339678e-01	3.173229756954903946e-01	8.593219162557048929e-02	4.955230054397824491e-02	3.277415550650911863e-02	1.008056770818113040e-02	1.841570253322177483e-02
2.660773617510405415e+02	4.838223742190864707e-01	3.157672772643968506e-01	8.739094442582755196e-02	5.050224551280842189e-02	3.310376820070146109e-02	1.022092312080364988e-02	1.888300362866065715e-02
2.709151319646958882e+02	4.820255104695412296e-01	3.142356851073531132e-01	8.884195036984215976e-02	5.144583827271610038e-02	3.343259045242097383e-02	1.036089293320401408e-02	1.934806876720758170e-02
2.757529021783511780e+02	4.802234015198316164e-01	3.127268724970428404e-01	9.028520052590315037e-02	5.238311455536216049e-02	3.376055944780080587e-02	1.050047186877421830e-02	1.981091595757039289e-02
2.805906723920064678e+02	4.784172871981864361e-01	3.112396131249614006e-01	9.172069017215968290e-02	5.331411100981368889e-02	3.408761737814210852e-02	1.063965509094565685e-02	2.027156239807627325e-02
2.854284426056617008e+02	4.766083057817225299e-01	3.097727732787176058e-01	9.314841844783530722e-02	5.423886508895085778e-02	3.441371107381252514e-02	1.077843817034858029e-02	2.073002453089786701e-02
2.902662128193169337e+02	4.747975019523134055e-01	3.083253046300246658e-01	9.456838803178878317e-02	5.515741494559239788e-02	3.473879166545713187e-02	1.091681705450231639e-02	2.118631809260654655e-02
2.951039830329722804e+02	4.729858341311508618e-01	3.068962375856986169e-01	9.598060484628591349e-02	5.606979933755213558e-02	3.506281427044850157e-02	1.105478803983945234e-02	2.164045816130967526e-02
2.999417532466276270e+02	4.711741812405081942e-01	3.054846751577076636e-01	9.738507778401328530e-02	5.697605754090152158e-02	3.538573770266188745e-02	1.119234774588254676e-02	2.209245920061007895e-02
3.047795234602828600e+02	4.693633489374270940e-01	3.040897873117450745e-01	9.878181845651885784e-02	5.787622927077110818e-02	3.570752420380818304e-02	1.132949309140605237e-02	2.254233510060879575e-02
3.096172936739380930e+02	4.675540753605584299e-01	3.027108057569659061e-01	1.001708409624056245e-01	5.877035460907697323e-02	3.602813919469295689e-02	1.146622127242918204e-02	2.299009921615610338e-02
3.144550638875934396e+02	4.657470364281679487e-01	3.013470191424410527e-01	1.015521616737356803e-01	5.965847393860711917e-02	3.634755104489471172e-02	1.160252974189744483e-02	2.343576440254122040e-02
3.192928341012487294e+02	4.639428507223500864e-01	2.999977686285748568e-01	1.029257990392222072e-01	6.054062788294808234e-02	3.666573085947099492e-02	1.173841619092171398e-02	2.387934304879726563e-02
3.241306043149040192e+02	4.621420839917572687e-01	2.986624438042096430e-01	1.042917734028979138e-01	6.141685725177341293e-02	3.698265228140752703e-02	1.187387853145385752e-02	2.432084710878557737e-02
3.289683745285592522e+02	4.603452533026301530e-01	2.973404789224271538e-01	1.056501068370512830e-01	6.228720299105412056e-02	3.729829130862351294e-02	1.200891488028740968e-02	2.476028813021155864e-02
3.338061447422145420e+02	4.585528308655880680e-01	2.960313494301637927e-01	1.070008229883156470e-01	6.315170613778624265e-02	3.761262612443733860e-02	1.214352354428044345e-02	2.519767728171357427e-02
3.386439149558698318e+02	4.567652475634951803e-01	2.947345687687005222e-01	1.083439469358838808e-01	6.401040777886328470e-02	3.792563694048021322e-02	1.227770300670582605e-02	2.563302537815620105e-02
3.434816851695251216e+02	4.549828962037415492e-01	2.934496854238770047e-01	1.096795050609012390e-01	6.486334901375113982e-02	3.823730585112278951e-02	1.241145191464138216e-02	2.606634290424996239e-02
3.483194553831804114e+02	4.532061345164566935e-01	2.921762802065337450e-01	1.110075249261629621e-01	6.571057092065042682e-02	3.854761669855102241e-02	1.254476906731936438e-02	2.649764003661086650e-02
3.531572255968357013e+02	4.514352879184919121e-01	2.909139637452053395e-01	1.123280351653115627e-01	6.655211452585685361e-02	3.885655494769324481e-02	1.267765340536085826e-02	2.692692666436526799e-02
3.579949958104909342e+02	4.496706520614597302e-01	2.896623741744948632e-01	1.136410653807915366e-01	6.738802077605308971e-02	3.916410757026141110e-02	1.281010400082654987e-02	2.735421240839797791e-02
3.628327660241463377e+02	4.479124951806914834e-01	2.884211750038485067e-01	1.149466460498769077e-01	6.821833051328761444e-02	3.947026293722523393e-02	1.294212004802064268e-02	2.777950663933476463e-02
3.676705362378016275e+02	4.461610602606566056e-01	2.871900531526486167e-01	1.162448084381411118e-01	6.904308445241522096e-02	3.977501071908998848e-02	1.307370085498959708e-02	2.820281849434401120e-02
3.725083064514568036e+02	4.444165670311740479e-01	2.859687171386368632e-01	1.175355845197871701e-01	6.986232316079246663e-02	4.007834179339637981e-02	1.320484583566194046e-02	2.862415689283632006e-02
3.773460766651120935e+02	4.426792138076274807e-01	2.847568954076977188e-01	1.188190069043021241e-01	7.067608704003779108e-02	4.038024815890505631e-02	1.333555450257954342e-02	2.904353055113544080e-02
3.821838468787673833e+02	4.409491791873649258e-01	2.835543347939645242e-01	1.200951087689414304e-01	7.148441630968184468e-02	4.068072285596904814e-02	1.346582646017465204e-02	2.946094799618876117e-02
3.870216170924226162e+02	4.392266236135109470e-01	2.823607991000733342e-01	1.213639237965873502e-01	7.228735099254708640e-02	4.097975989263510227e-02	1.359566139855049142e-02	2.987641757838088025e-02
3.918593873060780197e+02	4.375116908165447849e-01	2.811760677881841031e-01	1.226254861185613471e-01	7.308493090170951889e-02	4.127735417604944113e-02	1.372505908772655644e-02	3.028994748350945232e-02
3.966971575197332527e+02	4.358045091431882456e-01	2.799999347731201849e-01	1.238798302620030545e-01	7.387719562890680824e-02	4.157350144877585557e-02	1.385401937231273140e-02	3.070154574397834096e-02
4.015349277333884856e+02	4.341051927814024158e-01	2.788322073096539677e-01	1.251269911014586400e-01	7.466418453426848512e-02	4.186819822966324212e-02	1.398254216657914342e-02	3.111122024925941365e-02
4.063726979470438323e+02	4.324138428896047714e-01	2.776727049665878022e-01	1.263670038143494267e-01	7.544593673725381866e-02	4.216144175892746343e-02	1.411062744989126198e-02	3.151897875567079982e-02
4.112104681606991221e+02	4.307305486375864745e-01	2.765212586808535877e-01	1.275999038400172092e-01	7.622249110869254440e-02	4.245322994713734976e-02	1.423827526248208977e-02	3.192482889551606640e-02
4.160482383743544119e+02	4.290553881660235658e-01	2.753777098853835148e-01	1.288257268420664459e-01	7.699388626383212031e-02	4.274356132781815393e-02	1.436548570153553354e-02	3.232877818562596844e-02
4.208860085880095880e+02	4.273884294709389686e-01	2.742419097049926813e-01	1.300445086737452849e-01	7.776016055630280421e-02	4.303243501340726918e-02	1.449225891755697056e-02	3.273083403534134128e-02
4.257237788016648778e+02	4.257297312189757266e-01	2.731137182149626641e-01	1.312562853461277379e-01	7.852135207291986718e-02	4.331985065431701726e-02	1.461859511100897964e-02	3.313100375397336206e-02
4.305615490153201677e+02	4.240793434988834876e-01	2.719930037574322390e-01	1.324610929988775110e-01	7.927749862924811375e-02	4.360580840087745214e-02	1.474449452919186949e-02	3.352929455777470258e-02
4.353993192289755143e+02	4.224373085142000273e-01	2.708796423110801377e-01	1.336589678733918207e-01	8.002863776586055522e-02	4.389030886794949293e-02	1.486995746335021372e-02	3.392571357645318697e-02
4.402370894426308041e+02	4.208036612217190275e-01	2.697735169099407804e-01	1.348499462881380395e-01	8.077480674522853621e-02	4.417335310201399995e-02	1.499498424598807132e-02	3.432026785925702816e-02
4.450748596562860939e+02	4.191784299199775021e-01	2.686745171075163308e-01	1.360340646160122791e-01	8.151604254918602688e-02	4.445494255055724292e-02	1.511957524837694543e-02	3.471296438065923223e-02
4.499126298699413837e+02	4.175616367916666349e-01	2.675825384826482356e-01	1.372113592635609280e-01	8.225238187691519265e-02	4.473507903358635296e-02	1.524373087824170553e-02	3.510381004566655305e-02
4.547504000835967304e+02	4.159532984035633763e-01	2.664974821838889674e-01	1.383818666519193719e-01	8.298386114340515485e-02	4.501376471712091598e-02	1.536745157761090774e-02	3.549281169477699199e-02
4.595881702972519065e+02	4.143534261673001984e-01	2.654192545093675415e-01	1.395456231993331686e-01	8.371051647833963050e-02	4.529100208851818271e-02	1.549073782081894675e-02	3.587997610860799158e-02
4.644259405109071963e+02	4.127620267640320639e-01	2.643477665193781356e-01	1.407026653051375864e-01	8.443238372537301140e-02	4.556679393350007712e-02	1.561359011264851215e-02	3.626531001221625777e-02
4.692637107245624861e+02	4.111791025358189078e-01	2.632829336791366326e-01	1.418530293350812876e-01	8.514949844175778715e-02	4.584114331475981630e-02	1.573600898660262523e-02	3.664882007912866752e-02
4.741014809382177759e+02	4.096046518463237196e-01	2.622246755293504150e-01	1.429967516078884116e-01	8.586189589828921442e-02	4.611405355203509332e-02	1.585799500329646353e-02	3.703051293510235126e-02
4.789392511518730657e+02	4.080386694132228653e-01	2.611729153824303706e-01	1.441338683829621325e-01	8.656961107953639600e-02	4.638552820354307354e-02	1.597954874895984173e-02	3.741039516163108952e-02
4.837770213655284124e+02	4.064811466145369923e-01	2.601275800423418216e-01	1.452644158491396831e-01	8.727267868433111198e-02	4.665557104868027494e-02	1.610067083404202390e-02	3.778847329921386500e-02
4.886147915791837022e+02	4.049320717709206097e-01	2.590885995462511304e-01	1.463884301144164901e-01	8.797113312648857653e-02	4.692418607189742519e-02	1.622136189191107289e-02	3.816475385040048879e-02
4.934525617928388783e+02	4.033914304057869549e-01	2.580559069262647331e-01	1.475059471965632085e-01	8.866500853573615337e-02	4.719137744766599418e-02	1.634162257764066456e-02	3.853924328262816473e-02
4.982903320064942250e+02	4.018592054850002593e-01	2.570294379896926329e-01	1.486170030145651799e-01	8.935433875882854704e-02	4.745714952645938012e-02	1.646145356687772621e-02	3.891194803086215487e-02
5.031281022201495148e+02	4.003353776377305273e-01	2.560091311163911754e-01	1.497216333808201183e-01	9.003915736082943044e-02	4.772150682167715374e-02	1.658085555478490056e-02	3.928287450005257114e-02
5.079658724338048046e+02	3.988199253599433169e-01	2.549949270718504524e-01	1.508198739940335986e-01	9.071949762654142602e-02	4.798445399744613593e-02	1.669982925505212462e-02	3.965202906741891603e-02
5.128036426474600376e+02	3.973128252018797713e-01	2.539867688347983155e-01	1.519117604327578641e-01	9.139539256206802298e-02	4.824599585723685080e-02	1.681837539897227535e-02	4.001941808457293998e-02
5.176414128611153274e+02	3.958140519407786218e-01	2.529846014381877395e-01	1.529973281495231596e-01	9.206687489649224843e-02	4.850613733323844157e-02	1.693649473457601098e-02	4.038504787948987013e-02
5.224791830747705035e+02	3.943235787399928527e-01	2.519883718225224278e-01	1.540766124655144342e-01	9.273397708365826997e-02	4.876488347643916088e-02	1.705418802582142623e-02	4.074892475833746808e-02
5.273169532884259070e+02	3.928413772955631766e-01	2.509980287005584842e-01	1.551496485657511137e-01	9.339673130404364809e-02	4.902223944736347483e-02	1.717145605183451398e-02	4.111105500717165268e-02
5.321547235020811968e+02	3.913674179712294254e-01	2.500135224324930294e-01	1.562164714947291422e-01	9.405516946671055312e-02	4.927821050742033082e-02	1.728829960619659295e-02	4.147144489350700070e-02
5.369924937157364866e+02	3.899016699227824123e-01	2.490348049108228601e-01	1.572771161524894878e-01	9.470932321132576048e-02	4.953280201082041478e-02	1.740471949627529422e-02	4.183010066776981367e-02
5.418302639293917764e+02	3.884441012125898207e-01	2.480618294541168944e-01	1.583316172910792241e-01	9.535922391023986255e-02	4.978601939702326923e-02	1.752071654259589745e-02	4.218702856464107837e-02
5.466680341430470662e+02	3.869946789150635058e-01	2.470945507090076820e-01	1.593800095113735160e-01	9.600490267061730087e-02	5.003786818367791239e-02	1.763629157825005039e-02	4.254223480429610016e-02
5.515058043567023560e+02	3.855533692137761981e-01	2.461329245597606019e-01	1.604223272602304795e-01	9.664639033660915590e-02	5.028835396002329095e-02	1.775144544833915511e-02	4.289572559354718623e-02
5.563435745703576458e+02	3.841201374908804755e-01	2.451769080448289173e-01	1.614586048279521568e-01	9.728371749156186632e-02	5.053748238071728571e-02	1.786617900944992635e-02	4.324750712689540838e-02
5.611813447840129356e+02	3.826949484094316900e-01	2.442264592798499001e-01	1.624888763460271279e-01	9.791691446025545253e-02	5.078525916006504382e-02	1.798049312915975945e-02	4.359758558749711466e-02
5.660191149976681118e+02	3.812777659891688486e-01	2.432815373865796493e-01	1.635131757851323864e-01	9.854601131116533241e-02	5.103169006661980450e-02	1.809438868556976013e-02	4.394596714805035220e-02
5.708568852113234016e+02	3.798685536762661519e-01	2.423421024273026136e-01	1.645315369533739414e-01	9.917103785874253896e-02	5.127678091813105132e-02	1.820786656686353491e-02	4.429265797160634316e-02
5.756946554249786914e+02	3.784672744075251449e-01	2.414081153442896310e-01	1.655439934947466885e-01	9.979202366570770477e-02	5.152053757681663432e-02	1.832092767088977156e-02	4.463766421231053771e-02
5.805324256386339812e+02	3.770738906694436343e-01	2.404795379039097181e-01	1.665505788877962301e-01	1.004089980453544140e-01	5.176296594493730308e-02	1.843357290476706559e-02	4.498099201607771991e-02
5.853701958522892710e+02	3.756883645525607163e-01	2.395563326450332597e-01	1.675513264444661587e-01	1.010219900638581469e-01	5.200407196065334747e-02	1.854580318450931714e-02	4.532264752120523238e-02
5.902079660659445608e+02	3.743106578014477326e-01	2.386384628313915346e-01	1.685462693091162034e-01	1.016310285425873622e-01	5.224386159414479147e-02	1.865761943467032086e-02	4.566263685892819196e-02
5.950457362795999643e+02	3.729407318606871025e-01	2.377258924075842106e-01	1.695354404576971119e-01	1.022361420604135651e-01	5.248234084397753602e-02	1.876902258800619561e-02	4.600096615392040150e-02
5.998835064932552541e+02	3.715785479171503924e-01	2.368185859584502340e-01	1.705188726970697510e-01	1.028373589560176021e-01	5.271951573369943606e-02	1.888001358515440861e-02	4.633764152474429548e-02
6.047212767069104302e+02	3.702240669388676131e-01	2.359165086715397930e-01	1.714965986644564344e-01	1.034347073301898068e-01	5.295539230865104613e-02	1.899059337432827330e-02	4.667266908425320160e-02
6.095590469205657200e+02	3.688772497107526416e-01	2.350196263024458831e-01	1.724686508270142360e-01	1.040282150481214724e-01	5.318997663297712203e-02	1.910076291102586615e-02	4.700605493994891582e-02
6.143968171342210098e+02	3.675380568674325721e-01	2.341279051427720415e-01	1.734350614815197700e-01	1.046179097416861242e-01	5.342327478682577790e-02	1.921052315775236344e-02	4.733780519429740818e-02
6.192345873478761860e+02	3.662064489234062026e-01	2.332413119905313581e-01	1.743958627541565276e-01	1.052038188117084133e-01	5.365529286372311413e-02	1.931987508375495807e-02	4.766792594500542796e-02
6.240723575615315895e+02	3.648823863007417123e-01	2.323598141227867231e-01	1.753510866003963053e-01	1.057859694302193815e-01	5.388603696811203325e-02	1.942881966476942696e-02	4.799642328526045748e-02
6.289101277751868793e+02	3.635658293545059871e-01	2.314833792703581139e-01	1.763007648049667586e-01	1.063643885426964891e-01	5.411551321304461371e-02	1.953735788277768948e-02	4.832330330393635326e-02
6.337478979888421691e+02	3.622567383961033949e-01	2.306119755944357752e-01	1.772449289818984475e-01	1.069391028702874891e-01	5.434372771801831981e-02	1.964549072577556968e-02	4.864857208576703340e-02
6.385856682024975726e+02	3.609550737146876576e-01	2.297455716649505764e-01	1.781836105746438526e-01	1.075101389120168976e-01	5.457068660694675694e-02	1.975321918755010980e-02	4.897223571149014743e-02
6.434234384161527487e+02	3.596607955967983106e-01	2.288841364405651280e-01	1.791168408562631431e-01	1.080775229469741056e-01	5.479639600625651336e-02	1.986054426746586277e-02	4.929430025796290027e-02
6.482612086298080385e+02	3.583738643443604710e-01	2.280276392501590088e-01	1.800446509296704800e-01	1.086412810364826703e-01	5.502086204310209505e-02	1.996746697025957029e-02	4.961477179825166117e-02
6.530989788434633283e+02	3.570942402911764235e-01	2.271760497756921959e-01	1.809670717279361074e-01	1.092014390262496804e-01	5.524409084369149431e-02	2.007398830584269586e-02	4.993365640169734193e-02
6.579367490571185044e+02	3.558218838180276511e-01	2.263293380363393392e-01	1.818841340146390151e-01	1.097580225484950378e-01	5.546608853171551556e-02	2.018010928911136148e-02	5.025096013395801559e-02
6.627745192707737942e+02	3.545567553664961125e-01	2.254874743737956821e-01	1.827958683842662579e-01	1.103110570240598554e-01	5.568686122687430823e-02	2.028583093976320251e-02	5.056668905703042699e-02
6.676122894844290840e+02	3.532988154516056301e-01	2.246504294386640621e-01	1.837023052626545194e-01	1.108605676644938975e-01	5.590641504349516677e-02	2.039115428212075545e-02	5.088084922925185938e-02
6.724500596980843738e+02	3.520480246733752594e-01	2.238181741778385025e-01	1.846034749074702275e-01	1.114065794741214560e-01	5.612475608923583187e-02	2.049608034496096937e-02	5.119344670528362673e-02
6.772878299117396637e+02	3.508043437273719034e-01	2.229906798228070974e-01	1.854994074087250588e-01	1.119491172520855338e-01	5.634189046386813005e-02	2.060061016135050424e-02	5.150448753607768382e-02
6.821256001253949535e+02	3.495677334143387771e-01	2.221679178788026621e-01	1.863901326893233068e-01	1.124882055943702969e-01	5.655782425813696279e-02	2.070474476848646952e-02	5.181397776882738782e-02
6.869633703390502433e+02	3.483381546489742187e-01	2.213498601147355360e-01	1.872756805056385032e-01	1.130238688958014881e-01	5.677256355269014870e-02	2.080848520754230088e-02	5.212192344690365353e-02
6.918011405527055331e+02	3.471155684679264608e-01	2.205364785538476147e-01	1.881560804481163252e-01	1.135561313520247056e-01	5.698611441707459452e-02	2.091183252351849764e-02	5.242833060977758475e-02
6.966389107663608229e+02	3.458999360370672571e-01	2.197277454650316542e-01	1.890313619419015656e-01	1.140850169614616855e-01	5.719848290879504110e-02	2.101478776509793991e-02	5.273320529293060166e-02
7.014766809800161127e+02	3.446912186581002624e-01	2.189236333547643909e-01	1.899015542474866980e-01	1.146105495272444624e-01	5.740967507243145695e-02	2.111735198450555642e-02	5.303655352775298731e-02
7.063144511936714025e+02	3.434893777745572363e-01	2.181241149596056528e-01	1.907666864613799529e-01	1.151327526591274519e-01	5.761969693881159593e-02	2.121952623737210011e-02	5.333838134143181059e-02
7.111522214073266923e+02	3.422943749772303645e-01	2.173291632392200801e-01	1.916267875167914081e-01	1.156516497753776324e-01	5.782855452423544401e-02	2.132131158260183387e-02	5.363869475682905841e-02
7.159899916209819821e+02	3.411061720090852178e-01	2.165387513698802946e-01	1.924818861843343443e-01	1.161672641046428006e-01	5.803625382974845343e-02	2.142270908224391118e-02	5.393749979235074737e-02
7.208277618346371582e+02	3.399247307696953713e-01	2.157528527384150463e-01	1.933320110727413388e-01	1.166796186877981367e-01	5.824280084046069145e-02	2.152371980136729562e-02	5.423480246180784753e-02
7.256655320482924481e+02	3.387500133192367091e-01	2.149714409365673651e-01	1.941771906295927663e-01	1.171887363797710635e-01	5.844820152490915605e-02	2.162434480793900063e-02	5.453060877426964964e-02
7.305033022619478515e+02	3.375819818820761098e-01	2.141944897557312710e-01	1.950174531420568180e-01	1.176946398513448178e-01	5.865246183446085060e-02	2.172458517270555931e-02	5.482492473391031157e-02
7.353410724756030277e+02	3.364205988499872624e-01	2.134219731820377608e-01	1.958528267376393461e-01	1.181973515909406358e-01	5.885558770275401558e-02	2.182444196907749878e-02	5.511775633984913880e-02
7.401788426892584312e+02	3.352658267850227025e-01	2.126538653917634525e-01	1.966833393849429235e-01	1.186968939063790113e-01	5.905758504517556046e-02	2.192391627301675319e-02	5.540910958598530694e-02
7.450166129029136073e+02	3.341176284220694903e-01	2.118901407470363263e-01	1.975090188944332581e-01	1.191932889266200113e-01	5.925845975837236435e-02	2.202300916292682445e-02	5.569899046082744942e-02
7.498543831165690108e+02	3.329759666711142319e-01	2.111307737918165783e-01	1.983298929192129079e-01	1.196865586034829981e-01	5.945821771979468984e-02	2.212172171954561450e-02	5.598740494731874878e-02
7.546921533302243006e+02	3.318408046192402039e-01	2.103757392481307442e-01	1.991459889558003793e-01	1.201767247133459782e-01	5.965686478726970471e-02	2.222005502584080069e-02	5.627435902265796180e-02
7.595299235438793630e+02	3.307121055323783976e-01	2.096250120125399685e-01	1.999573343449146667e-01	1.206638088588247726e-01	5.985440679860348084e-02	2.231801016690763972e-02	5.655985865811687108e-02
7.643676937575347665e+02	3.295898328568317437e-01	2.088785671528245735e-01	2.007639562722637605e-01	1.211478324704322040e-01	6.005084957120982586e-02	2.241558822986912392e-02	5.684390981885457939e-02
7.692054639711900563e+02	3.284739502205911155e-01	2.081363799048680241e-01	2.015658817693370131e-01	1.216288168082177296e-01	6.024619890176448334e-02	2.251279030377836138e-02	5.712651846372909098e-02
7.740432341848452324e+02	3.273644214344599290e-01	2.073984256697254114e-01	2.023631377142001142e-01	1.221067829633875612e-01	6.044046056588309179e-02	2.260961747952315234e-02	5.740769054510652669e-02
7.788810043985006359e+02	3.262612104930026624e-01	2.066646800108621340e-01	2.031557508322925643e-01	1.225817518599056077e-01	6.063364031782182001e-02	2.270607084973262635e-02	5.768743200866835452e-02
7.837187746121558121e+02	3.251642815753313376e-01	2.059351186515499532e-01	2.039437476972268404e-01	1.230537442560755840e-01	6.082574389019917982e-02	2.280215150868588822e-02	5.796574879321697571e-02
7.885565448258112156e+02	3.240735990457436211e-01	2.052097174724083761e-01	2.047271547315888951e-01	1.235227807461043020e-01	6.101677699373796865e-02	2.289786055222258268e-02	5.824264683048002711e-02
7.933943150394665054e+02	3.229891274542242008e-01	2.044884525090804595e-01	2.055059982077392933e-01	1.239888817616467409e-01	6.120674531702619686e-02	2.299319907765536714e-02	5.851813204491355946e-02
7.982320852531219089e+02	3.219108315368208184e-01	2.037712999500327915e-01	2.062803042486146821e-01	1.244520675733328807e-01	6.139565452629591052e-02	2.308816818368414694e-02	5.879221035350457730e-02
8.030698554667769713e+02	3.208386762159053385e-01	2.030582361344701603e-01	2.070500988285296773e-01	1.249123582922765374e-01	6.158351026521893812e-02	2.318276897031208358e-02	5.906488766557304454e-02
8.079076256804323748e+02	3.197726266003292350e-01	2.023492375503565255e-01	2.078154077739776673e-01	1.253697738715667531e-01	6.177031815471867998e-02	2.327700253876327507e-02	5.933616988257364028e-02
8.127453958940876646e+02	3.187126479854818784e-01	2.016442808325341618e-01	2.085762567644314225e-01	1.258243341077416588e-01	6.195608379279697597e-02	2.337086999140210175e-02	5.960606289789754236e-02
8.175831661077428407e+02	3.176587058532604479e-01	2.009433427609336742e-01	2.093326713331425115e-01	1.262760586422453091e-01	6.214081275437529500e-02	2.346437243165411940e-02	5.987457259667443299e-02
8.224209363213982442e+02	3.166107658719580775e-01	2.002464002588680014e-01	2.100846768679393850e-01	1.267249669628674746e-01	6.232451059114942765e-02	2.355751096392853447e-02	6.014170485557487206e-02
8.272587065350534203e+02	3.155687938960779482e-01	1.995534303914043572e-01	2.108322986120240994e-01	1.271710784051668930e-01	6.250718283145698106e-02	2.365028669354216420e-02	6.040746554261330892e-02
8.320964767487085965e+02	3.145327559660786032e-01	1.988644103638082250e-01	2.115755616647670423e-01	1.276144121538782539e-01	6.268883498015695444e-02	2.374270072664482964e-02	6.067186051695185045e-02
8.369342469623640000e+02	3.135026183080572015e-01	1.981793175200540214e-01	2.123144909824997706e-01	1.280549872443027815e-01	6.286947251852074980e-02	2.383475417014619888e-02	6.093489562870502141e-02
8.417720171760191761e+02	3.124783473333756501e-01	1.974981293413977379e-01	2.130491113793058222e-01	1.284928225636829680e-01	6.304910090413404222e-02	2.392644813164399725e-02	6.119657671874552396e-02
8.466097873896745796e+02	3.114599096382344445e-01	1.968208234450069261e-01	2.137794475278089468e-01	1.289279368525617642e-01	6.322772557080881539e-02	2.401778371935354636e-02	6.145690961851135725e-02
8.514475576033297557e+02	3.104472720031989930e-01	1.961473775826435839e-01	2.145055239599589214e-01	1.293603487061261992e-01	6.340535192850521584e-02	2.410876204203862838e-02	6.171590014981421374e-02
8.562853278169851592e+02	3.094404013926827512e-01	1.954777696393968645e-01	2.152273650678148686e-01	1.297900765755357899e-01	6.358198536326245542e-02	2.419938420894362369e-02	6.197355412464939511e-02
8.611230980306403353e+02	3.084392649543905573e-01	1.948119776324610253e-01	2.159449951043255211e-01	1.302171387692359072e-01	6.375763123713848457e-02	2.428965132972689747e-02	6.222987734500737278e-02
8.659608682442956251e+02	3.074438300187257722e-01	1.941499797099563163e-01	2.166584381841069051e-01	1.306415534542565149e-01	6.393229488815788120e-02	2.437956451439539027e-02	6.248487560268699281e-02
8.707986384579510286e+02	3.064540640981652242e-01	1.934917541497891968e-01	2.173677182842166100e-01	1.310633386574962256e-01	6.410598163026752505e-02	2.446912487324041929e-02	6.273855467911057526e-02
8.756364086716062047e+02	3.054699348866041220e-01	1.928372793585491352e-01	2.180728592449254488e-01	1.314825122669919522e-01	6.427869675329965504e-02	2.455833351677461779e-02	6.299092034514081062e-02
8.804741788852616082e+02	3.044914102586739890e-01	1.921865338704398241e-01	2.187738847704855660e-01	1.318990920331747085e-01	6.445044552294186546e-02	2.464719155567001926e-02	6.324197836089977265e-02
8.853119490989170117e+02	3.035184582690364508e-01	1.915394963462419831e-01	2.194708184298953257e-01	1.323130955701110056e-01	6.462123318071383293e-02	2.473570010069727279e-02	6.349173447558983940e-02
8.901497193125721878e+02	3.025510471516548172e-01	1.908961455723058309e-01	2.201636836576611189e-01	1.327245403567309801e-01	6.479106494395021898e-02	2.482386026266592688e-02	6.374019442731687635e-02
8.949874895262273640e+02	3.015891453190456817e-01	1.902564604595710640e-01	2.208525037545553404e-01	1.331334437380427282e-01	6.495994600578959555e-02	2.491167315236576807e-02	6.398736394291551499e-02
8.998252597398827675e+02	3.006327213615131999e-01	1.896204200426127862e-01	2.215373018883713130e-01	1.335398229263334846e-01	6.512788153516886613e-02	2.499913988050924546e-02	6.423324873777677690e-02
9.046630299535379436e+02	2.996817440463667159e-01	1.889880034787110308e-01	2.222181010946744639e-01	1.339436950023574491e-01	6.529487667682321028e-02	2.508626155767487015e-02	6.447785451567789039e-02
9.095008001671932334e+02	2.987361823171245101e-01	1.883591900469431812e-01	2.228949242775500050e-01	1.343450769165107639e-01	6.546093655129094080e-02	2.517303929425165898e-02	6.472118696861456355e-02
9.143385703808486369e+02	2.977960052927044465e-01	1.877339591472969582e-01	2.235677942103470872e-01	1.347439854899938616e-01	6.562606625492316270e-02	2.525947420038453586e-02	6.496325177663557493e-02
9.191763405945038130e+02	2.968611822666035183e-01	1.871122902998032522e-01	2.242367335364192082e-01	1.351404374159609068e-01	6.579027085989810897e-02	2.534556738592070799e-02	6.520405460767986217e-02
9.240141108081592165e+02	2.959316827060674004e-01	1.864941631436872194e-01	2.249017647698610955e-01	1.355344492606572193e-01	6.595355541423961188e-02	2.543131996035699963e-02	6.544360111741598374e-02
9.288518810218145063e+02	2.950074762512510107e-01	1.858795574365366687e-01	2.255629102962417587e-01	1.359260374645441249e-01	6.611592494183966828e-02	2.551673303278810534e-02	6.568189694908421750e-02
9.336896512354697961e+02	2.940885327143714090e-01	1.852684530534864926e-01	2.262201923733339337e-01	1.363152183434118980e-01	6.627738444248502947e-02	2.560180771185575563e-02	6.591894773334100455e-02
9.385274214491247449e+02	2.931748220788541470e-01	1.846608299864185010e-01	2.268736331318398636e-01	1.367020080894807976e-01	6.643793889188727431e-02	2.568654510569877772e-02	6.615475908810614092e-02
9.433651916627801484e+02	2.922663144984740113e-01	1.840566683431751061e-01	2.275232545761131098e-01	1.370864227724904738e-01	6.659759324171642125e-02	2.577094632190406187e-02	6.638933661841235623e-02
9.482029618764355519e+02	2.913629802964904925e-01	1.834559483467868846e-01	2.281690785848768943e-01	1.374684783407775224e-01	6.675635241963780164e-02	2.585501246745835688e-02	6.662268591625761238e-02
9.530407320900908417e+02	2.904647899647794795e-01	1.828586503347126302e-01	2.288111269119385283e-01	1.378481906223419373e-01	6.691422132935213873e-02	2.593874464870094335e-02	6.685481256045984477e-02
9.578785023037459041e+02	2.895717141629619018e-01	1.822647547580913130e-01	2.294494211869000933e-01	1.382255753259021558e-01	6.707120485063843007e-02	2.602214397127715004e-02	6.708572211651447903e-02
9.627162725174014213e+02	2.886837237175288728e-01	1.816742421810053632e-01	2.300839829158653482e-01	1.386006480419390563e-01	6.722730783939974419e-02	2.610521154009266820e-02	6.731542013645448741e-02
9.675540427310568248e+02	2.878007896209658911e-01	1.810870932797545851e-01	2.307148334821428337e-01	1.389734242437289102e-01	6.738253512771161247e-02	2.618794845926868814e-02	6.754391215871299869e-02
9.723918129447120009e+02	2.869228830308747646e-01	1.805032888421403692e-01	2.313419941469453400e-01	1.393439192883656752e-01	6.753689152387293282e-02	2.627035583209783726e-02	6.777120370798864202e-02
9.772295831583674044e+02	2.860499752690948694e-01	1.799228097667592008e-01	2.319654860500853510e-01	1.397121484177724915e-01	6.769038181245923269e-02	2.635243476100089868e-02	6.799730029511343032e-02
9.820673533720223531e+02	2.851820378208240192e-01	1.793456370623056906e-01	2.325853302106670462e-01	1.400781267597028257e-01	6.784301075437823569e-02	2.643418634748430016e-02	6.822220741692335000e-02
9.869051235856777566e+02	2.843190423337391137e-01	1.787717518468838751e-01	2.332015475277742222e-01	1.404418693287310393e-01	6.799478308692745443e-02	2.651561169209835575e-02	6.844593055613147625e-02
9.917428937993331601e+02	2.834609606171172858e-01	1.782011353473269000e-01	2.338141587811546074e-01	1.408033910272328548e-01	6.814570352385389274e-02	2.659671189439625355e-02	6.866847518120375304e-02
9.965806640129884499e+02	2.826077646409576594e-01	1.776337688985248353e-01	2.344231846319004275e-01	1.411627066463557179e-01	6.829577675541562143e-02	2.667748805289381006e-02	6.888984674623740978e-02
