2.370507404691088880e+02	5.015739542952653007e-01	3.178147592624415152e-01	7.894245750991479849e-02	4.399462053576769921e-02	3.161680097566724884e-02	9.811099396205426315e-03	1.624382565692708558e-02
2.418885106827641494e+02	4.994317281236018147e-01	3.165187007995844959e-01	8.042895415798349823e-02	4.503814553912855595e-02	3.190787064397856976e-02	9.946021762331801186e-03	1.672609660558036296e-02
2.467262808964194392e+02	4.973017229614095092e-01	3.152298065461713317e-01	8.190717161681358716e-02	4.607131535512840742e-02	3.220191828461702738e-02	1.008042490673984569e-02	1.720515796130938843e-02
2.515640511100747290e+02	4.951838784294917417e-01	3.139480368360307305e-01	8.337715588203031825e-02	4.709440541977250733e-02	3.249860538716009550e-02	1.021432237625189039e-02	1.768111330145185831e-02
2.564018213237300188e+02	4.930781337633087791e-01	3.126733522227752582e-01	8.483895269722060983e-02	4.810767603702881950e-02	3.279761731232521543e-02	1.034772673349245234e-02	1.815405886603799201e-02
2.612395915373852517e+02	4.909844278659833416e-01	3.114057134785865877e-01	8.629260755504387925e-02	4.911137337105432599e-02	3.309866166148466016e-02	1.048064962552743354e-02	1.862408407450892242e-02
2.660773617510405415e+02	4.889026993575293356e-01	3.101450815930065774e-01	8.773816569835705959e-02	5.010573037134731511e-02	3.340146675723223990e-02	1.061310184781156900e-02	1.909127200690505927e-02
2.709151319646958882e+02	4.868328866205624550e-01	3.088914177717351772e-01	8.917567212135223131e-02	5.109096763538561320e-02	3.370578022744024488e-02	1.074509340376377485e-02	1.955569985194960739e-02
2.757529021783511780e+02	4.847749278427327946e-01	3.076446834354349402e-01	9.060517157070577254e-02	5.206729421300044375e-02	3.401136768575983849e-02	1.087663356026821911e-02	2.001743932428717149e-02
2.805906723920064678e+02	4.827287610561041276e-01	3.064048402185413078e-01	9.202670854673734857e-02	5.303490835644637108e-02	3.431801150199792483e-02	1.100773089937874538e-02	2.047655705298337056e-02
2.854284426056617008e+02	4.806943241736894579e-01	3.051718499680798335e-01	9.344032730457793590e-02	5.399399821985811920e-02	3.462550965625059429e-02	1.113839336648526912e-02	2.093311494324800320e-02
2.902662128193169337e+02	4.786715550233365812e-01	3.039456747424895133e-01	9.484607185534556228e-02	5.494474251153393107e-02	3.493367467109007724e-02	1.126862831518324164e-02	2.138717051321045726e-02
2.951039830329722804e+02	4.766603913791455649e-01	3.027262768104522217e-01	9.624398596732777755e-02	5.588731110225102217e-02	3.524233261649035998e-02	1.139844254907082868e-02	2.183877720745155265e-02
2.999417532466276270e+02	4.746607709905880657e-01	3.015136186497292536e-01	9.763411316716998078e-02	5.682186559260054420e-02	3.555132218253849452e-02	1.152784236068312915e-02	2.228798468887984927e-02
3.047795234602828600e+02	4.726726316094849722e-01	3.003076629460030844e-01	9.901649674106861865e-02	5.774855984212597104e-02	3.586049381531592611e-02	1.165683356775855731e-02	2.273483911043220479e-02
3.096172936739380930e+02	4.706959110149897541e-01	2.991083725917262348e-01	1.003911797359685193e-01	5.866754046285972690e-02	3.616970891164846685e-02	1.178542154701917033e-02	2.317938336797756294e-02
3.144550638875934396e+02	4.687305470367145732e-01	2.979157106849757986e-01	1.017582049607635569e-01	5.957894727967592841e-02	3.647883906871632331e-02	1.191361126563438705e-02	2.362165733570895099e-02
3.192928341012487294e+02	4.667764775761264473e-01	2.967296405283146310e-01	1.031176149874999948e-01	6.048291375971272948e-02	3.678776538478854830e-02	1.204140731052598216e-02	2.406169808522112472e-02
3.241306043149040192e+02	4.648336406263327003e-01	2.955501256276586997e-01	1.044694521525816738e-01	6.137956741296451968e-02	3.709637780760083325e-02	1.216881391566148121e-02	2.449954008938962438e-02
3.289683745285592522e+02	4.629019742903652812e-01	2.943771296911500968e-01	1.058137585579767836e-01	6.226903016600099372e-02	3.740457452713223663e-02	1.229583498747311050e-02	2.493521541209100384e-02
3.338061447422145420e+02	4.609814167980691435e-01	2.932106166280368797e-01	1.071505760724252437e-01	6.315141871063738310e-02	3.771226140975771773e-02	1.242247412853003663e-02	2.536875388473311399e-02
3.386439149558698318e+02	4.590719065216889438e-01	2.920505505475585739e-01	1.084799463326464875e-01	6.402684482925555254e-02	3.801935147095884815e-02	1.254873465958300516e-02	2.580018327049820107e-02
3.434816851695251216e+02	4.571733819902445428e-01	2.908968957578377812e-01	1.098019107445470516e-01	6.489541569836042301e-02	3.832576438396730067e-02	1.267461964009234873e-02	2.622952941714018840e-02
3.483194553831804114e+02	4.552857819027791852e-01	2.897496167647781729e-01	1.111165104844274026e-01	6.575723417184807518e-02	3.863142602189406638e-02	1.280013188734275241e-02	2.665681639911997650e-02
3.531572255968357013e+02	4.534090451405572431e-01	2.886086782709681997e-01	1.124237865001878889e-01	6.661239904536163381e-02	3.893626803106430695e-02	1.292527399424118172e-02	2.708206664980921524e-02
3.579949958104909342e+02	4.515431107782844067e-01	2.874740451745909642e-01	1.137237795125330686e-01	6.746100530301737952e-02	3.924022743343282688e-02	1.305004834588774885e-02	2.750530108444330588e-02
3.628327660241463377e+02	4.496879180944184928e-01	2.863456825683399765e-01	1.150165300161742760e-01	6.830314434769617360e-02	3.954324625609990235e-02	1.317445713500322094e-02	2.792653921445772264e-02
3.676705362378016275e+02	4.478434065806325415e-01	2.852235557383410169e-01	1.163020782810301884e-01	6.913890421601413816e-02	3.984527118608194307e-02	1.329850237629117381e-02	2.834579925379875423e-02
3.725083064514568036e+02	4.460095159504902651e-01	2.841076301630798273e-01	1.175804643534247573e-01	6.996836977901080279e-02	4.014625324861737649e-02	1.342218591980744516e-02	2.876309821775925590e-02
3.773460766651120935e+02	4.441861861473875295e-01	2.829978715123355748e-01	1.188517280572826407e-01	7.079162292952198565e-02	4.044614750740482823e-02	1.354550946340463830e-02	2.917845201485259193e-02
3.821838468787673833e+02	4.423733573518108253e-01	2.818942456461203117e-01	1.201159089953214160e-01	7.160874275713945136e-02	4.074491278528026561e-02	1.366847456431478230e-02	2.959187553220275768e-02
3.870216170924226162e+02	4.405709699879608587e-01	2.807967186136245408e-01	1.213730465502407679e-01	7.241980571159739588e-02	4.104251140394105102e-02	1.379108264992897660e-02	3.000338271489629699e-02
3.918593873060780197e+02	4.387789647297848372e-01	2.797052566521679440e-01	1.226231798859081790e-01	7.322488575536914568e-02	4.133890894141995648e-02	1.391333502782882148e-02	3.041298663971099547e-02
3.966971575197332527e+02	4.369972825064589728e-01	2.786198261861565495e-01	1.238663479485410113e-01	7.402405450620419547e-02	4.163407400610032172e-02	1.403523289512071531e-02	3.082069958360815487e-02
4.015349277333884856e+02	4.352258645073591725e-01	2.775403938260452841e-01	1.251025894678846617e-01	7.481738137028562385e-02	4.192797802614580543e-02	1.415677734712062277e-02	3.122653308734878175e-02
4.063726979470438323e+02	4.334646521865563873e-01	2.764669263673062427e-01	1.263319429583869002e-01	7.560493366664218506e-02	4.222059505329511103e-02	1.427796938543367082e-02	3.163049801456947058e-02
4.112104681606991221e+02	4.317135872668691476e-01	2.753993907894028981e-01	1.275544467203678367e-01	7.638677674340609014e-02	4.251190158004330283e-02	1.439880992546991451e-02	3.203260460663079345e-02
4.160482383743544119e+02	4.299726117435048178e-01	2.743377542547697501e-01	1.287701388411858217e-01	7.716297408646707878e-02	4.280187636929801837e-02	1.451929980343476603e-02	3.243286253352969939e-02
4.208860085880095880e+02	4.282416678873184890e-01	2.732819841077976930e-01	1.299790571963987951e-01	7.793358742103635717e-02	4.309050029566110357e-02	1.463943978283002885e-02	3.283128094114746987e-02
4.257237788016648778e+02	4.265206982477161568e-01	2.722320478738249339e-01	1.311812394509210833e-01	7.869867680659883846e-02	4.337775619754379725e-02	1.475923056049894058e-02	3.322786849508623658e-02
4.305615490153201677e+02	4.248096456552273303e-01	2.711879132581336838e-01	1.323767230601754497e-01	7.945830072569957936e-02	4.366362873937765232e-02	1.487867277224643424e-02	3.362263342132983113e-02
4.353993192289755143e+02	4.231084532237711082e-01	2.701495481449520120e-01	1.335655452712408153e-01	8.021251616698017728e-02	4.394810428323368823e-02	1.499776699806364133e-02	3.401558354394857570e-02
4.402370894426308041e+02	4.214170643526362614e-01	2.691169205964616951e-01	1.347477431239944290e-01	8.096137870285241567e-02	4.423117076920885654e-02	1.511651376698373329e-02	3.440672632005260800e-02
4.450748596562860939e+02	4.197354227281969163e-01	2.680899988518113397e-01	1.359233534522497622e-01	8.170494256217053497e-02	4.451281760398277665e-02	1.523491356159428940e-02	3.479606887218440053e-02
4.499126298699413837e+02	4.180634723253818796e-01	2.670687513261346124e-01	1.370924128848891310e-01	8.244326069823833258e-02	4.479303555698827682e-02	1.535296682222973656e-02	3.518361801832806113e-02
4.547504000835967304e+02	4.164011574089156453e-01	2.660531466095746311e-01	1.382549578469910723e-01	8.317638485246507674e-02	4.507181666367698902e-02	1.547067395086573934e-02	3.556938029970082432e-02
4.595881702972519065e+02	4.147484225343472941e-01	2.650431534663131861e-01	1.394110245609530008e-01	8.390436561396265314e-02	4.534915413539689771e-02	1.558803531473597521e-02	3.595336200648095726e-02
4.644259405109071963e+02	4.131052125488826610e-01	2.640387408336054564e-01	1.405606490476082326e-01	8.462725247535639317e-02	4.562504227543141833e-02	1.570505124969028693e-02	3.633556920161553488e-02
4.692637107245624861e+02	4.114714725920336491e-01	2.630398778208203336e-01	1.417038671273382622e-01	8.534509388506367200e-02	4.589947640078017449e-02	1.582172206331197012e-02	3.671600774284197732e-02
4.741014809382177759e+02	4.098471480960989011e-01	2.620465337084856849e-01	1.428407144211792656e-01	8.605793729627718436e-02	4.617245276929055758e-02	1.593804803781069535e-02	3.709468330304783318e-02
4.789392511518730657e+02	4.082321847864870956e-01	2.610586779473391683e-01	1.439712263519236646e-01	8.676582921287354089e-02	4.644396851177538116e-02	1.605402943270645838e-02	3.747160138908492422e-02
4.837770213655284124e+02	4.066265286818949165e-01	2.600762801573840988e-01	1.450954381452161934e-01	8.746881523245299273e-02	4.671402156877710321e-02	1.616966648731890319e-02	3.784676735914604961e-02
4.886147915791837022e+02	4.050301260943503512e-01	2.590993101269510324e-01	1.462133848306446104e-01	8.816694008670222793e-02	4.698261063166193213e-02	1.628495942307539232e-02	3.822018643880474575e-02
4.934525617928388783e+02	4.034429236291314225e-01	2.581277378117637911e-01	1.473251012428250240e-01	8.886024767925880530e-02	4.724973508774896191e-02	1.639990844565025058e-02	3.859186373581215135e-02
4.982903320064942250e+02	4.018648681845689574e-01	2.571615333340111498e-01	1.484306220224818895e-01	8.954878112124407818e-02	4.751539496919932049e-02	1.651451374694683227e-02	3.896180425373815814e-02
5.031281022201495148e+02	4.002959069517434965e-01	2.562006669814238524e-01	1.495299816175224006e-01	9.023258276461995631e-02	4.777959090540923048e-02	1.662877550693317788e-02	3.933001290453830984e-02
5.079658724338048046e+02	3.987359874140823934e-01	2.552451092063562355e-01	1.506232142841055777e-01	9.091169423351440348e-02	4.804232407866816656e-02	1.674269389534138036e-02	3.969649452012225660e-02
5.128036426474600376e+02	3.971850573468667100e-01	2.542948306248732360e-01	1.517103540877058898e-01	9.158615645365063285e-02	4.830359618285971074e-02	1.685626907324002180e-02	4.006125386299426439e-02
5.176414128611153274e+02	3.956430648166530673e-01	2.533498020158423958e-01	1.527914349041713804e-01	9.225600968000589874e-02	4.856340938499767446e-02	1.696950119448841984e-02	4.042429563603158749e-02
5.224791830747705035e+02	3.941099581806184471e-01	2.524099943200311391e-01	1.538664904207763251e-01	9.292129352281736088e-02	4.882176628940432250e-02	1.708239040708088921e-02	4.078562449146193314e-02
5.273169532884259070e+02	3.925856860858328301e-01	2.514753786392086021e-01	1.549355541372684220e-01	9.358204697204434985e-02	4.907866990435073851e-02	1.719493685438857125e-02	4.114524503909695874e-02
5.321547235020811968e+02	3.910701974684659410e-01	2.505459262352527361e-01	1.559986593669106525e-01	9.423830842038900812e-02	4.933412361099132060e-02	1.730714067630589534e-02	4.150316185387493279e-02
5.369924937157364866e+02	3.895634415529334871e-01	2.496216085292624065e-01	1.570558392375174528e-01	9.489011568497064675e-02	4.958813113443618498e-02	1.741900201030833692e-02	4.185937948276195752e-02
5.418302639293917764e+02	3.880653678509871085e-01	2.487023971006743217e-01	1.581071266924855556e-01	9.553750602774226108e-02	4.984069651681578839e-02	1.753052099242753334e-02	4.221390245105787614e-02
5.466680341430470662e+02	3.865759261607533692e-01	2.477882636863847354e-01	1.591525544918194757e-01	9.618051617473194481e-02	5.009182409220182958e-02	1.764169775814953406e-02	4.256673526814953173e-02
5.515058043567023560e+02	3.850950665657251193e-01	2.468791801798763952e-01	1.601921552131513049e-01	9.681918233418657094e-02	5.034151846325801705e-02	1.775253244324154211e-02	4.291788243275147796e-02
5.563435745703576458e+02	3.836227394337102803e-01	2.459751186303499315e-01	1.612259612527552621e-01	9.745354021368919650e-02	5.058978447950264468e-02	1.786302518451203872e-02	4.326734843767111871e-02
5.611813447840129356e+02	3.821588954157406626e-01	2.450760512418601600e-01	1.622540048265568302e-01	9.808362503631762319e-02	5.083662721707325055e-02	1.797317612050901292e-02	4.361513777413295739e-02
5.660191149976681118e+02	3.807034854449448669e-01	2.441819503724574902e-01	1.632763179711363699e-01	9.870947155590645283e-02	5.108205195989067027e-02	1.808298539216053949e-02	4.396125493569408293e-02
5.708568852113234016e+02	3.792564607353884898e-01	2.432927885333337203e-01	1.642929325447273214e-01	9.933111407147093841e-02	5.132606418212736638e-02	1.819245314336177810e-02	4.430570442178088236e-02
5.756946554249786914e+02	3.778177727808836872e-01	2.424085383879726885e-01	1.653038802282092157e-01	9.994858644084711474e-02	5.156866953189079977e-02	1.830157952151211312e-02	4.464849074087480496e-02
5.805324256386339812e+02	3.763873733537724808e-01	2.415291727513057818e-01	1.663091925260951343e-01	1.005619220935987795e-01	5.180987381603916614e-02	1.841036467800592422e-02	4.498961841337321965e-02
5.853701958522892710e+02	3.749652145036841966e-01	2.406546645888719138e-01	1.673089007675137851e-01	1.011711540432387868e-01	5.204968298605212179e-02	1.851880876868024911e-02	4.532909197414942970e-02
5.902079660659445608e+02	3.735512485562718088e-01	2.397849870159822483e-01	1.683030361071865544e-01	1.017763148988086175e-01	5.228810312488460510e-02	1.862691195422237420e-02	4.566691597483433368e-02
5.950457362795999643e+02	3.721454281119272456e-01	2.389201132968897245e-01	1.692916295263986737e-01	1.023774368758574305e-01	5.252514043473659883e-02	1.873467440054015984e-02	4.600309498584067430e-02
5.998835064932552541e+02	3.707477060444792083e-01	2.380600168439629127e-01	1.702747118339658361e-01	1.029745518068590909e-01	5.276080122567642500e-02	1.884209627909772325e-02	4.633763359814927624e-02
6.047212767069104302e+02	3.693580354998746151e-01	2.372046712168646987e-01	1.712523136671948165e-01	1.035676911511028003e-01	5.299509190505920231e-02	1.894917776721896652e-02	4.667053642487536957e-02
6.095590469205657200e+02	3.679763698948457229e-01	2.363540501217352707e-01	1.722244654928392904e-01	1.041568860040908429e-01	5.322801896768625252e-02	1.905591904836119455e-02	4.700180810263189513e-02
6.143968171342210098e+02	3.666026629155645367e-01	2.355081274103799638e-01	1.731911976080502125e-01	1.047421671064746179e-01	5.345958898665487818e-02	1.916232031236095659e-02	4.733145329270535551e-02
6.192345873478761860e+02	3.652368685162860062e-01	2.346668770794612946e-01	1.741525401413210883e-01	1.053235648525579909e-01	5.368980860485129958e-02	1.926838175565410288e-02	4.765947668205878368e-02
6.240723575615315895e+02	3.638789409179813417e-01	2.338302732696957431e-01	1.751085230534280002e-01	1.059011092983952046e-01	5.391868452704291770e-02	1.937410358147189857e-02	4.798588298417542919e-02
6.289101277751868793e+02	3.625288346069634460e-01	2.329982902650547805e-01	1.760591761383644149e-01	1.064748301695084554e-01	5.414622351252884602e-02	1.947948600001490199e-02	4.831067693975568678e-02
6.337478979888421691e+02	3.611865043335041325e-01	2.321709024919705322e-01	1.770045290242709124e-01	1.070447568682490747e-01	5.437243236831070664e-02	1.958452922860622059e-02	4.863386331727898720e-02
6.385856682024975726e+02	3.598519051104460686e-01	2.313480845185456880e-01	1.779446111743597791e-01	1.076109184808240055e-01	5.459731794274794853e-02	1.968923349182563273e-02	4.895544691344144717e-02
6.434234384161527487e+02	3.585249922118094457e-01	2.305298110537678247e-01	1.788794518878344397e-01	1.081733437840085854e-01	5.482088711966477679e-02	1.979359902162594956e-02	4.927543255347956175e-02
6.482612086298080385e+02	3.572057211713944858e-01	2.297160569467282254e-01	1.798090803008038641e-01	1.087320612515644269e-01	5.504314681287761357e-02	1.989762605743293500e-02	4.959382509138908490e-02
6.530989788434633283e+02	3.558940477813806735e-01	2.289067971858448902e-01	1.807335253871919234e-01	1.092870990603805742e-01	5.526410396111450241e-02	2.000131484622997072e-02	4.991062941004806991e-02
6.579367490571185044e+02	3.545899280909243778e-01	2.281020068980898485e-01	1.816528159596416114e-01	1.098384850963547293e-01	5.548376552329949141e-02	2.010466564262858996e-02	5.022585042125193161e-02
6.627745192707737942e+02	3.532933184047539754e-01	2.273016613482209403e-01	1.825669806704143805e-01	1.103862469600300350e-01	5.570213847417709169e-02	2.020767870892593507e-02	5.053949306566826727e-02
6.676122894844290840e+02	3.520041752817648084e-01	2.265057359380176216e-01	1.834760480122844262e-01	1.109304119720019854e-01	5.591922980025353790e-02	2.031035431515008927e-02	5.085156231271824312e-02
6.724500596980843738e+02	3.507224555336135308e-01	2.257142062055212672e-01	1.843800463194280592e-01	1.114710071781093853e-01	5.613504649603312524e-02	2.041269273909422297e-02	5.116206316039115243e-02
6.772878299117396637e+02	3.494481162233136207e-01	2.249270478242793581e-01	1.852790037683081092e-01	1.120080593544218045e-01	5.634959556052940299e-02	2.051469426634036641e-02	5.147100063499808476e-02
6.821256001253949535e+02	3.481811146638313370e-01	2.241442366025943045e-01	1.861729483785532768e-01	1.125415950120354641e-01	5.656288399403238548e-02	2.061635919027359279e-02	5.177837979087035469e-02
6.869633703390502433e+02	3.469214084166833967e-01	2.233657484827760720e-01	1.870619080138329338e-01	1.130716404016888499e-01	5.677491879511429446e-02	2.071768781208738891e-02	5.208420571000779015e-02
6.918011405527055331e+02	3.456689552905368168e-01	2.225915595403990532e-01	1.879459103827266497e-01	1.135982215182083088e-01	5.698570695785731832e-02	2.081868044078082763e-02	5.238848350168175821e-02
6.966389107663608229e+02	3.444237133398110329e-01	2.218216459835631871e-01	1.888249830395893059e-01	1.141213641047933852e-01	5.719525546928831694e-02	2.091933739314822890e-02	5.269121830199730711e-02
7.014766809800161127e+02	3.431856408632832922e-01	2.210559841521589908e-01	1.896991533854110179e-01	1.146410936571508332e-01	5.740357130700615707e-02	2.101965899376187150e-02	5.299241527341861518e-02
7.063144511936714025e+02	3.419546964026971558e-01	2.202945505171369223e-01	1.905684486686724521e-01	1.151574354274860490e-01	5.761066143698845982e-02	2.111964557494832098e-02	5.329207960426149415e-02
7.111522214073266923e+02	3.407308387413746087e-01	2.195373216797804339e-01	1.914328959861953672e-01	1.156704144283595970e-01	5.781653281156545060e-02	2.121929747675884576e-02	5.359021650815658233e-02
7.159899916209819821e+02	3.395140269028321667e-01	2.187842743709835225e-01	1.922925222839884651e-01	1.161800554364164489e-01	5.802119236754939985e-02	2.131861504693448317e-02	5.388683122348640608e-02
7.208277618346371582e+02	3.383042201494014800e-01	2.180353854505318878e-01	1.931473543580884134e-01	1.166863829959947363e-01	5.822464702450893398e-02	2.141759864086607845e-02	5.418192901279936941e-02
7.256655320482924481e+02	3.371013779808543775e-01	2.172906319063882541e-01	1.939974188553961476e-01	1.171894214226205377e-01	5.842690368317825927e-02	2.151624862154981332e-02	5.447551516220351664e-02
7.305033022619478515e+02	3.359054601330325185e-01	2.165499908539816609e-01	1.948427422745087900e-01	1.176891948063948368e-01	5.862796922399198668e-02	2.161456535953855396e-02	5.476759498074259408e-02
7.353410724756030277e+02	3.347164265764823177e-01	2.158134395355006951e-01	1.956833509665465431e-01	1.181857270152783107e-01	5.882785050573686308e-02	2.171254923288937558e-02	5.505817379975685294e-02
7.401788426892584312e+02	3.335342375150951444e-01	2.150809553191906642e-01	1.965192711359751987e-01	1.186790416982791141e-01	5.902655436431239466e-02	2.181020062710762111e-02	5.534725697223078639e-02
7.450166129029136073e+02	3.323588533847528503e-01	2.143525156986545999e-01	1.973505288414241221e-01	1.191691622885489854e-01	5.922408761159278501e-02	2.190751993508778181e-02	5.563484987212981986e-02
7.498543831165690108e+02	3.311902348519789041e-01	2.136280982921581750e-01	1.981771499964994077e-01	1.196561120063919237e-01	5.942045703438316590e-02	2.200450755705146352e-02	5.592095789372789061e-02
7.546921533302243006e+02	3.300283428125954099e-01	2.129076808419385070e-01	1.989991603705927870e-01	1.201399138621901952e-01	5.961566939346369526e-02	2.210116390048279603e-02	5.620558645092754019e-02
7.595299235438793630e+02	3.288731383903859551e-01	2.121912412135168180e-01	1.998165855896857357e-01	1.206205906592514171e-01	5.980973142271526349e-02	2.219748938006139288e-02	5.648874097657426152e-02
7.643676937575347665e+02	3.277245829357647300e-01	2.114787573950148436e-01	2.006294511371493894e-01	1.210981649965808815e-01	6.000264982832128474e-02	2.229348441759321578e-02	5.677042692176650918e-02
7.692054639711900563e+02	3.265826380244513660e-01	2.107702074964749595e-01	2.014377823545397128e-01	1.215726592715823950e-01	6.019443128804020243e-02	2.238914944193949944e-02	5.705064975516260795e-02
7.740432341848452324e+02	3.254472654561527123e-01	2.100655697491844442e-01	2.022416044423883674e-01	1.220440956826913947e-01	6.038508245054385187e-02	2.248448488894395220e-02	5.732941496228600303e-02
7.788810043985006359e+02	3.243184272532502188e-01	2.093648225050030176e-01	2.030409424609892488e-01	1.225124962319430466e-01	6.057460993481697531e-02	2.257949120135838844e-02	5.760672804482985104e-02
7.837187746121558121e+02	3.231960856594944809e-01	2.086679442356943748e-01	2.038358213311803890e-01	1.229778827274787129e-01	6.076302032961376776e-02	2.267416882876700443e-02	5.788259451996202037e-02
7.885565448258112156e+02	3.220802031387058895e-01	2.079749135322615239e-01	2.046262658351216401e-01	1.234402767859933553e-01	6.095032019296736658e-02	2.276851822750944679e-02	5.815701991963149325e-02
7.933943150394665054e+02	3.209707423734822207e-01	2.072857091042854538e-01	2.054123006170681665e-01	1.238996998351265394e-01	6.113651605174857256e-02	2.286253986060278118e-02	5.843000978987698824e-02
7.982320852531219089e+02	3.198676662639124979e-01	2.066003097792679100e-01	2.061939501841391353e-01	1.243561731157994954e-01	6.132161440127039537e-02	2.295623419766256931e-02	5.870156969013867743e-02
8.030698554667769713e+02	3.187709379262980147e-01	2.059186945019774451e-01	2.069712389070827163e-01	1.248097176845005818e-01	6.150562170493519693e-02	2.304960171482311332e-02	5.897170519257360216e-02
8.079076256804323748e+02	3.176805206918796864e-01	2.052408423337994392e-01	2.077441910210363063e-01	1.252603544155213022e-01	6.168854439392137262e-02	2.314264289465703395e-02	5.924042188137555731e-02
8.127453958940876646e+02	3.165963781055725623e-01	2.045667324520893393e-01	2.085128306262828413e-01	1.257081040031449159e-01	6.187038886690682943e-02	2.323535822609426246e-02	5.950772535210003406e-02
8.175831661077428407e+02	3.155184739247068326e-01	2.038963441495299234e-01	2.092771816890025560e-01	1.261529869637896262e-01	6.205116148982663810e-02	2.332774820434055027e-02	5.977362121099466519e-02
8.224209363213982442e+02	3.144467721177762742e-01	2.032296568334917286e-01	2.100372680420209137e-01	1.265950236381080396e-01	6.223086859566246548e-02	2.341981333079561772e-02	6.003811507433579053e-02
8.272587065350534203e+02	3.133812368631928580e-01	2.025666500253972546e-01	2.107931133855520667e-01	1.270342341930447150e-01	6.240951648426140003e-02	2.351155411297100456e-02	6.030121256777151717e-02
8.320964767487085965e+02	3.123218325480487390e-01	2.019073033600887745e-01	2.115447412879383204e-01	1.274706386238533828e-01	6.258711142218227608e-02	2.360297106440768442e-02	6.056291932567162833e-02
8.369342469623640000e+02	3.112685237668850746e-01	2.012515965851993938e-01	2.122921751863853235e-01	1.279042567560752797e-01	6.276365964256733210e-02	2.369406470459357525e-02	6.082324099048483368e-02
8.417720171760191761e+02	3.102212753204676154e-01	2.005995095605277723e-01	2.130354383876932878e-01	1.283351082474801785e-01	6.293916734503750277e-02	2.378483555888094569e-02	6.108218321210352741e-02
8.466097873896745796e+02	3.091800522145694008e-01	1.999510222574162888e-01	2.137745540689839907e-01	1.287632125899713376e-01	6.311364069560954082e-02	2.387528415840384569e-02	6.133975164723640822e-02
8.514475576033297557e+02	3.081448196587603383e-01	1.993061147581327297e-01	2.145095452784238355e-01	1.291885891114555873e-01	6.328708582663351845e-02	2.396541103999557873e-02	6.159595195878922458e-02
8.562853278169851592e+02	3.071155430652035556e-01	1.986647672552551980e-01	2.152404349359428037e-01	1.296112569776800560e-01	6.345950883674908449e-02	2.405521674610626090e-02	6.185078981525381908e-02
8.611230980306403353e+02	3.060921880474590240e-01	1.980269600510606576e-01	2.159672458339493561e-01	1.300312351940362821e-01	6.363091579085922156e-02	2.414470182472056373e-02	6.210427089010568669e-02
8.659608682442956251e+02	3.050747204192935658e-01	1.973926735569168089e-01	2.166900006380413635e-01	1.304485426073331289e-01	6.380131272012011523e-02	2.423386682927566524e-02	6.235640086121017889e-02
8.707986384579510286e+02	3.040631061934981894e-01	1.967618882926772950e-01	2.174087218877131800e-01	1.308631979075392249e-01	6.397070562194599741e-02	2.432271231857939878e-02	6.260718541023756190e-02
8.756364086716062047e+02	3.030573115807124185e-01	1.961345848860801822e-01	2.181234319970584978e-01	1.312752196294962315e-01	6.413910046002792298e-02	2.441123885672875568e-02	6.285663022208695661e-02
8.804741788852616082e+02	3.020573029882547278e-01	1.955107440721500500e-01	2.188341532554695379e-01	1.316846261546034125e-01	6.430650316436525848e-02	2.449944701302864472e-02	6.310474098431932688e-02
8.853119490989170117e+02	3.010630470189610830e-01	1.948903466926030503e-01	2.195409078283321602e-01	1.320914357124749750e-01	6.447291963130911963e-02	2.458733736191105398e-02	6.335152338659949534e-02
8.901497193125721878e+02	3.000745104700289212e-01	1.942733736952557133e-01	2.202437177577171723e-01	1.324956663825703485e-01	6.463835572361674442e-02	2.467491048285455277e-02	6.359698312014745725e-02
8.949874895262273640e+02	2.990916603318691247e-01	1.936598061334365295e-01	2.209426049630677791e-01	1.328973360957986516e-01	6.480281727051594165e-02	2.476216696030425143e-02	6.384112587719874277e-02
8.998252597398827675e+02	2.981144637869638236e-01	1.930496251654011119e-01	2.216375912418830363e-01	1.332964626360979010e-01	6.496631006777894846e-02	2.484910738359216026e-02	6.408395735047406339e-02
9.046630299535379436e+02	2.971428882087319145e-01	1.924428120537505782e-01	2.223286982703977233e-01	1.336930636419896845e-01	6.512883987780485051e-02	2.493573234685802359e-02	6.432548323265824264e-02
9.095008001671932334e+02	2.961769011604005741e-01	1.918393481648530685e-01	2.230159476042582467e-01	1.340871566081101030e-01	6.529041242971003745e-02	2.502204244897063626e-02	6.456570921588834777e-02
9.143385703808486369e+02	2.952164703938837675e-01	1.912392149682685949e-01	2.236993606791947697e-01	1.344787588867173422e-01	6.545103341942586084e-02	2.510803829344965959e-02	6.480464099125102240e-02
9.191763405945038130e+02	2.942615638486674179e-01	1.906423940361769154e-01	2.243789588116897049e-01	1.348678876891767908e-01	6.561070850980310620e-02	2.519372048838795092e-02	6.504228424828913113e-02
9.240141108081592165e+02	2.933121496507013481e-01	1.900488670428087390e-01	2.250547631996423215e-01	1.352545600874240916e-01	6.576944333072259896e-02	2.527908964637443079e-02	6.527864467451750807e-02
9.288518810218145063e+02	2.923681961112977734e-01	1.894586157638799839e-01	2.257267949230296888e-01	1.356387930154067112e-01	6.592724347921155581e-02	2.536414638441749150e-02	6.551372795494785073e-02
9.336896512354697961e+02	2.914296717260361769e-01	1.888716220760292275e-01	2.263950749445639843e-01	1.360206032705048029e-01	6.608411451956508476e-02	2.544889132386897110e-02	6.574753977162278717e-02
9.385274214491247449e+02	2.904965451736751803e-01	1.882878679562583757e-01	2.270596241103460255e-01	1.364000075149313373e-01	6.624006198347244523e-02	2.553332509034871370e-02	6.598008580315896376e-02
9.433651916627801484e+02	2.895687853150706315e-01	1.877073354813761086e-01	2.277204631505153065e-01	1.367770222771124700e-01	6.639509137014773521e-02	2.561744831366967109e-02	6.621137172429911177e-02
9.482029618764355519e+02	2.886463611921001871e-01	1.871300068274449058e-01	2.283776126798961748e-01	1.371516639530485915e-01	6.654920814646449190e-02	2.570126162776364270e-02	6.644140320547299583e-02
9.530407320900908417e+02	2.877292420265948336e-01	1.865558642692305424e-01	2.290310931986405396e-01	1.375239488076561434e-01	6.670241774709395610e-02	2.578476567060758451e-02	6.667018591236731351e-02
9.578785023037459041e+02	2.868173972192761823e-01	1.859848901796553877e-01	2.296809250928669999e-01	1.378938929760908927e-01	6.685472557464662569e-02	2.586796108415053211e-02	6.689772550550431018e-02
9.627162725174014213e+02	2.859107963487005355e-01	1.854170670292538681e-01	2.303271286352963354e-01	1.382615124650531380e-01	6.700613699981679272e-02	2.595084851424114478e-02	6.712402763982912302e-02
9.675540427310568248e+02	2.850094091702092824e-01	1.848523773856317609e-01	2.309697239858834739e-01	1.386268231540750961e-01	6.715665736152982845e-02	2.603342861055584628e-02	6.734909796430568751e-02
9.723918129447120009e+02	2.841132056148856777e-01	1.842908039129279307e-01	2.316087311924459602e-01	1.389898407967908034e-01	6.730629196709177198e-02	2.611570202652763184e-02	6.757294212152124835e-02
9.772295831583674044e+02	2.832221557885177821e-01	1.837323293712792849e-01	2.322441701912887346e-01	1.393505810221891406e-01	6.745504609234134752e-02	2.619766941927543016e-02	6.779556574729923846e-02
9.820673533720223531e+02	2.823362299705678424e-01	1.831769366162887824e-01	2.328760608078258021e-01	1.397090593358500388e-01	6.760292498180373033e-02	2.627933144953416983e-02	6.801697447032056809e-02
9.869051235856777566e+02	2.814553986131479446e-01	1.826246085984961076e-01	2.335044227571979047e-01	1.400652911211642815e-01	6.774993384884618608e-02	2.636068878158542503e-02	6.823717391175307401e-02
9.917428937993331601e+02	2.805796323400013281e-01	1.820753283628516184e-01	2.341292756448872248e-01	1.404192916405375691e-01	6.789607787583520904e-02	2.644174208318872399e-02	6.845616968488919818e-02
9.965806640129884499e+02	2.797089019454906955e-01	1.815290790481929040e-01	2.347506389673283678e-01	1.407710760365786240e-01	6.804136221429508968e-02	2.652249202551347496e-02	6.867396739479168788e-02
