2.660773617510405415e+02	4.959253267954600863e-01	3.038487587217835739e-01	8.749985449955507977e-02	4.933572863923128826e-02	3.266020412057255712e-02	1.115133998416555777e-02	1.956721109004727274e-02
2.709151319646958882e+02	4.934779955114413919e-01	3.029275017466484532e-01	8.894680899879289782e-02	5.035173656851302942e-02	3.302651824603527325e-02	1.125925273184160726e-02	1.999861004754277180e-02
2.757529021783511780e+02	4.910567201747636501e-01	3.020007934619421963e-01	9.038570989484542850e-02	5.135862738617270884e-02	3.339017839129328202e-02	1.136741581220448473e-02	2.042897872959375388e-02
2.805906723920064678e+02	4.886609809440153329e-01	3.010689902513298266e-01	9.181659562384346385e-02	5.235652906519427940e-02	3.375121335545351597e-02	1.147581825048313818e-02	2.085829636049593358e-02
2.854284426056617008e+02	4.862902722619026896e-01	3.001324365450409037e-01	9.323950462644542414e-02	5.334556701103878446e-02	3.410965140761298975e-02	1.158444924724163702e-02	2.128654275153303230e-02
2.902662128193169337e+02	4.839441024289664606e-01	2.991914651905842604e-01	9.465447534098984927e-02	5.432586412364796141e-02	3.446552030044348208e-02	1.169329817609019752e-02	2.171369829009321337e-02
2.951039830329722804e+02	4.816219931902330775e-01	2.982463978121263626e-01	9.606154619689544205e-02	5.529754085780779621e-02	3.481884728338405233e-02	1.180235458141933903e-02	2.213974392894935139e-02
2.999417532466276270e+02	4.793234793344066103e-01	2.972975451588782403e-01	9.746075560830118334e-02	5.626071528191767257e-02	3.516965911545300721e-02	1.191160817615717800e-02	2.256466117570149824e-02
3.047795234602828600e+02	4.770481083052195426e-01	2.963452074428271077e-01	9.885214196793865038e-02	5.721550313520955278e-02	3.551798207769085031e-02	1.202104883954985617e-02	2.298843208237985949e-02
3.096172936739380930e+02	4.747954398245725627e-01	2.953896746661363037e-01	1.002357436412294189e-01	5.816201788346023194e-02	3.586384198524514982e-02	1.213066661496507194e-02	2.341103923520663349e-02
3.144550638875934396e+02	4.725650455271047101e-01	2.944312269385299663e-01	1.016115989606004022e-01	5.910037077323861132e-02	3.620726419910802463e-02	1.224045170771868689e-02	2.383246574451499886e-02
3.192928341012487294e+02	4.703565086058451583e-01	2.934701347849668629e-01	1.029797462200102015e-01	6.003067088472853474e-02	3.654827363751664976e-02	1.235039448292438342e-02	2.425269523482357498e-02
3.241306043149040192e+02	4.681694234686105682e-01	2.925066594439001411e-01	1.043402236696799601e-01	6.095302518316685764e-02	3.688689478702686375e-02	1.246048546336630744e-02	2.467171183506463444e-02
3.289683745285592522e+02	4.660033954048199423e-01	2.915410531564098795e-01	1.056930695110220308e-01	6.186753856893487113e-02	3.722315171326955746e-02	1.257071532739464405e-02	2.508950016896441607e-02
3.338061447422145420e+02	4.638580402624100651e-01	2.905735594464869953e-01	1.070383218917604212e-01	6.277431392634061358e-02	3.755706807139940623e-02	1.268107490684406043e-02	2.550604534557372044e-02
3.386439149558698318e+02	4.617329841345452768e-01	2.896044133927379027e-01	1.083760189012368258e-01	6.367345217112804767e-02	3.788866711624502143e-02	1.279155518497494988e-02	2.592133294994719908e-02
3.434816851695251216e+02	4.596278630558215950e-01	2.886338418917724913e-01	1.097061985658964178e-01	6.456505229674831814e-02	3.821797171216948646e-02	1.290214729443737302e-02	2.633534903396953647e-02
3.483194553831804114e+02	4.575423227076779731e-01	2.876620639135278878e-01	1.110288988449475850e-01	6.544921141942736109e-02	3.854500434264992309e-02	1.301284251525763359e-02	2.674808010732682151e-02
3.531572255968357013e+02	4.554760181327334734e-01	2.866892907487754716e-01	1.123441576261903219e-01	6.632602482206281791e-02	3.886978711958436611e-02	1.312363227284738670e-02	2.715951312862143266e-02
3.579949958104909342e+02	4.534286134577792393e-01	2.857157262490476746e-01	1.136520127220076726e-01	6.719558599698263746e-02	3.919234179233418297e-02	1.323450813603515262e-02	2.756963549662866386e-02
3.628327660241463377e+02	4.513997816251616446e-01	2.847415670592182702e-01	1.149525018655151998e-01	6.805798668759668879e-02	3.951268975650978899e-02	1.334546181512016524e-02	2.797843504169340856e-02
3.676705362378016275e+02	4.493892041323014896e-01	2.837670028429577496e-01	1.162456627068633175e-01	6.891331692897161021e-02	3.983085206250738808e-02	1.345648515994842150e-02	2.838590001726520179e-02
3.725083064514568036e+02	4.473965707791013324e-01	2.827922165012825007e-01	1.175315328096877832e-01	6.976166508735871796e-02	4.014684942380413596e-02	1.356757015801079991e-02	2.879201909156987524e-02
3.773460766651120935e+02	4.454215794230014791e-01	2.818173843844086757e-01	1.188101496477034225e-01	7.060311789870341026e-02	4.046070222501881031e-02	1.367870893256316160e-02	2.919678133941615294e-02
3.821838468787673833e+02	4.434639357414514871e-01	2.808426764971140299e-01	1.200815506014367429e-01	7.143776050616404416e-02	4.077243052974505177e-02	1.378989374076825675e-02	2.960017623413548765e-02
3.870216170924226162e+02	4.415233530015714725e-01	2.798682566978068498e-01	1.213457729550927039e-01	7.226567649666748583e-02	4.108205408816393428e-02	1.390111697185934803e-02	3.000219363965339614e-02
3.918593873060780197e+02	4.395995518367849519e-01	2.788942828914925953e-01	1.226028538935516332e-01	7.308694793652750765e-02	4.138959234444231777e-02	1.401237114532537589e-02	3.040282380269071841e-02
3.966971575197332527e+02	4.376922600302110000e-01	2.779209072168265515e-01	1.238528304994918894e-01	7.390165540615165063e-02	4.169506444392342970e-02	1.412364890911754767e-02	3.080205734509297924e-02
4.015349277333884856e+02	4.358012123046094421e-01	2.769482762274305121e-01	1.250957397506343993e-01	7.470987803386142101e-02	4.199848924011580220e-02	1.423494303787719260e-02	3.119988525628630480e-02
4.063726979470438323e+02	4.339261501186804093e-01	2.759765310676501882e-01	1.263316185171050876e-01	7.551169352884994079e-02	4.229988530148653947e-02	1.434624643118474242e-02	3.159629888585815255e-02
4.112104681606991221e+02	4.320668214695250753e-01	2.750058076429224840e-01	1.275605035589113256e-01	7.630717821330051942e-02	4.259927091806468835e-02	1.445755211182967251e-02	3.199128993626125517e-02
4.160482383743544119e+02	4.302229807010795049e-01	2.740362367849171199e-01	1.287824315235287786e-01	7.709640705368890623e-02	4.289666410786039524e-02	1.456885322410126152e-02	3.238485045563906095e-02
4.208860085880095880e+02	4.283943883183404244e-01	2.730679444116115295e-01	1.299974389435951949e-01	7.787945369129142814e-02	4.319208262310525459e-02	1.468014303209999767e-02	3.277697283077114776e-02
4.257237788016648778e+02	4.265808108072064453e-01	2.721010516824550196e-01	1.312055622347075845e-01	7.865639047192049538e-02	4.348554395631910180e-02	1.479141491806948774e-02	3.316764978013686527e-02
4.305615490153201677e+02	4.247820204597639870e-01	2.711356751487704608e-01	1.324068376933192903e-01	7.942728847490833355e-02	4.377706534620848244e-02	1.490266238074867966e-02	3.355687434709568595e-02
4.353993192289755143e+02	4.229977952048528111e-01	2.701719268995400602e-01	1.336013014947340094e-01	8.019221754135943958e-02	4.406666378340166196e-02	1.501387903374427034e-02	3.394463989318261682e-02
4.402370894426308041e+02	4.212279184437497936e-01	2.692099147027153250e-01	1.347889896911933227e-01	8.095124630169127367e-02	4.435435601602507466e-02	1.512505860392309234e-02	3.433094009151706899e-02
4.450748596562860939e+02	4.194721788908152837e-01	2.682497421421882744e-01	1.359699382100549858e-01	8.170444220248258838e-02	4.464015855512584036e-02	1.523619492982432669e-02	3.471576892032365858e-02
4.499126298699413837e+02	4.177303704189525013e-01	2.672915087505562948e-01	1.371441828520587325e-01	8.245187153264788016e-02	4.492408767994494206e-02	1.534728196009139262e-02	3.509912065656333596e-02
4.547504000835967304e+02	4.160022919097315364e-01	2.663353101378084786e-01	1.383117592896768444e-01	8.319359944895626802e-02	4.520615944304536699e-02	1.545831375192328709e-02	3.548098986967326146e-02
4.595881702972519065e+02	4.142877471080378404e-01	2.653812381160591816e-01	1.394727030655469602e-01	8.392969000091216047e-02	4.548638967529963772e-02	1.556928446954526819e-02	3.586137141541399093e-02
4.644259405109071963e+02	4.125865444811065430e-01	2.644293808204478680e-01	1.406270495909838769e-01	8.466020615501512747e-02	4.576479399074071669e-02	1.568018838269863782e-02	3.624026042982226442e-02
4.692637107245624861e+02	4.108984970818099214e-01	2.634798228263234288e-01	1.417748341445682070e-01	8.538520981841538071e-02	4.604138779128037762e-02	1.579101986514951789e-02	3.661765232326810726e-02
4.741014809382177759e+02	4.092234224160682388e-01	2.625326452628262142e-01	1.429160918708093919e-01	8.610476186198122439e-02	4.631618627129893695e-02	1.590177339321638059e-02	3.699354277461452956e-02
4.789392511518730657e+02	4.075611423142587175e-01	2.615879259229773046e-01	1.440508577788801592e-01	8.681892214279396391e-02	4.658920442211010593e-02	1.601244354431618708e-02	3.736792772547849889e-02
4.837770213655284124e+02	4.059114828065013558e-01	2.606457393703820458e-01	1.451791667414204789e-01	8.752774952608584347e-02	4.686045703630462717e-02	1.612302499552896104e-02	3.774080337459159717e-02
4.886147915791837022e+02	4.042742740017033487e-01	2.597061570426513755e-01	1.463010534934087170e-01	8.823130190663562578e-02	4.712995871197628306e-02	1.623351252218058899e-02	3.811216617225897385e-02
4.934525617928388783e+02	4.026493499702480938e-01	2.587692473516406411e-01	1.474165526310974306e-01	8.892963622963630244e-02	4.739772385683367617e-02	1.634390099644371375e-02	3.848201281491509668e-02
4.982903320064942250e+02	4.010365486302178151e-01	2.578350757806033844e-01	1.485256986110119748e-01	8.962280851104913182e-02	4.766376669220116075e-02	1.645418538595647823e-02	3.885034023977494005e-02
5.031281022201495148e+02	3.994357116370428340e-01	2.569037049783545745e-01	1.496285257490096998e-01	9.031087385745743823e-02	4.792810125691217282e-02	1.656436075245900502e-02	3.921714561957911904e-02
5.079658724338048046e+02	3.978466842764725175e-01	2.559751948505342156e-01	1.507250682193976010e-01	9.099388648543353664e-02	4.819074141109802589e-02	1.667442225044739323e-02	3.958242635743158128e-02
5.128036426474600376e+02	3.962693153607677599e-01	2.550496026480597589e-01	1.518153600541067849e-01	9.167189974043163381e-02	4.845170083987537790e-02	1.678436512584504520e-02	3.994618008172852452e-02
5.176414128611153274e+02	3.947034571280169102e-01	2.541269830528536944e-01	1.528994351419214748e-01	9.234496611521934850e-02	4.871099305693518677e-02	1.689418471469118083e-02	4.030840464117710353e-02
5.224791830747705035e+02	3.931489651444793898e-01	2.532073882609295890e-01	1.539773272277609739e-01	9.301313726785989666e-02	4.896863140803608266e-02	1.700387644184632452e-02	4.066909809990257307e-02
5.273169532884259070e+02	3.916056982098667927e-01	2.522908680629163403e-01	1.550490699120126992e-01	9.367646403925683485e-02	4.922462907440496721e-02	1.711343581971459804e-02	4.102825873264256268e-02
5.321547235020811968e+02	3.900735182654700983e-01	2.513774699220999720e-01	1.561146966499144528e-01	9.433499647027296375e-02	4.947899907604748349e-02	1.722285844698265636e-02	4.138588502002714387e-02
5.369924937157364866e+02	3.885522903050482313e-01	2.504672390500581325e-01	1.571742407509845729e-01	9.498878381843446628e-02	4.973175427497104895e-02	1.733214000737503049e-02	4.174197564394331594e-02
5.418302639293917764e+02	3.870418822883926468e-01	2.495602184799615708e-01	1.582277353784979079e-01	9.563787457423129912e-02	4.998290737832290082e-02	1.744127626842578715e-02	4.209652948298269609e-02
5.466680341430470662e+02	3.855421650574884507e-01	2.486564491376125619e-01	1.592752135490065057e-01	9.628231647702424623e-02	5.023247094144573516e-02	1.755026308026624154e-02	4.244954560797109533e-02
5.515058043567023560e+02	3.840530122551909509e-01	2.477559699102911128e-01	1.603167081319030740e-01	9.692215653056919511e-02	5.048045737085324336e-02	1.765909637442861571e-02	4.280102327757864811e-02
5.563435745703576458e+02	3.825743002463433684e-01	2.468588177134744821e-01	1.613522518490259627e-01	9.755744101816837821e-02	5.072687892712789137e-02	1.776777216266540657e-02	4.315096193400940611e-02
5.611813447840129356e+02	3.811059080412597666e-01	2.459650275554959575e-01	1.623818772743041705e-01	9.818821551745848808e-02	5.097174772774321766e-02	1.787628653578431440e-02	4.349936119876893909e-02
5.660191149976681118e+02	3.796477172215028673e-01	2.450746326002053721e-01	1.634056168334412640e-01	9.881452491484508938e-02	5.121507574981278704e-02	1.798463566249858259e-02	4.384622086850890194e-02
5.708568852113234016e+02	3.781996118678858099e-01	2.441876642276926412e-01	1.644235028036361845e-01	9.943641341959248703e-02	5.145687483276798618e-02	1.809281578829250933e-02	4.419154091094724263e-02
5.756946554249786914e+02	3.767614784906314074e-01	2.433041520931334689e-01	1.654355673133402760e-01	1.000539245775780989e-01	5.169715668096666605e-02	1.820082323430205137e-02	4.453532146086293386e-02
5.805324256386339812e+02	3.753332059616222849e-01	2.424241241838145100e-01	1.664418423420493398e-01	1.006671012847199786e-01	5.193593286623460897e-02	1.830865439621021801e-02	4.487756281616400028e-02
5.853701958522892710e+02	3.739146854486795624e-01	2.415476068743940552e-01	1.674423597201286362e-01	1.012759858000859409e-01	5.217321483034181168e-02	1.841630574315722413e-02	4.521826543402768933e-02
5.902079660659445608e+02	3.725058103518076869e-01	2.406746249804516125e-01	1.684371511286708312e-01	1.018806197586925866e-01	5.240901388741545097e-02	1.852377381666512474e-02	4.555742992711161315e-02
5.950457362795999643e+02	3.711064762413458507e-01	2.398052018103791205e-01	1.694262480993847797e-01	1.024810441840022374e-01	5.264334122629132223e-02	1.863105522957682683e-02	4.589505705983479983e-02
5.998835064932552541e+02	3.697165807979683749e-01	2.389393592156643931e-01	1.704096820145146185e-01	1.030772995001254383e-01	5.287620791280549237e-02	1.873814666500924972e-02	4.623114774472742577e-02
6.047212767069104302e+02	3.683360237544778815e-01	2.380771176396158095e-01	1.713874841067876131e-01	1.036694255437368706e-01	5.310762489202798531e-02	1.884504487532054351e-02	4.656570303884823014e-02
6.095590469205657200e+02	3.669647068393368516e-01	2.372184961645762979e-01	1.723596854593903438e-01	1.042574615757118073e-01	5.333760299044006115e-02	1.895174668109112295e-02	4.689872414026838993e-02
6.143968171342210098e+02	3.656025337218843929e-01	2.363635125576723783e-01	1.733263170059716751e-01	1.048414462924903701e-01	5.356615291805675444e-02	1.905824897011839172e-02	4.723021238462095373e-02
6.192345873478761860e+02	3.642494099591876422e-01	2.355121833151432309e-01	1.742874095306716220e-01	1.054214178371765953e-01	5.379328527049621889e-02	1.916454869642501141e-02	4.756016924171457827e-02
6.240723575615315895e+02	3.629052429444781791e-01	2.346645237052935595e-01	1.752429936681754730e-01	1.059974138103790819e-01	5.401901053099739808e-02	1.927064287928048278e-02	4.788859631221068641e-02
6.289101277751868793e+02	3.615699418571249879e-01	2.338205478101117452e-01	1.761930999037920331e-01	1.065694712807997990e-01	5.424333907238747948e-02	1.937652860223595258e-02	4.821549532436286700e-02
6.337478979888421691e+02	3.602434176140974498e-01	2.329802685655947003e-01	1.771377585735549043e-01	1.071376267955774786e-01	5.446628115900065126e-02	1.948220301217204811e-02	4.854086813081760765e-02
6.385856682024975726e+02	3.589255828228736234e-01	2.321436978008185881e-01	1.780769998643463858e-01	1.077019163903918941e-01	5.468784694854939704e-02	1.958766331835957997e-02	4.886471670547531954e-02
6.434234384161527487e+02	3.576163517357494048e-01	2.313108462757940964e-01	1.790108538140429417e-01	1.082623755993350617e-01	5.490804649394978587e-02	1.969290679153297419e-02	4.918704314041057873e-02
6.482612086298080385e+02	3.563156402055062122e-01	2.304817237181432110e-01	1.799393503116811233e-01	1.088190394645552339e-01	5.512688974510206175e-02	1.979793076297625340e-02	4.950784964285078610e-02
6.530989788434633283e+02	3.550233656423963935e-01	2.296563388586337628e-01	1.808625190976438923e-01	1.093719425456796263e-01	5.534438655062773327e-02	1.990273262362141776e-02	4.982713853221205913e-02
6.579367490571185044e+02	3.537394469724062240e-01	2.288346994656065836e-01	1.817803897638657906e-01	1.099211189290212193e-01	5.556054665956444705e-02	2.000730982315910081e-02	5.014491223719155788e-02
6.627745192707737942e+02	3.524638045967570799e-01	2.280168123783292145e-01	1.826929917540568993e-01	1.104666022365752981e-01	5.577537972301984531e-02	2.011165986916129550e-02	5.046117329291530118e-02
6.676122894844290840e+02	3.511963603526085387e-01	2.272026835393090860e-01	1.836003543639442570e-01	1.110084256348109755e-01	5.598889529578549712e-02	2.021578032621603946e-02	5.077592433814043932e-02
6.724500596980843738e+02	3.499370374749261048e-01	2.263923180255980327e-01	1.845025067415307640e-01	1.115466218432627499e-01	5.620110283791209665e-02	2.031966881507391715e-02	5.108916811251116435e-02
6.772878299117396637e+02	3.486857605594779752e-01	2.255857200791189232e-01	1.853994778873701010e-01	1.120812231429273165e-01	5.641201171624701804e-02	2.042332301180617427e-02	5.140090745386734217e-02
6.821256001253949535e+02	3.474424555269278736e-01	2.247828931360444371e-01	1.862912966548576910e-01	1.126122613844703635e-01	5.662163120593524668e-02	2.052674064697435075e-02	5.171114529560493639e-02
6.869633703390502433e+02	3.462070495879894794e-01	2.239838398552569942e-01	1.871779917505368707e-01	1.131397679962481556e-01	5.682997049188467237e-02	2.062991950481129003e-02	5.201988466408740547e-02
6.918011405527055331e+02	3.449794712096111438e-01	2.231885621459183400e-01	1.880595917344193846e-01	1.136637739921486367e-01	5.703703867019688928e-02	2.073285742241331997e-02	5.232712867610718466e-02
6.966389107663608229e+02	3.437596500821591405e-01	2.223970611941751829e-01	1.889361250203199782e-01	1.141843099792563404e-01	5.724284474956432833e-02	2.083555228894353947e-02	5.263288053639640640e-02
7.014766809800161127e+02	3.425475170875695308e-01	2.216093374890285017e-01	1.898076198762045086e-01	1.147014061653457290e-01	5.744739765263469355e-02	2.093800204484601302e-02	5.293714353518599175e-02
7.063144511936714025e+02	3.413430042684392762e-01	2.208253908473910565e-01	1.906741044245507943e-01	1.152150923662070559e-01	5.765070621734365991e-02	2.104020468107075520e-02	5.323992104581237728e-02
7.111522214073266923e+02	3.401460447980281243e-01	2.200452204383590293e-01	1.915356066427217618e-01	1.157253980128090248e-01	5.785277919821668613e-02	2.114215823830937341e-02	5.354121652237094076e-02
7.159899916209819821e+02	3.389565729511436198e-01	2.192688248067210244e-01	1.923921543633506648e-01	1.162323521583022573e-01	5.805362526764076131e-02	2.124386080624120557e-02	5.384103349741545252e-02
7.208277618346371582e+02	3.377745240758824874e-01	2.184962018957283258e-01	1.932437752747372117e-01	1.167359834848674394e-01	5.825325301710699427e-02	2.134531052278985236e-02	5.413937557970266434e-02
7.256655320482924481e+02	3.365998345662030711e-01	2.177273490691487845e-01	1.940904969212549902e-01	1.172363203104121038e-01	5.845167095842478816e-02	2.144650557338993735e-02	5.443624645198128637e-02
7.305033022619478515e+02	3.354324418353024639e-01	2.169622631326267315e-01	1.949323467037690216e-01	1.177333905951196552e-01	5.864888752490841212e-02	2.154744419026398752e-02	5.473164986882465832e-02
7.353410724756030277e+02	3.342722842897755675e-01	2.162009403543694863e-01	1.957693518800632249e-01	1.182272219478543857e-01	5.884491107253676800e-02	2.164812465170928152e-02	5.502558965450624062e-02
7.401788426892584312e+02	3.331193013045308238e-01	2.154433764851818589e-01	1.966015395652775388e-01	1.187178416324259494e-01	5.903974988108697669e-02	2.174854528139454762e-02	5.531806970091729392e-02
7.450166129029136073e+02	3.319734331984410258e-01	2.146895667778682959e-01	1.974289367323539546e-01	1.192052765737167119e-01	5.923341215524264430e-02	2.184870444766637623e-02	5.560909396552592837e-02
7.498543831165690108e+02	3.308346212107062811e-01	2.139395060060221010e-01	1.982515702124915125e-01	1.196895533636755243e-01	5.942590602567739827e-02	2.194860056286524266e-02	5.589866646937686340e-02
7.546921533302243006e+02	3.297028074779078666e-01	2.131931884822204915e-01	1.990694666956090986e-01	1.201706982671808532e-01	5.961723955011442172e-02	2.204823208265096687e-02	5.618679129513119708e-02
7.595299235438793630e+02	3.285779350117319919e-01	2.124506080756440318e-01	1.998826527308166789e-01	1.206487372277767339e-01	5.980742071436261076e-02	2.214759750533753027e-02	5.647347258514539420e-02
7.643676937575347665e+02	3.274599476773430440e-01	2.117117582291376809e-01	2.006911547268935558e-01	1.211236958732846009e-01	5.999645743333002074e-02	2.224669537123712473e-02	5.675871453958895169e-02
7.692054639711900563e+02	3.263487901723876039e-01	2.109766319757310493e-01	2.014949989527742014e-01	1.215955995212937985e-01	6.018435755201520521e-02	2.234552426201325340e-02	5.704252141459991571e-02
7.740432341848452324e+02	3.252444080066085319e-01	2.102452219546340206e-01	2.022942115380407802e-01	1.220644731845340614e-01	6.037112884647702349e-02	2.244408280004284856e-02	5.732489752047773002e-02
7.788810043985006359e+02	3.241467474820528549e-01	2.095175204267243629e-01	2.030888184734219448e-01	1.225303415761324483e-01	6.055677902478354135e-02	2.254236964778725053e-02	5.760584721991259677e-02
7.837187746121558121e+02	3.230557556738530844e-01	2.087935192895425396e-01	2.038788456112982372e-01	1.229932291147578655e-01	6.074131572794059380e-02	2.264038350717187745e-02	5.788537492625087100e-02
7.885565448258112156e+02	3.219713804115667544e-01	2.080732100918089855e-01	2.046643186662129854e-01	1.234531599296555537e-01	6.092474653080044711e-02	2.273812311897457916e-02	5.816348510179574632e-02
7.933943150394665054e+02	3.208935702610564156e-01	2.073565840474787814e-01	2.054452632153888625e-01	1.239101578655745634e-01	6.110707894295130949e-02	2.283558726222244609e-02	5.844018225614264900e-02
7.982320852531219089e+02	3.198222745068937667e-01	2.066436320493473533e-01	2.062217046992498304e-01	1.243642464875903825e-01	6.128832040958795413e-02	2.293277475359704887e-02	5.871547094454870191e-02
8.030698554667769713e+02	3.187574431352721005e-01	2.059343446822217982e-01	2.069936684219477740e-01	1.248154490858255500e-01	6.146847831236414844e-02	2.302968444684794919e-02	5.898935576633566186e-02
8.079076256804323748e+02	3.176990268174120779e-01	2.052287122356704907e-01	2.077611795518942983e-01	1.252637886800705980e-01	6.164755997022733358e-02	2.312631523221438459e-02	5.926184136332579566e-02
8.127453958940876646e+02	3.166469768934457862e-01	2.045267247163643776e-01	2.085242631222964105e-01	1.257092880243075028e-01	6.182557264023591515e-02	2.322266603585500244e-02	5.953293241830995980e-02
8.175831661077428407e+02	3.156012453567642595e-01	2.038283718600224226e-01	2.092829440316970047e-01	1.261519696111384203e-01	6.200252351835979642e-02	2.331873581928557357e-02	5.980263365354748784e-02
8.224209363213982442e+02	3.145617848388154170e-01	2.031336431429733302e-01	2.100372470445186768e-01	1.265918556761214397e-01	6.217841974026446644e-02	2.341452357882452956e-02	6.007094982929715721e-02
8.272587065350534203e+02	3.135285485943378192e-01	2.024425277933453449e-01	2.107871967916116751e-01	1.270289682020158961e-01	6.235326838207914946e-02	2.351002834504626118e-02	6.033788574237882590e-02
8.320964767487085965e+02	3.125014904870180299e-01	2.017550148018958101e-01	2.115328177708052371e-01	1.274633289229393784e-01	6.252707646114941120e-02	2.360524918224203919e-02	6.060344622476503823e-02
8.369342469623640000e+02	3.114805649755581496e-01	2.010710929324912299e-01	2.122741343474620623e-01	1.278949593284382236e-01	6.269985093677460375e-02	2.370018518788847423e-02	6.086763614220220414e-02
8.417720171760191761e+02	3.104657271001414198e-01	2.003907507322489068e-01	2.130111707550358668e-01	1.283238806674739940e-01	6.287159871093062069e-02	2.379483549212342564e-02	6.113046039286069988e-02
8.466097873896745796e+02	3.094569324692842405e-01	1.997139765413504520e-01	2.137439510956318511e-01	1.287501139523274940e-01	6.304232662897828188e-02	2.388919925722921347e-02	6.139192390601344584e-02
8.514475576033297557e+02	3.084541372470622766e-01	1.990407585025372739e-01	2.144724993405696112e-01	1.291736799624225163e-01	6.321204148035770853e-02	2.398327567712309899e-02	6.165203164074239961e-02
8.562853278169851592e+02	3.074572981407003858e-01	1.983710845702980619e-01	2.151968393309488525e-01	1.295945992480710962e-01	6.338074999926911202e-02	2.407706397685486360e-02	6.191078858467252699e-02
8.611230980306403353e+02	3.064663723885140967e-01	1.977049425197574262e-01	2.159169947782167420e-01	1.300128921341422439e-01	6.354845886534035704e-02	2.417056341211145168e-02	6.216819975273264742e-02
8.659608682442956251e+02	3.054813177481935926e-01	1.970423199552750193e-01	2.166329892647380073e-01	1.304285787236555139e-01	6.371517470428152141e-02	2.426377326872855913e-02	6.242427018594273735e-02
8.707986384579510286e+02	3.045020924854188182e-01	1.963832043187645204e-01	2.173448462443664242e-01	1.308416789013019665e-01	6.388090408852695190e-02	2.435669286220904645e-02	6.267900495022721286e-02
8.756364086716062047e+02	3.035286553627962181e-01	1.957275828977403376e-01	2.180525890430183023e-01	1.312522123368932980e-01	6.404565353786501047e-02	2.444932153724813789e-02	6.293240913525369185e-02
8.804741788852616082e+02	3.025609656291071148e-01	1.950754428331011869e-01	2.187562408592472751e-01	1.316601984887415533e-01	6.420942952005588567e-02	2.454165866726525785e-02	6.318448785329679185e-02
8.853119490989170117e+02	3.015989830088589563e-01	1.944267711266582099e-01	2.194558247648207838e-01	1.320656566069704774e-01	6.437223845143771883e-02	2.463370365394246600e-02	6.343524623812642205e-02
8.901497193125721878e+02	3.006426676921301056e-01	1.937815546484157325e-01	2.201513637052976147e-01	1.324686057367604197e-01	6.453408669752148941e-02	2.472545592676934564e-02	6.368468944392030595e-02
8.949874895262273640e+02	2.996919803246986258e-01	1.931397801436123274e-01	2.208428805006066031e-01	1.328690647215282905e-01	6.469498057357475629e-02	2.481691494259432099e-02	6.393282264420004080e-02
8.998252597398827675e+02	2.987468819984480661e-01	1.925014342395293399e-01	2.215303978456263090e-01	1.332670522060438179e-01	6.485492634519460231e-02	2.490808018518225753e-02	6.417965103079052713e-02
9.046630299535379436e+02	2.978073342420404224e-01	1.918665034520745383e-01	2.222139383107654687e-01	1.336625866394839657e-01	6.501393022887010098e-02	2.499895116477829013e-02	6.442517981280210249e-02
9.095008001671932334e+02	2.968732990118494453e-01	1.912349741921473834e-01	2.228935243425440582e-01	1.340556862784265668e-01	6.517199839253455529e-02	2.508952741767779548e-02	6.466941421563507375e-02
9.143385703808486369e+02	2.959447386831455251e-01	1.906068327717929944e-01	2.235691782641752445e-01	1.344463691897847257e-01	6.532913695610774452e-02	2.517980850580240140e-02	6.491235948000627365e-02
9.191763405945038130e+02	2.950216160415256028e-01	1.899820654101511408e-01	2.242409222761473364e-01	1.348346532536833509e-01	6.548535199202841495e-02	2.526979401628198785e-02	6.515402086099714163e-02
9.240141108081592165e+02	2.941038942745799467e-01	1.893606582392068360e-01	2.249087784568064019e-01	1.352205561662790378e-01	6.564064952577722267e-02	2.535948356104256521e-02	6.539440362712295451e-02
9.288518810218145063e+02	2.931915369637891899e-01	1.887425973093485310e-01	2.255727687629389966e-01	1.356040954425248302e-01	6.579503553639053093e-02	2.544887677639994655e-02	6.563351305942287384e-02
9.336896512354697961e+02	2.922845080766447445e-01	1.881278685947398999e-01	2.262329150303548642e-01	1.359852884188807731e-01	6.594851595696508972e-02	2.553797332265916181e-02	6.587135445057033800e-02
9.385274214491247449e+02	2.913827719589854870e-01	1.875164579985110214e-01	2.268892389744698312e-01	1.363641522559716490e-01	6.610109667515387533e-02	2.562677288371953063e-02	6.610793310400342460e-02
9.433651916627801484e+02	2.904862933275448866e-01	1.869083513577745881e-01	2.275417621908884525e-01	1.367407039411931702e-01	6.625278353365346429e-02	2.571527516668527941e-02	6.634325433307501629e-02
9.482029618764355519e+02	2.895950372627018043e-01	1.863035344484725297e-01	2.281905061559864334e-01	1.371149602912676568e-01	6.640358233068284488e-02	2.580347990148169207e-02	6.657732346022192382e-02
9.530407320900908417e+02	2.887089692014290776e-01	1.857019929900584621e-01	2.288354922274929149e-01	1.374869379547504211e-01	6.655349882045417942e-02	2.589138684047662814e-02	6.681014581615321579e-02
9.578785023037459041e+02	2.878280549304343405e-01	1.851037126500206242e-01	2.294767416450722297e-01	1.378566534144879119e-01	6.670253871363553133e-02	2.597899575810742878e-02	6.704172673905688107e-02
9.627162725174014213e+02	2.869522605794863068e-01	1.845086790482511063e-01	2.301142755309051602e-01	1.382241229900286472e-01	6.685070767780580681e-02	2.606630645051308953e-02	6.727207157382479596e-02
9.675540427310568248e+02	2.860815526149225740e-01	1.839168777612651962e-01	2.307481148902697510e-01	1.385893628399881838e-01	6.699801133790207752e-02	2.615331873517160594e-02	6.750118567129553826e-02
9.723918129447120009e+02	2.852158978333318995e-01	1.833282943262761477e-01	2.313782806121213453e-01	1.389523889643688725e-01	6.714445527665947877e-02	2.624003245054247133e-02	6.772907438751467335e-02
9.772295831583674044e+02	2.843552633554070619e-01	1.827429142451298671e-01	2.320047934696719272e-01	1.393132172068356767e-01	6.729004503504389112e-02	2.632644745571422265e-02	6.795574308301224886e-02
9.820673533720223531e+02	2.834996166199625356e-01	1.821607229881031798e-01	2.326276741209687970e-01	1.396718632569488305e-01	6.743478611267750278e-02	2.641256363005697536e-02	6.818119712209713690e-02
9.869051235856777566e+02	2.826489253781120925e-01	1.815817059975710634e-01	2.332469431094720824e-01	1.400283426523543928e-01	6.757868396825751633e-02	2.649838087287986060e-02	6.840544187216791860e-02
9.917428937993331601e+02	2.818031576876022237e-01	1.810058486915460119e-01	2.338626208646317206e-01	1.403826707809335550e-01	6.772174401996801374e-02	2.658389910309334747e-02	6.862848270304001963e-02
9.965806640129884499e+02	2.809622819072958300e-01	1.804331364670938298e-01	2.344747277024630261e-01	1.407348628829117321e-01	6.786397164588538200e-02	2.666911825887632176e-02	6.885032498628876341e-02
