3.096172936739380930e+02	4.787402115532127800e-01	2.920823205579464177e-01	9.977203127821078488e-02	5.821018635980938771e-02	3.534803929343354606e-02	1.229725195901035760e-02	2.349621573182571546e-02
3.144550638875934396e+02	4.759410220228315058e-01	2.916246271140940372e-01	1.011951455983745168e-01	5.915859285239099402e-02	3.571673022826454824e-02	1.239697396813699108e-02	2.391316494935641357e-02
3.192928341012487294e+02	4.732132744090204457e-01	2.911202527065747114e-01	1.026073649012774897e-01	6.009742863269945667e-02	3.608192380268057664e-02	1.249714549699551015e-02	2.432886678420079565e-02
3.241306043149040192e+02	4.705529184920552721e-01	2.905726971203597131e-01	1.040089298101108950e-01	6.102693048399554510e-02	3.644370152852802192e-02	1.259775394456677002e-02	2.474332535383274786e-02
3.289683745285592522e+02	4.679561661300069009e-01	2.899852279766164109e-01	1.054000678608574271e-01	6.194732377439003679e-02	3.680214087378792798e-02	1.269878668322656744e-02	2.515654343456368361e-02
3.338061447422145420e+02	4.654194740852123924e-01	2.893608959809413350e-01	1.067809943454734317e-01	6.285882314407026383e-02	3.715731551400760363e-02	1.280023107622173077e-02	2.556852258752228754e-02
3.386439149558698318e+02	4.629395279773863559e-01	2.887025491710196179e-01	1.081519130998398748e-01	6.376163314856052311e-02	3.750929556740702914e-02	1.290207449374462280e-02	2.597926327549100051e-02
3.434816851695251216e+02	4.605132272894535417e-01	2.880128462293620184e-01	1.095130172401055091e-01	6.465594886087921989e-02	3.785814781472886942e-02	1.300430432770209588e-02	2.638876497121779574e-02
3.483194553831804114e+02	4.581376713570327608e-01	2.872942689224608492e-01	1.108644898508076015e-01	6.554195643526779247e-02	3.820393590483070478e-02	1.310690800526864187e-02	2.679702625778071501e-02
3.531572255968357013e+02	4.558101462770340340e-01	2.865491337236849567e-01	1.122065046279336620e-01	6.641983363499190385e-02	3.854672054695268413e-02	1.320987300130748755e-02	2.720404492154442078e-02
3.579949958104909342e+02	4.535281126750658198e-01	2.857796026734693018e-01	1.135392264798800316e-01	6.728975032655128141e-02	3.888655969053263911e-02	1.331318684973780038e-02	2.760981803821224018e-02
3.628327660241463377e+02	4.512891942753056718e-01	2.849876935268440548e-01	1.148628120890691912e-01	6.815186894248202731e-02	3.922350869338333407e-02	1.341683715392104174e-02	2.801434205244384551e-02
3.676705362378016275e+02	4.490911672201838289e-01	2.841752892350613569e-01	1.161774104368063359e-01	6.900634491479221144e-02	3.955762047899340217e-02	1.352081159613458677e-02	2.841761285147743898e-02
3.725083064514568036e+02	4.469319500906848708e-01	2.833441468050135748e-01	1.174831632937868853e-01	6.985332708093799914e-02	3.988894568366332938e-02	1.362509794619622475e-02	2.881962583316620766e-02
3.773460766651120935e+02	4.448095945812998719e-01	2.824959055772667260e-01	1.187802056785077776e-01	7.069295806412292937e-02	4.021753279414124610e-02	1.372968406929890237e-02	2.922037596881160021e-02
3.821838468787673833e+02	4.427222767866765829e-01	2.816320949608564495e-01	1.200686662856880194e-01	7.152537462958641346e-02	4.054342827637987673e-02	1.383455793311116032e-02	2.961985786115052879e-02
3.870216170924226162e+02	4.406682890598352387e-01	2.807541416604899531e-01	1.213486678866657620e-01	7.235070801843830612e-02	4.086667669599505781e-02	1.393970761419494747e-02	3.001806579782984388e-02
3.918593873060780197e+02	4.386460324044488268e-01	2.798633764294586879e-01	1.226203277036098660e-01	7.316908426049513470e-02	4.118732083096827284e-02	1.404512130378910394e-02	3.041499380067925681e-02
3.966971575197332527e+02	4.366540093661486210e-01	2.789610403793826299e-01	1.238837577592634687e-01	7.398062446747769028e-02	4.150540177710008299e-02	1.415078731300353949e-02	3.081063567107313744e-02
4.015349277333884856e+02	4.346908173901136152e-01	2.780482908758626359e-01	1.251390652038247009e-01	7.478544510784172761e-02	4.182095904668815811e-02	1.425669407746616921e-02	3.120498503165225826e-02
4.063726979470438323e+02	4.327551426143512736e-01	2.771262070472120254e-01	1.263863526204637711e-01	7.558365826442954571e-02	4.213403066087238052e-02	1.436283016146177975e-02	3.159803536465849438e-02
4.112104681606991221e+02	4.308457540700847965e-01	2.761957949316547478e-01	1.276257183108776838e-01	7.637537187605321354e-02	4.244465323606079477e-02	1.446918426159946557e-02	3.198978004711856837e-02
4.160482383743544119e+02	4.289614982625357675e-01	2.752579922867115503e-01	1.288572565621919075e-01	7.716068996404752689e-02	4.275286206482269147e-02	1.457574521004272733e-02	3.238021238309711503e-02
4.208860085880095880e+02	4.271012941071459790e-01	2.743136730829393022e-01	1.300810578964323172e-01	7.793971284476267081e-02	4.305869119161014752e-02	1.468250197733410485e-02	3.276932563322479397e-02
4.257237788016648778e+02	4.252641281979178123e-01	2.733636517027348556e-01	1.312972093037103605e-01	7.871253732890387544e-02	4.336217348364540536e-02	1.478944367484403936e-02	3.315711304169306067e-02
4.305615490153201677e+02	4.234490503860831034e-01	2.724086868635552938e-01	1.325057944601897297e-01	7.947925690856548486e-02	4.366334069728946415e-02	1.489655955687164794e-02	3.354356786089474074e-02
4.353993192289755143e+02	4.216551696487411682e-01	2.714494852836368821e-01	1.337068939318323824e-01	8.023996193275186040e-02	4.396222354018665401e-02	1.500383902242327129e-02	3.392868337387727057e-02
4.402370894426308041e+02	4.198816502284404839e-01	2.704867051071085937e-01	1.349005853648565234e-01	8.099473977212606757e-02	4.425885172946050078e-02	1.511127161669287289e-02	3.431245291476442416e-02
4.450748596562860939e+02	4.181277080259283574e-01	2.695209591042880271e-01	1.360869436637779095e-01	8.174367497367843183e-02	4.455325404621834212e-02	1.521884703226673852e-02	3.469486988729170163e-02
4.499126298699413837e+02	4.163926072294593106e-01	2.685528176619098595e-01	1.372660411578486006e-01	8.248684940596238968e-02	4.484545838660503742e-02	1.532655511007342819e-02	3.507592778159095842e-02
4.547504000835967304e+02	4.146756571651406542e-01	2.675828115770724214e-01	1.384379477566539118e-01	8.322434239550280388e-02	4.513549180963061236e-02	1.543438584009849956e-02	3.545562018935061177e-02
4.595881702972519065e+02	4.129762093538154599e-01	2.666114346677800340e-01	1.396027310955787470e-01	8.395623085494202664e-02	4.542338058198187173e-02	1.554232936188219144e-02	3.583394081746922588e-02
4.644259405109071963e+02	4.112936547609305493e-01	2.656391462121156510e-01	1.407604566718067551e-01	8.468258940345302355e-02	4.570915022001415667e-02	1.565037596481700863e-02	3.621088350031240188e-02
4.692637107245624861e+02	4.096274212267296821e-01	2.646663732272892533e-01	1.419111879714740065e-01	8.540349047991351028e-02	4.599282552910669702e-02	1.575851608826102368e-02	3.658644221067537672e-02
4.741014809382177759e+02	4.079769710649412406e-01	2.636935125990674256e-01	1.430549865885560878e-01	8.611900444930346843e-02	4.627443064055296318e-02	1.586674032148159205e-02	3.696061106954677544e-02
4.789392511518730657e+02	4.063417988189053642e-01	2.627209330714029289e-01	1.441919123360312915e-01	8.682919970275813915e-02	4.655398904614618111e-02	1.597503940344320930e-02	3.733338435476258460e-02
4.837770213655284124e+02	4.047214291648119078e-01	2.617489771054363201e-01	1.453220233498256631e-01	8.753414275168061587e-02	4.683152363060967549e-02	1.608340422245223972e-02	3.770475650863328726e-02
4.886147915791837022e+02	4.031154149523987207e-01	2.607779626164419828e-01	1.464453761860136372e-01	8.823389831629159519e-02	4.710705670201199846e-02	1.619182581567046170e-02	3.807472214462138960e-02
4.934525617928388783e+02	4.015233353740902955e-01	2.598081845967272208e-01	1.475620259117152999e-01	8.892852940896960046e-02	4.738061002029749641e-02	1.630029536850842800e-02	3.844327605314144802e-02
4.982903320064942250e+02	3.999447942541522472e-01	2.588399166319675926e-01	1.486720261901047502e-01	8.961809741271209440e-02	4.765220482405452956e-02	1.640880421390897986e-02	3.881041320654961269e-02
5.031281022201495148e+02	3.983794184499867552e-01	2.578734123179716731e-01	1.497754293599141417e-01	9.030266215502597005e-02	4.792186185563550305e-02	1.651734383153050795e-02	3.917612876338523453e-02
5.079658724338048046e+02	3.968268563582127983e-01	2.569089065844084030e-01	1.508722865097951171e-01	9.098228197753653601e-02	4.818960138473547122e-02	1.662590584683882808e-02	3.954041807192271163e-02
5.128036426474600376e+02	3.952867765186562354e-01	2.559466169316020889e-01	1.519626475478739469e-01	9.165701380158487732e-02	4.845544323052899949e-02	1.673448203011603311e-02	3.990327667308771892e-02
5.176414128611153274e+02	3.937588663098271491e-01	2.549867445860998227e-01	1.530465612668158448e-01	9.232691319006620934e-02	4.871940678245849365e-02	1.684306429539398145e-02	4.026470030278834350e-02
5.224791830747705035e+02	3.922428307298824190e-01	2.540294755803413351e-01	1.541240754046918349e-01	9.299203440574549395e-02	4.898151101976111477e-02	1.695164469931959017e-02	4.062468489370810870e-02
5.273169532884259070e+02	3.907383912574647900e-01	2.530749817614112440e-01	1.551952367019240886e-01	9.365243046627101664e-02	4.924177452981571418e-02	1.706021543995863907e-02	4.098322657660440071e-02
5.321547235020811968e+02	3.892452847871796240e-01	2.521234217335283079e-01	1.562600909545658612e-01	9.430815319609284209e-02	4.950021552538582531e-02	1.716876885554423360e-02	4.134032168115316791e-02
5.369924937157364866e+02	3.877632626348120337e-01	2.511749417386188177e-01	1.573186830641566392e-01	9.495925327547910522e-02	4.975685186082992595e-02	1.727729742317569636e-02	4.169596673637763345e-02
5.418302639293917764e+02	3.862920896077096655e-01	2.502296764790382655e-01	1.583710570843761822e-01	9.560578028681118723e-02	5.001170104734534855e-02	1.738579375747320230e-02	4.205015847069610430e-02
5.466680341430470662e+02	3.848315431360562200e-01	2.492877498862367536e-01	1.594172562647074576e-01	9.624778275832668317e-02	5.026478026730799714e-02	1.749425060919313976e-02	4.240289381162173216e-02
5.515058043567023560e+02	3.833814124610419038e-01	2.483492758389160837e-01	1.604573230913043658e-01	9.688530820546845113e-02	5.051610638776597023e-02	1.760266086380879447e-02	4.275416988514444544e-02
5.563435745703576458e+02	3.819414978761971335e-01	2.474143588339928479e-01	1.614912993252468898e-01	9.751840316998780511e-02	5.076569597314136567e-02	1.771101754006055087e-02	4.310398401482345987e-02
5.611813447840129356e+02	3.805116100184035566e-01	2.464830946134644318e-01	1.625192260383549192e-01	9.814711325694008837e-02	5.101356529719094229e-02	1.781931378847967026e-02	4.345233372061647198e-02
5.660191149976681118e+02	3.790915692053226094e-01	2.455555707500722551e-01	1.635411436467203994e-01	9.877148316970257858e-02	5.125973035427313501e-02	1.792754288988919475e-02	4.379921671746995343e-02
5.708568852113234016e+02	3.776812048161974911e-01	2.446318671944656686e-01	1.645570919421071587e-01	9.939155674313546185e-02	5.150420686996572128e-02	1.803569825388544323e-02	4.414463091369313225e-02
5.756946554249786914e+02	3.762803547131831072e-01	2.437120567863937382e-01	1.655671101213578578e-01	1.000073769749998676e-01	5.174701031107555721e-02	1.814377341730319393e-02	4.448857440913672745e-02
5.805324256386339812e+02	3.748888647005456098e-01	2.427962057322849421e-01	1.665712368139384836e-01	1.006189860557386712e-01	5.198815589507914392e-02	1.825176204266746802e-02	4.483104549319576193e-02
5.853701958522892710e+02	3.735065880192475762e-01	2.418843740514213247e-01	1.675695101077420146e-01	1.012264253967197075e-01	5.222765859903027996e-02	1.835965791663457178e-02	4.517204264265460567e-02
5.902079660659445608e+02	3.721333848745981276e-01	2.409766159927679841e-01	1.685619675732651923e-01	1.018297356570343620e-01	5.246553316796849498e-02	1.846745494842491619e-02	4.551156451939100678e-02
5.950457362795999643e+02	3.707691219947986117e-01	2.400729804243837140e-01	1.695486462862648980e-01	1.024289567689384561e-01	5.270179412286012111e-02	1.857514716824983439e-02	4.584960996795448690e-02
5.998835064932552541e+02	3.694136722183578581e-01	2.391735111972124739e-01	1.705295828489931387e-01	1.030241279620170980e-01	5.293645576810140918e-02	1.868272872573458268e-02	4.618617801303358944e-02
6.047212767069104302e+02	3.680669141084835227e-01	2.382782474849372278e-01	1.715048134101036792e-01	1.036152877861497845e-01	5.316953219861146607e-02	1.879019388833936405e-02	4.652126785682511589e-02
6.095590469205657200e+02	3.667287315926799907e-01	2.373872241014670648e-01	1.724743736833173058e-01	1.042024741333470728e-01	5.340103730654076342e-02	1.889753703978026139e-02	4.685487887631781256e-02
6.143968171342210098e+02	3.653990136258995491e-01	2.365004717975256743e-01	1.734382989649263240e-01	1.047857242585258364e-01	5.363098478761952476e-02	1.900475267845166960e-02	4.718701062050167927e-02
6.192345873478761860e+02	3.640776538757030112e-01	2.356180175377132757e-01	1.743966241502144798e-01	1.053650747992857656e-01	5.385938814716850070e-02	1.911183541585170786e-02	4.751766280751357208e-02
6.240723575615315895e+02	3.627645504279846111e-01	2.347398847593232252e-01	1.753493837488628027e-01	1.059405617947456746e-01	5.408626070579328898e-02	1.921877997501207982e-02	4.784683532172859938e-02
6.289101277751868793e+02	3.614596055119150830e-01	2.338660936141108149e-01	1.762966118994076514e-01	1.065122207034948087e-01	5.431161560478196815e-02	1.932558118893355076e-02	4.817452821080641517e-02
6.337478979888421691e+02	3.601627252428396542e-01	2.329966611941342025e-01	1.772383423828128302e-01	1.070800864207102632e-01	5.453546581122456494e-02	1.943223399902828386e-02	4.850074168270052111e-02
6.385856682024975726e+02	3.588738193819560052e-01	2.321316017427118850e-01	1.781746086352133385e-01	1.076441932944892654e-01	5.475782412287156370e-02	1.953873345357003480e-02	4.882547610263821003e-02
6.434234384161527487e+02	3.575928011116708549e-01	2.312709268514744898e-01	1.791054437598849081e-01	1.082045751414409951e-01	5.497870317274766716e-02	1.964507470615320384e-02	4.914873199007819410e-02
6.482612086298080385e+02	3.563195868256067156e-01	2.304146456444235713e-01	1.800308805384895627e-01	1.087612652615807529e-01	5.519811543353595612e-02	1.975125301416160231e-02	4.947051001565216238e-02
6.530989788434633283e+02	3.550540959322989187e-01	2.295627649498503398e-01	1.809509514416445530e-01	1.093142964525659205e-01	5.541607322174650629e-02	1.985726373724775937e-02	4.979081099809633953e-02
6.579367490571185044e+02	3.537962506716850197e-01	2.287152894609111309e-01	1.818656886388586580e-01	1.098637010233110001e-01	5.563258870168272252e-02	1.996310233582345578e-02	5.010963590117834682e-02
6.627745192707737942e+02	3.525459759435476959e-01	2.278722218856049919e-01	1.827751240078767936e-01	1.104095108070166503e-01	5.584767388921776932e-02	2.006876436956215454e-02	5.042698583062433376e-02
6.676122894844290840e+02	3.513031991471277093e-01	2.270335630868483834e-01	1.836792891434713970e-01	1.109517571736454294e-01	5.606134065539267880e-02	2.017424549591393182e-02	5.074286203105085602e-02
6.724500596980843738e+02	3.500678500311744101e-01	2.261993122132978096e-01	1.845782153657171132e-01	1.114904710418749278e-01	5.627360072984689821e-02	2.027954146863338372e-02	5.105726588290580847e-02
6.772878299117396637e+02	3.488398605537497144e-01	2.253694668215277253e-01	1.854719337277813962e-01	1.120256828905571295e-01	5.648446570409146328e-02	2.038464813632105341e-02	5.137019889942189693e-02
6.821256001253949535e+02	3.476191647511460148e-01	2.245440229901310702e-01	1.863604750232630558e-01	1.125574227697109103e-01	5.669394703463423446e-02	2.048956144097872217e-02	5.168166272358635377e-02
6.869633703390502433e+02	3.464056986153210005e-01	2.237229754262733961e-01	1.872438697931080032e-01	1.130857203110730569e-01	5.690205604596607070e-02	2.059427741657899810e-02	5.199165912512983267e-02
6.918011405527055331e+02	3.451993999792905554e-01	2.229063175651957440e-01	1.881221483321293131e-01	1.136106047382316603e-01	5.710880393341623978e-02	2.069879218764949028e-02	5.230018999753737602e-02
6.966389107663608229e+02	3.440002084099585966e-01	2.220940416631294878e-01	1.889953406951576376e-01	1.141321048763640073e-01	5.731420176588479520e-02	2.080310196787184956e-02	5.260725735508400835e-02
7.014766809800161127e+02	3.428080651078965202e-01	2.212861388840559052e-01	1.898634767028453130e-01	1.146502491616002845e-01	5.751826048845923994e-02	2.090720305869596049e-02	5.291286332989721813e-02
7.063144511936714025e+02	3.416229128136163973e-01	2.204825993807146556e-01	1.907265859471470593e-01	1.151650656500323028e-01	5.772099092492218725e-02	2.101109184796945417e-02	5.321701016904840237e-02
7.111522214073266923e+02	3.404446957199129264e-01	2.196834123702390285e-01	1.915846977964979769e-01	1.156765820263861572e-01	5.792240378015648533e-02	2.111476480858274704e-02	5.351970023167517548e-02
7.159899916209819821e+02	3.392733593898760169e-01	2.188885662047709291e-01	1.924378414007081317e-01	1.161848256123759610e-01	5.812250964245364859e-02	2.121821849712973718e-02	5.382093598613610363e-02
7.208277618346371582e+02	3.381088506802029658e-01	2.180980484373852557e-01	1.932860456955924067e-01	1.166898233747549335e-01	5.832131898573130607e-02	2.132144955258427968e-02	5.412072000719938408e-02
7.256655320482924481e+02	3.369511176694626742e-01	2.173118458836321432e-01	1.941293394073523026e-01	1.171916019330794256e-01	5.851884217166470475e-02	2.142445469499254171e-02	5.441905497326676722e-02
7.305033022619478515e+02	3.358001095909876610e-01	2.165299446789845927e-01	1.949677510567258132e-01	1.176901875672000247e-01	5.871508945173736782e-02	2.152723072418131003e-02	5.471594366363380368e-02
7.353410724756030277e+02	3.346557767700907848e-01	2.157523303324611619e-01	1.958013089629201675e-01	1.181856062244935196e-01	5.891007096921529324e-02	2.162977451848227539e-02	5.501138895578744359e-02
7.401788426892584312e+02	3.335180705653233990e-01	2.149789877766742630e-01	1.966300412473414860e-01	1.186778835268482851e-01	5.910379676104910579e-02	2.173208303347233875e-02	5.530539382274181348e-02
7.450166129029136073e+02	3.323869433135104301e-01	2.142099014145398550e-01	1.974539758371341991e-01	1.191670447774152292e-01	5.929627675970815942e-02	2.183415330072996721e-02	5.559796133041288585e-02
7.498543831165690108e+02	3.312623482783149109e-01	2.134450551628672144e-01	1.982731404685424137e-01	1.196531149671356542e-01	5.948752079495026046e-02	2.193598242660754413e-02	5.588909463503270725e-02
7.546921533302243006e+02	3.301442396021009307e-01	2.126844324930345365e-01	1.990875626901048023e-01	1.201361187810564557e-01	5.967753859553065476e-02	2.203756759101971330e-02	5.617879698060359445e-02
7.595299235438793630e+02	3.290325722608791192e-01	2.119280164689414658e-01	1.998972698656932556e-01	1.206160806044428574e-01	5.986633979085352608e-02	2.213890604624769304e-02	5.646707169639275659e-02
7.643676937575347665e+02	3.279273020221331603e-01	2.111757897824178554e-01	2.007022891774054296e-01	1.210930245286979956e-01	6.005393391256911434e-02	2.223999511575948732e-02	5.675392219446764169e-02
7.692054639711900563e+02	3.268283854053382065e-01	2.104277347862560099e-01	2.015026476283206525e-01	1.215669743570984423e-01	6.024033039611930568e-02	2.234083219304592444e-02	5.703935196727222962e-02
7.740432341848452324e+02	3.257357796449956711e-01	2.096838335250225116e-01	2.022983720451273781e-01	1.220379536103537443e-01	6.042553858223451146e-02	2.244141474047246787e-02	5.732336458524445871e-02
7.788810043985006359e+02	3.246494426560197488e-01	2.089440677637963428e-01	2.030894890806307362e-01	1.225059855319981794e-01	6.060956771838429957e-02	2.254174028814669509e-02	5.760596369447476550e-02
7.837187746121558121e+02	3.235693330013211244e-01	2.082084190149686986e-01	2.038760252161475606e-01	1.229710930936220165e-01	6.079242696018422737e-02	2.264180643280136462e-02	5.788715301440587602e-02
7.885565448258112156e+02	3.224954098614450371e-01	2.074768685632328857e-01	2.046580067637958356e-01	1.234332989999493702e-01	6.097412537276104827e-02	2.274161083669294647e-02	5.816693633557373094e-02
7.933943150394665054e+02	3.214276330061292541e-01	2.067493974888832409e-01	2.054354598686854716e-01	1.238926256937693121e-01	6.115467193207851232e-02	2.284115122651553600e-02	5.844531751738946818e-02
7.982320852531219089e+02	3.203659627676559984e-01	2.060259866895340353e-01	2.062084105110164323e-01	1.243490953607263999e-01	6.133407552622562736e-02	2.294042539232999528e-02	5.872230048596231017e-02
8.030698554667769713e+02	3.193103600158809230e-01	2.053066169003627262e-01	2.069768845080897923e-01	1.248027299339767721e-01	6.151234495666927510e-02	2.303943118650822811e-02	5.899788923196316870e-02
8.079076256804323748e+02	3.182607861348293321e-01	2.045912687129746999e-01	2.077409075162376662e-01	1.252535510987151102e-01	6.168948893947295148e-02	2.313816652269245003e-02	5.927208780852873810e-02
8.127453958940876646e+02	3.172172030007580079e-01	2.038799225929802117e-01	2.085005050326762810e-01	1.257015802965781859e-01	6.186551610648319960e-02	2.323662937476931103e-02	5.954490032920578546e-02
8.175831661077428407e+02	3.161795729615858863e-01	2.031725588963683438e-01	2.092557023972878572e-01	1.261468387299294613e-01	6.204043500648536574e-02	2.333481777585874259e-02	5.981633096593538118e-02
8.224209363213982442e+02	3.151478588176048756e-01	2.024691578847573059e-01	2.100065247943347646e-01	1.265893473660300028e-01	6.221425410633001779e-02	2.343272981731736593e-02	6.008638394707669500e-02
8.272587065350534203e+02	3.141220238033873291e-01	2.017696997395953262e-01	2.107529972541107299e-01	1.270291269410998847e-01	6.238698179203142069e-02	2.353036364775635061e-02	6.035506355546999685e-02
8.320964767487085965e+02	3.131020315708115120e-01	2.010741645753808260e-01	2.114951446545326741e-01	1.274661979642744969e-01	6.255862636983941516e-02	2.362771747207354639e-02	6.062237412653851548e-02
8.369342469623640000e+02	3.120878461731330100e-01	2.003825324519672157e-01	2.122329917226769003e-01	1.279005807214596280e-01	6.272919606728576125e-02	2.372478955049973567e-02	6.088832004642869694e-02
8.417720171760191761e+02	3.110794320500331334e-01	1.996947833860121813e-01	2.129665630362627404e-01	1.283322952790892646e-01	6.289869903420620967e-02	2.382157819765886794e-02	6.115290575018852981e-02
8.466097873896745796e+02	3.100767540135810352e-01	1.990108973616280252e-01	2.136958830250873520e-01	1.287613614877898549e-01	6.306714334373923758e-02	2.391808178164209209e-02	6.141613571998333354e-02
8.514475576033297557e+02	3.090797772350499795e-01	1.983308543402861890e-01	2.144209759724138853e-01	1.291877989859541165e-01	6.323453699330254529e-02	2.401429872309548616e-02	6.167801448334871151e-02
8.562853278169851592e+02	3.080884672325320817e-01	1.976546342700247205e-01	2.151418660163164909e-01	1.296116272032280248e-01	6.340088790554819498e-02	2.411022749432125203e-02	6.193854661148012752e-02
8.611230980306403353e+02	3.071027898592996186e-01	1.969822170940049022e-01	2.158585771509841655e-01	1.300328653639140075e-01	6.356620392929730745e-02	2.420586661839225703e-02	6.219773671755862016e-02
8.659608682442956251e+02	3.061227112928643912e-01	1.963135827584602533e-01	2.165711332279862678e-01	1.304515324902928985e-01	6.373049284045514962e-02	2.430121466827977333e-02	6.245558945511216209e-02
8.707986384579510286e+02	3.051481980246894543e-01	1.956487112200778200e-01	2.172795579575015623e-01	1.308676474058682870e-01	6.389376234290736201e-02	2.439627026599421739e-02	6.271210951641220666e-02
8.756364086716062047e+02	3.041792168505114136e-01	1.949875824528495005e-01	2.179838749095133477e-01	1.312812287385350107e-01	6.405602006939808968e-02	2.449103208173874016e-02	6.296730163090481780e-02
8.804741788852616082e+02	3.032157348612330439e-01	1.943301764544284327e-01	2.186841075149722757e-01	1.316922949236749296e-01	6.421727358239071037e-02	2.458549883307554335e-02	6.322117056367604349e-02
8.853119490989170117e+02	3.022577194343493701e-01	1.936764732520231402e-01	2.193802790669287794e-01	1.321008642071823946e-01	6.437753037491192321e-02	2.467966928410467858e-02	6.347372111395074845e-02
8.901497193125721878e+02	3.013051382258731259e-01	1.930264529078602187e-01	2.200724127216368564e-01	1.325069546484212712e-01	6.453679787137955870e-02	2.477354224465527083e-02	6.372495811362469120e-02
8.949874895262273640e+02	3.003579591627265066e-01	1.923800955242440658e-01	2.207605314996311796e-01	1.329105841231162655e-01	6.469508342841501225e-02	2.486711656948889862e-02	6.397488642582907503e-02
8.998252597398827675e+02	2.994161504355694614e-01	1.917373812482403850e-01	2.214446582867781732e-01	1.333117703261801901e-01	6.485239433564057854e-02	2.496039115751507581e-02	6.422351094352719836e-02
9.046630299535379436e+02	2.984796804920358815e-01	1.910982902760085811e-01	2.221248158353033020e-01	1.337105307744796412e-01	6.500873781646247795e-02	2.505336495101857450e-02	6.447083658814259377e-02
9.095008001671932334e+02	2.975485180303521493e-01	1.904628028568061404e-01	2.228010267647956566e-01	1.341068828095405563e-01	6.516412102883979707e-02	2.514603693489850939e-02	6.471686830821818393e-02
9.143385703808486369e+02	2.966226319933123468e-01	1.898308992966871167e-01	2.234733135631908341e-01	1.345008436001957630e-01	6.531855106604006478e-02	2.523840613591898582e-02	6.496161107810585755e-02
9.191763405945038130e+02	2.957019915625876405e-01	1.892025599619148735e-01	2.241416985877333623e-01	1.348924301451762120e-01	6.547203495738170009e-02	2.533047162197115190e-02	6.520506989668610476e-02
9.240141108081592165e+02	2.947865661533481951e-01	1.885777652821079842e-01	2.248062040659200567e-01	1.352816592756475311e-01	6.562457966896394213e-02	2.542223250134651238e-02	6.544724978611687893e-02
9.288518810218145063e+02	2.938763254091778521e-01	1.879564957531374703e-01	2.254668520964248080e-01	1.356685476576935112e-01	6.577619210438448438e-02	2.551368792202135527e-02	6.568815579061165755e-02
9.336896512354697961e+02	2.929712391972619789e-01	1.873387319397917528e-01	2.261236646500063008e-01	1.360531117947481605e-01	6.592687910544529906e-02	2.560483707095210018e-02	6.592779297524556381e-02
9.385274214491247449e+02	2.920712776038316139e-01	1.867244544782247495e-01	2.267766635703990508e-01	1.364353680299775495e-01	6.607664745284702601e-02	2.569567917338148183e-02	6.616616642478968802e-02
9.433651916627801484e+02	2.911764109298472514e-01	1.861136440782016621e-01	2.274258705751889265e-01	1.368153325486132776e-01	6.622550386687221791e-02	2.578621349215533612e-02	6.640328124257252607e-02
9.482029618764355519e+02	2.902866096869067269e-01	1.855062815251563302e-01	2.280713072566736277e-01	1.371930213802385057e-01	6.637345500805770515e-02	2.587643932704990213e-02	6.663914254936841031e-02
9.530407320900908417e+02	2.894018445933633776e-01	1.849023476820721712e-01	2.287129950827093416e-01	1.375684504010279974e-01	6.652050747785656637e-02	2.596635601410945959e-02	6.687375548231236366e-02
9.578785023037459041e+02	2.885220865706401017e-01	1.843018234911992237e-01	2.293509553975436877e-01	1.379416353359436687e-01	6.666666781928981544e-02	2.605596292499418043e-02	6.710712519384065544e-02
9.627162725174014213e+02	2.876473067397280481e-01	1.837046899756178409e-01	2.299852094226358945e-01	1.383125917608864219e-01	6.681194251758822145e-02	2.614525946633800349e-02	6.733925685065692002e-02
9.675540427310568248e+02	2.867774764178574465e-01	1.831109282406594152e-01	2.306157782574648762e-01	1.386813351048056531e-01	6.695633800082442799e-02	2.623424507911643888e-02	6.757015563272311676e-02
9.723918129447120009e+02	2.859125671153294745e-01	1.825205194751940985e-01	2.312426828803255119e-01	1.390478806517676524e-01	6.709986064053564958e-02	2.632291923802412489e-02	6.779982673227490098e-02
9.772295831583674044e+02	2.850525505324994491e-01	1.819334449527940933e-01	2.318659441491138784e-01	1.394122435429837326e-01	6.724251675233730574e-02	2.641128145086202306e-02	6.802827535286094796e-02
9.820673533720223531e+02	2.841973985569015704e-01	1.813496860327812599e-01	2.324855828021017978e-01	1.397744387787993037e-01	6.738431259652756522e-02	2.649933125793408131e-02	6.825550670840585532e-02
9.869051235856777566e+02	2.833470832605062273e-01	1.807692241611666417e-01	2.331016194587012813e-01	1.401344812206447576e-01	6.752525437868334146e-02	2.658706823145325082e-02	6.848152602229590213e-02
9.917428937993331601e+02	2.825015768971016472e-01	1.801920408714894895e-01	2.337140746202190922e-01	1.404923855929492704e-01	6.766534825024762834e-02	2.667449197495670027e-02	6.870633852648756756e-02
9.965806640129884499e+02	2.816608518997918420e-01	1.796181177855624700e-01	2.343229686706020387e-01	1.408481664850181614e-01	6.780460030910867575e-02	2.676160212273013400e-02	6.892994946063814299e-02
