3.386439149558698603e+01	5.811063657091719570e-01	4.033940765895306924e-01	3.864975778300288895e-03	2.893085785558976476e-03	2.077107265647411966e-03	3.867114819178941315e-03	2.601919323188385622e-03
3.870216170924226162e+01	5.793691773579726645e-01	4.007511596849059332e-01	6.738939836511764585e-03	2.962179544996051007e-03	3.313776046219674837e-03	4.024051134761800520e-03	2.645361665208764961e-03
4.353993192289755143e+01	5.776044322097846351e-01	3.981614291914557513e-01	9.421226786950490442e-03	3.224216008739469886e-03	4.493421273074778115e-03	4.178781935241008237e-03	2.721137865330472416e-03
4.837770213655283413e+01	5.758138373147674294e-01	3.956227135870104550e-01	1.194425374733120923e-02	3.645308406800608272e-03	5.620174334783042784e-03	4.331472457692337429e-03	2.826885422191451405e-03
5.321547235020811684e+01	5.739990539908718103e-01	3.931329515148488385e-01	1.433477854841581217e-02	4.197368563267225329e-03	6.697804198302686682e-03	4.482275723710628726e-03	2.960412731159442826e-03
5.805324256386339954e+01	5.721616935658270231e-01	3.906901849383430658e-01	1.661487951902854837e-02	4.857111680414537974e-03	7.729756891462395176e-03	4.631333446482044543e-03	3.119685229018836093e-03
6.289101277751868224e+01	5.703033144084113104e-01	3.882925529057280056e-01	1.880276628725113808e-02	5.605232198667996039e-03	8.719189708748456211e-03	4.778776863527884819e-03	3.302812898241675940e-03
6.772878299117397205e+01	5.684254200024986270e-01	3.859382858463855093e-01	2.091345069995835526e-02	6.425721307257497780e-03	9.669000947397164702e-03	4.924727502409338362e-03	3.508038964670000780e-03
7.256655320482924765e+01	5.665294578608294218e-01	3.836257003323552683e-01	2.295930195371014351e-02	7.305301742685421998e-03	1.058185584866839016e-02	5.069297885797087108e-03	3.733729646530804455e-03
7.740432341848452324e+01	5.646168191113900559e-01	3.813531942490426263e-01	2.495050588287548235e-02	8.232959703428084641e-03	1.146020930933569493e-02	5.212592181551922201e-03	3.978364832952680646e-03
8.224209363213981305e+01	5.626888386190019853e-01	3.791192423276349976e-01	2.689544491739973356e-02	9.199557179463354467e-03	1.230632583706788540e-02	5.354706802812033740e-03	4.240529587196562901e-03
8.707986384579510286e+01	5.607467955292835260e-01	3.769223919988627380e-01	2.880101238003637820e-02	1.019751086834203707e-02	1.312229714734477852e-02	5.495730962522607510e-03	4.518906384184561385e-03
9.191763405945040688e+01	5.587919141424524394e-01	3.747612595336804464e-01	3.067287243947165037e-02	1.122052622832464021e-02	1.391005773623489594e-02	5.635747186359550166e-03	4.812268004053091817e-03
9.675540427310566827e+01	5.568253650412091638e-01	3.726345264414119840e-01	3.251567508739785367e-02	1.226337718863992204e-02	1.467139871060110096e-02	5.774831787579955480e-03	5.119471013736637266e-03
1.015931744867609581e+02	5.548482664107947659e-01	3.705409361000558399e-01	3.433323389454291663e-02	1.332172366760508812e-02	1.540798011329880431e-02	5.913055306967296594e-03	5.439449777311824996e-03
1.064309447004162337e+02	5.528616855007540964e-01	3.684792905969260790e-01	3.612867296523793875e-02	1.439196039948128190e-02	1.612134194420421912e-02	6.050482920721179242e-03	5.771210943251786282e-03
1.112687149140715235e+02	5.508666401873728580e-01	3.664484477607271029e-01	3.790454840452738006e-02	1.547109168879209559e-02	1.681291404722537811e-02	6.187174818862862212e-03	6.113828363068988039e-03
1.161064851277267991e+02	5.488641006035421821e-01	3.644473183686124940e-01	3.966294869654485994e-02	1.655662763637239313e-02	1.748402500778524146e-02	6.323186556482880347e-03	6.466438401236519404e-03
1.209442553413820747e+02	5.468549908092161793e-01	3.624748635138506092e-01	4.140557763514419315e-02	1.764649814772788552e-02	1.813591018377731443e-02	6.458569379941110633e-03	6.828235600919309312e-03
1.257820255550373645e+02	5.448401904809104801e-01	3.605300921214640297e-01	4.313382282047781985e-02	1.873898166876821272e-02	1.876971897497771435e-02	6.593370529938476221e-03	7.198468674039854714e-03
1.306197957686926259e+02	5.428205366030396384e-01	3.586120586006911748e-01	4.484881221590628769e-02	1.983264611930939114e-02	1.938652142077113005e-02	6.727633523209647706e-03	7.576436787649213842e-03
1.354575659823479441e+02	5.407968251474595256e-01	3.567198606243733305e-01	4.655146082971801935e-02	2.092629992970429856e-02	1.998731420332833936e-02	6.861398414434799302e-03	7.961486121558119730e-03
1.402953361960032339e+02	5.387698127305134976e-01	3.548526370264420970e-01	4.824250923025236171e-02	2.201895144610082483e-02	2.057302612265887384e-02	6.994702039833115316e-03	8.353006674775809506e-03
1.451331064096584669e+02	5.367402182392859711e-01	3.530095658095950273e-01	4.992255530841148425e-02	2.310977526801870699e-02	2.114452310092121770e-02	7.127578243779378493e-03	8.750429300564842652e-03
1.499708766233137851e+02	5.347087244207321399e-01	3.511898622560346017e-01	5.159208045767124662e-02	2.419808432883658461e-02	2.170261276572809858e-02	7.260058089675685937e-03	9.153222951898203411e-03
1.548086468369690749e+02	5.326759794289565031e-01	3.493927771348192546e-01	5.325147113982654085e-02	2.528330673421398667e-02	2.224804865570640874e-02	7.392170056211778278e-03	9.560892120842099870e-03
1.596464170506243647e+02	5.306425983272217151e-01	3.476175949999610326e-01	5.490103663760251274e-02	2.636496654274533835e-02	2.278153408606907807e-02	7.523940220058211899e-03	9.972974456918691152e-03
1.644841872642796261e+02	5.286091645423299790e-01	3.458636325739139483e-01	5.654102365694523014e-02	2.744266781330333832e-02	2.330372570727149567e-02	7.655392425955645334e-03	1.038903855085700212e-02
1.693219574779349159e+02	5.265762312698776260e-01	3.441302372115380703e-01	5.817162832731798822e-02	2.851608135958545384e-02	2.381523678582545336e-02	7.786548445089867647e-03	1.080868187134213440e-02
1.741597276915902057e+02	5.245443228295760818e-01	3.424167854400156918e-01	5.979300605357049103e-02	2.958493374847642743e-02	2.431664023291953830e-02	7.917428122575018504e-03	1.123152884344326939e-02
1.789974979052454671e+02	5.225139359703840913e-01	3.407226815705384215e-01	6.140527959452074525e-02	3.064899815841464967e-02	2.480847140355473338e-02	8.048049514806126375e-03	1.165722905835765537e-02
1.838352681189008138e+02	5.204855411256396058e-01	3.390473563778882427e-01	6.300854567848203358e-02	3.170808677984363055e-02	2.529123068637162755e-02	8.178429017385868000e-03	1.208545560496547197e-02
1.886730383325560467e+02	5.184595836187247953e-01	3.373902658443064806e-01	6.460288041225210887e-02	3.276204449439481386e-02	2.576538590215724997e-02	8.308581484278999493e-03	1.251590351446203037e-02
1.935108085462113081e+02	5.164364848200733160e-01	3.357508899642865363e-01	6.618834369563052211e-02	3.381074361463342476e-02	2.623137452712237180e-02	8.438520338800506448e-03	1.294828831002971942e-02
1.983485787598666263e+02	5.144166432565326907e-01	3.341287316071458458e-01	6.776498281674851742e-02	3.485407950361799762e-02	2.668960575538937424e-02	8.568257677000017808e-03	1.338234465414186482e-02
2.031863489735219162e+02	5.124004356742566380e-01	3.325233154344282571e-01	6.933283537306217381e-02	3.589196692451262355e-02	2.714046241368984341e-02	8.697804363964879021e-03	1.381782508666189874e-02
2.080241191871772060e+02	5.103882180564169868e-01	3.309341868693682076e-01	7.089193163768008066e-02	3.692433699615466774e-02	2.758430274000828186e-02	8.827170123527244491e-03	1.425449884742083229e-02
2.128618894008324673e+02	5.083803265971071905e-01	3.293609111158118941e-01	7.244229646986762028e-02	3.795113465173545475e-02	2.802146203679818301e-02	8.956363621826375285e-03	1.469215077742961652e-02
2.176996596144877287e+02	5.063770786328646301e-01	3.278030722241389583e-01	7.398395085133903371e-02	3.897231651535536245e-02	2.845225420841696398e-02	9.085392545145693638e-03	1.513058029331574260e-02
2.225374298281430470e+02	5.043787735332706523e-01	3.262602722018684842e-01	7.551691311569855292e-02	3.998784912579574774e-02	2.887697319155849845e-02	9.214263672414887973e-03	1.556960042996964437e-02
2.273752000417983652e+02	5.023856935521032741e-01	3.247321301667580595e-01	7.704119992660639349e-02	4.099770744892755614e-02	2.929589428669107307e-02	9.342982942740253594e-03	1.600903694674985292e-02
2.322129702554535982e+02	5.003981046405169275e-01	3.232182815403251697e-01	7.855682705050115455e-02	4.200187363018147158e-02	2.970927539782074189e-02	9.471555518301318088e-03	1.644872749292973502e-02
2.370507404691088880e+02	4.984162572237127442e-01	3.217183772798274388e-01	8.006380996165451958e-02	4.300033594679230492e-02	3.011735818728500033e-02	9.599985842928496216e-03	1.688852082837602117e-02
2.418885106827641494e+02	4.964403869425439431e-01	3.202320831468432050e-01	8.156216431067560280e-02	4.399308792639711890e-02	3.052036915172932213e-02	9.728277696654900886e-03	1.732827609573245331e-02
2.467262808964194392e+02	4.944707153614735229e-01	3.187590790106868965e-01	8.305190628207975712e-02	4.498012760425573742e-02	3.091852062492194547e-02	9.856434246515298481e-03	1.776786214064333957e-02
2.515640511100747290e+02	4.925074506442689848e-01	3.172990581849865488e-01	8.453305286199114255e-02	4.596145689607676610e-02	3.131201171261320526e-02	9.984458093846577953e-03	1.820715687679325470e-02
2.564018213237300188e+02	4.905507881987841712e-01	3.158517267958314001e-01	8.600562203329339961e-02	4.693708106733913282e-02	3.170102916423917644e-02	1.011235131832669693e-02	1.864604669276251694e-02
2.612395915373852517e+02	4.886009112921380626e-01	3.144168031799801644e-01	8.746963291244305716e-02	4.790700828323724014e-02	3.208574818590016059e-02	1.024011551897295591e-02	1.908442589790489835e-02
2.660773617510405415e+02	4.866579916375607384e-01	3.129940173116929070e-01	8.892510583960117065e-02	4.887124922606209121e-02	3.246633319870851492e-02	1.036775185230542212e-02	1.952219620464570177e-02
2.709151319646958882e+02	4.847221899541336310e-01	3.115831102568213384e-01	9.037206243162816677e-02	4.982981676905600538e-02	3.284293854629386639e-02	1.049526106786736156e-02	1.995926624477610892e-02
2.757529021783511780e+02	4.827936565006092362e-01	3.101838336528579543e-01	9.181052560574555488e-02	5.078272569762401489e-02	3.321570915497346066e-02	1.062264354128152413e-02	2.039555111748465530e-02
2.805906723920064678e+02	4.808725315844515347e-01	3.087959492137085094e-01	9.324051958023352182e-02	5.172999247031526138e-02	3.358478114983863561e-02	1.074989930500897320e-02	2.083097196701997819e-02
2.854284426056617008e+02	4.789589460471962989e-01	3.074192282580109903e-01	9.466206985735148294e-02	5.267163501325738961e-02	3.395028242977295163e-02	1.087702807696596004e-02	2.126545558802133210e-02
2.902662128193169337e+02	4.770530217271878315e-01	3.060534512598822587e-01	9.607520319269560738e-02	5.360767254278037824e-02	3.431233320420085803e-02	1.100402928714375173e-02	2.169893405668579453e-02
2.951039830329722804e+02	4.751548719007062105e-01	3.046984074210253857e-01	9.747994755440726744e-02	5.453812541184045737e-02	3.467104649416642009e-02	1.113090210236656122e-02	2.213134438606419868e-02
2.999417532466276270e+02	4.732646017024592644e-01	3.033538942631837654e-01	9.887633207498855437e-02	5.546301497658086277e-02	3.502652860015791764e-02	1.125764544931362812e-02	2.256262820389250828e-02
3.047795234602828600e+02	4.713823085263725843e-01	3.020197172399748387e-01	1.002643869979411712e-01	5.638236347996888193e-02	3.537887953892424053e-02	1.138425803592294297e-02	2.299273145147195593e-02
3.096172936739380930e+02	4.695080824075719139e-01	3.006956893671831055e-01	1.016441436210025195e-01	5.729619394994963505e-02	3.572819345137256963e-02	1.151073837128625821e-02	2.342160410221069342e-02
3.144550638875934396e+02	4.676420063864158427e-01	2.993816308706361839e-01	1.030156342373899359e-01	5.820453010997349991e-02	3.607455898349137130e-02	1.163708478413755590e-02	2.384919989853228825e-02
3.192928341012487294e+02	4.657841568553988121e-01	2.980773688508281949e-01	1.043788920761679617e-01	5.910739630010018730e-02	3.641805964210867441e-02	1.176329544003034897e-02	2.427547610594253322e-02
3.241306043149040192e+02	4.639346038897082525e-01	2.967827369634958856e-01	1.057339512426114514e-01	6.000481740717083373e-02	3.675877412717099696e-02	1.188936835729268587e-02	2.470039328312657878e-02
3.289683745285592522e+02	4.620934115621891380e-01	2.954975751153890995e-01	1.070808466592404473e-01	6.089681880277911935e-02	3.709677664211286779e-02	1.201530142184280454e-02	2.512391506702321697e-02
3.338061447422145420e+02	4.602606382434316079e-01	2.942217291745142793e-01	1.084196140080426751e-01	6.178342628797258568e-02	3.743213718377974564e-02	1.214109240094277120e-02	2.554600797189311365e-02
3.386439149558698318e+02	4.584363368876694378e-01	2.929550506941631660e-01	1.097502896742697381e-01	6.266466604378187477e-02	3.776492181326740472e-02	1.226673895596223571e-02	2.596664120146291443e-02
3.434816851695251216e+02	4.566205553051453925e-01	2.916973966500718274e-01	1.110729106920887443e-01	6.354056458681454911e-02	3.809519290894873567e-02	1.239223865421959850e-02	2.638578647328792409e-02
3.483194553831804114e+02	4.548133364215690144e-01	2.904486291900859052e-01	1.123875146922864443e-01	6.441114872926669010e-02	3.842300940287250721e-02	1.251758897996332019e-02	2.680341785453282250e-02
3.531572255968357013e+02	4.530147185252669795e-01	2.892086153957373895e-01	1.136941398521561231e-01	6.527644554280245814e-02	3.874842700163901726e-02	1.264278734455194335e-02	2.721951160842274453e-02
3.579949958104909342e+02	4.512247355025967299e-01	2.879772270551667068e-01	1.149928248476434905e-01	6.613648232583298203e-02	3.907149839278290654e-02	1.276783109588736781e-02	2.763404605066643871e-02
3.628327660241463377e+02	4.494434170621700586e-01	2.867543404468505530e-01	1.162836088077856822e-01	6.699128657379446738e-02	3.939227343762415762e-02	1.289271752715235968e-02	2.804700141519932133e-02
3.676705362378016275e+02	4.476707889484077274e-01	2.855398361336212165e-01	1.175665312714441468e-01	6.784088595208258299e-02	3.971079935148397189e-02	1.301744388489973862e-02	2.845835972863717048e-02
3.725083064514568036e+02	4.459068731449225553e-01	2.843335987664881714e-01	1.188416321463068998e-01	6.868530827134798622e-02	4.002712087210193864e-02	1.314200737653757438e-02	2.886810469287148448e-02
3.773460766651120935e+02	4.441516880682059298e-01	2.831355168977945924e-01	1.201089516701155796e-01	6.952458146489898239e-02	4.034128041703501089e-02	1.326640517725167709e-02	2.927622157527481547e-02
3.821838468787673833e+02	4.424052487520718779e-01	2.819454828032651461e-01	1.213685303740582727e-01	7.035873356799106360e-02	4.065331823076668433e-02	1.339063443640396527e-02	2.968269710601952396e-02
3.870216170924226162e+02	4.406675670232901854e-01	2.807633923125211206e-01	1.226204090482584108e-01	7.118779269881213290e-02	4.096327252220613446e-02	1.351469228344260101e-02	3.008751938204601989e-02
3.918593873060780197e+02	4.389386516688215112e-01	2.795891446476595488e-01	1.238646287092824705e-01	7.201178704099690797e-02	4.127117959321165847e-02	1.363857583335745423e-02	3.049067777724697240e-02
3.966971575197332527e+02	4.372185085950494599e-01	2.784226422695127989e-01	1.251012305695842486e-01	7.283074482752462109e-02	4.157707395873071199e-02	1.376228219171212602e-02	3.089216285846255183e-02
4.015349277333884856e+02	4.355071409793834225e-01	2.772637907312213157e-01	1.263302560088005733e-01	7.364469432587195108e-02	4.188098845910918910e-02	1.388580845928173366e-02	3.129196630690826014e-02
4.063726979470438323e+02	4.338045494145920666e-01	2.761124985387723441e-01	1.275517465468122003e-01	7.445366382430833319e-02	4.218295436508606722e-02	1.400915173632360025e-02	3.169008084468183384e-02
4.112104681606991221e+02	4.321107320462083679e-01	2.749686770181712925e-01	1.287657438184829362e-01	7.525768161923371280e-02	4.248300147595505949e-02	1.413230912650625427e-02	3.208650016601877902e-02
4.160482383743544119e+02	4.304256847033333666e-01	2.738322401889296542e-01	1.299722895499921260e-01	7.605677600346999467e-02	4.278115821134306773e-02	1.425527774052035880e-02	3.248121887298785482e-02
4.208860085880095880e+02	4.287494010231475139e-01	2.727031046435690054e-01	1.311714255366759341e-01	7.685097525542700092e-02	4.307745169702534987e-02	1.437805469939365186e-02	3.287423241533794782e-02
4.257237788016648778e+02	4.270818725694289220e-01	2.715811894328525877e-01	1.323631936222961492e-01	7.764030762907214722e-02	4.337190784516947034e-02	1.450063713753044735e-02	3.326553703422677200e-02
4.305615490153201677e+02	4.254230889453582964e-01	2.704664159564722503e-01	1.335476356796573838e-01	7.842480134464020758e-02	4.366455142937415712e-02	1.462302220549488267e-02	3.365512970957940109e-02
4.353993192289755143e+02	4.237730379008827764e-01	2.693587078589295691e-01	1.347247935924964501e-01	7.920448458002596337e-02	4.395540615484491015e-02	1.474520707255581008e-02	3.404300811084112754e-02
4.402370894426308041e+02	4.221317054348941999e-01	2.682579909303637877e-01	1.358947092385710265e-01	7.997938546280761174e-02	4.424449472402554318e-02	1.486718892900999213e-02	3.442917055090458089e-02
4.450748596562860939e+02	4.204990758924670446e-01	2.671641930120892683e-01	1.370574244738776981e-01	8.074953206285438723e-02	4.453183889798387196e-02	1.498896498829916518e-02	3.481361594300538126e-02
4.499126298699413837e+02	4.188751320573903536e-01	2.660772439066191319e-01	1.382129811179326206e-01	8.151495238547529221e-02	4.481745955382990254e-02	1.511053248893545579e-02	3.519634376039405127e-02
4.547504000835967304e+02	4.172598552402162486e-01	2.649970752919585948e-01	1.393614209400521886e-01	8.227567436507006449e-02	4.510137673842654765e-02	1.523188869624869657e-02	3.557735399860444125e-02
4.595881702972519065e+02	4.156532253620364159e-01	2.639236206399661055e-01	1.405027856465728697e-01	8.303172585924688265e-02	4.538360971863566323e-02	1.535303090396820426e-02	3.595664714015069791e-02
4.644259405109071963e+02	4.140552210341907902e-01	2.628568151385858864e-01	1.416371168689534998e-01	8.378313464337390493e-02	4.566417702832629294e-02	1.547395643565080935e-02	3.633422412149568681e-02
4.692637107245624861e+02	4.124658196340995620e-01	2.617965956177685238e-01	1.427644561527067757e-01	8.452992840553483211e-02	4.594309651235692349e-02	1.559466264596606408e-02	3.671008630214415286e-02
4.741014809382177759e+02	4.108849973774039155e-01	2.607429004789020843e-01	1.438848449471082647e-01	8.527213474186087772e-02	4.622038536772963419e-02	1.571514692184885695e-02	3.708423543572323539e-02
4.789392511518730657e+02	4.093127293865897465e-01	2.596956696275860565e-01	1.449983245956357469e-01	8.600978115221337428e-02	4.649606018210089564e-02	1.583540668352894851e-02	3.745667364292212115e-02
4.837770213655284124e+02	4.077489897562622811e-01	2.586548444095886912e-01	1.461049363270929546e-01	8.674289503619396491e-02	4.677013696982180307e-02	1.595543938544628088e-02	3.782740338617089637e-02
4.886147915791837022e+02	4.061937516152299144e-01	2.576203675498352497e-01	1.472047212473759081e-01	8.747150368946021715e-02	4.704263120566890000e-02	1.607524251706035981e-02	3.819642744594634043e-02
4.934525617928388783e+02	4.046469871855501443e-01	2.565921830942816673e-01	1.482977203318408821e-01	8.819563430032663354e-02	4.731355785641627731e-02	1.619481360356140806e-02	3.856374889859989774e-02
4.982903320064942250e+02	4.031086678386811561e-01	2.555702363545362954e-01	1.493839744182372531e-01	8.891531394663240717e-02	4.758293141038971719e-02	1.631415020649044229e-02	3.892937109560969111e-02
5.031281022201495148e+02	4.015787641488774984e-01	2.545544738550976627e-01	1.504635242001690631e-01	8.963056959285836678e-02	4.785076590513438061e-02	1.643324992427501810e-02	3.929329764416496923e-02
5.079658724338048046e+02	4.000572459439612483e-01	2.535448432830832988e-01	1.515364102210524089e-01	9.034142808747712416e-02	4.811707495331879469e-02	1.655211039268683279e-02	3.965553238899722360e-02
5.128036426474600376e+02	3.985440823535933985e-01	2.525412934403303278e-01	1.526026728685372091e-01	9.104791616052125558e-02	4.838187176698999920e-02	1.667072928522701086e-02	4.001607939537774050e-02
5.176414128611153274e+02	3.970392418551647595e-01	2.515437741977541997e-01	1.536623523693642079e-01	9.175006042135547268e-02	4.864516918028701647e-02	1.678910431344450560e-02	4.037494293320671723e-02
5.224791830747705035e+02	3.955426923174206189e-01	2.505522364518576461e-01	1.547154887846294846e-01	9.244788735663989065e-02	4.890697967071283569e-02	1.690723322719261262e-02	4.073212746212375585e-02
5.273169532884259070e+02	3.940544010419265719e-01	2.495666320832864993e-01	1.557621220054306865e-01	9.314142332847194505e-02	4.916731537905860011e-02	1.702511381482835207e-02	4.108763761757418947e-02
5.321547235020811968e+02	3.925743348024791635e-01	2.485869139173348952e-01	1.568022917488707535e-01	9.383069457269575808e-02	4.942618812806731654e-02	1.714274390335904924e-02	4.144147819776988761e-02
5.369924937157364866e+02	3.911024598825595944e-01	2.476130356863061044e-01	1.578360375543965688e-01	9.451572719736819894e-02	4.968360943991898676e-02	1.726012135854018345e-02	4.179365415148719037e-02
5.418302639293917764e+02	3.896387421109238081e-01	2.466449519936402823e-01	1.588633987804508318e-01	9.519654718137178506e-02	4.993959055261340541e-02	1.737724408492834216e-02	4.214417056664832711e-02
5.466680341430470662e+02	3.881831468954186626e-01	2.456826182797245683e-01	1.598844146014176126e-01	9.587318037316505670e-02	5.019414243532203945e-02	1.749411002589276384e-02	4.249303265963610271e-02
5.515058043567023560e+02	3.867356392551086208e-01	2.447259907893046815e-01	1.608991240048424365e-01	9.654565248966168189e-02	5.044727580277576923e-02	1.761071716358880018e-02	4.284024576529490980e-02
5.563435745703576458e+02	3.852961838507941161e-01	2.437750265404216021e-01	1.619075657889097464e-01	9.721398911523025654e-02	5.069900112875064951e-02	1.772706351889631604e-02	4.318581532757419239e-02
5.611813447840129356e+02	3.838647450139992534e-01	2.428296832948002582e-01	1.629097785601609227e-01	9.787821570080718070e-02	5.094932865871016486e-02	1.784314715132591031e-02	4.352974689077319936e-02
5.660191149976681118e+02	3.824412867745010658e-01	2.418899195296204951e-01	1.639058007314377896e-01	9.853835756311515870e-02	5.119826842165820652e-02	1.795896615889557013e-02	4.387204609134865568e-02
5.708568852113234016e+02	3.810257728864713256e-01	2.409556944106042708e-01	1.648956705200365913e-01	9.919443988398117529e-02	5.144583024125386206e-02	1.807451867798029119e-02	4.421271865024936631e-02
5.756946554249786914e+02	3.796181668532978559e-01	2.400269677663559864e-01	1.658794259460596165e-01	9.984648770974711984e-02	5.169202374623542429e-02	1.818980288313687063e-02	4.455177036574408528e-02
5.805324256386339812e+02	3.782184319511468495e-01	2.391037000638958909e-01	1.668571048309511751e-01	1.004945259507675492e-01	5.193685838019815315e-02	1.830481698690607228e-02	4.488920710671125830e-02
5.853701958522892710e+02	3.768265312513296439e-01	2.381858523853294940e-01	1.678287447962064083e-01	1.011385793809889272e-01	5.218034341076739635e-02	1.841955923959412780e-02	4.522503480636101691e-02
5.902079660659445608e+02	3.754424276415285755e-01	2.372733864055985575e-01	1.687943832622414708e-01	1.017786726376051359e-01	5.242248793820580843e-02	1.853402792903540916e-02	4.555925945636205010e-02
5.950457362795999643e+02	3.740660838459392568e-01	2.363662643712618749e-01	1.697540574474147856e-01	1.024148302207845834e-01	5.266330090349109760e-02	1.864822138033798635e-02	4.589188710134741583e-02
5.998835064932552541e+02	3.726974624443796791e-01	2.354644490802563495e-01	1.707078043671897971e-01	1.030470764934640904e-01	5.290279109589815509e-02	1.876213795561368705e-02	4.622292383377524932e-02
6.047212767069104302e+02	3.713365258904168797e-01	2.345679038625919643e-01	1.716556608334294243e-01	1.036754356812055050e-01	5.314096716011739580e-02	1.887577605369411896e-02	4.655237578912169855e-02
6.095590469205657200e+02	3.699832365285584124e-01	2.336765925619350703e-01	1.725976634538145538e-01	1.042999318721109375e-01	5.337783760293894619e-02	1.898913410983402161e-02	4.688024914138504140e-02
6.143968171342210098e+02	3.686375566105535295e-01	2.327904795180384123e-01	1.735338486313773576e-01	1.049205890167929228e-01	5.361341079953045596e-02	1.910221059540325242e-02	4.720655009888106990e-02
6.192345873478761860e+02	3.672994483108470987e-01	2.319095295499766229e-01	1.744642525641429964e-01	1.055374309283958340e-01	5.384769499933440146e-02	1.921500401756856199e-02	4.753128490031136716e-02
6.240723575615315895e+02	3.659688737412279402e-01	2.310337079401491300e-01	1.753889112448718535e-01	1.061504812826654515e-01	5.408069833160927126e-02	1.932751291896626922e-02	4.785445981108703284e-02
6.289101277751868793e+02	3.646457949647087249e-01	2.301629804190132578e-01	1.763078604608958877e-01	1.067597636180633303e-01	5.431242881063719913e-02	1.943973587736687672e-02	4.817608111989166164e-02
6.337478979888421691e+02	3.633301740086768983e-01	2.292973131505132434e-01	1.772211357940432219e-01	1.073653013359232022e-01	5.454289434061936059e-02	1.955167150533253240e-02	4.849615513546839951e-02
6.385856682024975726e+02	3.620219728773503842e-01	2.284366727181713075e-01	1.781287726206444710e-01	1.079671177006466670e-01	5.477210272027892290e-02	1.966331844986824937e-02	4.881468818361685280e-02
6.434234384161527487e+02	3.607211535635717059e-01	2.275810261118093869e-01	1.790308061116159810e-01	1.085652358399355061e-01	5.500006164719006829e-02	1.977467539206768585e-02	4.913168660438654162e-02
6.482612086298080385e+02	3.594276780599739984e-01	2.267303407148712202e-01	1.799272712326143164e-01	1.091596787450581779e-01	5.522677872185056264e-02	1.988574104675422394e-02	4.944715674945437262e-02
6.530989788434633283e+02	3.581415083695475565e-01	2.258845842923163927e-01	1.808182027442578887e-01	1.097504692711484403e-01	5.545226145151398861e-02	1.999651416211804811e-02	4.976110497967459190e-02
6.579367490571185044e+02	3.568626065156375593e-01	2.250437249790584460e-01	1.817036352024103407e-01	1.103376301375336155e-01	5.567651725379687416e-02	2.010699351934991039e-02	5.007353766279015739e-02
6.627745192707737942e+02	3.555909345513996178e-01	2.242077312689219060e-01	1.825836029585221898e-01	1.109211839280907635e-01	5.589955346007496884e-02	2.021717793227210958e-02	5.038446117129537910e-02
6.676122894844290840e+02	3.543264545687400124e-01	2.233765720040925273e-01	1.834581401600262895e-01	1.115011530916287658e-01	5.612137731868185181e-02	2.032706624696726735e-02	5.069388188044019611e-02
6.724500596980843738e+02	3.530691287067656559e-01	2.225502163650376619e-01	1.843272807507839450e-01	1.120775599422945829e-01	5.634199599792241026e-02	2.043665734140543561e-02	5.100180616636721537e-02
6.772878299117396637e+02	3.518189191597672072e-01	2.217286338608745744e-01	1.851910584715775188e-01	1.126504266600018983e-01	5.656141658891276902e-02	2.054595012506996513e-02	5.130824040437297062e-02
6.821256001253949535e+02	3.505757881847589297e-01	2.209117943201646672e-01	1.860495068606467794e-01	1.132197752908807864e-01	5.677964610825751712e-02	2.065494353858258331e-02	5.161319096728564371e-02
6.869633703390502433e+02	3.493396981085962194e-01	2.200996678821138253e-01	1.869026592542657184e-01	1.137856277477467259e-01	5.699669150057454226e-02	2.076363655332808672e-02	5.191666422395183056e-02
6.918011405527055331e+02	3.481106113346913999e-01	2.192922249881595065e-01	1.877505487873570300e-01	1.143480058105877245e-01	5.721255964087682000e-02	2.087202817107901287e-02	5.221866653782548245e-02
6.966389107663608229e+02	3.468884903493482663e-01	2.184894363739255940e-01	1.885932083941416204e-01	1.149069311270681515e-01	5.742725733682028239e-02	2.098011742362060686e-02	5.251920426565252070e-02
7.014766809800161127e+02	3.456732977277329200e-01	2.176912730615282454e-01	1.894306708088203395e-01	1.154624252130480866e-01	5.764079133082590511e-02	2.108790337237644724e-02	5.281828375624508104e-02
7.063144511936714025e+02	3.444649961394996018e-01	2.168977063522155579e-01	1.902629685662860504e-01	1.160145094531170734e-01	5.785316830208400013e-02	2.119538510803496006e-02	5.311591134933975333e-02
7.111522214073266923e+02	3.432635483540880106e-01	2.161087078193251187e-01	1.910901340028632600e-01	1.165632051011411541e-01	5.806439486844792303e-02	2.130256175017710557e-02	5.341209337453445977e-02
7.159899916209819821e+02	3.420689172457080929e-01	2.153242493015446457e-01	1.919121992570737290e-01	1.171085332808221302e-01	5.827447758822407176e-02	2.140943244690548392e-02	5.370683615029896163e-02
7.208277618346371582e+02	3.408810657980278491e-01	2.145443028964610921e-01	1.927291962704258121e-01	1.176505149862681482e-01	5.848342296186456041e-02	2.151599637447507846e-02	5.400014598305447749e-02
7.256655320482924481e+02	3.396999571085795866e-01	2.137688409543846146e-01	1.935411567882256989e-01	1.181891710825747760e-01	5.869123743356864653e-02	2.162225273692581010e-02	5.429202916631784698e-02
7.305033022619478515e+02	3.385255543928964994e-01	2.129978360724340269e-01	1.943481123604091088e-01	1.187245223064154753e-01	5.889792739279840067e-02	2.172820076571713860e-02	5.458249197990631962e-02
7.353410724756030277e+02	3.373578209883948409e-01	2.122312610888719420e-01	1.951500943423913337e-01	1.192565892666410249e-01	5.910349917571398881e-02	2.183383971936480455e-02	5.487154068919900679e-02
7.401788426892584312e+02	3.361967203580133456e-01	2.114690890776770860e-01	1.959471338959348496e-01	1.197853924448868401e-01	5.930795906653343885e-02	2.193916888307993057e-02	5.515918154445148547e-02
7.450166129029136073e+02	3.350422160936218918e-01	2.107112933433431257e-01	1.967392619900320827e-01	1.203109521961876205e-01	5.951131329882151932e-02	2.204418756841057883e-02	5.544542078016014008e-02
7.498543831165690108e+02	3.338942719192111719e-01	2.099578474158928787e-01	1.975265094018031353e-01	1.208332887495987412e-01	5.971356805671199086e-02	2.214889511288589685e-02	5.573026461447315449e-02
7.546921533302243006e+02	3.327528516938738079e-01	2.092087250460979431e-01	1.983089067174062248e-01	1.213524222088235432e-01	5.991472947606743538e-02	2.225329087966295902e-02	5.601371924864507329e-02
7.595299235438793630e+02	3.316179194145876807e-01	2.084639002008938646e-01	1.990864843329602785e-01	1.218683725528461742e-01	6.011480364558023648e-02	2.235737425717642876e-02	5.629579086653232339e-02
7.643676937575347665e+02	3.304894392188111873e-01	2.077233470589817110e-01	1.998592724554784372e-01	1.223811596365692450e-01	6.031379660781843038e-02	2.246114465879107611e-02	5.657648563412692039e-02
7.692054639711900563e+02	3.293673753868993637e-01	2.069870400066073091e-01	2.006273011038112175e-01	1.228908031914559690e-01	6.051171436021968164e-02	2.256460152245730322e-02	5.685580969912611832e-02
7.740432341848452324e+02	3.282516923443507539e-01	2.062549536335096523e-01	2.013906001095987774e-01	1.233973228261760480e-01	6.070856285603648539e-02	2.266774431036966755e-02	5.713376919053556047e-02
7.788810043985006359e+02	3.271423546638922986e-01	2.055270627290306240e-01	2.021491991182310100e-01	1.239007380272550696e-01	6.090434800523557984e-02	2.277057250862853446e-02	5.741037021830388415e-02
7.837187746121558121e+02	3.260393270674113442e-01	2.048033422783780977e-01	2.029031275898147413e-01	1.244010681597269713e-01	6.109907567535423356e-02	2.287308562690486269e-02	5.768561887298673252e-02
7.885565448258112156e+02	3.249425744277421590e-01	2.040837674590359196e-01	2.036524148001473411e-01	1.248983324677890167e-01	6.129275169231603038e-02	2.297528319810820951e-02	5.795952122543833462e-02
7.933943150394665054e+02	3.238520617703138926e-01	2.033683136373130307e-01	2.043970898416958004e-01	1.253925500754589362e-01	6.148538184120849737e-02	2.307716477805795904e-02	5.823208332652887731e-02
7.982320852531219089e+02	3.227677542746673622e-01	2.026569563650259809e-01	2.051371816245808610e-01	1.258837399872340668e-01	6.167697186702490036e-02	2.317872994515782561e-02	5.850331120688600367e-02
8.030698554667769713e+02	3.216896172758472172e-01	2.019496713763078710e-01	2.058727188775650863e-01	1.263719210887519484e-01	6.186752747537224706e-02	2.327997830007366709e-02	5.877321087665890453e-02
8.079076256804323748e+02	3.206176162656757533e-01	2.012464345845384195e-01	2.066037301490448452e-01	1.268571121474521279e-01	6.205705433314753772e-02	2.338090946541462531e-02	5.904178832530353888e-02
8.127453958940876646e+02	3.195517168939144836e-01	2.005472220793891036e-01	2.073302438080451005e-01	1.273393318132388929e-01	6.224555806918407458e-02	2.348152308541757993e-02	5.930904952138767866e-02
8.175831661077428407e+02	3.184918849693184617e-01	1.998520101239781299e-01	2.080522880452166379e-01	1.278185986191446022e-01	6.243304427486960628e-02	2.358181882563500573e-02	5.957500041241444583e-02
8.224209363213982442e+02	3.174380864605905184e-01	1.991607751521302372e-01	2.087698908738355452e-01	1.282949309819934047e-01	6.261951850473790326e-02	2.368179637262614323e-02	5.983964692466315488e-02
8.272587065350534203e+02	3.163902874972382429e-01	1.984734937657362530e-01	2.094830801308039114e-01	1.287683472030651255e-01	6.280498627703537395e-02	2.378145543365157988e-02	6.010299496304634392e-02
8.320964767487085965e+02	3.153484543703408693e-01	1.977901427322079630e-01	2.101918834776517198e-01	1.292388654687590399e-01	6.298945307426404017e-02	2.388079573637117911e-02	6.036505041098202962e-02
8.369342469623640000e+02	3.143125535332289000e-01	1.971106989820236577e-01	2.108963284015392958e-01	1.297065038512572321e-01	6.317292434370230803e-02	2.397981702854538877e-02	6.062581913028002034e-02
8.417720171760191761e+02	3.132825516020826817e-01	1.964351396063602206e-01	2.115964422162600889e-01	1.301712803091875925e-01	6.335540549790477649e-02	2.407851907773991135e-02	6.088530696104157286e-02
8.466097873896745796e+02	3.122584153564521570e-01	1.957634418548082067e-01	2.122922520632431753e-01	1.306332126882859268e-01	6.353690191518232555e-02	2.417690167103373269e-02	6.114351972157135162e-02
8.514475576033297557e+02	3.112401117397037287e-01	1.950955831331652457e-01	2.129837849125555127e-01	1.310923187220573716e-01	6.371741894006342777e-02	2.427496461473052300e-02	6.140046320830101073e-02
8.562853278169851592e+02	3.102276078593974029e-01	1.944315410013048306e-01	2.136710675639032220e-01	1.315486160324365050e-01	6.389696188373795993e-02	2.437270773407332336e-02	6.165614319572357283e-02
8.611230980306403353e+02	3.092208709875968187e-01	1.937712931711169095e-01	2.143541266476318707e-01	1.320021221304464587e-01	6.407553602448431973e-02	2.447013087296261505e-02	6.191056543633787629e-02
8.659608682442956251e+02	3.082198685611173272e-01	1.931148175045167281e-01	2.150329886257252854e-01	1.324528544168565303e-01	6.425314660808084666e-02	2.456723389367764659e-02	6.216373566060250100e-02
8.707986384579510286e+02	3.072245681817145080e-01	1.924620920115190648e-01	2.157076797928029199e-01	1.329008301828383531e-01	6.442979884820243530e-02	2.466401667660109848e-02	6.241565957689849953e-02
8.756364086716062047e+02	3.062349376162161740e-01	1.918130948483749709e-01	2.163782262771150600e-01	1.333460666106204284e-01	6.460549792680304881e-02	2.476047911994696399e-02	6.266634287150027460e-02
8.804741788852616082e+02	3.052509447966012535e-01	1.911678043157675200e-01	2.170446540415362779e-01	1.337885807741408806e-01	6.478024899448504847e-02	2.485662113949173302e-02	6.291579120855422813e-02
8.853119490989170117e+02	3.042725578200281555e-01	1.905261988570650655e-01	2.177069888845561962e-01	1.342283896396983256e-01	6.495405717085590835e-02	2.495244266830876773e-02	6.316401023006450177e-02
8.901497193125721878e+02	3.032997449488156749e-01	1.898882570566280126e-01	2.183652564412679742e-01	1.346655100666008242e-01	6.512692754487311997e-02	2.504794365650590479e-02	6.341100555588538579e-02
8.949874895262273640e+02	3.023324746103782656e-01	1.892539576381677968e-01	2.190194821843540196e-01	1.350999588078127811e-01	6.529886517517780042e-02	2.514312407096621141e-02	6.365678278371998677e-02
8.998252597398827675e+02	3.013707153971189046e-01	1.886232794631553522e-01	2.196696914250686750e-01	1.355317525105995402e-01	6.546987509041771180e-02	2.523798389509193663e-02	6.390134748912466855e-02
9.046630299535379436e+02	3.004144360662817648e-01	1.879962015292764854e-01	2.203159093142181002e-01	1.359609077171698155e-01	6.563996228956016366e-02	2.533252312855156438e-02	6.414470522551887766e-02
9.095008001671932334e+02	2.994636055397659757e-01	1.873727029689326584e-01	2.209581608431367972e-01	1.363874408653159565e-01	6.580913174219540918e-02	2.542674178702997168e-02	6.438686152420003417e-02
9.143385703808486369e+02	2.985181929039043003e-01	1.867527630477848199e-01	2.215964708446606646e-01	1.368113682890514382e-01	6.597738838883088208e-02	2.552063990198166418e-02	6.462782189436303004e-02
9.191763405945038130e+02	2.975781674092068951e-01	1.861363611633384541e-01	2.222308639940969444e-01	1.372327062192462699e-01	6.614473714117699576e-02	2.561421752038707880e-02	6.486759182312416827e-02
9.240141108081592165e+02	2.966434984700737632e-01	1.855234768435677917e-01	2.228613648101901989e-01	1.376514707842594887e-01	6.631118288242464354e-02	2.570747470451186650e-02	6.510617677554904337e-02
9.288518810218145063e+02	2.957141556644760083e-01	1.849140897455781030e-01	2.234879976560847914e-01	1.380676780105694335e-01	6.647673046751505221e-02	2.580041153166921092e-02	6.534358219468423823e-02
9.336896512354697961e+02	2.947901087336090020e-01	1.843081796543034889e-01	2.241107867402834242e-01	1.384813438234010208e-01	6.664138472340222497e-02	2.589302809398507169e-02	6.557981350159257372e-02
9.385274214491247449e+02	2.938713275815185155e-01	1.837057264812395063e-01	2.247297561176019309e-01	1.388924840473506062e-01	6.680515044930848689e-02	2.598532449816637335e-02	6.581487609539141137e-02
9.433651916627801484e+02	2.929577822747013172e-01	1.831067102632084609e-01	2.253449296901197940e-01	1.393011144070077922e-01	6.696803241697329989e-02	2.607730086527211208e-02	6.604877535329409244e-02
9.482029618764355519e+02	2.920494430416818998e-01	1.825111111611562587e-01	2.259563312081268871e-01	1.397072505275746834e-01	6.713003537089573536e-02	2.616895733048729342e-02	6.628151663065413868e-02
9.530407320900908417e+02	2.911462802725666155e-01	1.819189094589793720e-01	2.265639842710658325e-01	1.401109079354821985e-01	6.729116402857107659e-02	2.626029404289975666e-02	6.651310526101199272e-02
9.578785023037459041e+02	2.902482645185769372e-01	1.813300855623806995e-01	2.271679123284701673e-01	1.405121020590035241e-01	6.745142308072157866e-02	2.635131116527978171e-02	6.674354655614414544e-02
9.627162725174014213e+02	2.893553664915621271e-01	1.807446199977530976e-01	2.277681386808982356e-01	1.409108482288646269e-01	6.761081719152182978e-02	2.644200887386248186e-02	6.697284580611446991e-02
9.675540427310568248e+02	2.884675570634939179e-01	1.801624934110890586e-01	2.283646864808626664e-01	1.413071616788518503e-01	6.776935099881888080e-02	2.653238735813295834e-02	6.720100827932755372e-02
9.723918129447120009e+02	2.875848072659432098e-01	1.795836865669160343e-01	2.289575787337556068e-01	1.417010575464165145e-01	6.792702911434740642e-02	2.662244682061416096e-02	6.742803922258393257e-02
9.772295831583674044e+02	2.867070882895405570e-01	1.790081803472558242e-01	2.295468382987691791e-01	1.420925508732765186e-01	6.808385612394028674e-02	2.671218747665744103e-02	6.765394386113703085e-02
9.820673533720223531e+02	2.858343714834210014e-01	1.784359557506072502e-01	2.301324878898117487e-01	1.424816566060150003e-01	6.823983658773441485e-02	2.680160955423576200e-02	6.787872739875161487e-02
9.869051235856777566e+02	2.849666283546546386e-01	1.778669938909510639e-01	2.307145500764193613e-01	1.428683895966758877e-01	6.839497504037239661e-02	2.689071329373955016e-02	6.810239501776384208e-02
9.917428937993331601e+02	2.841038305676635844e-01	1.773012759967762808e-01	2.312930472846628227e-01	1.432527646033562307e-01	6.854927599120015647e-02	2.697949894777514068e-02	6.832495187914250367e-02
9.965806640129884499e+02	2.832459499436264516e-01	1.767387834101268596e-01	2.318680017980499497e-01	1.436347962907958409e-01	6.870274392446042155e-02	2.706796678096576314e-02	6.854640312255148860e-02
