3.628327660241463377e+02	4.481913010791169216e-01	2.874593266311519235e-01	1.150703688557586368e-01	6.877468863560615153e-02	3.938112419138228154e-02	1.331037824868524198e-02	2.780931336872448020e-02
3.676705362378016275e+02	4.463716010075012286e-01	2.863191399595764186e-01	1.163567259100763002e-01	6.958624905112754944e-02	3.971046093452536285e-02	1.342214773177953339e-02	2.823017641583924417e-02
3.725083064514568036e+02	4.445623420481949473e-01	2.851853077523294200e-01	1.176358746790969467e-01	7.039255351696976915e-02	4.003726195071134752e-02	1.353400166193620760e-02	2.864915940118699725e-02
3.773460766651120935e+02	4.427634634108118528e-01	2.840577945537081650e-01	1.189078554918142211e-01	7.119363643552378829e-02	4.036155464757517491e-02	1.364593023738170340e-02	2.906626623361073178e-02
3.821838468787673833e+02	4.409749046716732734e-01	2.829365651059545517e-01	1.201727084511492460e-01	7.198953202215943592e-02	4.068336603477842872e-02	1.375792385107977786e-02	2.948150087363092878e-02
3.870216170924226162e+02	4.391966057714059013e-01	2.818215843481494121e-01	1.214304734352238263e-01	7.278027430489958371e-02	4.100272273081915358e-02	1.386997308734985897e-02	2.989486733257792211e-02
3.918593873060780197e+02	4.374285070125588648e-01	2.807128174151125033e-01	1.226811900986262971e-01	7.356589712413928728e-02	4.131965096971611240e-02	1.398206871854428684e-02	3.030636967172834970e-02
3.966971575197332527e+02	4.356705490572389539e-01	2.796102296363086603e-01	1.239248978736702395e-01	7.434643413240883680e-02	4.163417660756976724e-02	1.409420170178337164e-02	3.071601200144585125e-02
4.015349277333884856e+02	4.339226729247640524e-01	2.785137865347606101e-01	1.251616359716460347e-01	7.512191879417921825e-02	4.194632512900246107e-02	1.420636317574722023e-02	3.112379848032610988e-02
4.063726979470438323e+02	4.321848199893349451e-01	2.774234538259668925e-01	1.263914433840651608e-01	7.589238438570883316e-02	4.225612165348000687e-02	1.431854445752334809e-02	3.152973331434646281e-02
4.112104681606991221e+02	4.304569319777246661e-01	2.763391974168270537e-01	1.276143588838975218e-01	7.665786399493022818e-02	4.256359094151703631e-02	1.443073703950902877e-02	3.193382075602013703e-02
4.160482383743544119e+02	4.287389509669858323e-01	2.752609834045715576e-01	1.288304210268017835e-01	7.741839052137551580e-02	4.286875740076822455e-02	1.454293258636744912e-02	3.233606510355530733e-02
4.208860085880095880e+02	4.270308193821752973e-01	2.741887780756988024e-01	1.300396681523485753e-01	7.817399667613955661e-02	4.317164509200771549e-02	1.465512293203665925e-02	3.273647070001909493e-02
4.257237788016648778e+02	4.253324799940962908e-01	2.731225479049173566e-01	1.312421383852367951e-01	7.892471498187954293e-02	4.347227773499871134e-02	1.476730007679040620e-02	3.313504193250656205e-02
4.305615490153201677e+02	4.236438759170578772e-01	2.720622595540945210e-01	1.324378696365030028e-01	7.967057777284998477e-02	4.377067871425546763e-02	1.487945618434991998e-02	3.353178323131491417e-02
4.353993192289755143e+02	4.219649506066510680e-01	2.710078798712105552e-01	1.336268996047238755e-01	8.041161719497194604e-02	4.406687108469961589e-02	1.499158357904571345e-02	3.392669906912292033e-02
4.402370894426308041e+02	4.202956478575421428e-01	2.699593758893188422e-01	1.348092657772119174e-01	8.114786520593544883e-02	4.436087757721295100e-02	1.510367474302853723e-02	3.431979396017575262e-02
4.450748596562860939e+02	4.186359118012826785e-01	2.689167148255119932e-01	1.359850054312042866e-01	8.187935357533421277e-02	4.465272060408855687e-02	1.521572231352859295e-02	3.471107245947528674e-02
4.499126298699413837e+02	4.169856869041355107e-01	2.678798640798933373e-01	1.371541556350449609e-01	8.260611388483142525e-02	4.494242226438228266e-02	1.532771908016214608e-02	3.510053916197593965e-02
4.547504000835967304e+02	4.153449179649181255e-01	2.668487912345546276e-01	1.383167532493600194e-01	8.332817752835565417e-02	4.523000434916636670e-02	1.543965798228469008e-02	3.548819870178617636e-02
4.595881702972519065e+02	4.137135501128610948e-01	2.658234640525592440e-01	1.394728349282263746e-01	8.404557571232615376e-02	4.551548834668717181e-02	1.555153210638984644e-02	3.587405575137578295e-02
4.644259405109071963e+02	4.120915288054834980e-01	2.648038504769310575e-01	1.406224371203338708e-01	8.475833945590631469e-02	4.579889544742884316e-02	1.566333468355316644e-02	3.625811502078891274e-02
4.692637107245624861e+02	4.104787998264837201e-01	2.637899186296491227e-01	1.417655960701406648e-01	8.546649959128448104e-02	4.608024654908455392e-02	1.577505908692006242e-02	3.664038125686304437e-02
4.741014809382177759e+02	4.088753092836462377e-01	2.627816368106477007e-01	1.429023478190222518e-01	8.617008676398128786e-02	4.635956226143727460e-02	1.588669882923702745e-02	3.702085924245390736e-02
4.789392511518730657e+02	4.072810036067636696e-01	2.617789734968222759e-01	1.440327282064136349e-01	8.686913143318260311e-02	4.663686291115164140e-02	1.599824756042545273e-02	3.739955379566641674e-02
4.837770213655284124e+02	4.056958295455747043e-01	2.607818973410407359e-01	1.451567728709454164e-01	8.756366387209714441e-02	4.691216854647871359e-02	1.610969906519723466e-02	3.777646976909173476e-02
4.886147915791837022e+02	4.041197341677171817e-01	2.597903771711603804e-01	1.462745172515729775e-01	8.825371416833803495e-02	4.718549894187517441e-02	1.622104726071142006e-02	3.815161204905043874e-02
4.934525617928388783e+02	4.025526648566962185e-01	2.588043819890502029e-01	1.473859965886997747e-01	8.893931222432754913e-02	4.745687360253865450e-02	1.633228619427121511e-02	3.852498555484194093e-02
4.982903320064942250e+02	4.009945693098673214e-01	2.578238809696188905e-01	1.484912459252937245e-01	8.962048775772411824e-02	4.772631176886082266e-02	1.644341004106057713e-02	3.889659523800011176e-02
5.031281022201495148e+02	3.994453955364345443e-01	2.568488434598480419e-01	1.495903001079975925e-01	9.029727030187081893e-02	4.799383242079963141e-02	1.655441310191973006e-02	3.926644608155525906e-02
5.079658724338048046e+02	3.979050918554632998e-01	2.558792389778308252e-01	1.506831937882329997e-01	9.096968920626477551e-02	4.825945428217245231e-02	1.666528980115892025e-02	3.963454309930240088e-02
5.128036426474600376e+02	3.963736068939076040e-01	2.549150372118161867e-01	1.517699614232981831e-01	9.163777363704660173e-02	4.852319582487147481e-02	1.677603468440968734e-02	4.000089133507594985e-02
5.176414128611153274e+02	3.948508895846521982e-01	2.539562080192581672e-01	1.528506372774594557e-01	9.230155257750917441e-02	4.878507527300282587e-02	1.688664241651305006e-02	4.036549586203085072e-02
5.224791830747705035e+02	3.933368891645683818e-01	2.530027214258707136e-01	1.539252554230365333e-01	9.296105482862505875e-02	4.904511060695095070e-02	1.699710777944388879e-02	4.072836178193008777e-02
5.273169532884259070e+02	3.918315551725848334e-01	2.520545476246879302e-01	1.549938497414816152e-01	9.361630900959197477e-02	4.930331956736957316e-02	1.710742567027095234e-02	4.108949422443879118e-02
5.321547235020811968e+02	3.903348374477715321e-01	2.511116569751288830e-01	1.560564539244525539e-01	9.426734355839552770e-02	4.955971965910069277e-02	1.721759109915180913e-02	4.144889834642475485e-02
5.369924937157364866e+02	3.888466861274382791e-01	2.501740200020684535e-01	1.571131014748796961e-01	9.491418673238867509e-02	4.981432815502292305e-02	1.732759918736213878e-02	4.180657933126555315e-02
5.418302639293917764e+02	3.873670516452470958e-01	2.492416073949131894e-01	1.581638257080267840e-01	9.555686660888719486e-02	5.006716209983050336e-02	1.743744516535877115e-02	4.216254238816220107e-02
5.466680341430470662e+02	3.858958847293376682e-01	2.483143900066818455e-01	1.592086597525459446e-01	9.619541108578066879e-02	5.031823831374438588e-02	1.754712437087587243e-02	4.251679275145940629e-02
5.515058043567023560e+02	3.844331364004668905e-01	2.473923388530917256e-01	1.602476365515264622e-01	9.682984788215817651e-02	5.056757339615653574e-02	1.765663224705369544e-02	4.286933567997237848e-02
5.563435745703576458e+02	3.829787579701617317e-01	2.464754251116496042e-01	1.612807888635377773e-01	9.746020453894845004e-02	5.081518372920880433e-02	1.776596434059929397e-02	4.322017645632028615e-02
5.611813447840129356e+02	3.815327010388850359e-01	2.455636201207481717e-01	1.623081492636665457e-01	9.808650841957357314e-02	5.106108548130760399e-02	1.787511629997869458e-02	4.356932038626633308e-02
5.660191149976681118e+02	3.800949174942152009e-01	2.446568953787671419e-01	1.633297501445478139e-01	9.870878671061586451e-02	5.130529461057551505e-02	1.798408387363993263e-02	4.391677279806441986e-02
5.708568852113234016e+02	3.786653595090383462e-01	2.437552225431797170e-01	1.643456237173904211e-01	9.932706642249745921e-02	5.154782686824113669e-02	1.809286290826640428e-02	4.426253904181250837e-02
5.756946554249786914e+02	3.772439795397533602e-01	2.428585734296637155e-01	1.653558020129962947e-01	9.994137439017185265e-02	5.178869780196818789e-02	1.820144934706002457e-02	4.460662448881256431e-02
5.805324256386339812e+02	3.758307303244903808e-01	2.419669200112180563e-01	1.663603168827744450e-01	1.005517372738271575e-01	5.202792275912514891e-02	1.830983922805367800e-02	4.494903453093716111e-02
5.853701958522892710e+02	3.744255648813413773e-01	2.410802344172838785e-01	1.673591999997487978e-01	1.011581815596003381e-01	5.226551688999648421e-02	1.841802868245240657e-02	4.528977458000276596e-02
5.902079660659445608e+02	3.730284365066037222e-01	2.401984889328706851e-01	1.683524828595605594e-01	1.017607335603020746e-01	5.250149515093653629e-02	1.852601393300288071e-02	4.562885006714957614e-02
5.950457362795999643e+02	3.716392987730360309e-01	2.393216559976874269e-01	1.693401967814648634e-01	1.023594194161518145e-01	5.273587230746720061e-02	1.863379129239059809e-02	4.596626644222809310e-02
5.998835064932552541e+02	3.702581055281264910e-01	2.384497082052783046e-01	1.703223729093216732e-01	1.029542650955224820e-01	5.296866293732041542e-02	1.874135716166441118e-02	4.630202917319224676e-02
6.047212767069104302e+02	3.688848108923734048e-01	2.375826183021635951e-01	1.712990422125811873e-01	1.035452963956943473e-01	5.319988143342653519e-02	1.884870802868780434e-02	4.663614374549919506e-02
6.095590469205657200e+02	3.675193692575778881e-01	2.367203591869850021e-01	1.722702354872636676e-01	1.041325389436177917e-01	5.342954200684953830e-02	1.895584046661655253e-02	4.696861566151567385e-02
6.143968171342210098e+02	3.661617352851487817e-01	2.358629039096561963e-01	1.732359833569335761e-01	1.047160181966843573e-01	5.365765868967013047e-02	1.906275113240220656e-02	4.729945043993100118e-02
6.192345873478761860e+02	3.648118639044190537e-01	2.350102256705177139e-01	1.741963162736683002e-01	1.052957594435058319e-01	5.388424533781765308e-02	1.916943676532103721e-02	4.762865361517667345e-02
6.240723575615315895e+02	3.634697103109748584e-01	2.341622978194967952e-01	1.751512645190215489e-01	1.058717878047008704e-01	5.410931563385183718e-02	1.927589418552793157e-02	4.795623073685247040e-02
6.289101277751868793e+02	3.621352299649953643e-01	2.333190938552718308e-01	1.761008582049810312e-01	1.064441282336887618e-01	5.433288308969527747e-02	1.938212029263484612e-02	4.828218736915919351e-02
6.337478979888421691e+02	3.608083785896049611e-01	2.324805874244416093e-01	1.770451272749208882e-01	1.070128055174900394e-01	5.455496104931756296e-02	1.948811206431337942e-02	4.860652909033788549e-02
6.385856682024975726e+02	3.594891121692366798e-01	2.316467523206989509e-01	1.779841015045486585e-01	1.075778442775334603e-01	5.477556269137196648e-02	1.959386655492102378e-02	4.892926149211559300e-02
6.434234384161527487e+02	3.581773869480072148e-01	2.308175624840092532e-01	1.789178105028468302e-01	1.081392689704691323e-01	5.499470103178562275e-02	1.969938089415071078e-02	4.925039017915763123e-02
6.482612086298080385e+02	3.568731594281027708e-01	2.299929919997934780e-01	1.798462837130093417e-01	1.086971038889873176e-01	5.521238892630392359e-02	1.980465228570323782e-02	4.956992076852632934e-02
6.530989788434633283e+02	3.555763863681771220e-01	2.291730150981157732e-01	1.807695504133723652e-01	1.092513731626425788e-01	5.542863907299021287e-02	1.990967800598216972e-02	4.988785888914622213e-02
6.579367490571185044e+02	3.542870247817597740e-01	2.283576061528755363e-01	1.816876397183402048e-01	1.098021007586830189e-01	5.564346401468140552e-02	2.001445540281083374e-02	5.020421018127566026e-02
6.627745192707737942e+02	3.530050319356759503e-01	2.275467396810040011e-01	1.826005805793058656e-01	1.103493104828843080e-01	5.585687614140042584e-02	2.011898189417102301e-02	5.051898029598485967e-02
6.676122894844290840e+02	3.517303653484771253e-01	2.267403903416655431e-01	1.835084017855661553e-01	1.108930259803879714e-01	5.606888769272633938e-02	2.022325496696304042e-02	5.083217489464028627e-02
6.724500596980843738e+02	3.504629827888824378e-01	2.259385329354631489e-01	1.844111319652319558e-01	1.114332707365439795e-01	5.627951076012282366e-02	2.032727217578667034e-02	5.114379964839544518e-02
6.772878299117396637e+02	3.492028422742309846e-01	2.251411424036485198e-01	1.853087995861333048e-01	1.119700680777570151e-01	5.648875728922587991e-02	2.043103114174280380e-02	5.145386023768792200e-02
6.821256001253949535e+02	3.479499020689449384e-01	2.243481938273365062e-01	1.862014329567190096e-01	1.125034411723363909e-01	5.669663908209149339e-02	2.053452955125525253e-02	5.176236235174280081e-02
6.869633703390502433e+02	3.467041206830028255e-01	2.235596624267239818e-01	1.870890602269517367e-01	1.130334130313490892e-01	5.690316779940395725e-02	2.063776515491249838e-02	5.206931168808228566e-02
6.918011405527055331e+02	3.454654568704237372e-01	2.227755235603129935e-01	1.879717093891975221e-01	1.135600065094759664e-01	5.710835496264563688e-02	2.074073576632895141e-02	5.237471395204155306e-02
6.966389107663608229e+02	3.442338696277617016e-01	2.219957527241384621e-01	1.888494082791105644e-01	1.140832443058704682e-01	5.731221195622888259e-02	2.084343926102546346e-02	5.267857485629084957e-02
7.014766809800161127e+02	3.430093181926103796e-01	2.212203255509999356e-01	1.897221845765129367e-01	1.146031489650200658e-01	5.751475002959074295e-02	2.094587357532868427e-02	5.298090012036368868e-02
7.063144511936714025e+02	3.417917620421180303e-01	2.204492178096977839e-01	1.905900658062693875e-01	1.151197428776096904e-01	5.771598029925126966e-02	2.104803670528898260e-02	5.328169547019126484e-02
7.111522214073266923e+02	3.405811608915129129e-01	2.196824054042738061e-01	1.914530793391569785e-01	1.156330482813873045e-01	5.791591375083596921e-02	2.114992670561661667e-02	5.358096663764287670e-02
7.159899916209819821e+02	3.393774746926381813e-01	2.189198643732556404e-01	1.923112523927301143e-01	1.161430872620310972e-01	5.811456124106317150e-02	2.125154168863580689e-02	5.387871936007246343e-02
7.208277618346371582e+02	3.381806636324972692e-01	2.181615708889058924e-01	1.931646120321805216e-01	1.166498817540183447e-01	5.831193349969684969e-02	2.135287982325641612e-02	5.417495937987116400e-02
7.256655320482924481e+02	3.369906881318089908e-01	2.174075012564752607e-01	1.940131851711923427e-01	1.171534535414954503e-01	5.850804113146566149e-02	2.145393933396296665e-02	5.446969244402584398e-02
7.305033022619478515e+02	3.358075088435722444e-01	2.166576319134597139e-01	1.948569985727924558e-01	1.176538242591491645e-01	5.870289461794873931e-02	2.155471849982064717e-02	5.476292430368361053e-02
7.353410724756030277e+02	3.346310866516408189e-01	2.159119394288619986e-01	1.956960788501961035e-01	1.181510153930786233e-01	5.889650431942887454e-02	2.165521565349803543e-02	5.505466071372216996e-02
7.401788426892584312e+02	3.334613826693076932e-01	2.151704005024571431e-01	1.965304524676474707e-01	1.186450482816681362e-01	5.908888047671368576e-02	2.175542918030625925e-02	5.534490743232617360e-02
7.450166129029136073e+02	3.322983582378990497e-01	2.144329919640623194e-01	1.973601457412557658e-01	1.191359441164603766e-01	5.928003321292540234e-02	2.185535751725431464e-02	5.563367022056927430e-02
7.498543831165690108e+02	3.311419749253775024e-01	2.136996907728103967e-01	1.981851848398265559e-01	1.196237239430300303e-01	5.946997253525977689e-02	2.195499915212026018e-02	5.592095484200208105e-02
7.546921533302243006e+02	3.299921945249547073e-01	2.129704740164278243e-01	1.990055957856881608e-01	1.201084086618573188e-01	5.965870833671473722e-02	2.205435262253799267e-02	5.620676706224582431e-02
7.595299235438793630e+02	3.288489790537139079e-01	2.122453189105165949e-01	1.998214044555138846e-01	1.205900190292017171e-01	5.984625039778938838e-02	2.215341651509936463e-02	5.649111264859171810e-02
7.643676937575347665e+02	3.277122907512412531e-01	2.115242027978399275e-01	2.006326365811389734e-01	1.210685756579752831e-01	6.003260838815371869e-02	2.225218946447138704e-02	5.677399736960606069e-02
7.692054639711900563e+02	3.265820920782662728e-01	2.108071031476123625e-01	2.014393177503734644e-01	1.215440990186156534e-01	6.021779186828980779e-02	2.235067015252825001e-02	5.705542699474088625e-02
7.740432341848452324e+02	3.254583457153115700e-01	2.100939975547934102e-01	2.022414734078102905e-01	1.220166094399584428e-01	6.040181029110486266e-02	2.244885730749787353e-02	5.733540729395029262e-02
7.788810043985006359e+02	3.243410145613520035e-01	2.093848637393853906e-01	2.030391288556286644e-01	1.224861271101089916e-01	6.058467300351666474e-02	2.254674970312279050e-02	5.761394403731226466e-02
7.837187746121558121e+02	3.232300617324820879e-01	2.086796795457351583e-01	2.038323092543932458e-01	1.229526720773131965e-01	6.076638924801197605e-02	2.264434615783510185e-02	5.789104299465604175e-02
7.885565448258112156e+02	3.221254505605928298e-01	2.079784229418397967e-01	2.046210396238484774e-01	1.234162642508273150e-01	6.094696816417830704e-02	2.274164553394526778e-02	5.816670993519491156e-02
7.933943150394665054e+02	3.210271445920571121e-01	2.072810720186558653e-01	2.054053448437086760e-01	1.238769234017867149e-01	6.112641879020964258e-02	2.283864673684445762e-02	5.844095062716446465e-02
7.982320852531219089e+02	3.199351075864240168e-01	2.065876049894130317e-01	2.061852496544435698e-01	1.243346691640732499e-01	6.130475006438650121e-02	2.293534871422030566e-02	5.871377083746620595e-02
8.030698554667769713e+02	3.188493035151220845e-01	2.058980001889311462e-01	2.069607786580594244e-01	1.247895210351812056e-01	6.148197082653086148e-02	2.303175045528575715e-02	5.898517633131649535e-02
8.079076256804323748e+02	3.177696965601702339e-01	2.052122360729411732e-01	2.077319563188757268e-01	1.252414983770817891e-01	6.165808981943640688e-02	2.312785099002085884e-02	5.925517287190085192e-02
8.127453958940876646e+02	3.166962511128985081e-01	2.045302912174101206e-01	2.084988069642974839e-01	1.256906204170858410e-01	6.183311569027449828e-02	2.322364938842723034e-02	5.952376622003337225e-02
8.175831661077428407e+02	3.156289317726764798e-01	2.038521443178695214e-01	2.092613547855833867e-01	1.261369062487048276e-01	6.200705699197636700e-02	2.331914475979499773e-02	5.979096213382151248e-02
8.224209363213982442e+02	3.145677033456502070e-01	2.031777741887478006e-01	2.100196238386091985e-01	1.265803748325099176e-01	6.217992218459197223e-02	2.341433625198200905e-02	6.005676636833590099e-02
8.272587065350534203e+02	3.135125308434879021e-01	2.025071597627063902e-01	2.107736380446273428e-01	1.270210449969890465e-01	6.235171963662583527e-02	2.350922305070509907e-02	6.032118467528536920e-02
8.320964767487085965e+02	3.124633794821333743e-01	2.018402800899794791e-01	2.115234211910217155e-01	1.274589354394017882e-01	6.252245762635046111e-02	2.360380437884320240e-02	6.058422280269696453e-02
8.369342469623640000e+02	3.114202146805680749e-01	2.011771143377173721e-01	2.122689969320587511e-01	1.278940647266321173e-01	6.269214434309756945e-02	2.369807949575212028e-02	6.084588649460105636e-02
8.417720171760191761e+02	3.103830020595809147e-01	2.005176417893337615e-01	2.130103887896338255e-01	1.283264512960387571e-01	6.286078788852764165e-02	2.379204769659074362e-02	6.110618149072141736e-02
8.466097873896745796e+02	3.093517074405470191e-01	1.998618418438564137e-01	2.137476201540136345e-01	1.287561134563030563e-01	6.302839627787812371e-02	2.388570831165852046e-02	6.136511352617021742e-02
8.514475576033297557e+02	3.083262968442134211e-01	1.992096940152817131e-01	2.144807142845746029e-01	1.291830693882745629e-01	6.319497744119079163e-02	2.397906070574401527e-02	6.162268833114795119e-02
8.562853278169851592e+02	3.073067364894933040e-01	1.985611779319324810e-01	2.152096943105365201e-01	1.296073371458137391e-01	6.336053922451848064e-02	2.407210427748433801e-02	6.187891163064818123e-02
8.611230980306403353e+02	3.062929927922683482e-01	1.979162733358197646e-01	2.159345832316927338e-01	1.300289346566321780e-01	6.352508939111163599e-02	2.416483845873526951e-02	6.213378914416711057e-02
8.659608682442956251e+02	3.052850323641985719e-01	1.972749600820078442e-01	2.166554039191358472e-01	1.304478797231299336e-01	6.368863562258510191e-02	2.425726271395191314e-02	6.238732658541788767e-02
8.707986384579510286e+02	3.042828220115399440e-01	1.966372181379831274e-01	2.173721791159793360e-01	1.308641900232299649e-01	6.385118552006543990e-02	2.434937653957967157e-02	6.263952966204969219e-02
8.756364086716062047e+02	3.032863287339698233e-01	1.960030275830262902e-01	2.180849314380752524e-01	1.312778831112098588e-01	6.401274660531917904e-02	2.444117946345540984e-02	6.289040407537138666e-02
8.804741788852616082e+02	3.022955197234202807e-01	1.953723686075881094e-01	2.187936833747277932e-01	1.316889764185302236e-01	6.417332632186226182e-02	2.453267104421860689e-02	6.313995552007992118e-02
8.853119490989170117e+02	3.013103623629187489e-01	1.947452215126686259e-01	2.194984572894028430e-01	1.320974872546603895e-01	6.433293203605103261e-02	2.462385087073232226e-02	6.338818968399324849e-02
8.901497193125721878e+02	3.003308242254363325e-01	1.941215667091999719e-01	2.201992754204335490e-01	1.325034328079006118e-01	6.449157103815529590e-02	2.471471856151382859e-02	6.363511224778772846e-02
8.949874895262273640e+02	2.993568730727435012e-01	1.935013847174323898e-01	2.208961598817218153e-01	1.329068301462012491e-01	6.464925054341348620e-02	2.480527376417475394e-02	6.388072888474018163e-02
8.998252597398827675e+02	2.983884768542734434e-01	1.928846561663239145e-01	2.215891326634361336e-01	1.333076962179786940e-01	6.480597769307040734e-02	2.489551615487056724e-02	6.412504526047421716e-02
9.046630299535379436e+02	2.974256037059926916e-01	1.922713617929334706e-01	2.222782156327051395e-01	1.337060478529279173e-01	6.496175955539792990e-02	2.498544543775921278e-02	6.436806703271107100e-02
9.095008001671932334e+02	2.964682219492788540e-01	1.916614824418171326e-01	2.229634305343074219e-01	1.341019017628315713e-01	6.511660312669882711e-02	2.507506134446882071e-02	6.460979985102481560e-02
9.143385703808486369e+02	2.955163000898061165e-01	1.910549990644279383e-01	2.236447989913575296e-01	1.344952745423657892e-01	6.527051533229404068e-02	2.516436363357425418e-02	6.485024935660177459e-02
9.191763405945038130e+02	2.945698068164374073e-01	1.904518927185190613e-01	2.243223425059879261e-01	1.348861826699023769e-01	6.542350302749382063e-02	2.525335209008239962e-02	6.508942118200440607e-02
9.240141108081592165e+02	2.936287110001241651e-01	1.898521445675502850e-01	2.249960824600273079e-01	1.352746425083075077e-01	6.557557299855290567e-02	2.534202652492605762e-02	6.532732095093916891e-02
9.288518810218145063e+02	2.926929816928129369e-01	1.892557358800976974e-01	2.256660401156748708e-01	1.356606703057367802e-01	6.572673196361004944e-02	2.543038677446624041e-02	6.556395427802878817e-02
9.336896512354697961e+02	2.917625881263591903e-01	1.886626480292667718e-01	2.263322366161710786e-01	1.360442821964267801e-01	6.587698657361219789e-02	2.551843270000279246e-02	6.579932676858853136e-02
9.385274214491247449e+02	2.908374997114480109e-01	1.880728624921088887e-01	2.269946929864643803e-01	1.364254942014826999e-01	6.602634341322356770e-02	2.560616418729314697e-02	6.603344401840667566e-02
9.433651916627801484e+02	2.899176860365217934e-01	1.874863608490407452e-01	2.276534301338742905e-01	1.368043222296625450e-01	6.617480900171995861e-02	2.569358114607913149e-02	6.626631161352893040e-02
9.482029618764355519e+02	2.890031168667148709e-01	1.869031247832673714e-01	2.283084688487506952e-01	1.371807820781574261e-01	6.632238979386845257e-02	2.578068350962164218e-02	6.649793513004693957e-02
9.530407320900908417e+02	2.880937621427950290e-01	1.863231360802081460e-01	2.289598298051295777e-01	1.375548894333679661e-01	6.646909218079288806e-02	2.586747123424307584e-02	6.672832013389078110e-02
9.578785023037459041e+02	2.871895919801115138e-01	1.857463766269261407e-01	2.296075335613849133e-01	1.379266598716770431e-01	6.661492249082517914e-02	2.595394429887740856e-02	6.695747218062528261e-02
9.627162725174014213e+02	2.862905766675504227e-01	1.851728284115605194e-01	2.302516005608769289e-01	1.382961088602185085e-01	6.675988699034300644e-02	2.604010270462774057e-02	6.718539681525037555e-02
9.675540427310568248e+02	2.853966866664959245e-01	1.846024735227623503e-01	2.308920511325967539e-01	1.386632517576422696e-01	6.690399188459383861e-02	2.612594647433125888e-02	6.741209957200508529e-02
9.723918129447120009e+02	2.845078926097990291e-01	1.840352941491332217e-01	2.315289054918073242e-01	1.390281038148751813e-01	6.704724331850575592e-02	2.621147565213142322e-02	6.763758597417554586e-02
9.772295831583674044e+02	2.836241653007522401e-01	1.834712725786673271e-01	2.321621837406809274e-01	1.393906801758779956e-01	6.718964737748513161e-02	2.629669030305728170e-02	6.786186153390660891e-02
9.820673533720223531e+02	2.827454757120710926e-01	1.829103911981964925e-01	2.327919058689328635e-01	1.397509958783985651e-01	6.733121008820150410e-02	2.638159051260982602e-02	6.808493175201722758e-02
9.869051235856777566e+02	2.818717949848820736e-01	1.823526324928383402e-01	2.334180917544517730e-01	1.401090658547207435e-01	6.747193741935986200e-02	2.646617638635522310e-02	6.830680211781954558e-02
9.917428937993331601e+02	2.810030944277172038e-01	1.817979790454475886e-01	2.340407611639263030e-01	1.404649049324095955e-01	6.761183528246056396e-02	2.655044804952482254e-02	6.852747810894153913e-02
9.965806640129884499e+02	2.801393455155147261e-01	1.812464135360702111e-01	2.346599337534682195e-01	1.408185278350522207e-01	6.775090953254704618e-02	2.663440564662187399e-02	6.874696519115329474e-02
