3.966971575197332527e+02	4.355114597957728262e-01	2.795357502660090199e-01	1.238630720235861377e-01	7.402361168886266440e-02	4.192591311704334245e-02	1.403307764432825712e-02	3.110316985128539977e-02
4.015349277333884856e+02	4.337667966423709442e-01	2.784406105135576737e-01	1.251006602945258228e-01	7.482056430188481488e-02	4.222428249763857111e-02	1.415126747260588014e-02	3.149187266430389376e-02
4.063726979470438323e+02	4.320321268343527144e-01	2.773515705278810084e-01	1.263313166852265135e-01	7.561164842785741969e-02	4.252076417596875602e-02	1.426925101146607998e-02	3.187937672413511392e-02
4.112104681606991221e+02	4.303073922163807019e-01	2.762685962935932937e-01	1.275550799535456192e-01	7.639692133681419417e-02	4.281537085109411028e-02	1.438702501821284563e-02	3.226566871724678709e-02
4.160482383743544119e+02	4.285925349870000067e-01	2.751916539851025911e-01	1.287719886401897940e-01	7.717643953537711710e-02	4.310811513031019560e-02	1.450458631853438797e-02	3.265073579037348211e-02
4.208860085880095880e+02	4.268874976962173662e-01	2.741207099655508794e-01	1.299820810699383322e-01	7.795025877919121993e-02	4.339900952989049487e-02	1.462193180543572106e-02	3.303456554066345335e-02
4.257237788016648778e+02	4.251922232431023518e-01	2.730557307857601756e-01	1.311853953528597516e-01	7.871843408513863605e-02	4.368806647582181707e-02	1.473905843818798869e-02	3.341714600601680685e-02
4.305615490153201677e+02	4.235066548734079950e-01	2.719966831831842069e-01	1.323819693855213808e-01	7.948101974333561526e-02	4.397529830453262428e-02	1.485596324129423614e-02	3.379846565561140520e-02
4.353993192289755143e+02	4.218307361772137831e-01	2.709435340808664661e-01	1.335718408521918421e-01	8.023806932891668076e-02	4.426071726361433673e-02	1.497264330347136338e-02	3.417851338061295152e-02
4.402370894426308041e+02	4.201644110865876414e-01	2.698962505864035410e-01	1.347550472260368726e-01	8.098963571360978664e-02	4.454433551253573348e-02	1.508909577664799447e-02	3.455727848506581074e-02
4.450748596562860939e+02	4.185076238732683973e-01	2.688547999909148278e-01	1.359316257703082620e-01	8.173577107710630618e-02	4.482616512335044906e-02	1.520531787497799749e-02	3.493475067696111269e-02
4.499126298699413837e+02	4.168603191463685631e-01	2.678191497680173505e-01	1.371016135395258517e-01	8.247652691822951465e-02	4.510621808139781558e-02	1.532130687386938639e-02	3.531092005947882029e-02
4.547504000835967304e+02	4.152224418500963243e-01	2.667892675728069096e-01	1.382650473806529001e-01	8.321195406590541077e-02	4.538450628599692560e-02	1.543706010902836691e-02	3.568577712240045274e-02
4.595881702972519065e+02	4.135939372614968468e-01	2.657651212408446706e-01	1.394219639342646755e-01	8.394210268993941571e-02	4.566104155113416552e-02	1.555257497551825775e-02	3.605931273368925827e-02
4.644259405109071963e+02	4.119747509882132341e-01	2.647466787871492477e-01	1.405723996357104433e-01	8.466702231160247449e-02	4.593583560614418471e-02	1.566784892683305633e-02	3.643151813123463034e-02
4.692637107245624861e+02	4.103648289662660265e-01	2.637339084051948945e-01	1.417163907162686809e-01	8.538676181403009879e-02	4.620890009638446011e-02	1.578287947398540614e-02	3.680238491475775614e-02
4.741014809382177759e+02	4.087641174578516279e-01	2.627267784659146344e-01	1.428539732042958810e-01	8.610136945243773710e-02	4.648024658390343539e-02	1.589766418460870911e-02	3.717190503787530520e-02
4.789392511518730657e+02	4.071725630491590531e-01	2.617252575167098860e-01	1.439851829263685268e-01	8.681089286415588635e-02	4.674988654810244976e-02	1.601220068207317992e-02	3.754007080031832033e-02
4.837770213655284124e+02	4.055901126482054364e-01	2.607293142804644748e-01	1.451100555084188226e-01	8.751537907848817854e-02	4.701783138639135939e-02	1.612648664461559245e-02	3.790687484030327153e-02
4.886147915791837022e+02	4.040167134826891937e-01	2.597389176545654155e-01	1.462286263768638184e-01	8.821487452639567572e-02	4.728409241483808034e-02	1.624051980448248944e-02	3.827231012705242796e-02
4.934525617928388783e+02	4.024523130978610586e-01	2.587540367099279703e-01	1.473409307597280116e-01	8.890942505001064866e-02	4.754868086881202521e-02	1.635429794708665591e-02	3.863636995346071690e-02
4.982903320064942250e+02	4.008968593544131043e-01	2.577746406900269238e-01	1.484470036877596766e-01	8.959907591198280896e-02	4.781160790362153079e-02	1.646781891017661675e-02	3.899904792890631494e-02
5.031281022201495148e+02	3.993503004263850298e-01	2.568006990099333531e-01	1.495468799955407824e-01	9.028387180466115880e-02	4.807288459514537371e-02	1.658108058301896101e-02	3.936033797220224451e-02
5.079658724338048046e+02	3.978125847990877095e-01	2.558321812553560615e-01	1.506405943225906097e-01	9.096385685911449748e-02	4.833252194045841582e-02	1.669408090559326707e-02	3.972023430468626937e-02
5.128036426474600376e+02	3.962836612670440073e-01	2.548690571816890627e-01	1.517281811144629566e-01	9.163907465399336039e-02	4.859053085845141395e-02	1.680681786779944162e-02	4.007873144344652194e-02
5.176414128611153274e+02	3.947634789319462989e-01	2.539112967130641163e-01	1.528096746238371828e-01	9.230956822423644348e-02	4.884692219044517447e-02	1.691928950867723977e-02	4.043582419468025324e-02
5.224791830747705035e+02	3.932519872006306483e-01	2.529588699414086483e-01	1.538851089116030635e-01	9.297538006962430268e-02	4.910170670079895550e-02	1.703149391563781728e-02	4.079150764718321442e-02
5.273169532884259070e+02	3.917491357830677479e-01	2.520117471255087782e-01	1.549545178479394270e-01	9.363655216318311769e-02	4.935489507751334576e-02	1.714342922370706498e-02	4.114577716596717200e-02
5.321547235020811968e+02	3.902548746903699572e-01	2.510698986900776197e-01	1.560179351133866854e-01	9.429312595944121245e-02	4.960649793282753683e-02	1.725509361478054851e-02	4.149862838600311410e-02
5.369924937157364866e+02	3.887691542328144956e-01	2.501332952248290775e-01	1.570753941999130932e-01	9.494514240254110782e-02	4.985652580381116916e-02	1.736648531688990069e-02	4.185005720608780955e-02
5.418302639293917764e+02	3.872919250178828432e-01	2.492019074835565007e-01	1.581269284119751206e-01	9.559264193420967393e-02	5.010498915295077960e-02	1.747760260348042369e-02	4.220005978283133952e-02
5.466680341430470662e+02	3.858231379483154089e-01	2.482757063832165823e-01	1.591725708675718054e-01	9.623566450158890784e-02	5.035189836873085051e-02	1.758844379269977262e-02	4.254863252476333291e-02
5.515058043567023560e+02	3.843627442201826283e-01	2.473546630030183935e-01	1.602123544992929416e-01	9.687424956493007056e-02	5.059726376620956451e-02	1.769900724669747766e-02	4.289577208655561552e-02
5.563435745703576458e+02	3.829106953209704400e-01	2.464387485835176084e-01	1.612463120553613571e-01	9.750843610515351478e-02	5.084109558758941744e-02	1.780929137093521797e-02	4.324147536335913589e-02
5.611813447840129356e+02	3.814669430276819706e-01	2.455279345257155299e-01	1.622744761006695291e-01	9.813826263127660432e-02	5.108340400278255089e-02	1.791929461350756300e-02	4.358573948525290565e-02
5.660191149976681118e+02	3.800314394049541522e-01	2.446221923901634732e-01	1.632968790178096763e-01	9.876376718771232022e-02	5.132419910997104012e-02	1.802901546447312209e-02	4.392856181180292141e-02
5.708568852113234016e+02	3.786041368031883847e-01	2.437214938960719224e-01	1.643135530080987450e-01	9.938498736144076029e-02	5.156349093616209578e-02	1.813845245519583524e-02	4.426993992672888928e-02
5.756946554249786914e+02	3.771849878566974623e-01	2.428258109204248227e-01	1.653245300925970107e-01	1.000019602890558773e-01	5.180128943773828348e-02	1.824760415769633229e-02	4.460987163267675359e-02
5.805324256386339812e+02	3.757739454818659341e-01	2.419351154970987017e-01	1.663298421131212124e-01	1.006147226636897873e-01	5.203760450100277518e-02	1.835646918401312097e-02	4.494835494609504545e-02
5.853701958522892710e+02	3.743709628753251750e-01	2.410493798159867029e-01	1.673295207332517465e-01	1.012233107418166606e-01	5.227244594271975714e-02	1.846504618557348945e-02	4.528538809221303169e-02
5.902079660659445608e+02	3.729759935121433889e-01	2.401685762221276721e-01	1.683235974393341161e-01	1.018277603499387479e-01	5.250582351064993214e-02	1.857333385257395678e-02	4.562096950011870766e-02
5.950457362795999643e+02	3.715889911440289350e-01	2.392926772148400161e-01	1.693121035414748843e-01	1.024281068911563897e-01	5.273774688408131017e-02	1.868133091337010818e-02	4.595509779793481575e-02
5.998835064932552541e+02	3.702099097975481423e-01	2.384216554468603921e-01	1.702950701745319095e-01	1.030243853516241426e-01	5.296822567435521822e-02	1.878903613387568339e-02	4.628777180809094671e-02
6.047212767069104302e+02	3.688387037723567796e-01	2.375554837234871985e-01	1.712725282990987807e-01	1.036166303068953021e-01	5.319726942538766795e-02	1.889644831697076185e-02	4.661899054268998227e-02
6.095590469205657200e+02	3.674753276394452928e-01	2.366941350017289225e-01	1.722445087024838117e-01	1.042048759281565956e-01	5.342488761418607429e-02	1.900356630191887483e-02	4.694875319896692212e-02
6.143968171342210098e+02	3.661197362393977528e-01	2.358375823894571788e-01	1.732110419996834572e-01	1.047891559883551843e-01	5.365108965136138053e-02	1.911038896379294028e-02	4.727705915483856186e-02
6.192345873478761860e+02	3.647718846806640158e-01	2.349857991445645500e-01	1.741721586343503159e-01	1.053695038682198604e-01	5.387588488163574246e-02	1.921691521290984708e-02	4.760390796454210677e-02
6.240723575615315895e+02	3.634317283378452057e-01	2.341387586741270066e-01	1.751278888797554167e-01	1.059459525621784803e-01	5.409928258434561210e-02	1.932314399427358456e-02	4.792929935436111150e-02
6.289101277751868793e+02	3.620992228499923526e-01	2.332964345335712675e-01	1.760782628397452032e-01	1.065185346841733133e-01	5.432129197394047759e-02	1.942907428702674369e-02	4.825323321843703189e-02
6.337478979888421691e+02	3.607743241189182437e-01	2.324588004258465179e-01	1.770233104496929111e-01	1.070872824733763579e-01	5.454192220047721779e-02	1.953470510391028259e-02	4.857570961466485537e-02
6.385856682024975726e+02	3.594569883075217076e-01	2.316258302006008740e-01	1.779630614774448949e-01	1.076522277998063493e-01	5.476118235011007834e-02	1.964003549073140356e-02	4.889672876067108903e-02
6.434234384161527487e+02	3.581471718381251113e-01	2.307974978533625099e-01	1.788975455242612644e-01	1.082134021698491627e-01	5.497908144557640125e-02	1.974506452583944111e-02	4.921629102987258586e-02
6.482612086298080385e+02	3.568448313908239578e-01	2.299737775247253091e-01	1.798267920257513031e-01	1.087708367316835290e-01	5.519562844667809387e-02	1.984979131960960472e-02	4.953439694761468948e-02
6.530989788434633283e+02	3.555499239018495850e-01	2.291546434995390957e-01	1.807508302528035571e-01	1.093245622806136713e-01	5.541083225075889990e-02	1.995421501393446900e-02	4.985104718738717772e-02
6.579367490571185044e+02	3.542624065619437435e-01	2.283400702061043896e-01	1.816696893125107348e-01	1.098746092643105438e-01	5.562470169317754176e-02	2.005833478172308268e-02	5.016624256711641611e-02
6.627745192707737942e+02	3.529822368147454981e-01	2.275300322153714638e-01	1.825833981490892766e-01	1.104210077879633350e-01	5.583724554777673432e-02	2.016214982640757158e-02	5.047998404553247914e-02
6.676122894844290840e+02	3.517093723551905082e-01	2.267245042401443422e-01	1.834919855447937342e-01	1.109637876193429740e-01	5.604847252734812546e-02	2.026565938145713161e-02	5.079227271860959486e-02
6.724500596980843738e+02	3.504437711279216328e-01	2.259234611342886556e-01	1.843954801208259053e-01	1.115029781937790093e-01	5.625839128409326761e-02	2.036886270989927278e-02	5.110310981607860126e-02
6.772878299117396637e+02	3.491853913257122466e-01	2.251268778919445490e-01	1.852939103382391373e-01	1.120386086190516273e-01	5.646701041008053007e-02	2.047175910384821731e-02	5.141249669801007532e-02
6.821256001253949535e+02	3.479341913879006043e-01	2.243347296467433361e-01	1.861873044988370252e-01	1.125707076802002216e-01	5.667433843769815321e-02	2.057434788404035111e-02	5.172043485146671921e-02
6.869633703390502433e+02	3.466901299988362495e-01	2.235469916710291494e-01	1.870756907460672802e-01	1.130993038442500848e-01	5.688038384010334764e-02	2.067662839937655511e-02	5.202692588722369199e-02
6.918011405527055331e+02	3.454531660863379150e-01	2.227636393750844490e-01	1.879590970659106575e-01	1.136244252648586917e-01	5.708515503166758376e-02	2.077860002647139576e-02	5.233197153655563816e-02
6.966389107663608229e+02	3.442232588201624144e-01	2.219846483063602216e-01	1.888375512877646101e-01	1.141460997868830457e-01	5.728866036841804427e-02	2.088026216920901498e-02	5.263557364808903877e-02
7.014766809800161127e+02	3.430003676104851906e-01	2.212099941487102039e-01	1.897110810853220308e-01	1.146643549508693516e-01	5.749090814847528791e-02	2.098161425830560173e-02	5.293773418471873354e-02
7.063144511936714025e+02	3.417844521063920782e-01	2.204396527216295476e-01	1.905797139774451088e-01	1.151792179974666930e-01	5.769190661248722179e-02	2.108265575087838600e-02	5.323845522058733709e-02
7.111522214073266923e+02	3.405754721943820007e-01	2.196735999794977023e-01	1.914434773290341063e-01	1.156907158717658674e-01	5.789166394405932670e-02	2.118338613002103063e-02	5.353773893812631413e-02
7.159899916209819821e+02	3.393733879968803824e-01	2.189118120108255738e-01	1.923023983518913071e-01	1.161988752275648074e-01	5.809018827018128800e-02	2.128380490438529574e-02	5.383558762515761736e-02
7.208277618346371582e+02	3.381781598707639946e-01	2.181542650375067893e-01	1.931565041055800513e-01	1.167037224315619209e-01	5.828748766164990047e-02	2.138391160776893785e-02	5.413200367205464603e-02
7.256655320482924481e+02	3.369897484058959614e-01	2.174009354140731543e-01	1.940058214982789131e-01	1.172052835674786131e-01	5.848357013348851746e-02	2.148370579870968397e-02	5.442698956896142859e-02
7.305033022619478515e+02	3.358081144236717552e-01	2.166517996269543556e-01	1.948503772876309936e-01	1.177035844401122244e-01	5.867844364536285023e-02	2.158318706008521826e-02	5.472054790306887795e-02
7.353410724756030277e+02	3.346332189755756303e-01	2.159068342937418006e-01	1.956901980815885511e-01	1.181986505793208436e-01	5.887211610199330480e-02	2.168235499871910485e-02	5.501268135594708508e-02
7.401788426892584312e+02	3.334650233417473797e-01	2.151660161624564527e-01	1.965253103392527179e-01	1.186905072439408959e-01	5.906459535356384932e-02	2.178120924499248393e-02	5.530339270093249243e-02
7.450166129029136073e+02	3.323034890295598065e-01	2.144293221108209413e-01	1.973557403717085823e-01	1.191791794256390064e-01	5.925588919612741201e-02	2.187974945246156516e-02	5.559268480056898942e-02
7.498543831165690108e+02	3.311485777722058543e-01	2.136967291455354745e-01	1.981815143428553305e-01	1.196646918526991787e-01	5.944600537200789986e-02	2.197797529748069661e-02	5.588056060410177134e-02
7.546921533302243006e+02	3.300002515272966175e-01	2.129682144015580259e-01	1.990026582702321134e-01	1.201470689937464420e-01	5.963495157019882420e-02	2.207588647883102981e-02	5.616702314502308030e-02
7.595299235438793630e+02	3.288584724754686217e-01	2.122437551413886014e-01	1.998191980258387235e-01	1.206263350614081714e-01	5.982273542675862338e-02	2.217348271735465268e-02	5.645207553866874589e-02
7.643676937575347665e+02	3.277232030190014300e-01	2.115233287543571150e-01	2.006311593369521085e-01	1.211025140159142088e-01	6.000936452520265474e-02	2.227076375559407587e-02	5.673572097986453316e-02
7.692054639711900563e+02	3.265944057804453515e-01	2.108069127559157041e-01	2.014385677869379165e-01	1.215756295686366839e-01	6.019484639689191147e-02	2.236772935743704810e-02	5.701796274062142372e-02
7.740432341848452324e+02	3.254720436012586426e-01	2.100944847869347931e-01	2.022414488160576840e-01	1.220457051855709935e-01	6.037918852141852671e-02	2.246437930776658612e-02	5.729880416787880293e-02
7.788810043985006359e+02	3.243560795404541452e-01	2.093860226130029589e-01	2.030398277222713876e-01	1.225127640907586329e-01	6.056239832698805808e-02	2.256071341211613249e-02	5.757824868129469281e-02
7.837187746121558121e+02	3.232464768732560834e-01	2.086815041237309321e-01	2.038337296620354733e-01	1.229768292696530874e-01	6.074448319079861491e-02	2.265673149632978570e-02	5.785629977108206617e-02
7.885565448258112156e+02	3.221431990897657971e-01	2.079809073320593726e-01	2.046231796510963041e-01	1.234379234724298363e-01	6.092545043941682142e-02	2.275243340622749855e-02	5.813296099589040228e-02
7.933943150394665054e+02	3.210462098936373576e-01	2.072842103735706432e-01	2.054082025652792798e-01	1.238960692172413197e-01	6.110530734915069206e-02	2.284781900727518925e-02	5.840823598073156125e-02
7.982320852531219089e+02	3.199554732007622304e-01	2.065913915058041617e-01	2.061888231412732364e-01	1.243512887934180439e-01	6.128406114641941210e-02	2.294288818425967852e-02	5.868212841494922088e-02
8.030698554667769713e+02	3.188709531379633200e-01	2.059024291075758073e-01	2.069650659774109058e-01	1.248036042646166049e-01	6.146171900812008593e-02	2.303764084096839374e-02	5.895464205023086268e-02
8.079076256804323748e+02	3.177926140416978407e-01	2.052173016783011283e-01	2.077369555344443786e-01	1.252530374719157125e-01	6.163828806199143223e-02	2.313207689987374638e-02	5.922578069866167583e-02
8.127453958940876646e+02	3.167204204567698467e-01	2.045359878373221585e-01	2.085045161363166255e-01	1.256996100368611424e-01	6.181377538697453711e-02	2.322619630182209613e-02	5.949554823081945609e-02
8.175831661077428407e+02	3.156543371350513105e-01	2.038584663232381189e-01	2.092677719709284401e-01	1.261433433644603697e-01	6.198818801357062341e-02	2.331999900572731543e-02	5.976394857390966708e-02
8.224209363213982442e+02	3.145943290342121390e-01	2.031847159932399227e-01	2.100267470909011058e-01	1.265842586461279340e-01	6.216153292419587806e-02	2.341348498826876373e-02	6.003098570994006011e-02
8.272587065350534203e+02	3.135403613164591263e-01	2.025147158224482047e-01	2.107814654143349287e-01	1.270223768625825256e-01	6.233381705353339963e-02	2.350665424359371647e-02	6.029666367393388127e-02
8.320964767487085965e+02	3.124923993472837336e-01	2.018484449032552641e-01	2.115319507255632170e-01	1.274577187866961780e-01	6.250504728888225947e-02	2.359950678302407887e-02	6.056098655218106891e-02
8.369342469623640000e+02	3.114504086942183614e-01	2.011858824446704774e-01	2.122782266759021264e-01	1.278903049862970542e-01	6.267523047050373164e-02	2.369204263476741568e-02	6.082395848052662285e-02
8.417720171760191761e+02	3.104143551256012823e-01	2.005270077716695687e-01	2.130203167843962853e-01	1.283201558269262410e-01	6.284437339196467798e-02	2.378426184363216511e-02	6.108558364269547902e-02
8.466097873896745796e+02	3.093842046093502884e-01	1.998718003245472941e-01	2.137582444385603686e-01	1.287472914745494135e-01	6.301248280047812289e-02	2.387616447074699527e-02	6.134586626865311254e-02
8.514475576033297557e+02	3.083599233117444993e-01	1.992202396582739843e-01	2.144920328951161470e-01	1.291717318982242846e-01	6.317956539724119136e-02	2.396775059328424759e-02	6.160481063300123766e-02
8.562853278169851592e+02	3.073414775962144407e-01	1.985723054418554734e-01	2.152217052807256781e-01	1.295934968727245618e-01	6.334562783777011874e-02	2.405902030418737361e-02	6.186242105340791775e-02
8.611230980306403353e+02	3.063288340221409500e-01	1.979279774576968021e-01	2.159472845927201679e-01	1.300126059811212431e-01	6.351067673223270704e-02	2.414997371190237552e-02	6.211870188907137047e-02
8.659608682442956251e+02	3.053219593436617973e-01	1.972872356009691686e-01	2.166687936998248631e-01	1.304290786173217809e-01	6.367471864577800567e-02	2.424061094011309425e-02	6.237365753921688544e-02
8.707986384579510286e+02	3.043208205084868001e-01	1.966500598789807930e-01	2.173862553428798638e-01	1.308429339885683329e-01	6.383776009886331371e-02	2.433093212748036263e-02	6.262729244162608400e-02
8.756364086716062047e+02	3.033253846567205980e-01	1.960164304105510846e-01	2.180996921355567442e-01	1.312541911178952969e-01	6.399980756757871203e-02	2.442093742738493320e-02	6.287961107119810489e-02
8.804741788852616082e+02	3.023356191196940879e-01	1.953863274253881677e-01	2.188091265650712880e-01	1.316628688465472097e-01	6.416086748396879202e-02	2.451062700767413227e-02	6.313061793854184145e-02
8.853119490989170117e+02	3.013514914188029636e-01	1.947597312634703204e-01	2.195145809928919500e-01	1.320689858363574831e-01	6.432094623635185859e-02	2.460000105041217425e-02	6.338031758859877240e-02
8.901497193125721878e+02	3.003729692643549720e-01	1.941366223744303565e-01	2.202160776554446808e-01	1.324725605720888932e-01	6.448005016963662128e-02	2.468905975163410496e-02	6.362871459929586582e-02
8.949874895262273640e+02	2.994000205544243842e-01	1.935169813169438369e-01	2.209136386648135331e-01	1.328736113637364047e-01	6.463818558563631800e-02	2.477780332110327347e-02	6.387581358022775824e-02
8.998252597398827675e+02	2.984326133737144615e-01	1.929007887581204728e-01	2.216072860094374375e-01	1.332721563487927197e-01	6.479535874338031298e-02	2.486623198207235305e-02	6.412161917136774414e-02
9.046630299535379436e+02	2.974707159924275812e-01	1.922880254728990268e-01	2.222970415548028988e-01	1.336682134944778833e-01	6.495157585942322453e-02	2.495434597104775887e-02	6.436613604180707604e-02
9.095008001671932334e+02	2.965142968651429678e-01	1.916786723434455997e-01	2.229829270441329725e-01	1.340618005999328066e-01	6.510684310815159637e-02	2.504214553755752803e-02	6.460936888852197857e-02
9.143385703808486369e+02	2.955633246297017513e-01	1.910727103585552200e-01	2.236649640990723553e-01	1.344529352983778459e-01	6.526116662208808483e-02	2.512963094392250268e-02	6.485132243516771033e-02
9.191763405945038130e+02	2.946177681060998532e-01	1.904701206130567925e-01	2.243431742203683965e-01	1.348416350592369639e-01	6.541455249219327306e-02	2.521680246503084366e-02	6.509200143089938217e-02
9.240141108081592165e+02	2.936775962953880881e-01	1.898708843072213770e-01	2.250175787885485834e-01	1.352279171902278365e-01	6.556700676816504259e-02	2.530366038811577081e-02	6.533141064921876850e-02
9.288518810218145063e+02	2.927427783785797044e-01	1.892749827461738255e-01	2.256881990645939196e-01	1.356117988394189844e-01	6.571853545873562741e-02	2.539020501253654027e-02	6.556955488684682032e-02
9.336896512354697961e+02	2.918132837155651971e-01	1.886823973393076392e-01	2.263550561906087777e-01	1.359932969972539596e-01	6.586914453196626718e-02	2.547643664956253731e-02	6.580643896262108883e-02
9.385274214491247449e+02	2.908890818440341142e-01	1.880931095997031011e-01	2.270181711904867006e-01	1.363724284985434743e-01	6.601883991553957054e-02	2.556235562216050902e-02	6.604206771641796259e-02
9.433651916627801484e+02	2.899701424784045245e-01	1.875071011435486545e-01	2.276775649705727322e-01	1.367492100244261932e-01	6.616762749704950541e-02	2.564796226478485361e-02	6.627644600809889930e-02
9.482029618764355519e+02	2.890564355087592574e-01	1.869243536895655866e-01	2.283332583203219190e-01	1.371236581042982738e-01	6.631551312428915490e-02	2.573325692317091767e-02	6.650957871648029152e-02
9.530407320900908417e+02	2.881479309997892480e-01	1.863448490584357353e-01	2.289852719129539249e-01	1.374957891177125413e-01	6.646250260553616951e-02	2.581823995413127029e-02	6.674147073832652211e-02
9.578785023037459041e+02	2.872445991897438766e-01	1.857685691722326671e-01	2.296336263061042049e-01	1.378656192962478266e-01	6.660860170983608219e-02	2.590291172535492611e-02	6.697212698736577929e-02
9.627162725174014213e+02	2.863464104893883033e-01	1.851954960538558792e-01	2.302783419424715150e-01	1.382331647253489670e-01	6.675381616728319478e-02	2.598727261520942383e-02	6.720155239332804842e-02
9.675540427310568248e+02	2.854533354809677403e-01	1.846256118264680834e-01	2.309194391504615917e-01	1.385984413461376630e-01	6.689815166929946599e-02	2.607132301254576345e-02	6.742975190100505833e-02
9.723918129447120009e+02	2.845653449171782756e-01	1.840588987129357645e-01	2.315569381448273067e-01	1.389614649571952743e-01	6.704161386891104024e-02	2.615506331650614344e-02	6.765673046933153023e-02
9.772295831583674044e+02	2.836824097201450234e-01	1.834953390352727920e-01	2.321908590273052131e-01	1.393222512163175830e-01	6.718420838102277803e-02	2.623849393633448379e-02	6.788249307048743741e-02
9.820673533720223531e+02	2.828045009804062149e-01	1.829349152140871959e-01	2.328212217872485945e-01	1.396808156422423008e-01	6.732594078269048266e-02	2.632161529118961715e-02	6.810704468902088748e-02
9.869051235856777566e+02	2.819315899559046712e-01	1.823776097680309960e-01	2.334480463022568508e-01	1.400371736163494585e-01	6.746681661339111458e-02	2.640442780996120689e-02	6.833039032099098853e-02
9.917428937993331601e+02	2.810636480709854390e-01	1.818234053132531391e-01	2.340713523388013029e-01	1.403913403843355390e-01	6.760684137529084092e-02	2.648693193108828808e-02	6.855253497313072708e-02
9.965806640129884499e+02	2.802006469154002533e-01	1.812722845628553792e-01	2.346911595528476391e-01	1.407433310578616315e-01	6.774602053351101716e-02	2.656912810238041406e-02	6.877348366202898355e-02
