4.112104681606991221e+02	4.304100588319954568e-01	2.760723781978565716e-01	1.275289919547781814e-01	7.630455761927981695e-02	4.292738846279079562e-02	1.433118233062582493e-02	3.242210454763395922e-02
4.160482383743544119e+02	4.286932345633419073e-01	2.749991198733309772e-01	1.287459150834295574e-01	7.709106546368335589e-02	4.321647183143217941e-02	1.445195884042899462e-02	3.279889628931368512e-02
4.208860085880095880e+02	4.269862517860359419e-01	2.739318278533557915e-01	1.299560318169488971e-01	7.787157043810095935e-02	4.350378252120108008e-02	1.457243045393667030e-02	3.317476707538129232e-02
4.257237788016648778e+02	4.252890530032037986e-01	2.728704689275463502e-01	1.311593801550696992e-01	7.864613736946199363e-02	4.378933183168412513e-02	1.469259545966121287e-02	3.354969519833352065e-02
4.305615490153201677e+02	4.236015810751753707e-01	2.718150100704954109e-01	1.323559978848437013e-01	7.941483008219517303e-02	4.407313098643132754e-02	1.481245219813399384e-02	3.392365964768573328e-02
4.353993192289755143e+02	4.219237792168413215e-01	2.707654184407423115e-01	1.335459225818407258e-01	8.017771141714793992e-02	4.435519113353502546e-02	1.493199906092410392e-02	3.429664009392929119e-02
4.402370894426308041e+02	4.202555909950381752e-01	2.697216613797470686e-01	1.347291916113413923e-01	8.093484325012165193e-02	4.463552334620316669e-02	1.505123448967563698e-02	3.466861687283358945e-02
4.450748596562860939e+02	4.185969603259602212e-01	2.686837064108705819e-01	1.359058421295233354e-01	8.168628651003063956e-02	4.491413862332706286e-02	1.517015697516321641e-02	3.503957097008559424e-02
4.499126298699413837e+02	4.169478314725986734e-01	2.676515212383603903e-01	1.370759110846399287e-01	8.243210119669303060e-02	4.519104789004350919e-02	1.528876505636536133e-02	3.540948400625969217e-02
4.547504000835967304e+02	4.153081490422067534e-01	2.666250737463423115e-01	1.382394352181927910e-01	8.317234639826079357e-02	4.546626199829158915e-02	1.540705731955537873e-02	3.577833822211091974e-02
4.595881702972519065e+02	4.136778579837911418e-01	2.656043319978174666e-01	1.393964510660971046e-01	8.390708030829664710e-02	4.573979172736404586e-02	1.552503239740939817e-02	3.614611646418474517e-02
4.644259405109071963e+02	4.120569035856288531e-01	2.645892642336649114e-01	1.405469949598403823e-01	8.463636024250506540e-02	4.601164778445339387e-02	1.564268896813123672e-02	3.651280217073668566e-02
4.692637107245624861e+02	4.104452314728094797e-01	2.635798388716501517e-01	1.416911030276345462e-01	8.536024265512459630e-02	4.628184080519275739e-02	1.576002575459374555e-02	3.687837935795523076e-02
4.741014809382177759e+02	4.088427876048020826e-01	2.625760245054389319e-01	1.428288111955612893e-01	8.607878315498858346e-02	4.655038135419162920e-02	1.587704152349632414e-02	3.724283260648170168e-02
4.789392511518730657e+02	4.072495182730467844e-01	2.615777899036164644e-01	1.439601551887108311e-01	8.679203652126098179e-02	4.681727992556650175e-02	1.599373508453825338e-02	3.760614704822071164e-02
4.837770213655284124e+02	4.056653700985703992e-01	2.605851040087124315e-01	1.450851705323141783e-01	8.750005671885424663e-02	4.708254694346646757e-02	1.611010528960759094e-02	3.796830835343517618e-02
4.886147915791837022e+02	4.040902900296259315e-01	2.595979359362312056e-01	1.462038925528687527e-01	8.820289691353566663e-02	4.734619276259389997e-02	1.622615103198525588e-02	3.832930271811976763e-02
4.934525617928388783e+02	4.025242253393551684e-01	2.586162549736875094e-01	1.473163563792576070e-01	8.890060948672877383e-02	4.760822766872024880e-02	1.634187124556405607e-02	3.868911685164699160e-02
4.982903320064942250e+02	4.009671236234749747e-01	2.576400305796476831e-01	1.484225969438622006e-01	8.959324605001606212e-02	4.786866187919697202e-02	1.645726490408233600e-02	3.904773796468009872e-02
5.031281022201495148e+02	3.994189327979855708e-01	2.566692323827759470e-01	1.495226489836687100e-01	9.028085745934916195e-02	4.812750554346175574e-02	1.657233102037195330e-02	3.940515375734722492e-02
5.079658724338048046e+02	3.978796010969019026e-01	2.557038301808862157e-01	1.506165470413680096e-01	9.096349382897264690e-02	4.838476874354000895e-02	1.668706864562032044e-02	3.976135240767118828e-02
5.128036426474600376e+02	3.963490770700068833e-01	2.547437939399991302e-01	1.517043254664493801e-01	9.164120454506737012e-02	4.864046149454172296e-02	1.680147686864623055e-02	4.011632256024958570e-02
5.176414128611153274e+02	3.948273095806261179e-01	2.537890937934045854e-01	1.527860184162877777e-01	9.231403827911904836e-02	4.889459374515375129e-02	1.691555481518918977e-02	4.047005331517987414e-02
5.224791830747705035e+02	3.933142478034244993e-01	2.528397000407291428e-01	1.538616598572249972e-01	9.298204300101789443e-02	4.914717537812757914e-02	1.702930164721198208e-02	4.082253421722426695e-02
5.273169532884259070e+02	3.918098412222238425e-01	2.518955831470089390e-01	1.549312835656445897e-01	9.364526599189483547e-02	4.939821621076261743e-02	1.714271656221622725e-02	4.117375524520933139e-02
5.321547235020811968e+02	3.903140396278413915e-01	2.509567137417674232e-01	1.559949231290405636e-01	9.430375385669975685e-02	4.964772599538509051e-02	1.725579879257067850e-02	4.152370680165542310e-02
5.369924937157364866e+02	3.888267931159488655e-01	2.500230626180988125e-01	1.570526119470800064e-01	9.495755253652714278e-02	4.989571441982260797e-02	1.736854760485197213e-02	4.187237970263098241e-02
5.418302639293917764e+02	3.873480520849516551e-01	2.490946007317559885e-01	1.581043832326595455e-01	9.560670732069417865e-02	5.014219110787438566e-02	1.748096229919763461e-02	4.221976516782697392e-02
5.466680341430470662e+02	3.858777672338883913e-01	2.481712992002440832e-01	1.591502700129558689e-01	9.625126285857681097e-02	5.038716561977724107e-02	1.759304220867107665e-02	4.256585481084688288e-02
5.515058043567023560e+02	3.844158895603498327e-01	2.472531293019187559e-01	1.601903051304699732e-01	9.689126317120837217e-02	5.063064745266743216e-02	1.770478669863835217e-02	4.291064062970761234e-02
5.563435745703576458e+02	3.829623703584174033e-01	2.463400624750896328e-01	1.612245212440658604e-01	9.752675166264583584e-02	5.087264604103832605e-02	1.781619516615643925e-02	4.325411499754680533e-02
5.611813447840129356e+02	3.815171612166209369e-01	2.454320703171287421e-01	1.622529508300027401e-01	9.815777113110860097e-02	5.111317075719398056e-02	1.792726703937284199e-02	4.359627065353237352e-02
5.660191149976681118e+02	3.800802140159152964e-01	2.445291245835839733e-01	1.632756261829617916e-01	9.878436377989439909e-02	5.135223091169872217e-02	1.803800177693627022e-02	4.393710069396971479e-02
5.708568852113234016e+02	3.786514809276755322e-01	2.436311971872973103e-01	1.642925794170668197e-01	9.940657122807694535e-02	5.158983575382267844e-02	1.814839886741816122e-02	4.427659856360269264e-02
5.756946554249786914e+02	3.772309144117105273e-01	2.427382601975283105e-01	1.653038424668990258e-01	1.000244345209898300e-01	5.182599447198345255e-02	1.825845782874492562e-02	4.461475804710405418e-02
5.805324256386339812e+02	3.758184672142948490e-01	2.418502858390821353e-01	1.663094470885062015e-01	1.006379941405011469e-01	5.206071619418383561e-02	1.836817820764056336e-02	4.495157326075139431e-02
5.853701958522892710e+02	3.744140923662184761e-01	2.409672464914427159e-01	1.673094248604057865e-01	1.012472900150830912e-01	5.229400998844569576e-02	1.847755957907959434e-02	4.528703864428469672e-02
5.902079660659445608e+02	3.730177431808542332e-01	2.400891146879104987e-01	1.683038071845827099e-01	1.018523615296808293e-01	5.252588486324009931e-02	1.858660154574999154e-02	4.562114895294165640e-02
5.950457362795999643e+02	3.716293732522423787e-01	2.392158631147452974e-01	1.692926252874809578e-01	1.024532475353847755e-01	5.275634976791367114e-02	1.869530373752599506e-02	4.595389924966690465e-02
5.998835064932552541e+02	3.702489364531927896e-01	2.383474646103137529e-01	1.702759102209899233e-01	1.030499863589102172e-01	5.298541359311119414e-02	1.880366581095056083e-02	4.628528489749157010e-02
6.047212767069104302e+02	3.688763869334039658e-01	2.374838921642414002e-01	1.712536928634248445e-01	1.036426158118884389e-01	5.321308517119462816e-02	1.891168744872730872e-02	4.661530155207946335e-02
6.095590469205657200e+02	3.675116791175984110e-01	2.366251189165699820e-01	1.722260039205018300e-01	1.042311731999731733e-01	5.343937327665845144e-02	1.901936835922174787e-02	4.694394515443647137e-02
6.143968171342210098e+02	3.661547677036751658e-01	2.357711181569188408e-01	1.731928739263072503e-01	1.048156953317661427e-01	5.366428662654147003e-02	1.912670827597161630e-02	4.727121192377954639e-02
6.192345873478761860e+02	3.648056076608783838e-01	2.349218633236515308e-01	1.741543332442614667e-01	1.053962185275654634e-01	5.388783388083504683e-02	1.923370695720616128e-02	4.759709835056204902e-02
6.240723575615315895e+02	3.634641542279816728e-01	2.340773280030465919e-01	1.751104120680773424e-01	1.059727786279405226e-01	5.411002364288785421e-02	1.934036418537415231e-02	4.792160118965203136e-02
6.289101277751868793e+02	3.621303629114887568e-01	2.332374859284733482e-01	1.760611404227130639e-01	1.065454110021369916e-01	5.433086445980722656e-02	1.944667976668055034e-02	4.824471745366028241e-02
6.337478979888421691e+02	3.608041894838496244e-01	2.324023109795721742e-01	1.770065481653195494e-01	1.071141505563154711e-01	5.455036482285700178e-02	1.955265353063153147e-02	4.856644440641487426e-02
6.385856682024975726e+02	3.594855899816921663e-01	2.315717771814393422e-01	1.779466649861826122e-01	1.076790317416269904e-01	5.476853316785206677e-02	1.965828532958781294e-02	4.888677955657919766e-02
6.434234384161527487e+02	3.581745207040692436e-01	2.307458587038162534e-01	1.788815204096596279e-01	1.082400885621290221e-01	5.498537787554954454e-02	1.976357503832610121e-02	4.920572065141035067e-02
6.482612086298080385e+02	3.568709382107204675e-01	2.299245298602834719e-01	1.798111437951108449e-01	1.087973545825451499e-01	5.520090727203669917e-02	1.986852255360845379e-02	4.952326567065498675e-02
6.530989788434633283e+02	3.555747993203492441e-01	2.291077651074591159e-01	1.807355643378255605e-01	1.093508629358714984e-01	5.541512962911555873e-02	1.997312779375946118e-02	4.983941282057961081e-02
6.579367490571185044e+02	3.542860611089143630e-01	2.282955390442016064e-01	1.816548110699427454e-01	1.099006463308333931e-01	5.562805316468433237e-02	2.007739069825106859e-02	5.015416052813250619e-02
6.627745192707737942e+02	3.530046809079360193e-01	2.274878264108172177e-01	1.825689128613667278e-01	1.104467370591949438e-01	5.583968604311563555e-02	2.018131122729490898e-02	5.046750743523455152e-02
6.676122894844290840e+02	3.517306163028164345e-01	2.266846020882716251e-01	1.834778984206774377e-01	1.109891670029248545e-01	5.605003637563157198e-02	2.028488936144196703e-02	5.077945239319610338e-02
6.724500596980843738e+02	3.504638251311742447e-01	2.258858410974061703e-01	1.843817962960356549e-01	1.115279676412214011e-01	5.625911222067572076e-02	2.038812510118950122e-02	5.108999445725725952e-02
6.772878299117396637e+02	3.492042654811933766e-01	2.250915185981583189e-01	1.852806348760829835e-01	1.120631700573992695e-01	5.646692158428200103e-02	2.049101846659500889e-02	5.139913288124900448e-02
6.821256001253949535e+02	3.479518956899850801e-01	2.243016098887865573e-01	1.861744423908368307e-01	1.125948049456413635e-01	5.667347242044053907e-02	2.059356949689715791e-02	5.170686711237250377e-02
6.869633703390502433e+02	3.467066743419642272e-01	2.235160904050995656e-01	1.870632469125800279e-01	1.131229026176181068e-01	5.687877263146048218e-02	2.069577825014351849e-02	5.201319678609413188e-02
6.918011405527055331e+02	3.454685602672386002e-01	2.227349357196898028e-01	1.879470763567458735e-01	1.136474930089771684e-01	5.708283006832987755e-02	2.079764480282496331e-02	5.231812172115375692e-02
6.966389107663608229e+02	3.442375125400120583e-01	2.219581215411712272e-01	1.888259584827975957e-01	1.141686056857060955e-01	5.728565253107257421e-02	2.089916924951665256e-02	5.262164191468384628e-02
7.014766809800161127e+02	3.430134904770000825e-01	2.211856237134212089e-01	1.896999208951033189e-01	1.146862698503707118e-01	5.748724776910223155e-02	2.100035170252543409e-02	5.292375753743704808e-02
7.063144511936714025e+02	3.417964536358589211e-01	2.204174182148270489e-01	1.905689910438056744e-01	1.152005143482314614e-01	5.768762348157342734e-02	2.110119229154353709e-02	5.322446892911995159e-02
7.111522214073266923e+02	3.405863618136272808e-01	2.196534811575362178e-01	1.914331962256868302e-01	1.157113676732405561e-01	5.788678731772994163e-02	2.120169116330847259e-02	5.352377659383075054e-02
7.159899916209819821e+02	3.393831750451807849e-01	2.188937887867111187e-01	1.922925635850281645e-01	1.162188579739222294e-01	5.808474687725021651e-02	2.130184848126900204e-02	5.382168119559857522e-02
7.208277618346371582e+02	3.381868536016988669e-01	2.181383174797878466e-01	1.931471201144655814e-01	1.167230130591383613e-01	5.828150971058999180e-02	2.140166442525704565e-02	5.411818355402235603e-02
7.256655320482924481e+02	3.369973579891442639e-01	2.173870437457391669e-01	1.939968926558395257e-01	1.172238604037421639e-01	5.847708331932225528e-02	2.150113919116545050e-02	5.441328464000713683e-02
7.305033022619478515e+02	3.358146489467545570e-01	2.166399442243415185e-01	1.948419079010405008e-01	1.177214271541218438e-01	5.867147515647438277e-02	2.160027299063148332e-02	5.470698557159562464e-02
7.353410724756030277e+02	3.346386874455457017e-01	2.158969956854461802e-01	1.956821923928496465e-01	1.182157401336366709e-01	5.886469262686263443e-02	2.169906605072594377e-02	5.499928760989308829e-02
7.401788426892584312e+02	3.334694346868276038e-01	2.151581750282546002e-01	1.965177725257744590e-01	1.187068258479477972e-01	5.905674308742395878e-02	2.179751861364781496e-02	5.529019215508357288e-02
7.450166129029136073e+02	3.323068521007318532e-01	2.144234592805974171e-01	1.973486745468799319e-01	1.191947104902457005e-01	5.924763384754515305e-02	2.189563093642429500e-02	5.557970074253541087e-02
7.498543831165690108e+02	3.311509013447503369e-01	2.136928255982179781e-01	1.981749245566150619e-01	1.196794199463765418e-01	5.943737216938942830e-02	2.199340329061616819e-02	5.586781503899422574e-02
7.546921533302243006e+02	3.300015443022862316e-01	2.129662512640594085e-01	1.989965485096344133e-01	1.201609797998695189e-01	5.962596526822035170e-02	2.209083596202837327e-02	5.615453683886147129e-02
7.595299235438793630e+02	3.288587430812157653e-01	2.122437136875559571e-01	1.998135722156152150e-01	1.206394153368670480e-01	5.981342031272326304e-02	2.218792925042569614e-02	5.643986806055677902e-02
7.643676937575347665e+02	3.277224600124616916e-01	2.115251904039282538e-01	2.006260213400698489e-01	1.211147515509601175e-01	5.999974442532412383e-02	2.228468346925347940e-02	5.672381074296219822e-02
7.692054639711900563e+02	3.265926576485777000e-01	2.108106590734823427e-01	2.014339214051535099e-01	1.215870131479303284e-01	6.018494468250588231e-02	2.238109894536324460e-02	5.700636704194668447e-02
7.740432341848452324e+02	3.254692987623437617e-01	2.101000974809127952e-01	2.022372977904676739e-01	1.220562245504008547e-01	6.036902811512236122e-02	2.247717601874315782e-02	5.728753922696908085e-02
7.788810043985006359e+02	3.243523463453725220e-01	2.093934835346096535e-01	2.030361757338586259e-01	1.225224099023980162e-01	6.055200170870964071e-02	2.257291504225324152e-02	5.756732967775791271e-02
7.837187746121558121e+02	3.232417636067265732e-01	2.086907952659692034e-01	2.038305803322117693e-01	1.229855930738254222e-01	6.073387240379510277e-02	2.266831638136522151e-02	5.784574088106633760e-02
7.885565448258112156e+02	3.221375139715461078e-01	2.079920108287085512e-01	2.046205365422412437e-01	1.234457976648522110e-01	6.091464709620396378e-02	2.276338041390696398e-02	5.812277542750064752e-02
7.933943150394665054e+02	3.210395610796870081e-01	2.072971084981842238e-01	2.054060691812752415e-01	1.239030470102174819e-01	6.109433263736347569e-02	2.285810752981136743e-02	5.839843600842081761e-02
7.982320852531219089e+02	3.199478687843701485e-01	2.066060666707143778e-01	2.061872029280368002e-01	1.243573641834523902e-01	6.127293583460479559e-02	2.295249813086968141e-02	5.867272541291144311e-02
8.030698554667769713e+02	3.188624011508398581e-01	2.059188638629048107e-01	2.069639623234200976e-01	1.248087720010216534e-01	6.145046345146244759e-02	2.304655263048912064e-02	5.894564652482163492e-02
8.079076256804323748e+02	3.177831224550334843e-01	2.052354787109788303e-01	2.077363717712625013e-01	1.252572930263861350e-01	6.162692220797155729e-02	2.314027145345471867e-02	5.921720231987237515e-02
8.127453958940876646e+02	3.167099971822606164e-01	2.045558899701107880e-01	2.085044555391122323e-01	1.257029495739879765e-01	6.180231878096272002e-02	2.323365503569535181e-02	5.948739586282989628e-02
8.175831661077428407e+02	3.156429900258924115e-01	2.038800765137633308e-01	2.092682377589915044e-01	1.261457637131601639e-01	6.197665980435466265e-02	2.332670382405383283e-02	5.975623030474361275e-02
8.224209363213982442e+02	3.145820658860606911e-01	2.032080173330283457e-01	2.100277424281557781e-01	1.265857572719616964e-01	6.214995186944461542e-02	2.341941827606100479e-02	6.002370888024735618e-02
8.272587065350534203e+02	3.135271898683668068e-01	2.025396915359717054e-01	2.107829934098482128e-01	1.270229518409400626e-01	6.232220152519651890e-02	2.351179885971378322e-02	6.028983490492235975e-02
8.320964767487085965e+02	3.124783272826003877e-01	2.018750783469814014e-01	2.115340144340501771e-01	1.274573687768226771e-01	6.249341527852694117e-02	2.360384605325704585e-02	6.055461177272085382e-02
8.369342469623640000e+02	3.114354436414673022e-01	2.012141571061195622e-01	2.122808290982274582e-01	1.278890292061381495e-01	6.266359959458893403e-02	2.369556034496930752e-02	6.081804295344882955e-02
8.417720171760191761e+02	3.103985046593271124e-01	2.005569072684779686e-01	2.130234608680722785e-01	1.283179540287695819e-01	6.283276089705364109e-02	2.378694223295212476e-02	6.108013199030681156e-02
8.466097873896745796e+02	3.093674762509404097e-01	1.999033084035372609e-01	2.137619330782410121e-01	1.287441639214406131e-01	6.300090556838980338e-02	2.387799222492313286e-02	6.134088249748732152e-02
8.514475576033297557e+02	3.083423245302245874e-01	1.992533401945295601e-01	2.144962689330878747e-01	1.291676793411359048e-01	6.316803995014114159e-02	2.396871083801269120e-02	6.160029815782779028e-02
8.562853278169851592e+02	3.073230158090194397e-01	1.986069824378047244e-01	2.152264915073943408e-01	1.295885205284574848e-01	6.333417034320165673e-02	2.405909859856401878e-02	6.185838272051783632e-02
8.611230980306403353e+02	3.063095165958613086e-01	1.979642150422003255e-01	2.159526237470947019e-01	1.300067075109178349e-01	6.349930300808886985e-02	2.414915604193680274e-02	6.211513999885963366e-02
8.659608682442956251e+02	3.053017935947667794e-01	1.973250180284146782e-01	2.166746884699971010e-01	1.304222601061714448e-01	6.366344416521493854e-02	2.423888371231418259e-02	6.237057386808026599e-02
8.707986384579510286e+02	3.042998137040246465e-01	1.966893715283838939e-01	2.173927083665009863e-01	1.308351979251860253e-01	6.382659999515583049e-02	2.432828216251306519e-02	6.262468826319496362e-02
8.756364086716062047e+02	3.033035440149970952e-01	1.960572557846620434e-01	2.181067060003100411e-01	1.312455403753540473e-01	6.398877663891838763e-02	2.441735195379772169e-02	6.287748717692007161e-02
8.804741788852616082e+02	3.023129518109293756e-01	1.954286511498049272e-01	2.188167038091415606e-01	1.316533066635467153e-01	6.414998019820551678e-02	2.450609365569657652e-02	6.312897465763477045e-02
8.853119490989170117e+02	3.013280045657681927e-01	1.948035380857572607e-01	2.195227241054314438e-01	1.320585157991107927e-01	6.431021673567920149e-02	2.459450784582214652e-02	6.337915480739041152e-02
8.901497193125721878e+02	3.003486699429884776e-01	1.941818971632432167e-01	2.202247890770354932e-01	1.324611865968098323e-01	6.446949227522182080e-02	2.468259510969407142e-02	6.362803177996648185e-02
8.949874895262273640e+02	2.993749157944289307e-01	1.935637090611605216e-01	2.209229207879265522e-01	1.328613376797107559e-01	6.462781280219530300e-02	2.477035604056519388e-02	6.387560977897212278e-02
8.998252597398827675e+02	2.984067101591354465e-01	1.929489545659777705e-01	2.216171411788878665e-01	1.332589874820169773e-01	6.478518426369844763e-02	2.485779123925060952e-02	6.412189305599241829e-02
9.046630299535379436e+02	2.974440212622128654e-01	1.923376145711351293e-01	2.223074720682023386e-01	1.336541542518490111e-01	6.494161256882234612e-02	2.494490131395964497e-02	6.436688590877814864e-02
9.095008001671932334e+02	2.964868175136857187e-01	1.917296700764484496e-01	2.229939351523383129e-01	1.340468560539739840e-01	6.509710358890388737e-02	2.503168688013070534e-02	6.461059267947848184e-02
9.143385703808486369e+02	2.955350675073658562e-01	1.911251021875166045e-01	2.236765520066308632e-01	1.344371107724845749e-01	6.525166315777744530e-02	2.511814856026895609e-02	6.485301775291524295e-02
9.191763405945038130e+02	2.945887400197289563e-01	1.905238921151323483e-01	2.243553440859598624e-01	1.348249361134287172e-01	6.540529707202460963e-02	2.520428698378677362e-02	6.509416555489828948e-02
9.240141108081592165e+02	2.936478040087986963e-01	1.899260211746960914e-01	2.250303327254238595e-01	1.352103496073910338e-01	6.555801109122219583e-02	2.529010278684691582e-02	6.533404055058072979e-02
9.288518810218145063e+02	2.927122286130389162e-01	1.893314707856333656e-01	2.257015391410103489e-01	1.355933686120269210e-01	6.570981093818838159e-02	2.537559661220836066e-02	6.557264724285329083e-02
9.336896512354697961e+02	2.917819831502532213e-01	1.887402224708151222e-01	2.263689844302620713e-01	1.359740103145502532e-01	6.586070229922702524e-02	2.546076910907476773e-02	6.580999017077714119e-02
9.385274214491247449e+02	2.908570371164928559e-01	1.881522578559816916e-01	2.270326895729397609e-01	1.363522917341755403e-01	6.601069082437022173e-02	2.554562093294554179e-02	6.604607390805393441e-02
9.433651916627801484e+02	2.899373601849719595e-01	1.875675586691695484e-01	2.276926754316811463e-01	1.367282297245157319e-01	6.615978212761908228e-02	2.563015274546940128e-02	6.628090306153271161e-02
9.482029618764355519e+02	2.890229222049901514e-01	1.869861067401414889e-01	2.283489627526560095e-01	1.371018409759361401e-01	6.630798178718279312e-02	2.571436521430044489e-02	6.651448226975255340e-02
9.530407320900908417e+02	2.881136932008629414e-01	1.864078839998200288e-01	2.290015721662178594e-01	1.374731420178658126e-01	6.645529534571587016e-02	2.579825901295665011e-02	6.674681620152030093e-02
9.578785023037459041e+02	2.872096433708598573e-01	1.858328724797238818e-01	2.296505241875517744e-01	1.378421492210668287e-01	6.660172831055367892e-02	2.588183482068080743e-02	6.697790955452265216e-02
9.627162725174014213e+02	2.863107430861489000e-01	1.852610543114074637e-01	2.302958392173186652e-01	1.382088787998625723e-01	6.674728615394640019e-02	2.596509332230374778e-02	6.720776705397173145e-02
9.675540427310568248e+02	2.854169628897495481e-01	1.846924117259037823e-01	2.309375375422957066e-01	1.385733468143257874e-01	6.689197431329108046e-02	2.604803520810994658e-02	6.743639345128361884e-02
9.723918129447120009e+02	2.845282734954920345e-01	1.841269270531701863e-01	2.315756393360136056e-01	1.389355691724271646e-01	6.703579819136219753e-02	2.613066117370536207e-02	6.766379352278888148e-02
9.772295831583674044e+02	2.836446457869842841e-01	1.835645827215374448e-01	2.322101646593898727e-01	1.392955616321452372e-01	6.717876315654044972e-02	2.621297191988753925e-02	6.788997206847459387e-02
9.820673533720223531e+02	2.827660508165859010e-01	1.830053612571615473e-01	2.328411334613586237e-01	1.396533398035384732e-01	6.732087454303990748e-02	2.629496815251786482e-02	6.811493391075708337e-02
9.869051235856777566e+02	2.818924598043890395e-01	1.824492452834789447e-01	2.334685655794970227e-01	1.400089191507800368e-01	6.746213765113361072e-02	2.637665058239601484e-02	6.833868389328474902e-02
9.917428937993331601e+02	2.810238441372059914e-01	1.818962175206647047e-01	2.340924807406480346e-01	1.403623149941564674e-01	6.760255774737741752e-02	2.645801992513650142e-02	6.856122687977027341e-02
9.965806640129884499e+02	2.801601753675644901e-01	1.813462607850934993e-01	2.347128985615396513e-01	1.407135425120304151e-01	6.774214006483238182e-02	2.653907690104731140e-02	6.878256775285158942e-02
