6.579367490571185044e+02	3.547997671316952539e-01	2.284840035469837827e-01	1.808143411353611285e-01	1.097580908954817469e-01	5.589891871173145732e-02	1.992202474957235556e-02	5.031953715503112434e-02
6.627745192707737942e+02	3.534941087899894918e-01	2.276738028361125765e-01	1.818089269203923275e-01	1.102981304922206196e-01	5.611465433387283208e-02	2.001888291478129758e-02	5.058817703848767638e-02
6.676122894844290840e+02	3.521961555099188401e-01	2.268681882536632555e-01	1.827944358242520051e-01	1.108350284421528720e-01	5.632855957353587878e-02	2.011594286227753881e-02	5.085837286005642777e-02
6.724500596980843738e+02	3.509058589322976429e-01	2.260671302821101736e-01	1.837710300953790954e-01	1.113688032267572958e-01	5.654065882946845284e-02	2.021319374287372170e-02	5.113000821697045312e-02
6.772878299117396637e+02	3.496231710886433808e-01	2.252705997009081251e-01	1.847388672847406210e-01	1.118994732131167319e-01	5.675097613326970936e-02	2.031062475195357167e-02	5.140297115322468163e-02
6.821256001253949535e+02	3.483480443955745964e-01	2.244785675803472880e-01	1.856981004040216265e-01	1.124270566547971167e-01	5.695953515314606391e-02	2.040822513817217368e-02	5.167715399979798396e-02
6.869633703390502433e+02	3.470804316493458219e-01	2.236910052755981260e-01	1.866488780782747658e-01	1.129515716927149693e-01	5.716635919773674357e-02	2.050598421159241860e-02	5.195245322059397625e-02
6.918011405527055331e+02	3.458202860205156215e-01	2.229078844209399224e-01	1.875913446932269135e-01	1.134730363559935257e-01	5.737147122000171851e-02	2.060389135128379984e-02	5.222876926389537211e-02
6.966389107663608229e+02	3.445675610487430318e-01	2.221291769241660052e-01	1.885256405374322042e-01	1.139914685628077157e-01	5.757489382116529053e-02	2.070193601240866502e-02	5.250600641913385352e-02
7.014766809800161127e+02	3.433222106377097349e-01	2.213548549611602523e-01	1.894519019394546588e-01	1.145068861212184125e-01	5.777664925470887142e-02	2.080010773281995573e-02	5.278407267878484216e-02
7.063144511936714025e+02	3.420841890501621907e-01	2.205848909706387417e-01	1.903702614002562299e-01	1.150193067299960514e-01	5.797675943040686564e-02	2.089839613919348624e-02	5.306287960520305463e-02
7.111522214073266923e+02	3.408534509030721749e-01	2.198192576490507755e-01	1.912808477209611280e-01	1.155287479794339239e-01	5.817524591839987047e-02	2.099679095271690318e-02	5.334234220222183048e-02
7.159899916209819821e+02	3.396299511629106149e-01	2.190579279456338069e-01	1.921837861261596059e-01	1.160352273521513128e-01	5.837212995329974646e-02	2.109528199435643098e-02	5.362237879134506419e-02
7.208277618346371582e+02	3.384136451410320601e-01	2.183008750576173884e-01	1.930791983829100722e-01	1.165387622238868576e-01	5.856743243832131934e-02	2.119385918972177887e-02	5.390291089236712296e-02
7.256655320482924481e+02	3.372044884891662875e-01	2.175480724255705878e-01	1.939672029155912192e-01	1.170393698642821223e-01	5.876117394943588396e-02	2.129251257354857277e-02	5.418386310826193986e-02
7.305033022619478515e+02	3.360024371950136035e-01	2.167994937288881818e-01	1.948479149167520463e-01	1.175370674376558372e-01	5.895337473954182644e-02	2.139123229381701546e-02	5.446516301418804357e-02
7.353410724756030277e+02	3.348074475779413417e-01	2.160551128814108823e-01	1.957214464541009169e-01	1.180318720037688285e-01	5.914405474264797929e-02	2.149000861552456329e-02	5.474674105046202499e-02
7.401788426892584312e+02	3.336194762847775608e-01	2.153149040271750136e-01	1.965879065737705655e-01	1.185238005185798998e-01	5.933323357806560838e-02	2.158883192412973037e-02	5.502853041935815842e-02
7.450166129029136073e+02	3.324384802856999443e-01	2.145788415362873125e-01	1.974474013999910071e-01	1.190128698349929154e-01	5.952093055460511151e-02	2.168769272868339634e-02	5.531046698559685670e-02
7.498543831165690108e+02	3.312644168702168490e-01	2.138469000009202980e-01	1.983000342312974118e-01	1.194990967035952228e-01	5.970716467477372308e-02	2.178658166466328552e-02	5.559248918038985077e-02
7.546921533302243006e+02	3.300972436432372259e-01	2.131190542314246317e-01	1.991459056333952926e-01	1.199824977733874726e-01	5.989195463897079713e-02	2.188548949652662293e-02	5.587453790891457051e-02
7.595299235438793630e+02	3.289369185212279723e-01	2.123952792525540811e-01	1.999851135288017168e-01	1.204630895925053735e-01	6.007531884967738656e-02	2.198440711999530284e-02	5.615655646109476984e-02
7.643676937575347665e+02	3.277833997284544387e-01	2.116755502997994531e-01	2.008177532833761714e-01	1.209408886089331087e-01	6.025727541563707934e-02	2.208332556408739225e-02	5.643849042556895595e-02
7.692054639711900563e+02	3.266366457933035372e-01	2.109598428158276640e-01	2.016439177898509127e-01	1.214159111712089095e-01	6.043784215602513582e-02	2.218223599290804551e-02	5.672028760673239467e-02
7.740432341848452324e+02	3.254966155446855636e-01	2.102481324470226454e-01	2.024636975484672974e-01	1.218881735291227897e-01	6.061703660460326937e-02	2.228112970721248323e-02	5.700189794474255084e-02
7.788810043985006359e+02	3.243632681085131253e-01	2.095403950401245052e-01	2.032771807448199297e-01	1.223576918344066872e-01	6.079487601385757251e-02	2.237999814575303281e-02	5.728327343838178487e-02
7.837187746121558121e+02	3.232365629042548982e-01	2.088366066389635567e-01	2.040844533250071313e-01	1.228244821414170851e-01	6.097137735911712514e-02	2.247883288642178387e-02	5.756436807067505379e-02
7.885565448258112156e+02	3.221164596415619363e-01	2.081367434812862183e-01	2.048855990681833772e-01	1.232885604078103048e-01	6.114655734265111997e-02	2.257762564719989137e-02	5.784513773716378621e-02
7.933943150394665054e+02	3.210029183169645361e-01	2.074407819956694543e-01	2.056806996566046264e-01	1.237499424952106242e-01	6.132043239774244425e-02	2.267636828692403891e-02	5.812554017674095852e-02
7.982320852531219089e+02	3.198958992106370469e-01	2.067486987985211744e-01	2.064698347432556702e-01	1.242086441698713600e-01	6.149301869273569171e-02	2.277505280588012007e-02	5.840553490495560551e-02
8.030698554667769713e+02	3.187953628832301267e-01	2.060604706911632611e-01	2.072530820171441246e-01	1.246646811033290531e-01	6.166433213505792543e-02	2.287367134623384535e-02	5.868508314969834300e-02
8.079076256804323748e+02	3.177012701727666144e-01	2.053760746569948392e-01	2.080305172663439728e-01	1.251180688730507973e-01	6.183438837521042925e-02	2.297221619230736811e-02	5.896414778918267902e-02
8.127453958940876646e+02	3.166135821916009618e-01	2.046954878587327609e-01	2.088022144388672618e-01	1.255688229630750330e-01	6.200320281072992101e-02	2.307067977071087031e-02	5.924269329213998486e-02
8.175831661077428407e+02	3.155322603234390066e-01	2.040186876357271417e-01	2.095682457014409750e-01	1.260169587646456923e-01	6.217079059011779846e-02	2.316905465033735137e-02	5.952068566014884210e-02
8.224209363213982442e+02	3.144572662204175306e-01	2.033456515013492005e-01	2.103286814962626594e-01	1.264624915768401692e-01	6.233716661673606441e-02	2.326733354222878733e-02	5.979809237202243083e-02
8.272587065350534203e+02	3.133885618002410500e-01	2.026763571404489317e-01	2.110835905958058367e-01	1.269054366071907247e-01	6.250234555266874492e-02	2.336550929932123752e-02	6.007488233018029589e-02
8.320964767487085965e+02	3.123261092433747832e-01	2.020107824068804736e-01	2.118330401557440845e-01	1.273458089722999675e-01	6.266634182254765539e-02	2.346357491607627827e-02	6.035102580893356161e-02
8.369342469623640000e+02	3.112698709902920191e-01	2.013489053210930635e-01	2.125770957660594596e-01	1.277836236984500884e-01	6.282916961734143213e-02	2.356152352800567826e-02	6.062649440461512218e-02
8.417720171760191761e+02	3.102198097387741105e-01	2.006907040677848308e-01	2.133158215003997105e-01	1.282188957222063774e-01	6.299084289810702453e-02	2.365934841109608444e-02	6.090126098748874228e-02
8.466097873896745796e+02	3.091758884412624253e-01	2.000361569936181250e-01	2.140492799637453702e-01	1.286516398910147185e-01	6.315137539970264169e-02	2.375704298113997387e-02	6.117529965537364667e-02
8.514475576033297557e+02	3.081380703022600365e-01	1.993852426049938509e-01	2.147775323384460144e-01	1.290818709637934492e-01	6.331078063446145265e-02	2.385460079297904018e-02	6.144858568892311301e-02
8.562853278169851592e+02	3.071063187757818169e-01	1.987379395658829540e-01	2.155006384286835552e-01	1.295096036115195304e-01	6.346907189582540187e-02	2.395201553966571847e-02	6.172109550849795567e-02
8.611230980306403353e+02	3.060805975628523301e-01	1.980942266957134990e-01	2.162186567034170837e-01	1.299348524178092490e-01	6.362626226193836276e-02	2.404928105154842399e-02	6.199280663257795976e-02
8.659608682442956251e+02	3.050608706090496280e-01	1.974540829673107345e-01	2.169316443378628001e-01	1.303576318794934796e-01	6.378236459919825463e-02	2.414639129528575387e-02	6.226369763765629561e-02
8.707986384579510286e+02	3.040471021020932918e-01	1.968174875048896710e-01	2.176396572535604368e-01	1.307779564071875900e-01	6.393739156576749849e-02	2.424334037279462020e-02	6.253374811956384505e-02
8.756364086716062047e+02	3.030392564694769919e-01	1.961844195820972303e-01	2.183427501570757712e-01	1.311958403258560169e-01	6.409135561504140932e-02	2.434012252013717514e-02	6.280293865617241067e-02
8.804741788852616082e+02	3.020372983761424601e-01	1.955548586201030781e-01	2.190409765773867201e-01	1.316112978753719021e-01	6.424426899907430266e-02	2.443673210635098625e-02	6.307125077142759773e-02
8.853119490989170117e+02	3.010411927221956496e-01	1.949287841857373083e-01	2.197343889019993668e-01	1.320243432110712878e-01	6.439614377196276052e-02	2.453316363222684746e-02	6.333866690066380922e-02
8.901497193125721878e+02	3.000509046406623637e-01	1.943061759896735630e-01	2.204230384118384956e-01	1.324349904043027326e-01	6.454699179318598712e-02	2.462941172903833006e-02	6.360517035715555767e-02
8.949874895262273640e+02	2.990663994952831861e-01	1.936870138846561173e-01	2.211069753149549622e-01	1.328432534429717926e-01	6.469682473090296315e-02	2.472547115722699071e-02	6.387074529986100369e-02
8.998252597398827675e+02	2.980876428783466592e-01	1.930712778637693472e-01	2.217862487790918935e-01	1.332491462320806175e-01	6.484565406520635678e-02	2.482133680504694517e-02	6.413537670231521381e-02
9.046630299535379436e+02	2.971146006085593205e-01	1.924589480587485801e-01	2.224609069631490466e-01	1.336526825942629393e-01	6.499349109133284452e-02	2.491700368717240932e-02	6.439905032263187890e-02
9.095008001671932334e+02	2.961472387289519892e-01	1.918500047383305818e-01	2.231309970475844340e-01	1.340538762703142595e-01	6.514034692283005024e-02	2.501246694327151354e-02	6.466175267457424658e-02
9.143385703808486369e+02	2.951855235048209125e-01	1.912444283066426776e-01	2.237965652637896319e-01	1.344527409197175671e-01	6.528623249467983836e-02	2.510772183654961728e-02	6.492347099965678492e-02
9.191763405945038130e+02	2.942294214217037185e-01	1.906421993016294003e-01	2.244576569224751295e-01	1.348492901211644501e-01	6.543115856637803096e-02	2.520276375226516638e-02	6.518419324024113393e-02
9.240141108081592165e+02	2.932788991833880643e-01	1.900432983935149422e-01	2.251143164410999709e-01	1.352435373730716262e-01	6.557513572497079835e-02	2.529758819622096241e-02	6.544390801359060983e-02
9.288518810218145063e+02	2.923339237099533139e-01	1.894477063833009678e-01	2.257665873703790238e-01	1.356354960940933385e-01	6.571817438804740397e-02	2.539219079323360925e-02	6.570260458684923366e-02
9.336896512354697961e+02	2.913944621358436349e-01	1.888554042012982326e-01	2.264145124199001824e-01	1.360251796236291999e-01	6.586028480668973395e-02	2.548656728558367640e-02	6.596027285291225506e-02
9.385274214491247449e+02	2.904604818079719042e-01	1.882663729056908708e-01	2.270581334828821463e-01	1.364126012223278728e-01	6.600147706837865280e-02	2.558071353144909452e-02	6.621690330715632178e-02
9.433651916627801484e+02	2.895319502838540338e-01	1.876805936811328512e-01	2.276974916601031684e-01	1.367977740725865310e-01	6.614176109985725471e-02	2.567462550332408680e-02	6.647248702499887474e-02
9.482029618764355519e+02	2.886088353297723286e-01	1.870980478373749645e-01	2.283326272830291381e-01	1.371807112790462135e-01	6.628114666995132964e-02	2.576829928642583936e-02	6.672701564025698695e-02
9.530407320900908417e+02	2.876911049189674330e-01	1.865187168079218416e-01	2.289635799361691704e-01	1.375614258690829872e-01	6.641964339234719683e-02	2.586173107709099916e-02	6.698048132427721069e-02
9.578785023037459041e+02	2.867787272298584211e-01	1.859425821487178387e-01	2.295903884786852645e-01	1.379399307932952512e-01	6.655726072832710005e-02	2.595491718116398408e-02	6.723287676580899652e-02
9.627162725174014213e+02	2.858716706442898658e-01	1.853696255368609824e-01	2.302130910652823159e-01	1.383162389259869340e-01	6.669400798946251152e-02	2.604785401237895773e-02	6.748419515159526094e-02
9.675540427310568248e+02	2.849699037458056083e-01	1.847998287693440878e-01	2.308317251664028791e-01	1.386903630656469433e-01	6.682989434026560815e-02	2.614053809073723852e-02	6.773443014765442860e-02
9.723918129447120009e+02	2.840733953179482851e-01	1.842331737618222720e-01	2.314463275877513548e-01	1.390623159354245908e-01	6.696492880079905896e-02	2.623296604088179093e-02	6.798357588122941331e-02
9.772295831583674044e+02	2.831821143425841125e-01	1.836696425474059480e-01	2.320569344891706409e-01	1.394321101836013543e-01	6.709912024924467866e-02	2.632513459047038790e-02	6.823162692337970958e-02
9.820673533720223531e+02	2.822960299982523735e-01	1.831092172754785474e-01	2.326635814028933658e-01	1.397997583840587255e-01	6.723247742443108632e-02	2.641704056854890861e-02	6.847857827219383520e-02
9.869051235856777566e+02	2.814151116585388301e-01	1.825518802105383920e-01	2.332663032511900214e-01	1.401652730367426714e-01	6.736500892832079923e-02	2.650868090392615242e-02	6.872442533659996189e-02
9.917428937993331601e+02	2.805393288904730054e-01	1.819976137310636843e-01	2.338651343634340907e-01	1.405286665681240998e-01	6.749672322845708117e-02	2.660005262355150807e-02	6.896916392075337632e-02
9.965806640129884499e+02	2.796686514529477252e-01	1.814464003284001758e-01	2.344601084926050127e-01	1.408899513316559382e-01	6.762762866037091980e-02	2.669115285089666834e-02	6.921279020898042644e-02
