4.208860085880095880e+02	4.263503805791385437e-01	2.749453685117438373e-01	1.305215885519129260e-01	7.826514202649433039e-02	4.239681643532996341e-02	1.476973186117525212e-02	3.275097203403284224e-02
4.353993192289755143e+02	4.212617578546183350e-01	2.716908559337224971e-01	1.342607122013728393e-01	8.046414961298493929e-02	4.335833061747106781e-02	1.505621399417392085e-02	3.390797978548400204e-02
4.499126298699413837e+02	4.162632956666826867e-01	2.684899226357670976e-01	1.379165360030376319e-01	8.262598797029721553e-02	4.429573943513764184e-02	1.534921179342226688e-02	3.505930649548297945e-02
4.644259405109071963e+02	4.113532860881782827e-01	2.653417088064512486e-01	1.414913469669681900e-01	8.475138594533604408e-02	4.521020363605220832e-02	1.564799079589669628e-02	3.620407776094484997e-02
4.789392511518730657e+02	4.065300598043962710e-01	2.622453674844667515e-01	1.449873632713849225e-01	8.684104632659236933e-02	4.610279678132963438e-02	1.595186943976649799e-02	3.734149689189112525e-02
4.934525617928388783e+02	4.017919849011543643e-01	2.592000643878689670e-01	1.484067354168116804e-01	8.889564755393526696e-02	4.697451281063294570e-02	1.626021518760063095e-02	3.847083974182371330e-02
5.079658724338048046e+02	3.971374657071150560e-01	2.562049777472009682e-01	1.517515475257288360e-01	9.091584529773373557e-02	4.782627292037809619e-02	1.657244095599427758e-02	3.959144984567655734e-02
5.224791830747705035e+02	3.925649416873002728e-01	2.532592981420683786e-01	1.550238187596644501e-01	9.290227391722048755e-02	4.865893181879805268e-02	1.688800182570936517e-02	4.070273384906648861e-02
5.369924937157364866e+02	3.880728863849529642e-01	2.503622283407921922e-01	1.582255048291970889e-01	9.485554780726918045e-02	4.947328341565829235e-02	1.720639200872179850e-02	4.180415721323600675e-02
5.515058043567023560e+02	3.836598064090734894e-01	2.475129831428165283e-01	1.613584995754924478e-01	9.677626264207113416e-02	5.027006599897124173e-02	1.752714205065613456e-02	4.289524018074653694e-02
5.660191149976681118e+02	3.793242404651250843e-01	2.447107892235920179e-01	1.644246366047924790e-01	9.866499652356339189e-02	5.104996694613143232e-02	1.784981624898525701e-02	4.397555398763781931e-02
5.805324256386339812e+02	3.750647584265566215e-01	2.419548849816933467e-01	1.674256909597564291e-01	1.005223110418732718e-01	5.181362701243606705e-02	1.817401026909661738e-02	4.504471730841509008e-02
5.950457362795999643e+02	3.708799604449357634e-01	2.392445203879647875e-01	1.703633808137514360e-01	1.023487522545015321e-01	5.256164423592282753e-02	1.849934894189332948e-02	4.610239292085773627e-02
6.095590469205657200e+02	3.667684760966210544e-01	2.365789568365168904e-01	1.732393691761366650e-01	1.041448515904636468e-01	5.329457749380670656e-02	1.882548422802318711e-02	4.714828457825932795e-02
6.240723575615315895e+02	3.627289635640272292e-01	2.339574669974240628e-01	1.760552655983055048e-01	1.059111266851436306e-01	5.401294974249441078e-02	1.915209333512416998e-02	4.818213407730848052e-02
6.385856682024975726e+02	3.587601088496567558e-01	2.313793346709963061e-01	1.788126278717709905e-01	1.076480821511844599e-01	5.471725097016488792e-02	1.947887697565339055e-02	4.920371851040072908e-02
6.530989788434633283e+02	3.548606250211802648e-01	2.288438546435180576e-01	1.815129637109188232e-01	1.093562102903399835e-01	5.540794088819758767e-02	1.980555775393887108e-02	5.021284769173382095e-02
6.676122894844290840e+02	3.510292514859528201e-01	2.263503325443659564e-01	1.841577324142338046e-01	1.110359917508449701e-01	5.608545138527994828e-02	2.013187867206927412e-02	5.120936174708063532e-02
6.821256001253949535e+02	3.472647532934476367e-01	2.238980847044317324e-01	1.867483464988423103e-01	1.126878961345175456e-01	5.675018876580636973e-02	2.045760174512521734e-02	5.219312885765649973e-02
6.966389107663608229e+02	3.435659204641824949e-01	2.214864380157912094e-01	1.892861733041250327e-01	1.143123825574925700e-01	5.740253579217220042e-02	2.078250671706473665e-02	5.316404314899913358e-02
7.111522214073266923e+02	3.399315673437945939e-01	2.191147297925704618e-01	1.917725365609513066e-01	1.159099001681911240e-01	5.804285354874620662e-02	2.110638986931247588e-02	5.412202271626118111e-02
7.256655320482924481e+02	3.363605319810032968e-01	2.167823076329722931e-01	1.942087179237838857e-01	1.174808886258603136e-01	5.867148314365729783e-02	2.142906291477351954e-02	5.506700777777674694e-02
7.401788426892584312e+02	3.328516755282695527e-01	2.144885292824333933e-01	1.965959584635107171e-01	1.190257785427664139e-01	5.928874726303808018e-02	2.175035197060479902e-02	5.599895894920440403e-02
7.546921533302243006e+02	3.294038816640347811e-01	2.122327624978903038e-01	1.989354601193889516e-01	1.205449918928915842e-01	5.989495159101539123e-02	2.207009660363500395e-02	5.691785563097129241e-02
7.692054639711900563e+02	3.260160560354841142e-01	2.100143849131395346e-01	2.012283871089446396e-01	1.220389423897692421e-01	6.049038610751228395e-02	2.238814894283267659e-02	5.782369450214482065e-02
7.837187746121558121e+02	3.226871257208404065e-01	2.078327839052812875e-01	2.034758672950672531e-01	1.235080358358937452e-01	6.107532627481557230e-02	2.270437285368647959e-02	5.871648811424255709e-02
7.982320852531219089e+02	3.194160387102539245e-01	2.056873564622419270e-01	2.056789935098790878e-01	1.249526704459550663e-01	6.165003412285631479e-02	2.301864316978522243e-02	5.959626357885580705e-02
8.127453958940876646e+02	3.162017634044040904e-01	2.035775090513731456e-01	2.078388248352514844e-01	1.263732371459783399e-01	6.221475924223835580e-02	2.333084497727201667e-02	6.046306134330988596e-02
8.272587065350534203e+02	3.130432881299819448e-01	2.015026574891298217e-01	2.099563878400883821e-01	1.277701198502897428e-01	6.276973969322283131e-02	2.364087294820014715e-02	6.131693404891443849e-02
8.417720171760191761e+02	3.099396206712672908e-01	1.994622268118301511e-01	2.120326777747086056e-01	1.291436957180832346e-01	6.331520283812663852e-02	2.394863071914088079e-02	6.215794546667042370e-02
8.562853278169851592e+02	3.068897878170601112e-01	1.974556511475042964e-01	2.140686597228357579e-01	1.304943353912276505e-01	6.385136610391274614e-02	2.425403031168835155e-02	6.298616950559822458e-02
8.707986384579510286e+02	3.038928349222663750e-01	1.954823735888391589e-01	2.160652697118524146e-01	1.318224032148265779e-01	6.437843768113334086e-02	2.455699159177623589e-02	6.380168928913303172e-02
8.853119490989170117e+02	3.009478254834773714e-01	1.935418460672283514e-01	2.180234157820969965e-01	1.331282574419283826e-01	6.489661716482732212e-02	2.485744176496749655e-02	6.460459629530124204e-02
8.998252597398827675e+02	2.980538407279189062e-01	1.916335292279361946e-01	2.199439790160823971e-01	1.344122504236753002e-01	6.540609614246599424e-02	2.515531490510409043e-02	6.539498955664432844e-02
9.143385703808486369e+02	2.952099792151804403e-01	1.897568923063871205e-01	2.218278145285930147e-01	1.356747287860804174e-01	6.590705873358003453e-02	2.545055151390996501e-02	6.617297491609623605e-02
9.288518810218145063e+02	2.924153564511658976e-01	1.879114130055900833e-01	2.236757524186817336e-01	1.369160335945300289e-01	6.639968208528296278e-02	2.574309810932975603e-02	6.693866433524671422e-02
9.433651916627801484e+02	2.896691045137397835e-01	1.860965773747089436e-01	2.254885986846338897e-01	1.381365005070223362e-01	6.688413682752655798e-02	2.603290684055878032e-02	6.769217525163688520e-02
9.578785023037459041e+02	2.869703716895684598e-01	1.843118796887894262e-01	2.272671361030010329e-01	1.393364599170746065e-01	6.736058749157942949e-02	2.631993512787863046e-02	6.843362998193555646e-02
9.723918129447120009e+02	2.843183221216855072e-01	1.825568223296528680e-01	2.290121250728296420e-01	1.405162370871583799e-01	6.782919289490686732e-02	2.660414532555816988e-02	6.916315516803561714e-02
9.869051235856777566e+02	2.817121354673332023e-01	1.808309156679667462e-01	2.307243044262244080e-01	1.416761522734537038e-01	6.829010649534601740e-02	2.688550440621315096e-02	6.988088126328986793e-02
1.001418434226643626e+03	2.791510065656567230e-01	1.791336779465014795e-01	2.324043922063899204e-01	1.428165208426509514e-01	6.874347671721237063e-02	2.716398366514018170e-02	7.058694205627553953e-02
1.015931744867609382e+03	2.766341451148503494e-01	1.774646351645821907e-01	2.340530864142940093e-01	1.439376533814713810e-01	6.918944725173901966e-02	2.743955844325312796e-02	7.128147422963707069e-02
1.030445055508575479e+03	2.741607753583745199e-01	1.758233209637443950e-01	2.356710657250874752e-01	1.450398557995231097e-01	6.962815733403701635e-02	2.771220786735330982e-02	7.196461695170731920e-02
1.044958366149541234e+03	2.717301357798831973e-01	1.742092765146004141e-01	2.372589901754021957e-01	1.461234294260602695e-01	7.005974199857151197e-02	2.798191460655962207e-02	7.263651149874995883e-02
1.059471676790506763e+03	2.693414788065196519e-01	1.726220504049238713e-01	2.388175018226326995e-01	1.471886711011671789e-01	7.048433231497223950e-02	2.824866464381202771e-02	7.329730090579947288e-02
1.073984987431472746e+03	2.669940705202555331e-01	1.710611985289583747e-01	2.403472253772864775e-01	1.482358732618465069e-01	7.090205560583678901e-02	2.851244706144191385e-02	7.394712964420148416e-02
1.088498298072438729e+03	2.646871903769646983e-01	1.695262839779558273e-01	2.418487688094636545e-01	1.492653240234523004e-01	7.131303564803948003e-02	2.877325383987667032e-02	7.458614332407445535e-02
1.103011608713404712e+03	2.624201309329390885e-01	1.680168769319485278e-01	2.433227239305021661e-01	1.502773072568714952e-01	7.171739285892629601e-02	2.903107966861374553e-02	7.521448842002578794e-02
1.117524919354370468e+03	2.601921975785682073e-01	1.665325545527594764e-01	2.447696669507967993e-01	1.512721026618247533e-01	7.211524446865569260e-02	2.928592176866190791e-02	7.583231201856023562e-02
1.132038229995336451e+03	2.580027082789176363e-01	1.650729008782532981e-01	2.461901590147720642e-01	1.522499858366266334e-01	7.250670467983533207e-02	2.953777972570519744e-02	7.643976158571688662e-02
1.146551540636302207e+03	2.558509933209546228e-01	1.636375067178303944e-01	2.475847467139580538e-01	1.532112283447163437e-01	7.289188481550516741e-02	2.978665533329801635e-02	7.703698475356446362e-02
1.161064851277267962e+03	2.537363950671811530e-01	1.622259695491655440e-01	2.489539625790898325e-01	1.541560977782442665e-01	7.327089345642623375e-02	3.003255244544894564e-02	7.762412912427105183e-02
1.175578161918233945e+03	2.516582677154474146e-01	1.608378934161914520e-01	2.502983255521181727e-01	1.550848578189753246e-01	7.364383656855175153e-02	3.027547683799596684e-02	7.820134209054693808e-02
1.190091472559199701e+03	2.496159770647266574e-01	1.594728888283276635e-01	2.516183414389903117e-01	1.559977682967474411e-01	7.401081762148158105e-02	3.051543607821761983e-02	7.876877067133575272e-02
1.204604783200165684e+03	2.476089002866469491e-01	1.581305726609535112e-01	2.529145033440262091e-01	1.568950852457032530e-01	7.437193769863263693e-02	3.075243940216306621e-02	7.932656136170140870e-02
1.219118093841131440e+03	2.456364257025804021e-01	1.568105680571236504e-01	2.541872920866877772e-01	1.577770609584940864e-01	7.472729559979507385e-02	3.098649759921972766e-02	7.987485999592623676e-02
1.233631404482097196e+03	2.436979525661034374e-01	1.555125043305244092e-01	2.554371766015055556e-01	1.586439440386374911e-01	7.507698793668680926e-02	3.121762290347010818e-02	8.041381162289915063e-02
1.248144715123063179e+03	2.417928908506474517e-01	1.542360168696673695e-01	2.566646143218988541e-01	1.594959794511937312e-01	7.542110922206717027e-02	3.144582889141982196e-02	8.094356039293257310e-02
1.262658025764028707e+03	2.399206610421696362e-01	1.529807470433172945e-01	2.578700515485957134e-01	1.603334085719118340e-01	7.575975195292281028e-02	3.167113038570711775e-02	8.146424945520260030e-02
1.277171336404994690e+03	2.380806939366796049e-01	1.517463421071499341e-01	2.590539238033295888e-01	1.611564692349820582e-01	7.609300668819582447e-02	3.189354336443030180e-02	8.197602086505964558e-02
1.291684647045960673e+03	2.362724304424660970e-01	1.505324551116350995e-01	2.602166561684631785e-01	1.619653957795189891e-01	7.642096212148416501e-02	3.211308487575363635e-02	8.247901550050576458e-02
1.306197957686926657e+03	2.344953213868739561e-01	1.493387448111400395e-01	2.613586636131596808e-01	1.627604190948883645e-01	7.674370514910885954e-02	3.232977295747462010e-02	8.297337298718140963e-02
1.320711268327892412e+03	2.327488273274890551e-01	1.481648755742466239e-01	2.624803513066988336e-01	1.635417666649793544e-01	7.706132093390923032e-02	3.254362656125666525e-02	8.345923163124710498e-02
1.335224578968857941e+03	2.310324183675940279e-01	1.470105172952770323e-01	2.635821149195065050e-01	1.643096626115153058e-01	7.737389296509725178e-02	3.275466548125007676e-02	8.393672835958661260e-02
1.349737889609823924e+03	2.293455739757643275e-01	1.458753453070202599e-01	2.646643409124428969e-01	1.650643277364862160e-01	7.768150311447481748e-02	3.296291028684249225e-02	8.440599866679572572e-02
1.364251200250789907e+03	2.276877828094794054e-01	1.447590402946530019e-01	2.657274068148702262e-01	1.658059795637784328e-01	7.798423168929261018e-02	3.316838225929641393e-02	8.486717656845663149e-02
1.378764510891755890e+03	2.260585425426284434e-01	1.436612882108469491e-01	2.667716814919977031e-01	1.665348323800694696e-01	7.828215748200607893e-02	3.337110333204700019e-02	8.532039456023106372e-02
1.393277821532721646e+03	2.244573596967966156e-01	1.425817801920543915e-01	2.677975254019795970e-01	1.672510972750488045e-01	7.857535781716321055e-02	3.357109603444757839e-02	8.576578358233653832e-02
1.407791132173687402e+03	2.228837494762205829e-01	1.415202124759639413e-01	2.688052908432193022e-01	1.679549821810197019e-01	7.886390859563970068e-02	3.376838343876389231e-02	8.620347298899959376e-02
1.422304442814653157e+03	2.213372356063079693e-01	1.404762863201177991e-01	2.697953221923137801e-01	1.686466919119310737e-01	7.914788433641918586e-02	3.396298911023036549e-02	8.663359052250654835e-02
1.436817753455619140e+03	2.198173501756190140e-01	1.394497079216811541e-01	2.707679561330511575e-01	1.693264282018828726e-01	7.942735821610052982e-02	3.415493705999331914e-02	8.705626229149868167e-02
1.451331064096585123e+03	2.183236334812130308e-01	1.384401883383545306e-01	2.717235218768564997e-01	1.699943897431441531e-01	7.970240210629921107e-02	3.434425170077694961e-02	8.747161275318229845e-02
1.465844374737550879e+03	2.168556338772657244e-01	1.374474434104197285e-01	2.726623413750614566e-01	1.706507722237187996e-01	7.997308660909657752e-02	3.453095780511788310e-02	8.787976469914640654e-02
1.480357685378516862e+03	2.154129076268674892e-01	1.364711936839088924e-01	2.735847295233573284e-01	1.712957683644892315e-01	8.023948109067804979e-02	3.471508046602349989e-02	8.828083924450208508e-02
1.494870996019482618e+03	2.139950187569158724e-01	1.355111643348873018e-01	2.744909943587731660e-01	1.719295679559649237e-01	8.050165371329046082e-02	3.489664505991803278e-02	8.867495582007685340e-02
1.509384306660448374e+03	2.126015389160192393e-01	1.345670850948389452e-01	2.753814372495052565e-01	1.725523578946604741e-01	8.075967146563818588e-02	3.507567721174854186e-02	8.906223216741597504e-02
1.523897617301414357e+03	2.112320472353307332e-01	1.336386901771447477e-01	2.762563530779095777e-01	1.731643222191231735e-01	8.101360019182822503e-02	3.525220276213067438e-02	8.944278433635952097e-02
1.538410927942380113e+03	2.098861301922361200e-01	1.327257182046426010e-01	2.771160304169527078e-01	1.737656421456285072e-01	8.126350461896550414e-02	3.542624773642099462e-02	8.981672668498018319e-02
1.552924238583346096e+03	2.085633814768204919e-01	1.318279121382582297e-01	2.779607517004046291e-01	1.743564961035596883e-01	8.150944838349213906e-02	3.559783831560964229e-02	9.018417188168176279e-02
1.567437549224311852e+03	2.072634018610423068e-01	1.309450192066962948e-01	2.787907933870418797e-01	1.749370597704841546e-01	8.175149405635666333e-02	3.576700080893302491e-02	9.054523090927227291e-02
1.581950859865277607e+03	2.059857990705456776e-01	1.300767908371799342e-01	2.796064261191182898e-01	1.755075061069389930e-01	8.198970316709267014e-02	3.593376162811238311e-02	9.090001307083864224e-02
1.596464170506243590e+03	2.047301876590441883e-01	1.292229825872280857e-01	2.804079148753479411e-01	1.760680053909350895e-01	8.222413622688004575e-02	3.609814726312916139e-02	9.124862599726206447e-02
1.610977481147209119e+03	2.034961888852117595e-01	1.283833540774589888e-01	2.811955191186327196e-01	1.766187252521879414e-01	8.245485275065657371e-02	3.626018425945374407e-02	9.159117565622483526e-02
1.625490791788175102e+03	2.022834305920185594e-01	1.275576689254084017e-01	2.819694929387572824e-01	1.771598307060821831e-01	8.268191127834205456e-02	3.641989919664836983e-02	9.192776636256977385e-02
1.640004102429141085e+03	2.010915470884517553e-01	1.267456946803511286e-01	2.827300851902626033e-01	1.776914841873751261e-01	8.290536939523268645e-02	3.657731866826990225e-02	9.225850078988344360e-02
1.654517413070107068e+03	1.999201790335632944e-01	1.259472027591143350e-01	2.834775396257004920e-01	1.782138455836437541e-01	8.312528375161884475e-02	3.673246926300226256e-02	9.258347998318365579e-02
1.669030723711072824e+03	1.987689733227884503e-01	1.251619683828706364e-01	2.842120950244608202e-01	1.787270722684788093e-01	8.334171008167541583e-02	3.688537754695216109e-02	9.290280337260034549e-02
1.683544034352038352e+03	1.976375829764811520e-01	1.243897705149000915e-01	2.849339853173544213e-01	1.792313191344279133e-01	8.355470322167014852e-02	3.703607004704572575e-02	9.321656878794716550e-02
1.698057344993004335e+03	1.965256670306133602e-01	1.236303917993084867e-01	2.856434397071276332e-01	1.797267386256899135e-01	8.376431712753201753e-02	3.718457323546679738e-02	9.352487247408840243e-02
1.712570655633970318e+03	1.954328904295879465e-01	1.228836185006910164e-01	2.863406827850734637e-01	1.802134807705614572e-01	8.397060489181847054e-02	3.733091351508119327e-02	9.382780910701304933e-02
1.727083966274936301e+03	1.943589239211158393e-01	1.221492404447291763e-01	2.870259346438993608e-01	1.806916932136359566e-01	8.417361876011751620e-02	3.747511720579426581e-02	9.412547181053451673e-02
1.741597276915902057e+03	1.933034439531097493e-01	1.214270509597094039e-01	2.876994109870023020e-01	1.811615212477551140e-01	8.437341014691794594e-02	3.761721053179185176e-02	9.441795217354027880e-02
1.756110587556867813e+03	1.922661325725485149e-01	1.207168468189516175e-01	2.883613232342961408e-01	1.816231078457125614e-01	8.457002965097866476e-02	3.775721960961752471e-02	9.470534026772167713e-02
1.770623898197833569e+03	1.912466773262671837e-01	1.200184281841361333e-01	2.890118786247279914e-01	1.820765936917086436e-01	8.476352707022551114e-02	3.789517043704174193e-02	9.498772466571941964e-02
1.785137208838799552e+03	1.902447711636297001e-01	1.193315985495173592e-01	2.896512803156163773e-01	1.825221172125552904e-01	8.495395141620225299e-02	3.803108888268053045e-02	9.526519245962519755e-02
1.799650519479765535e+03	1.892601123410416752e-01	1.186561646870123166e-01	2.902797274789347126e-01	1.829598146086292565e-01	8.514135092810021233e-02	3.816500067632409843e-02	9.553782927978439476e-02
1.814163830120731291e+03	1.882924043282632742e-01	1.179919365921529850e-01	2.908974153946613517e-01	1.833898198845727856e-01	8.532577308638934765e-02	3.829693139993749218e-02	9.580571931384936069e-02
1.828677140761696819e+03	1.873413557164816945e-01	1.173387274308904105e-01	2.915045355413091177e-01	1.838122648797391179e-01	8.550726462607213807e-02	3.842690647929764697e-02	9.606894532603640902e-02
1.843190451402663257e+03	1.864066801281052399e-01	1.166963534872394737e-01	2.921012756837438329e-01	1.842272792983814522e-01	8.568587154957960084e-02	3.855495117623301132e-02	9.632758867654384050e-02
1.857703762043628785e+03	1.854880961282418250e-01	1.160646341117527736e-01	2.926878199583953233e-01	1.846349907395834211e-01	8.586163913932802483e-02	3.868109058143376355e-02	9.658172934109135466e-02
1.872217072684594768e+03	1.845853271378249949e-01	1.154433916708121760e-01	2.932643489559605965e-01	1.850355247269286352e-01	8.603461196995319804e-02	3.880534960780227666e-02	9.683144593054464344e-02
1.886730383325560297e+03	1.836981013483530989e-01	1.148324514967270643e-01	2.938310398016935054e-01	1.854290047379076045e-01	8.620483392023818581e-02	3.892775298431500747e-02	9.707681571059202652e-02
1.901243693966526507e+03	1.828261516382061469e-01	1.142316418386277316e-01	2.943880662333723808e-01	1.858155522330599829e-01	8.637234818474898157e-02	3.904832525036879692e-02	9.731791462144245841e-02
1.915757004607492036e+03	1.819692154905083181e-01	1.136407938141430901e-01	2.949355986770301197e-01	1.861952866848499422e-01	8.653719728519218557e-02	3.916709075058550510e-02	9.755481729751731834e-02
1.930270315248458019e+03	1.811270349125024826e-01	1.130597413618513181e-01	2.954738043205319964e-01	1.865683256062725948e-01	8.669942308150707655e-02	3.928407363005072261e-02	9.778759708711028120e-02
1.944783625889424002e+03	1.802993563564060098e-01	1.124883211944929379e-01	2.960028471850777998e-01	1.869347845791900220e-01	8.685906678270413628e-02	3.939929782996324376e-02	9.801632607199226022e-02
1.959296936530389530e+03	1.794859306417165845e-01	1.119263727529349051e-01	2.965228881947057360e-01	1.872947772823943813e-01	8.701616895746130953e-02	3.951278708367332582e-02	9.824107508694010504e-02
1.973810247171355968e+03	1.786865128789386636e-01	1.113737381608753962e-01	2.970340852438684287e-01	1.876484155193970382e-01	8.717076954448793602e-02	3.962456491308891798e-02	9.846191373917002887e-02
1.988323557812321269e+03	1.779008623947007650e-01	1.108302621802783744e-01	2.975365932631515165e-01	1.879958092459413088e-01	8.732290786266644345e-02	3.973465462542993820e-02	9.867891042765811194e-02
2.002836868453287707e+03	1.771287426582358049e-01	1.102957921675272873e-01	2.980305642832004054e-01	1.883370665972380342e-01	8.747262262098061403e-02	3.984307931031189770e-02	9.889213236233240778e-02
2.017350179094252780e+03	1.763699212091965896e-01	1.097701780302875046e-01	2.985161474969182938e-01	1.886722939149218792e-01	8.761995192823900103e-02	3.994986183714107492e-02	9.910164558312219152e-02
2.031863489735218764e+03	1.756241695867792330e-01	1.092532721850671268e-01	2.989934893199954757e-01	1.890015957737275210e-01	8.776493330260126680e-02	4.005502485280422464e-02	9.930751497885173529e-02
2.046376800376184747e+03	1.748912632601288819e-01	1.087449295154657297e-01	2.994627334498290439e-01	1.893250750078841749e-01	8.790760368091504739e-02	4.015859077963680052e-02	9.950980430596695347e-02
2.060890111017150957e+03	1.741709815600013533e-01	1.082450073311009564e-01	2.999240209228871690e-01	1.896428327372276790e-01	8.804799942787018552e-02	4.026058181365445299e-02	9.970857620708485636e-02
2.075403421658116713e+03	1.734631076116563697e-01	1.077533653272027547e-01	3.003774901705718037e-01	1.899549683930289168e-01	8.818615634497681266e-02	4.036101992303330749e-02	9.990389222935661118e-02
2.089916732299082469e+03	1.727674282689575236e-01	1.072698655448654781e-01	3.008232770736303796e-01	1.902615797435381895e-01	8.832210967937351165e-02	4.045992684682529761e-02	1.000958128426361476e-01
2.104430042940048224e+03	1.720837340496554901e-01	1.067943723319476623e-01	3.012615150151651267e-01	1.905627629192443995e-01	8.845589413247126331e-02	4.055732409389543186e-02	1.002843974574471608e-01
2.118943353581013525e+03	1.714118190718309231e-01	1.063267523046099866e-01	3.016923349322869763e-01	1.908586124378489901e-01	8.858754386843850637e-02	4.065323294206868443e-02	1.004697044427424191e-01
2.133456664221980191e+03	1.707514809914749687e-01	1.058668743094816622e-01	3.021158653664589022e-01	1.911492212289538084e-01	8.871709252253263955e-02	4.074767443747462359e-02	1.006517911434498952e-01
2.147969974862945492e+03	1.701025209411845540e-01	1.054146093864455763e-01	3.025322325125710532e-01	1.914346806584630856e-01	8.884457320928237922e-02	4.084066939407866165e-02	1.008307138978011275e-01
2.162483285503912157e+03	1.694647434699512456e-01	1.049698307320329344e-01	3.029415602667899221e-01	1.917150805526991741e-01	8.897001853052592668e-02	4.093223839338930997e-02	1.010065280544379801e-01
2.176996596144877003e+03	1.688379564840225833e-01	1.045324136634179502e-01	3.033439702732195209e-01	1.919905092222320420e-01	8.909346058330887275e-02	4.102240178433123885e-02	1.011792879892942920e-01
2.191509906785843214e+03	1.682219711888150449e-01	1.041022355830034107e-01	3.037395819694145294e-01	1.922610534854227726e-01	8.921493096764597508e-02	4.111117968327464983e-02	1.013490471222500688e-01
2.206023217426809424e+03	1.676166020318588246e-01	1.036791759435879701e-01	3.041285126307798348e-01	1.925267986916814333e-01	8.933446079415077734e-02	4.119859197421176650e-02	1.015158579335558309e-01
2.220536528067775180e+03	1.670216666467541911e-01	1.032631162141061931e-01	3.045108774138929331e-01	1.927878287444394212e-01	8.945208069153640085e-02	4.128465830907181860e-02	1.016797719800254796e-01
2.235049838708740936e+03	1.664369857981207457e-01	1.028539398459324961e-01	3.048867893987816102e-01	1.930442261238373147e-01	8.956782081399114470e-02	4.136939810816629010e-02	1.018408399109968360e-01
2.249563149349706237e+03	1.658623833275205128e-01	1.024515322397401423e-01	3.052563596301904325e-01	1.932960719091282586e-01	8.968171084843201690e-02	4.145283056075654143e-02	1.019991114840585883e-01
2.264076459990672902e+03	1.652976861003362941e-01	1.020557807129066769e-01	3.056196971578656885e-01	1.935434458007981862e-01	8.979378002163933281e-02	4.153497462573648574e-02	1.021546355805438427e-01
2.278589770631638203e+03	1.647427239535875221e-01	1.016665744674571936e-01	3.059769090758900356e-01	1.937864261424036560e-01	8.990405710727528144e-02	4.161584903242309535e-02	1.023074602207897782e-01
2.293103081272604413e+03	1.641973296446660735e-01	1.012838045585370966e-01	3.063281005610939967e-01	1.940250899421279152e-01	9.001257043278926284e-02	4.169547228144815376e-02	1.024576325791640569e-01
2.307616391913570169e+03	1.636613388009744430e-01	1.009073638634059439e-01	3.066733749105735041e-01	1.942595128940567684e-01	9.011934788621256409e-02	4.177386264574483449e-02	1.026051989988584490e-01
2.322129702554535925e+03	1.631345898704497921e-01	1.005371470509441589e-01	3.070128335783385842e-01	1.944897693991752829e-01	9.022441692284501047e-02	4.185103817162300760e-02	1.027502050064505873e-01
2.336643013195502135e+03	1.626169240729573862e-01	1.001730505516644915e-01	3.073465762111197153e-01	1.947159325860864376e-01	9.032780457183597900e-02	4.192701667992749376e-02	1.028926953262349342e-01
2.351156323836467891e+03	1.621081853525367655e-01	9.981497252822030264e-02	3.076747006833557840e-01	1.949380743314533537e-01	9.042953744266199467e-02	4.200181576727390204e-02	1.030327138943243209e-01
2.365669634477433647e+03	1.616082203304856635e-01	9.946281284640268172e-02	3.079973031313880116e-01	1.951562652801665521e-01	9.052964173150321314e-02	4.207545280735671550e-02	1.031703038725236277e-01
2.380182945118399402e+03	1.611168782592656279e-01	9.911647304661873326e-02	3.083144779868817742e-01	1.953705748652375951e-01	9.062814322752077434e-02	4.214794495232473265e-02	1.033055076619772139e-01
2.394696255759364703e+03	1.606340109772143032e-01	9.877585631584313852e-02	3.086263180094993563e-01	1.955810713274210855e-01	9.072506731903730304e-02	4.221930913421917397e-02	1.034383669165921255e-01
2.409209566400331823e+03	1.601594728640496623e-01	9.844086746003571919e-02	3.089329143188436211e-01	1.957878217345664362e-01	9.082043899962212452e-02	4.228956206646997812e-02	1.035689225562389237e-01
2.423722877041296670e+03	1.596931207971516442e-01	9.811141287701737046e-02	3.092343564256942456e-01	1.959908920007013278e-01	9.091428287408340192e-02	4.235872024544606179e-02	1.036972147797324412e-01
2.438236187682262880e+03	1.592348141086069868e-01	9.778740052979689734e-02	3.095307322625548418e-01	1.961903469048489335e-01	9.100662316436881893e-02	4.242679995205546339e-02	1.038232830775945303e-01
2.452749498323228636e+03	1.587844145430032938e-01	9.746873992034184309e-02	3.098221282135314447e-01	1.963862501095803847e-01	9.109748371537648715e-02	4.249381725339160948e-02	1.039471662446014577e-01
2.467262808964194392e+03	1.583417862159586242e-01	9.715534206378571846e-02	3.101086291435595776e-01	1.965786641793047518e-01	9.118688800067785427e-02	4.255978800442203336e-02	1.040689023921180234e-01
2.481776119605160602e+03	1.579067955733733375e-01	9.684711946306502617e-02	3.103903184269977134e-01	1.967676505982988988e-01	9.127485912815430646e-02	4.262472784971613887e-02	1.041885289602212106e-01
2.496289430246126358e+03	1.574793113513912601e-01	9.654398608397878057e-02	3.106672779756048941e-01	1.969532697884785188e-01	9.136141984554867201e-02	4.268865222520863006e-02	1.043060827296158621e-01
2.510802740887092114e+03	1.570592045370569345e-01	9.624585733066395865e-02	3.109395882659181654e-01	1.971355811269133451e-01	9.144659254593351383e-02	4.275157635999561612e-02	1.044215998333450635e-01
2.525316051528057415e+03	1.566463483296566817e-01	9.595265002147986000e-02	3.112073283660463652e-01	1.973146429630881771e-01	9.153039927309736257e-02	4.281351527816038005e-02	1.045351157682977705e-01
2.539829362169024080e+03	1.562406181027310714e-01	9.566428236529499196e-02	3.114705759618948688e-01	1.974905126359123853e-01	9.161286172685051410e-02	4.287448380062604952e-02	1.046466654065166674e-01
2.554342672809989381e+03	1.558418913667468653e-01	9.538067393816990203e-02	3.117294073828372758e-01	1.976632464904796715e-01	9.169400126825162645e-02	4.293449654703242191e-02	1.047562830063087924e-01
2.568855983450955591e+03	1.554500477324160523e-01	9.510174566042915723e-02	3.119838976268474173e-01	1.978328998945809991e-01	9.177383892475642069e-02	4.299356793763453588e-02	1.048640022231619451e-01
2.583369294091921347e+03	1.550649688746512378e-01	9.482741977411673906e-02	3.122341203851060065e-01	1.979995272549727459e-01	9.185239539528990138e-02	4.305171219522055392e-02	1.049698561204693986e-01
2.597882604732887103e+03	1.546865384971451707e-01	9.455761982082805384e-02	3.124801480660949760e-01	1.981631820334023852e-01	9.192969105524316509e-02	4.310894334704667291e-02	1.050738771800660970e-01
2.612395915373853313e+03	1.543146422975637255e-01	9.429227061991263259e-02	3.127220518191938248e-01	1.983239167623944144e-01	9.200574596139615702e-02	4.316527522678691858e-02	1.051760973125788062e-01
2.626909226014819069e+03	1.539491679333413743e-01	9.403129824704144213e-02	3.129599015577881893e-01	1.984817830607987499e-01	9.208057985676754154e-02	4.322072147649583251e-02	1.052765478675933564e-01
2.641422536655784825e+03	1.535900049880679352e-01	9.377463001313285362e-02	3.131937659819051811e-01	1.986368316491041452e-01	9.215421217539264409e-02	4.327529554858205313e-02	1.053752596436416528e-01
2.655935847296750580e+03	1.532370449384569955e-01	9.352219444363125966e-02	3.134237126003858176e-01	1.987891123645191549e-01	9.222666204703090786e-02	4.332901070779106995e-02	1.054722628980113153e-01
2.670449157937716336e+03	1.528901811218845719e-01	9.327392125813271928e-02	3.136498077526063688e-01	1.989386741758231714e-01	9.229794830180368392e-02	4.338188003319527059e-02	1.055675873563807210e-01
2.684962468578682547e+03	1.525493087044888507e-01	9.302974135035173286e-02	3.138721166297601117e-01	1.990855651979899776e-01	9.236808947476357612e-02	4.343391642018983034e-02	1.056612622222824066e-01
2.699475779219648302e+03	1.522143246498204316e-01	9.278958676842374853e-02	3.140907032957093725e-01	1.992298327065865349e-01	9.243710381039631219e-02	4.348513258249270264e-02	1.057533161863974530e-01
2.713989089860614058e+03	1.518851276880335555e-01	9.255339069553762676e-02	3.143056307074185707e-01	1.993715231519492814e-01	9.250500926705622351e-02	4.353554105414746134e-02	1.058437774356838085e-01
2.728502400501579814e+03	1.515616182856090455e-01	9.232108743089284530e-02	3.145169607349790342e-01	1.995106821731409408e-01	9.257182352133619396e-02	4.358515419152741988e-02	1.059326736623410481e-01
2.743015711142545115e+03	1.512436986155988594e-01	9.209261237097596253e-02	3.147247541812341898e-01	1.996473546116898368e-01	9.263756397237331297e-02	4.363398417533979889e-02	1.060200320726145951e-01
2.757529021783511780e+03	1.509312725283837864e-01	9.186790199115102418e-02	3.149290708010151207e-01	1.997815845251149913e-01	9.270224774609087115e-02	4.368204301262879063e-02	1.061058793954420126e-01
2.772042332424477081e+03	1.506242455229348520e-01	9.164689382755884794e-02	3.151299693199959284e-01	1.999134152002389753e-01	9.276589169937791979e-02	4.372934253877620164e-02	1.061902418909438373e-01
2.786555643065443292e+03	1.503225247185697167e-01	9.142952645931999578e-02	3.153275074531776689e-01	2.000428891662913988e-01	9.282851242420711579e-02	4.377589441949870930e-02	1.062731453587620056e-01
2.801068953706408593e+03	1.500260188271951289e-01	9.121573949103638224e-02	3.155217419230086917e-01	2.001700482078056509e-01	9.289012625169189297e-02	4.382171015284064969e-02	1.063546151462481937e-01
2.815582264347374803e+03	1.497346381260274140e-01	9.100547353558660624e-02	3.157127284771514275e-01	2.002949333773114127e-01	9.295074925608369509e-02	4.386680107116131683e-02	1.064346761565047456e-01
2.830095574988341014e+03	1.494482944307820027e-01	9.079867019721009347e-02	3.159005219059020098e-01	2.004175850078254162e-01	9.301039725871031172e-02	4.391117834311596829e-02	1.065133528562808712e-01
2.844608885629306769e+03	1.491669010693242869e-01	9.059527205487537260e-02	3.160851760592717774e-01	2.005380427251431952e-01	9.306908583185599659e-02	4.395485297562955890e-02	1.065906692837264996e-01
2.859122196270272525e+03	1.488903728557733064e-01	9.039522264592757261e-02	3.162667438637382089e-01	2.006563454599343821e-01	9.312683030258434025e-02	4.399783581586250852e-02	1.066666490560063546e-01
2.873635506911238281e+03	1.486186260650507462e-01	9.019846645001063090e-02	3.164452773386720597e-01	2.007725314596441046e-01	9.318364575650475712e-02	4.404013755316760897e-02	1.067413153767767658e-01
2.888148817552204036e+03	1.483515784078671407e-01	9.000494887325963256e-02	3.166208276124489185e-01	2.008866383002027856e-01	9.323954704148307293e-02	4.408176872103753557e-02	1.068146910435275737e-01
2.902662128193170247e+03	1.480891490061378157e-01	8.981461623275877049e-02	3.167934449382515116e-01	2.009987028975474821e-01	9.329454877129750301e-02	4.412273969904209614e-02	1.068867984547915012e-01
2.917175438834136003e+03	1.478312583688211057e-01	8.962741574126033284e-02	3.169631787095699704e-01	2.011087615189565692e-01	9.334866532924038229e-02	4.416306071475477324e-02	1.069576596172235883e-01
2.931688749475101758e+03	1.475778283681713765e-01	8.944329549216084585e-02	3.171300774754063356e-01	2.012168497942010137e-01	9.340191087166661854e-02	4.420274184566784503e-02	1.070272961525527006e-01
2.946202060116067514e+03	1.473287822163995564e-01	8.926220444472932058e-02	3.172941889551909034e-01	2.013230027265139888e-01	9.345429933148965973e-02	4.424179302109563366e-02	1.070957293044076247e-01
2.960715370757033725e+03	1.470840444427344573e-01	8.908409240958421738e-02	3.174555600534150757e-01	2.014272547033821859e-01	9.350584442162555854e-02	4.428022402406532609e-02	1.071629799450199150e-01
2.975228681397999480e+03	1.468435408708774759e-01	8.890891003441439566e-02	3.176142368739877098e-01	2.015296395071604629e-01	9.355655963838598044e-02	4.431804449319489553e-02	1.072290685818057809e-01
2.989741992038964781e+03	1.466071985968440683e-01	8.873660878994017731e-02	3.177702647343215725e-01	2.016301903255129924e-01	9.360645826482090481e-02	4.435526392455769323e-02	1.072940153638292232e-01
3.004255302679930992e+03	1.463749459671853104e-01	8.856714095611055437e-02	3.179236881791545621e-01	2.017289397616827962e-01	9.365555337401168523e-02	4.439189167353334298e-02	1.073578400881484152e-01
3.018768613320896748e+03	1.461467125575826587e-01	8.840045960853248896e-02	3.180745509941118043e-01	2.018259198445925273e-01	9.370385783231506560e-02	4.442793695664449399e-02	1.074205622060476345e-01
3.033281923961862958e+03	1.459224291518100569e-01	8.823651860512844725e-02	3.182228962190143395e-01	2.019211620387787731e-01	9.375138430255910982e-02	4.446340885337911331e-02	1.074822008291567710e-01
3.047795234602828714e+03	1.457020277210563097e-01	8.807527257301846213e-02	3.183687661609399533e-01	2.020146972541620733e-01	9.379814524719143343e-02	4.449831630799807453e-02	1.075427747354603669e-01
3.062308545243794470e+03	1.454854414036017840e-01	8.791667689562274179e-02	3.185122024070403124e-01	2.021065558556552899e-01	9.384415293138061165e-02	4.453266813132759211e-02	1.076023023751983831e-01
3.076821855884760225e+03	1.452726044848435261e-01	8.776068769998135455e-02	3.186532458371209020e-01	2.021967676726126872e-01	9.388941942607136049e-02	4.456647300253637617e-02	1.076608018766604946e-01
3.091335166525725526e+03	1.450634523776625218e-01	8.760726184428718755e-02	3.187919366359878715e-01	2.022853620081218329e-01	9.393395661099410154e-02	4.459973947089723723e-02	1.077182910518759695e-01
3.105848477166692192e+03	1.448579216031271044e-01	8.745635690562869602e-02	3.189283143055666181e-01	2.023723676481408718e-01	9.397777617762964608e-02	4.463247595753279395e-02	1.077747874022010610e-01
3.120361787807657493e+03	1.446559497715268483e-01	8.730793116793893194e-02	3.190624176767972164e-01	2.024578128704832281e-01	9.402088963212951178e-02	4.466469075714533249e-02	1.078303081238056738e-01
3.134875098448624158e+03	1.444574755637314245e-01	8.716194361014721614e-02	3.191942849213115219e-01	2.025417254536524270e-01	9.406330829819259387e-02	4.469639203973035935e-02	1.078848701130612764e-01
3.149388409089589004e+03	1.442624387128682850e-01	8.701835389453038694e-02	3.193239535628951131e-01	2.026241326855285907e-01	9.410504331989885674e-02	4.472758785227386874e-02	1.079384899718317387e-01
3.163901719730555214e+03	1.440707799863142347e-01	8.687712235525990589e-02	3.194514604887402909e-01	2.027050613719096617e-01	9.414610566450046236e-02	4.475828612043319249e-02	1.079911840126690920e-01
3.178415030371521425e+03	1.438824411679950899e-01	8.673820998714179553e-02	3.195768419604929633e-01	2.027845378449089353e-01	9.418650612517111276e-02	4.478849465020114107e-02	1.080429682639157396e-01
3.192928341012487181e+03	1.436973650409884007e-01	8.660157843454606430e-02	3.197001336250984149e-01	2.028625879712112889e-01	9.422625532371417534e-02	4.481822112955352599e-02	1.080938584747149350e-01
3.207441651653452936e+03	1.435154953704236569e-01	8.646718998052238536e-02	3.198213705254493999e-01	2.029392371601903000e-01	9.426536371323003538e-02	4.484747313007982766e-02	1.081438701199311930e-01
3.221954962294418237e+03	1.433367768866753156e-01	8.633500753609897604e-02	3.199405871108411126e-01	2.030145103718884458e-01	9.430384158074349432e-02	4.487625810859705022e-02	1.081930184049823551e-01
3.236468272935384903e+03	1.431611552688432099e-01	8.620499462976170812e-02	3.200578172472365313e-01	2.030884321248623836e-01	9.434169904979150534e-02	4.490458340874655535e-02	1.082413182705848353e-01
3.250981583576350204e+03	1.429885771285155649e-01	8.607711539711009052e-02	3.201730942273460778e-01	2.031610265038952812e-01	9.437894608297207888e-02	4.493245626257397207e-02	1.082887843974136427e-01
3.265494894217316414e+03	1.428189899938097640e-01	8.595133457068740435e-02	3.202864507805252003e-01	2.032323171675786411e-01	9.441559248445469121e-02	4.495988379209207852e-02	1.083354312106789286e-01
3.280008204858282170e+03	1.426523422936860352e-01	8.582761746998211760e-02	3.203979190824935430e-01	2.033023273557652277e-01	9.445164790245283437e-02	4.498687301082661405e-02	1.083812728846202944e-01
3.294521515499247926e+03	1.424885833425294235e-01	8.570592999159741543e-02	3.205075307648793115e-01	2.033710798968955125e-01	9.448712183165933198e-02	4.501343082534502854e-02	1.084263233469206639e-01
3.309034826140214136e+03	1.423276633249955236e-01	8.558623859958629232e-02	3.206153169245916090e-01	2.034385972151991628e-01	9.452202361564482347e-02	4.503956403676821069e-02	1.084705962830410653e-01
3.323548136781179892e+03	1.421695332811149515e-01	8.546851031594922266e-02	3.207213081330257398e-01	2.035049013377741578e-01	9.455636244921988842e-02	4.506527934226510490e-02	1.085141051404776152e-01
3.338061447422145648e+03	1.420141450916530268e-01	8.535271271129184212e-02	3.208255344451025337e-01	2.035700139015448051e-01	9.459014738076156059e-02	4.509058333653033490e-02	1.085568631329425632e-01
3.352574758063111403e+03	1.418614514637193125e-01	8.523881389563973954e-02	3.209280254081466888e-01	2.036339561601011316e-01	9.462338731450463392e-02	4.511548251324480618e-02	1.085988832444703123e-01
3.367088068704076704e+03	1.417114059166234563e-01	8.512678250940797220e-02	3.210288100706065739e-01	2.036967489904211448e-01	9.465609101279802429e-02	4.513998326651934290e-02	1.086401782334501520e-01
3.381601379345043824e+03	1.415639627679725066e-01	8.501658771452239027e-02	3.211279169906183228e-01	2.037584128994780752e-01	9.468826709832715849e-02	4.516409189232135218e-02	1.086807606365867984e-01
3.396114689986008671e+03	1.414190771200061481e-01	8.490819918569052216e-02	3.212253742444179938e-01	2.038189680307344875e-01	9.471992405630248746e-02	4.518781458988468946e-02	1.087206427727902963e-01
3.410628000626974881e+03	1.412767048461653629e-01	8.480158710181925907e-02	3.213212094346035719e-01	2.038784341705246750e-01	9.475107023661473449e-02	4.521115746310262057e-02	1.087598367469963662e-01
3.425141311267940637e+03	1.411368025778906854e-01	8.469672213757695189e-02	3.214154496982510323e-01	2.039368307543277248e-01	9.478171385595743348e-02	4.523412652190408195e-02	1.087983544539185971e-01
3.439654621908906392e+03	1.409993276916461369e-01	8.459357545509760268e-02	3.215081217148860748e-01	2.039941768729326421e-01	9.481186299991715971e-02	4.525672768361323900e-02	1.088362075817337210e-01
3.454167932549872603e+03	1.408642382961646233e-01	8.449211869582447243e-02	3.215992517143146934e-01	2.040504912784972813e-01	9.484152562503185557e-02	4.527896677429243955e-02	1.088734076157011621e-01
3.468681243190838359e+03	1.407314932199117685e-01	8.439232397249102346e-02	3.216888654843161333e-01	2.041057923905029436e-01	9.487070956081787576e-02	4.530084953006866672e-02	1.089099658417180955e-01
3.483194553831804114e+03	1.406010519987635488e-01	8.429416386123683713e-02	3.217769883781989582e-01	2.041600983016064741e-01	9.489942251176600174e-02	4.532238159844351882e-02	1.089458933498111404e-01
3.497707864472769415e+03	1.404728748638947589e-01	8.419761139385600890e-02	3.218636453222247784e-01	2.042134267833910499e-01	9.492767205930709162e-02	4.534356853958689676e-02	1.089812010375659085e-01
3.512221175113736081e+03	1.403469227298742295e-01	8.410264005017609179e-02	3.219488608229006954e-01	2.042657952920179099e-01	9.495546566374761521e-02	4.536441582761439884e-02	1.090158996134955732e-01
3.526734485754701382e+03	1.402231571829635759e-01	8.400922375056513181e-02	3.220326589741437373e-01	2.043172209737803002e-01	9.498281066617567103e-02	4.538492885184861048e-02	1.090499996003494454e-01
3.541247796395667592e+03	1.401015404696158984e-01	8.391733684856483855e-02	3.221150634643195620e-01	2.043677206705612481e-01	9.500971429033774895e-02	4.540511291806438587e-02	1.090835113383627347e-01
3.555761107036633348e+03	1.399820354851709081e-01	8.382695412364768450e-02	3.221960975831573148e-01	2.044173109251969933e-01	9.503618364448677969e-02	4.542497324971815631e-02	1.091164449884486215e-01
3.570274417677599104e+03	1.398646057627432326e-01	8.373805077409565700e-02	3.222757842285434160e-01	2.044660079867471336e-01	9.506222572320192910e-02	4.544451498916143167e-02	1.091488105353335958e-01
3.584787728318565314e+03	1.397492154623005134e-01	8.365060240999895591e-02	3.223541459131968323e-01	2.045138278156738987e-01	9.508784740918038714e-02	4.546374319883867560e-02	1.091806177906371189e-01
3.599301038959531070e+03	1.396358293599282985e-01	8.356458504637236107e-02	3.224312047712267204e-01	2.045607860889311069e-01	9.511305547500167878e-02	4.548266286246954032e-02	1.092118763958966621e-01
3.613814349600496826e+03	1.395244128372780112e-01	8.347997509638735436e-02	3.225069825645763832e-01	2.046068982049648599e-01	9.513785658486492713e-02	4.550127888621569028e-02	1.092425958255391211e-01
3.628327660241463036e+03	1.394149318711954411e-01	8.339674936471805355e-02	3.225815006893543169e-01	2.046521792886274171e-01	9.516225729629940178e-02	4.551959609983228378e-02	1.092727853897994261e-01
3.642840970882427882e+03	1.393073530235264812e-01	8.331488504099902881e-02	3.226547801820547345e-01	2.046966441960054728e-01	9.518626406184867161e-02	4.553761925780429320e-02	1.093024542375876373e-01
3.657354281523394548e+03	1.392016434310967277e-01	8.323435969339314233e-02	3.227268417256702326e-01	2.047403075191645272e-01	9.520988323072890336e-02	4.555535304046769846e-02	1.093316113593050531e-01
3.671867592164359849e+03	1.390977707958625798e-01	8.315515126226744047e-02	3.227977056556976532e-01	2.047831835908105191e-01	9.523312105046165266e-02	4.557280205511585192e-02	1.093602655896105807e-01
3.686380902805326514e+03	1.389957033752303173e-01	8.307723805397541905e-02	3.228673919660396407e-01	2.048252864888704117e-01	9.525598366848139764e-02	4.558997083709091791e-02	1.093884256101381597e-01
3.700894213446291815e+03	1.388954099725408509e-01	8.300059873474380234e-02	3.229359203148038371e-01	2.048666300409926477e-01	9.527847713371832838e-02	4.560686385086073352e-02	1.094160999521660294e-01
3.715407524087257570e+03	1.387968599277167592e-01	8.292521232466207315e-02	3.230033100300013782e-01	2.049072278289693072e-01	9.530060739815669757e-02	4.562348549108113938e-02	1.094432969992388954e-01
3.729920834728223781e+03	1.387000231080694201e-01	8.285105819177296382e-02	3.230695801151461932e-01	2.049470931930809925e-01	9.532238031836910708e-02	4.563984008364387057e-02	1.094700249897437166e-01
3.744434145369189537e+03	1.386048698992628503e-01	8.277811604626235387e-02	3.231347492547579359e-01	2.049862392363659136e-01	9.534380165702704968e-02	4.565593188671022290e-02	1.094962920194399308e-01
3.758947456010155292e+03	1.385113711964321981e-01	8.270636593474667286e-02	3.231988358197693811e-01	2.050246788288141164e-01	9.536487708438812216e-02	4.567176509173064697e-02	1.095221060439451194e-01
3.773460766651120593e+03	1.384194983954538383e-01	8.263578823465644874e-02	3.232618578728400083e-01	2.050624246114887417e-01	9.538561217976018747e-02	4.568734382445033965e-02	1.095474748811767068e-01
3.787974077292087259e+03	1.383292233843645136e-01	8.256636364871407230e-02	3.233238331735783233e-01	2.050994890005748417e-01	9.540601243294291600e-02	4.570267214590095772e-02	1.095724062137506255e-01
3.802487387933053014e+03	1.382405185349274701e-01	8.249807319950441808e-02	3.233847791836733654e-01	2.051358841913576425e-01	9.542608324564694211e-02	4.571775405337874520e-02	1.095969075913376389e-01
3.817000698574018315e+03	1.381533566943422553e-01	8.243089822413660062e-02	3.234447130719382280e-01	2.051716221621308900e-01	9.544582993289098261e-02	4.573259348140905345e-02	1.096209864329781986e-01
3.831514009214984981e+03	1.380677111770963472e-01	8.236482036899551995e-02	3.235036517192661498e-01	2.052067146780369722e-01	9.546525772437737534e-02	4.574719430269746923e-02	1.096446500293563747e-01
3.846027319855950282e+03	1.379835557569560056e-01	8.229982158458140629e-02	3.235616117235016187e-01	2.052411732948394019e-01	9.548437176584616271e-02	4.576156032906771726e-02	1.096679055450338752e-01
3.860540630496916037e+03	1.379008646590939302e-01	8.223588412043612850e-02	3.236186094042273198e-01	2.052750093626295735e-01	9.550317712040819196e-02	4.577569531238640660e-02	1.096907600206446926e-01
3.875053941137881793e+03	1.378196125523514781e-01	8.217299052015464289e-02	3.236746608074687059e-01	2.053082340294681007e-01	9.552167876985749595e-02	4.578960294547482213e-02	1.097132203750509905e-01
3.889567251778848004e+03	1.377397745416331087e-01	8.211112361648026381e-02	3.237297817103178543e-01	2.053408582449626207e-01	9.553988161596320416e-02	4.580328686300793456e-02	1.097352934074612568e-01
3.904080562419813759e+03	1.376613261604305860e-01	8.205026652648224339e-02	3.237839876254777760e-01	2.053728927637824553e-01	9.555779048174144197e-02	4.581675064240065681e-02	1.097569857995110976e-01
3.918593873060779970e+03	1.375842433634753004e-01	8.199040264681428658e-02	3.238372938057285655e-01	2.054043481491117651e-01	9.557541011270731524e-02	4.582999780468161727e-02	1.097783041173074209e-01
3.933107183701745726e+03	1.375085025195157684e-01	8.193151564905269690e-02	3.238897152483171116e-01	2.054352347760419195e-01	9.559274517810746608e-02	4.584303181535450550e-02	1.097992548134367474e-01
3.947620494342711936e+03	1.374340804042188668e-01	8.187358947511279295e-02	3.239412666992713685e-01	2.054655628349043583e-01	9.560980027213339394e-02	4.585585608524721246e-02	1.098198442289382154e-01
3.962133804983676782e+03	1.373609541931920530e-01	8.181660833274213840e-02	3.239919626576407419e-01	2.054953423345446950e-01	9.562657991511581967e-02	4.586847397134878601e-02	1.098400785952419467e-01
3.976647115624642538e+03	1.372891014551251843e-01	8.176055669108950319e-02	3.240418173796638102e-01	2.055245831055393935e-01	9.564308855470042559e-02	4.588088877763449314e-02	1.098599640360733709e-01
3.991160426265608749e+03	1.372185001450492992e-01	8.170541927634816792e-02	3.240908448828646038e-01	2.055532948033557405e-01	9.565933056700526294e-02	4.589310375587900975e-02	1.098795065693241035e-01
4.005673736906575414e+03	1.371491285977106955e-01	8.165118106747230875e-02	3.241390589500788288e-01	2.055814869114562793e-01	9.567531025775999343e-02	4.590512210645797397e-02	1.098987121088901009e-01
4.020187047547540715e+03	1.370809655210582234e-01	8.159782729196517204e-02	3.241864731334115346e-01	2.056091687443485083e-01	9.569103186342743650e-02	4.591694697913791673e-02	1.099175864664773683e-01
4.034700358188505561e+03	1.370139899898420166e-01	8.154534342173802575e-02	3.242331007581264468e-01	2.056363494505809575e-01	9.570649955230747796e-02	4.592858147385489587e-02	1.099361353533762908e-01
4.049213668829472226e+03	1.369481814393214425e-01	8.149371516903851365e-02	3.242789549264696314e-01	2.056630380156864446e-01	9.572171742562374241e-02	4.594002864148174353e-02	1.099543643822045863e-01
4.063726979470437527e+03	1.368835196590807157e-01	8.144292848244723271e-02	3.243240485214272106e-01	2.056892432650734848e-01	9.573668951859320986e-02	4.595129148458430846e-02	1.099722790686199492e-01
4.078240290111404192e+03	1.368199847869502050e-01	8.139296954294157616e-02	3.243683942104194085e-01	2.057149738668666850e-01	9.575141980147916509e-02	4.596237295816662377e-02	1.099898848330024964e-01
4.092753600752369493e+03	1.367575573030317126e-01	8.134382476002542661e-02	3.244120044489312016e-01	2.057402383346970953e-01	9.576591218062752153e-02	4.597327597040525710e-02	1.100071870021079173e-01
4.107266911393336159e+03	1.366962180238258939e-01	8.129548076792386668e-02	3.244548914840814646e-01	2.057650450304434053e-01	9.578017049948699124e-02	4.598400338337295390e-02	1.100241908106916189e-01
4.121780222034301914e+03	1.366359480964597917e-01	8.124792442184160246e-02	3.244970673581308307e-01	2.057894021669247342e-01	9.579419853961318454e-02	4.599455801375167130e-02	1.100409014031044075e-01
4.136293532675267670e+03	1.365767289930135686e-01	8.120114279428415627e-02	3.245385439119302107e-01	2.058133178105458205e-01	9.580800002165698603e-02	4.600494263353519658e-02	1.100573238348602906e-01
4.150806843316233426e+03	1.365185425049438017e-01	8.115512317144067678e-02	3.245793327883103041e-01	2.058367998838957491e-01	9.582157860633740143e-02	4.601515997072142677e-02	1.100734630741768832e-01
4.165320153957199182e+03	1.364613707376023388e-01	8.110985304962739506e-02	3.246194454354136005e-01	2.058598561683005757e-01	9.583493789539904162e-02	4.602521270999448966e-02	1.100893240034888504e-01
4.179833464598164937e+03	1.364051961048487471e-01	8.106532013179060248e-02	3.246588931099694819e-01	2.058824943063310153e-01	9.584808143255474366e-02	4.603510349339681035e-02	1.101049114209349117e-01
4.194346775239130693e+03	1.363500013237550768e-01	8.102151232406837322e-02	3.246976868805138694e-01	2.059047218042658611e-01	9.586101270441312050e-02	4.604483492099124831e-02	1.101202300418187979e-01
4.208860085880096449e+03	1.362957694094010797e-01	8.097841773240979646e-02	3.247358376305538585e-01	2.059265460345116872e-01	9.587373514139171937e-02	4.605440955151345744e-02	1.101352845000447972e-01
4.223373396521062205e+03	1.362424836697582187e-01	8.093602465925078815e-02	3.247733560616788417e-01	2.059479742379801415e-01	9.588625211861565023e-02	4.606382990301457342e-02	1.101500793495281683e-01
4.237886707162027960e+03	1.361901277006616340e-01	8.089432160024567775e-02	3.248102526966187842e-01	2.059690135264228561e-01	9.589856695680221144e-02	4.607309845349438771e-02	1.101646190655808655e-01
4.252400017802994626e+03	1.361386853808676523e-01	8.085329724105351501e-02	3.248465378822501526e-01	2.059896708847254732e-01	9.591068292313141563e-02	4.608221764152507782e-02	1.101789080462731579e-01
4.266913328443960381e+03	1.360881408671961168e-01	8.081294045417812544e-02	3.248822217925513289e-01	2.060099531731606759e-01	9.592260323210292927e-02	4.609118986686571579e-02	1.101929506137715314e-01
4.281426639084926137e+03	1.360384785897557347e-01	8.077324029586116505e-02	3.249173144315076200e-01	2.060298671296018347e-01	9.593433104637939801e-02	4.610001749106752700e-02	1.102067510156530816e-01
4.295939949725891893e+03	1.359896832472510531e-01	8.073418600302717518e-02	3.249518256359670842e-01	2.060494193716971290e-01	9.594586947761656048e-02	4.610870283807021880e-02	1.102203134261971335e-01
4.310453260366857648e+03	1.359417398023696211e-01	8.069576699027969369e-02	3.249857650784477858e-01	2.060686163990055331e-01	9.595722158728015039e-02	4.611724819478928844e-02	1.102336419476542678e-01
4.324966571007824314e+03	1.358946334772483389e-01	8.065797284694775637e-02	3.250191422698976429e-01	2.060874645950947492e-01	9.596839038744998940e-02	4.612565581169461582e-02	1.102467406114932547e-01
4.339479881648789160e+03	1.358483497490171055e-01	8.062079333418178950e-02	3.250519665624074239e-01	2.061059702296021978e-01	9.597937884161134026e-02	4.613392790338034788e-02	1.102596133796261701e-01
4.353993192289754006e+03	1.358028743454188780e-01	8.058421838209804677e-02	3.250842471518777810e-01	2.061241394602593979e-01	9.599018986543372822e-02	4.614206664912623435e-02	1.102722641456123365e-01
4.368506502930720671e+03	1.357581932405046987e-01	8.054823808697096632e-02	3.251159930806409859e-01	2.061419783348807100e-01	9.600082632753750844e-02	4.615007419345050488e-02	1.102846967358410563e-01
4.383019813571686427e+03	1.357142926504020797e-01	8.051284270847229585e-02	3.251472132400387016e-01	2.061594927933166621e-01	9.601129105024826249e-02	4.615795264665445430e-02	1.102969149106940022e-01
4.397533124212653092e+03	1.356711590291561353e-01	8.047802266695668061e-02	3.251779163729556776e-01	2.061766886693729151e-01	9.602158681033926002e-02	4.616570408535878439e-02	1.103089223656870815e-01
4.412046434853618848e+03	1.356287790646417413e-01	8.044376854079235417e-02	3.252081110763107574e-01	2.061935716926949769e-01	9.603171633976217980e-02	4.617333055303186190e-02	1.103207227325927048e-01
4.426559745494584604e+03	1.355871396745457202e-01	8.041007106373670998e-02	3.252378058035057529e-01	2.062101474906198328e-01	9.604168232636625668e-02	4.618083406050999679e-02	1.103323195805423068e-01
4.441073056135550360e+03	1.355462280024176958e-01	8.037692112235562958e-02	3.252670088668330184e-01	2.062264215899945741e-01	9.605148741460602102e-02	4.618821658650984485e-02	1.103437164171097856e-01
4.455586366776516115e+03	1.355060314137885857e-01	8.034430975348602622e-02	3.252957284398420579e-01	2.062423994189629128e-01	9.606113420623790811e-02	4.619548007813303880e-02	1.103549166893760258e-01
4.470099677417481871e+03	1.354665374923555710e-01	8.031222814174082680e-02	3.253239725596662746e-01	2.062580863087200289e-01	9.607062526100562661e-02	4.620262645136316570e-02	1.103659237849750202e-01
4.484612988058447627e+03	1.354277340362323168e-01	8.028066761705555943e-02	3.253517491293105302e-01	2.062734874952363295e-01	9.607996309731492435e-02	4.620965759155520880e-02	1.103767410331216448e-01
4.499126298699412473e+03	1.353896090542633657e-01	8.024961965227606076e-02	3.253790659198999013e-01	2.062886081209506506e-01	9.608915019289736292e-02	4.621657535391752308e-02	1.103873717056216425e-01
4.513639609340379138e+03	1.353521507624016740e-01	8.021907586078652619e-02	3.254059305728905227e-01	2.063034532364334817e-01	9.609818898546382271e-02	4.622338156398647646e-02	1.103978190178640933e-01
4.528152919981345804e+03	1.353153475801481542e-01	8.018902799417704230e-02	3.254323506022429591e-01	2.063180278020206315e-01	9.610708187334741914e-02	4.623007801809389528e-02	1.104080861297965094e-01
4.542666230622311559e+03	1.352791881270522245e-01	8.015946793995028241e-02	3.254583333965591629e-01	2.063323366894181110e-01	9.611583121613634373e-02	4.623666648382733502e-02	1.104181761468831097e-01
4.557179541263276406e+03	1.352436612192722265e-01	8.013038771926635218e-02	3.254838862211833495e-01	2.063463846832783444e-01	9.612443933529661588e-02	4.624314870048332887e-02	1.104280921210464006e-01
4.571692851904243071e+03	1.352087558661946021e-01	8.010177948472546605e-02	3.255090162202669557e-01	2.063601764827486529e-01	9.613290851478488441e-02	4.624952637951371820e-02	1.104378370515923385e-01
4.586206162545208826e+03	1.351744612671112733e-01	8.007363551818753866e-02	3.255337304187994607e-01	2.063737167029921493e-01	9.614124100165157005e-02	4.625580120496514125e-02	1.104474138861194915e-01
4.600719473186175492e+03	1.351407668079537827e-01	8.004594822862827475e-02	3.255580357246043999e-01	2.063870098766816541e-01	9.614943900663432130e-02	4.626197483391180504e-02	1.104568255214124217e-01
4.615232783827140338e+03	1.351076620580831389e-01	8.001871015003098053e-02	3.255819389303020173e-01	2.064000604554672713e-01	9.615750470474214440e-02	4.626804889688160283e-02	1.104660748043194834e-01
4.629746094468105184e+03	1.350751367671350622e-01	7.999191393931365246e-02	3.256054467152388332e-01	2.064128728114177358e-01	9.616544023583013800e-02	4.627402499827570209e-02	1.104751645326155080e-01
4.644259405109071849e+03	1.350431808619189378e-01	7.996555237429069096e-02	3.256285656473845158e-01	2.064254512384363915e-01	9.617324770516506860e-02	4.627990471678167933e-02	1.104840974558493477e-01
4.658772715750037605e+03	1.350117844433700032e-01	7.993961835166857322e-02	3.256513021851968892e-01	2.064377999536518571e-01	9.618092918398209179e-02	4.628568960578029190e-02	1.104928762761768352e-01
4.673286026391004270e+03	1.349809377835538837e-01	7.991410488507501297e-02	3.256736626794556888e-01	2.064499230987842382e-01	9.618848671003241146e-02	4.629138119374601179e-02	1.105015036491792946e-01
4.687799337031970026e+03	1.349506313227221699e-01	7.988900510312101078e-02	3.256956533750650640e-01	2.064618247414869434e-01	9.619592228812230694e-02	4.629698098464137684e-02	1.105099821846677599e-01
4.702312647672935782e+03	1.349208556664185654e-01	7.986431224749528102e-02	3.257172804128258270e-01	2.064735088766647408e-01	9.620323789064359754e-02	4.630249045830524268e-02	1.105183144474733009e-01
4.716825958313901538e+03	1.348916015826348014e-01	7.984001967109041753e-02	3.257385498311785588e-01	2.064849794277684725e-01	9.621043545809554454e-02	4.630791107083508801e-02	1.105265029582236797e-01
4.731339268954867293e+03	1.348628599990149834e-01	7.981612083616039521e-02	3.257594675679160723e-01	2.064962402480667314e-01	9.621751689959860687e-02	4.631324425496335939e-02	1.105345501941064207e-01
4.745852579595833049e+03	1.348346220001080398e-01	7.979260931250871380e-02	3.257800394618681761e-01	2.065072951218950570e-01	9.622448409339973141e-02	4.631849142042802903e-02	1.105424585896188500e-01
4.760365890236798805e+03	1.348068788246672145e-01	7.976947877570690626e-02	3.258002712545575164e-01	2.065181477658827869e-01	9.623133888736987163e-02	4.632365395433742095e-02	1.105502305373049221e-01
4.774879200877764561e+03	1.347796218629957188e-01	7.974672300534257907e-02	3.258201685918277746e-01	2.065288018301583983e-01	9.623808309949337392e-02	4.632873322152938900e-02	1.105578683884793634e-01
4.789392511518729407e+03	1.347528426543382063e-01	7.972433588329681797e-02	3.258397370254444980e-01	2.065392608995332557e-01	9.624471851834959235e-02	4.633373056492490205e-02	1.105653744539393107e-01
4.803905822159696982e+03	1.347265328843165189e-01	7.970231139205030679e-02	3.258589820146687299e-01	2.065495284946644305e-01	9.625124690358684287e-02	4.633864730587616138e-02	1.105727510046635720e-01
4.818419132800663647e+03	1.347006843824097300e-01	7.968064361301760434e-02	3.258779089278044938e-01	2.065596080731968986e-01	9.625766998638876637e-02	4.634348474450934036e-02	1.105800002724997427e-01
4.832932443441628493e+03	1.346752891194772650e-01	7.965932672490923239e-02	3.258965230437201321e-01	2.065695030308853097e-01	9.626398946993321160e-02	4.634824416006196046e-02	1.105871244508394718e-01
4.837770213655283442e+03	1.346503392053244041e-01	7.963835500212108898e-02	3.259148295533440542e-01	2.065792167026961335e-01	9.627020702984386002e-02	4.635292681121502834e-02	1.105941256952820417e-01
